0
1
2
3
4
6
7
9
11
14
17
22
23
24
26
28
29
30
32
33
37
39
40
41
43
45
526
46
48
49
50
51
52
53
54
56
58
59
60
63
64
65
66
67
71
72
75
81
82
84
86
89
90
91
93
95
97
100
101
105
106
108
110
113
114
115
117
31235
120
122
124
127
128
129
130
131
132
133
134
135
136
137
139
140
141
2172
144
145
147
150
151
152
155
156
230
158
159
160
161
162
163
164
166
167
170
172
173
174
175
178
181
182
183
184
185
187
188
189
190
191
580
192
193
3313
196
198
199
200
203
204
205
207
208
209
210
212
215
219
1299
220
221
224
225
229
231
233
234
235
236
1326
237
238
239
240
242
243
247
248
253
255
258
259
260
261
262
265
266
267
668
268
269
270
271
272
276
277
783
281
282
283
284
286
288
290
291
294
295
296
298
299
301
303
305
306
308
309
310
5009
312
318
319
320
321
322
324
327
328
329
330
332
333
341
342
345
348
349
350
354
359
352
353
355
356
2927
358
360
361
362
28880
363
364
365
367
370
372
373
377
386
2898
384
389
387
390
391
4460
394
395
399
400
401
402
413
405
403
406
408
409
410
411
419
414
418
420
28335
421
423
424
425
426
427
431
432
444
435
436
437
438
439
441
446
447
11640
448
449
450
452
455
456
457
459
2062
460
461
463
464
465
467
468
471
472
474
475
476
479
480
481
2266
482
483
484
485
486
493
1615
5320
496
497
498
499
500
501
1151
502
504
506
2653
507
508
511
512
514
515
517
518
519
520
521
522
523
524
525
4115
21949
527
1787
25519
529
530
531
532
533
534
535
537
540
541
542
543
546
1093
547
550
551
552
553
554
555
556
557
558
559
562
564
1868
565
3119
566
567
570
577
578
579
581
582
583
24796
585
586
587
588
589
590
591
593
595
596
599
600
602
604
607
608
610
611
20305
36227
613
614
615
617
618
619
623
625
626
627
629
630
633
635
636
639
640
641
642
644
645
646
647
648
651
652
653
655
656
657
658
659
660
661
662
663
664
665
8971
666
667
6992
669
671
677
679
681
682
683
684
686
690
692
695
697
698
702
704
706
21891
708
709
710
711
713
714
715
716
717
718
27987
719
722
723
16611
724
725
727
730
732
733
734
735
737
738
740
743
744
13285
746
19792
747
19906
26662
748
749
750
751
752
753
755
756
757
758
759
760
761
762
1858
4081
764
765
1746
767
769
770
771
772
3769
773
774
942
940
776
778
779
781
2258
782
2380
784
787
789
796
790
791
793
800
4957
801
803
804
805
806
807
8995
808
809
810
811
11501
813
814
815
816
821
824
826
827
830
26337
837
838
840
841
845
848
849
850
851
7655
853
855
856
860
36582
861
862
863
1577
864
865
866
867
1776
869
870
871
872
874
875
876
880
881
882
883
884
886
4964
887
888
889
890
893
894
897
901
900
902
913
903
904
14581
909
910
914
915
916
917
923
924
925
926
928
929
931
1319
7535
932
934
937
939
2118
2121
941
943
944
945
946
947
948
950
951
953
956
957
961
963
964
966
968
967
969
970
972
973
974
976
978
979
980
982
983
1939
985
988
990
991
992
994
3886
996
997
2987
998
999
1000
1001
1002
1003
1004
1006
1010
1012
1013
1015
1016
31767
1017
1020
1022
1026
1030
1031
1032
1034
1041
1036
1039
30054
1042
1044
1045
1047
1048
1049
1050
1051
1052
1055
1058
1060
1062
1064
1066
1067
1069
1070
1250
1073
1074
1076
1077
15666
1079
1081
1088
1091
1082
1085
1090
1092
1094
1095
1096
5995
2923
1097
1098
1790
1099
1100
17071
2545
1101
1102
1103
2346
1104
1105
1107
1108
1111
1113
1115
1116
1119
1123
1124
26713
1125
1127
1129
3234
1130
1131
1132
1144
1134
4381
1135
1136
1137
1138
1139
34724
1140
1142
1143
1145
1146
3881
3887
1147
28127
1148
1149
1150
1153
9212
1154
1155
1156
1157
1158
1159
1160
1161
4154
1163
1171
1172
1173
1175
1177
1178
1181
1183
1185
1189
1191
1193
1194
1295
1195
1196
1199
1200
1202
1204
1205
1208
1209
1210
1212
1213
1215
1217
1218
1219
1221
1222
1226
1227
1228
2268
1230
2177
1231
1232
1233
1234
1236
1237
1238
1239
1242
1243
1245
1251
1252
1253
1254
2880
1255
1258
2551
1259
1260
1261
1263
1265
1266
1267
1268
1269
1270
1271
1272
1273
1276
1280
1281
1282
1285
1289
1290
6230
1293
1294
1296
1297
1298
1304
1305
1306
1308
1309
1310
1311
1312
1314
1315
22593
1316
1320
1322
9573
2179
1323
1324
1325
1327
1328
4525
1330
2647
12240
12337
1331
1332
1336
2571
1337
1338
2803
1339
4439
1340
1341
1342
1343
1344
1345
1346
1347
3829
1351
1353
1355
1357
1361
1362
1363
1364
1365
1367
1606
1370
1373
1374
1375
3869
1376
1377
1379
1380
1381
1382
1447
1386
1387
1388
1389
1390
1391
1394
1398
1400
1402
1404
1407
1408
1409
2858
1410
1413
10707
1414
1416
1417
1418
1420
1421
2611
4201
1425
1426
1427
1430
1431
1432
24081
1435
1436
1437
1438
1439
23919
1440
2862
1442
33170
1446
1449
1451
1645
1453
12858
1454
1455
1456
1458
1460
1461
1463
1465
1466
1468
3008
1471
1472
1473
1474
1476
1477
1479
1480
1481
1482
2086
1483
1925
1484
1485
1486
1490
1491
1492
1493
1494
1495
1496
29787
2830
1498
1499
1501
1502
1503
1507
1508
6223
1509
1511
1512
1513
1516
1517
1519
1520
1521
1522
1523
3594
4762
1524
16452
1525
1526
1527
1528
1529
1530
1531
1539
1541
1543
2104
1545
1546
1547
1548
22338
1549
1550
1960
1551
1552
1553
1557
1558
1561
1562
1564
1566
1568
1569
1576
4458
1580
1581
1582
1583
1584
1585
1594
1595
1596
1597
1599
1602
1603
1605
1608
1611
1612
1613
4290
15531
1616
1617
1618
1622
1623
1624
1625
3291
1627
1628
1639
1629
1631
1632
1635
1637
1643
1647
1648
27887
1649
1650
1653
1654
1655
36033
1656
1657
1659
1660
1661
4340
1662
1664
35600
1665
1666
5010
1668
1670
1671
1675
1676
5807
1677
1678
1680
1681
2992
1683
1684
1690
1686
1687
1688
1689
2615
1692
1693
1694
1695
1697
1698
1699
1701
33273
1702
1706
1708
2037
1711
1712
4743
1716
1721
1723
1724
1726
1727
1728
1729
1731
1732
1733
1734
3061
1735
1736
1737
1738
1739
1740
1741
1742
1743
21072
1744
1745
19618
1747
1748
1749
1751
1752
1753
1754
1755
11678
1757
1758
1759
1760
1761
3244
1762
1763
1765
1957
4572
1766
1767
12318
1768
1770
1773
1775
1778
1779
2341
9010
1780
2181
1781
1782
1783
1784
7932
1785
1786
2578
1788
1789
2792
33347
1791
1792
1794
1796
1798
1799
1800
1801
1802
1804
1805
1808
1809
1810
1811
1812
2115
1813
35844
1814
1816
1819
1821
1822
1826
1828
1829
1832
1833
1834
1836
1837
1839
1841
1844
1845
1846
1849
1851
6288
3337
1853
1855
4457
1857
1859
1860
1861
35357
1862
1863
1866
1867
7345
1869
1871
1875
1876
1877
1878
1880
32381
1881
15704
1883
1885
1888
1889
1890
1895
1897
1898
2587
1900
5393
1901
1902
1905
1906
1907
1909
1910
1911
1912
1914
1915
1917
1918
1920
1921
2029
1923
1927
1928
1929
11591
1930
1936
1937
1938
1940
3127
1941
1942
1943
1947
23565
1948
1949
1951
1952
1954
1955
3469
1958
1961
1964
1965
1966
1967
1968
1971
1975
1978
1979
1980
1982
1983
1985
1986
2950
1987
1989
32969
1992
1993
1997
1998
2000
35350
2001
2002
2003
2006
2295
2008
3117
5516
2010
2011
2012
2014
4659
2015
3734
8183
2017
8792
23598
2018
2019
2024
2030
2031
2035
2039
2040
2041
2042
2044
2045
2046
2047
4496
2645
2050
2051
2054
2056
2057
2058
2059
12663
2060
2061
2063
2064
11923
2065
6690
2069
2071
17173
2072
2074
2075
2076
24108
12498
2077
2078
2085
2079
2080
2301
6335
2083
2087
2088
2091
2092
2093
2094
16952
2095
2097
2098
2100
2101
2103
2106
2109
2110
12731
4236
2116
25309
2117
3164
5268
4438
2119
2120
9357
2122
2124
2125
2126
2127
2129
28580
2130
2134
2135
2141
2142
2143
2144
2146
2147
2148
4790
2151
2153
7842
2154
2159
3317
2165
2166
2168
2171
2174
2175
2176
2178
2180
2182
6168
2183
2184
2186
2189
2190
2194
2196
2197
2200
2201
3792
2205
2206
2207
2212
2213
11992
2215
2225
2226
2227
2228
2229
2230
2232
2235
2237
5125
2240
2242
2243
2244
2245
2246
5041
2248
2249
2252
2253
2840
2255
2257
2259
2260
2261
10835
7571
2262
2264
2265
2269
2270
2920
2273
2275
2276
2277
2278
2279
2281
2282
18329
5173
2316
2283
2286
2287
5735
2289
4978
2290
2291
2292
2293
2294
5027
3595
2296
2297
29432
7024
2298
2306
2299
2303
2405
17006
2305
2308
2309
2310
3379
2312
2315
2317
2318
2320
2321
2322
2323
2325
2326
2327
2330
3988
2331
4477
2332
6050
2334
2336
2337
2338
2342
2343
2344
2345
2347
2348
2349
2350
2351
2353
2354
2357
2361
2362
2363
2367
5195
2368
9967
2374
5117
4615
2376
2377
2381
2382
2383
2385
2388
2391
14460
2393
2394
2395
2398
2399
2402
2404
2406
2411
7638
2412
2413
2414
2415
2416
2417
2420
2422
2423
2426
2427
2428
16309
2430
2431
2443
14306
2433
6610
2769
2437
2439
2440
2444
16485
3136
2449
3131
11446
2450
2452
2453
2454
2455
2456
28607
2457
2458
3922
2459
2461
2465
2467
2468
2469
2470
2473
2474
2476
5946
26551
2478
6518
2479
2480
15647
2482
2483
2484
5103
2485
2486
2487
2488
2489
2490
2491
32785
2498
2499
2500
2501
2502
2504
16937
3766
2505
2508
5185
2509
2510
2512
2513
2514
20793
4299
2516
2523
2517
2518
2519
2520
2525
2527
21879
2528
16448
2532
2533
2534
10189
2538
2541
2543
2546
2547
2549
5414
2550
6689
2552
2553
10290
2557
2558
2560
2564
2565
21663
2567
2569
3304
2574
2576
6683
28517
4215
2577
2581
2584
2585
2586
9553
2589
2590
2591
2592
2594
2595
2596
2597
2598
2599
2600
2601
2604
2605
2606
2608
2609
2612
24487
2614
2616
2618
2619
2620
2621
2624
2626
2627
2629
2630
2631
7480
11258
3696
2633
2634
2639
2642
3864
7961
4347
2648
2649
2650
2657
2659
2660
2661
2662
2663
2665
2666
17972
2667
2668
9724
18831
28519
2671
2672
2673
2674
2675
2677
2679
6980
6100
2681
2682
2683
2684
2685
3924
2686
2687
2688
2689
5754
2690
2695
2696
6114
31751
2697
27036
2698
4382
2699
2706
7305
2708
2709
2710
2711
2713
2714
2715
2718
2722
2724
2726
2728
3295
2731
5083
2732
23422
2735
2736
2737
2738
2739
15651
2741
2744
5171
2746
2747
2748
2749
2750
2754
12292
2759
2760
2761
2763
2765
2766
4644
2767
2770
2771
2774
2779
2780
5237
2784
2786
2787
22458
2793
2796
2798
9910
2804
9650
2802
2805
2807
2808
2810
2811
2814
2815
2816
2817
2819
35804
21914
2820
2821
2823
2825
5038
2826
2829
6764
2831
4255
2833
15532
2834
8022
10814
2836
2838
4942
2839
2841
2842
2843
2844
6238
2848
2852
2853
7794
2854
2855
2857
2860
2863
2864
2865
2868
2870
2874
2875
7753
2877
2878
2881
2883
2885
32841
2890
2893
2894
2895
2896
2899
2902
5973
2904
2905
2906
2907
2908
2909
2910
2911
2914
4192
2915
2916
2917
2919
2921
2922
24881
2924
2925
2928
2929
2932
2937
2941
2942
6914
2945
2946
2947
2949
2952
2954
2955
4427
2956
4405
2961
2964
2963
2966
11069
22439
2967
2970
3408
2972
2974
2975
2980
2983
2984
30201
2985
2988
2990
2995
2996
9567
2999
3000
3001
3005
4693
3009
3010
3011
3013
3015
7609
3016
25689
3018
3022
3025
3908
9015
3681
3026
3027
8780
3028
3030
4767
3032
3034
3035
3062
3036
3037
3038
15316
3039
3040
3041
3044
3877
3047
3048
3049
3050
4370
3052
3054
3056
3057
3058
3063
3064
3065
4079
3066
12667
3067
19469
3068
3070
3071
3072
3073
3074
3078
3081
3085
3086
3087
3091
3092
3095
4241
3097
3098
10409
3099
3101
3102
3103
3104
3105
3106
3107
3111
3113
3114
3116
3118
28747
3122
7462
3128
3129
3132
3135
11489
6905
3138
3139
26739
3655
3140
3142
3144
3149
3150
5494
5595
3151
3157
3153
3344
3155
3156
3160
3162
5951
4238
3165
3168
4982
3169
3171
3172
3173
3174
3176
3177
3179
3181
3182
4361
3183
3184
3188
3190
3192
3194
6141
3195
29489
3198
3200
3201
3202
3204
3205
3206
8694
3207
3208
3209
3210
3211
3212
3213
3217
19689
3220
3221
4047
8540
3223
3224
3228
3231
7079
3232
3233
4025
3235
3237
3238
3239
4643
3242
3245
32374
6186
3246
3247
3248
3250
3251
34260
3252
3253
3255
29510
3256
36094
10924
3258
3259
7099
3260
3267
3271
3272
3411
3274
3276
3280
3284
15974
3286
3978
3293
3297
3298
3299
3301
3303
3306
3308
3309
5759
3310
3314
3315
3316
3318
26976
3321
3325
3326
3328
12118
3329
3330
3331
3333
4170
3336
3338
3339
3340
3342
3343
3347
3355
3346
3353
3354
5405
4027
3357
3359
3360
14939
3361
3363
3364
3365
3366
3375
3376
7160
3380
3381
7713
3383
3384
3387
3391
3392
3398
3402
3406
3407
12817
3410
31992
6403
3413
4493
3414
3415
3418
3420
3421
29355
3422
4315
3424
3425
33614
34140
3427
3429
3431
3433
3434
12390
11111
3435
3436
4479
3437
3439
12187
3440
10658
8703
3443
3444
3446
3448
3449
3450
3451
5313
3452
3453
10818
3455
3456
10920
3457
3458
3459
10853
19484
3461
3463
3465
15938
3466
3467
3470
3472
4793
3475
3476
3484
3477
3479
3480
3481
5167
14913
3483
3486
3487
29117
3488
3492
3494
3496
3499
3501
3502
3503
3909
3504
3505
3507
3508
3509
4327
3511
3513
3515
3517
3520
3521
3528
3529
12968
3530
9981
3535
3538
3540
3542
3543
3546
3548
3549
3550
3552
3553
23396
3556
3558
3559
3560
3562
3564
3570
3572
3575
3576
3577
3673
3578
3579
3580
3584
3585
3587
3590
3591
3592
3596
3597
3598
3600
3603
14470
3606
3608
10020
3609
17013
3612
3613
3614
3617
3619
3621
3622
3626
3630
3632
3633
3634
9651
3637
3638
3641
3644
3645
3648
3649
3651
3652
3653
3654
3657
3658
3659
18288
3664
3665
3666
3667
3671
3941
3675
3676
3677
3683
3685
3690
3695
3687
3691
3693
3694
3698
3699
27986
3700
3703
3704
3706
3707
3709
3710
3711
3712
3713
5871
3715
3718
3725
3727
32377
3730
3733
3736
16803
3739
9465
3741
3743
3744
3746
3748
3750
3752
3753
3754
3755
3756
3764
3767
3771
3772
19506
3773
6589
8283
8918
3778
3779
3781
3785
6740
3787
11803
3788
7400
3789
3790
3791
3794
10760
3796
31232
3797
3799
3801
3802
32264
3803
3805
3807
3808
3809
3810
3811
3813
3815
3816
3817
6904
3818
3820
3821
4946
3822
3824
3831
3833
8722
3835
3837
3845
3839
3843
3846
3847
3848
3849
9896
4916
3854
3857
3858
3859
3860
3861
3862
3863
3865
3867
9362
3868
3870
3871
3872
3878
3880
3882
3883
3884
3885
3889
3891
3892
15969
10837
3894
16866
3897
3898
3899
3903
3900
30406
3901
3902
3906
3907
3910
3911
3914
3917
27705
3919
3920
12930
3921
3923
3925
3926
3927
3930
3929
7630
3935
3938
3939
3940
3944
3945
3946
3947
3949
3952
3955
3956
3957
3959
3962
3967
3968
3970
5814
3974
5420
3977
3979
3980
5348
3982
3984
3985
3986
3987
4696
4407
3990
3992
3994
3996
3997
3998
3999
4000
4001
4003
4004
4006
18815
4007
4008
6019
4014
4015
4017
4018
4021
4023
8311
4024
4026
4028
4029
4030
4035
4038
4039
4041
4042
31280
31279
4043
4044
4045
4046
4050
4051
16875
4053
4054
6046
4058
4059
4060
4061
4062
4064
4065
4067
4068
4069
4077
4080
4083
4084
8436
4085
4086
4087
4089
4091
35293
4092
4094
24818
6348
7578
4095
4096
4098
4100
4104
4105
4106
34256
22491
4107
4108
4110
4111
4112
5314
4113
4114
4116
4117
6818
5249
4119
5604
4127
4128
4130
4131
4132
4133
4134
4135
4136
4138
4142
4143
4144
4146
4152
4153
4155
4156
11523
4165
4166
4168
4172
15091
4175
4176
4179
8154
9515
4180
8049
8733
4181
4182
4183
10367
4185
4186
4187
12397
4188
4189
4190
4193
4194
4196
9858
4199
4202
4205
4206
4207
4209
4211
4212
4214
4216
4218
4219
4223
5191
4224
19118
16925
4225
4226
4227
4228
4229
4230
4233
6325
4237
4239
4240
11510
4242
4246
4250
4252
4253
4254
24229
9703
9469
4257
4258
4259
4262
4264
4265
4266
5365
4267
4268
11636
4269
4270
7859
4272
4275
4276
4277
4278
4279
22311
4280
4281
4282
13486
4284
8835
4286
4288
5854
4289
21464
9633
4295
4296
4297
4298
4300
4339
4303
27772
4306
4307
4308
4309
4310
4312
4317
4318
4319
4326
4331
4337
4341
4342
4343
7028
4344
4345
4346
4348
4349
4350
4351
4353
18943
4354
4355
4639
4357
4362
33458
6953
4358
4359
4360
4364
4365
4366
4542
4367
5272
7906
4368
12739
4371
4534
4373
4374
4375
4377
16381
4385
4386
4388
4962
4389
4391
4393
4666
4394
4395
4396
4397
4398
4741
4399
4402
4404
4406
4410
4415
4416
4417
4574
4419
4420
4422
4425
4426
4882
4431
4432
4435
4436
4437
4442
4807
4808
4446
13039
4448
10617
4450
4453
4454
4459
29969
4461
4462
4464
24461
4467
4469
4471
4474
4475
4476
4478
4480
4483
4484
4485
10544
4486
13213
10719
4488
4490
4491
4492
4494
12061
5126
11299
4495
4498
4499
4500
4501
4502
4503
32087
4504
4505
4509
4510
28282
4516
4517
4518
4519
4520
4523
4526
4527
4529
14375
4532
5812
4535
4536
4538
7878
35083
10512
4539
7469
5456
5457
4549
4550
4551
4553
4554
4555
4556
4559
12131
16451
4560
4562
4564
4565
4567
4568
4569
4573
4575
6048
4935
5190
4577
4578
4581
4583
4584
4588
4589
4592
30568
5716
4593
25151
4594
4596
4598
4603
4604
4607
4608
4609
4610
4611
4613
6063
4614
4616
4617
10171
23653
26089
4618
4619
4620
7929
4621
4623
4624
4626
4628
8275
4630
4631
4633
24634
4635
4637
15225
26968
29343
4638
4640
5601
5596
4641
4642
4645
4649
4651
4652
4653
4654
4655
4656
4657
4658
4660
4661
4662
4663
4667
4669
4670
4671
4672
4675
4676
4677
4678
8168
4681
4682
4684
4685
4687
4689
8145
4698
4706
21281
4709
27205
14141
4714
4715
4720
4722
4726
4729
4730
4731
4732
4733
5180
14975
4738
4740
4742
4744
16323
4748
4751
4752
4753
4754
4952
4947
4761
4763
26708
4777
13794
4781
4782
7354
4783
5647
5646
4787
4788
4789
15190
10216
4791
4792
4795
4796
4797
4799
4800
4801
4802
14552
4804
4805
5701
4809
5266
4810
4813
8464
4815
4816
4817
4820
4822
4824
17900
24498
4825
4827
6402
14952
4829
8901
4831
4832
4833
4834
6208
13545
4836
4837
4839
5033
4840
12489
4842
4843
4844
5276
4846
4847
4849
7295
4850
11804
4851
6805
4852
4853
4858
4860
4861
4862
4863
4864
4865
4866
15768
4868
4869
4870
4871
5919
4873
4874
8090
4878
23547
22665
9442
8846
21239
13263
4879
4887
4888
4896
4898
4900
4901
7500
4902
4903
4906
6091
18777
4910
4912
4913
4917
31103
4920
4921
4925
4928
4929
4930
36390
4932
4933
4934
6994
4938
10165
14777
4948
4949
7562
4950
13699
6673
4951
14638
4958
4960
4961
4966
19690
25576
4968
4971
4972
4974
4977
5489
29329
4981
5941
12494
4983
12360
4985
4986
4987
4988
6295
6296
4991
7342
4994
14864
4995
4997
5001
5007
5008
5013
5020
5022
6691
5029
16449
5031
16414
7209
5032
5164
5034
5036
5037
5040
5043
5046
5047
5049
6190
5051
26145
5052
5055
5058
5059
5061
8801
5062
5063
5066
6780
5068
7592
5074
5075
5081
5076
9971
5078
5079
5080
5082
14820
5086
5089
32139
5090
5092
5093
5094
5096
6638
5097
5098
5099
5100
7711
7224
5101
5105
5106
5107
5109
5110
5111
5113
7685
11008
5114
5118
5119
5120
5122
5123
5127
5128
5131
5132
5133
5134
5135
5136
5137
14763
5139
6139
18433
5140
5142
5143
6090
5146
5147
5148
5152
5153
5155
5157
7118
6244
5158
5161
5162
8649
5163
5165
15226
11167
5166
12658
5168
5172
5174
5175
16428
12315
5178
5179
5181
5182
8845
5183
5184
5187
5192
5197
5198
5201
5203
5204
5206
5208
5209
5210
5212
5213
33496
5214
5215
5217
5220
5222
5223
5225
14196
5227
5228
5229
5234
5230
5232
5235
5236
10682
5238
5239
5240
5241
20433
5242
5244
5245
7805
5246
8253
5247
5248
20966
5251
5252
5253
5254
5255
5257
5258
5260
5261
5263
5265
5267
5270
5271
5274
5278
10438
5283
5284
5291
5297
5300
5302
5303
5304
5305
5309
5311
5315
5316
5317
17744
5318
5319
5321
5327
5328
5330
5333
5334
7340
5337
5347
7274
6044
5351
5350
5353
5354
5355
5356
5361
13831
5363
11928
5367
5372
5373
14869
14870
5374
5686
5376
5377
18029
5384
24173
7089
5386
12479
5389
5391
5394
5400
10777
5404
5407
5411
5413
5415
5417
5418
5422
5424
5425
5429
5433
5436
6623
5438
34799
5440
5443
5444
5446
5447
20057
5450
5451
5452
5455
20082
5458
5461
5466
5470
5475
14204
5480
5481
6074
17212
5484
5488
5491
10307
5492
5493
5495
5497
5498
5499
5500
5502
5504
5506
5507
5511
5512
6725
5515
5517
6187
5518
5519
5523
9269
5528
5530
5531
5534
5537
5541
5542
5553
5556
7748
5563
5565
5567
5568
5569
35815
5577
5579
5580
5581
14419
5582
12837
6211
5583
5584
5587
5588
5589
24055
15286
5594
5597
5598
5599
5600
10627
5602
5603
5609
5698
5612
5613
5617
5773
5619
32232
5623
5626
5627
5628
5629
5630
5631
5633
13555
5636
5637
5638
33493
10232
5639
10568
5645
29334
5648
16046
5651
20816
5654
5663
5665
5666
9239
6054
11693
5668
5669
11801
5671
26973
5673
5674
5675
5677
5678
5680
5681
18893
5682
5683
5687
13282
5688
5689
5690
5691
5693
5694
5695
5696
5697
5699
5700
5702
5703
5706
27334
5709
5710
5712
5713
5714
5717
5722
5723
5725
5726
5727
5728
13138
5729
5730
9874
5731
5732
5733
5734
5736
5743
29672
5744
5746
5748
19278
5749
5752
13815
5753
5755
5758
5760
5761
5762
5763
5765
5766
5769
5770
5771
5772
8796
28203
5776
5777
9419
6512
5778
28532
5779
5780
5781
7035
5784
9941
5785
7716
5787
5788
5790
5791
5792
5793
5795
5797
5798
5799
5801
5802
5981
5803
5804
5806
5808
10816
5809
16818
5813
5818
5820
5821
5823
5824
5826
5827
21094
5829
5831
5832
21766
9160
5833
6331
5834
5838
5839
5843
5849
14022
5852
6234
5853
8458
5857
12068
5860
5861
8546
14990
31418
5864
5866
5867
5873
5875
5878
5879
5881
5882
5883
6264
8377
5884
5885
22899
5888
6466
5890
5891
5892
5893
5899
5894
5895
5901
6934
5903
5904
5905
5909
5912
5914
10775
5916
5922
5923
5928
5933
5937
5938
5942
5943
9697
5945
5947
5948
5952
5953
33392
31642
7623
5954
5955
18860
5961
18734
5962
5963
5964
5966
5967
9763
5974
5976
5978
5979
5980
5984
5985
5988
12869
5993
5994
6004
6005
6006
11148
6007
6008
22422
6009
6010
6011
6012
6014
6017
6018
6022
6023
6024
6710
22247
6025
6026
18687
6032
6035
6037
26563
6038
18126
6039
6040
6318
6041
12947
6043
6045
6047
6049
6051
6052
6055
7003
6056
6057
6060
28002
6064
7705
6066
6068
17962
12662
6069
6253
7568
27163
9966
6070
6615
6071
6075
6076
6077
6078
6089
6079
6081
6082
6083
6084
6086
6088
6093
6094
17306
6098
6099
6101
6102
6103
6105
6106
6108
6109
6110
6111
16829
6112
6113
6115
6116
6118
6119
7577
6122
6126
6128
6135
19991
6137
6142
6143
6146
6147
6148
6152
6153
15827
6159
6161
19709
33608
6162
19356
30067
6163
6167
6170
6172
6173
6175
6176
6177
6178
6180
6181
6182
8186
6185
6188
6189
6193
6195
22013
6196
12588
6197
16874
6202
6205
10394
6206
6207
6209
6210
6215
6216
6217
6218
6219
8800
8861
25650
6220
9058
6222
6225
6226
6227
6228
6229
6231
6674
6232
6233
6239
19777
20650
6241
8023
6242
17281
14197
27071
6243
17642
6245
14724
26907
6251
14996
6254
20185
11024
6255
6256
6259
6261
6262
13821
6266
6268
32398
6271
6272
23453
6273
6278
6280
6281
6284
6289
10585
6290
6291
6292
10164
11820
6294
6297
6298
6300
6301
15005
6305
6306
6307
7496
6309
6310
9441
7064
6313
6314
29016
6315
6317
6319
6320
6321
30475
6322
6323
6324
6458
19211
6327
6333
6334
15728
6337
6339
16871
6340
15291
6345
6349
6350
34017
6355
6358
27161
6360
10725
6362
7986
6364
6365
6368
6369
6370
6371
6372
6373
6380
6382
6383
6386
6389
6391
6393
6394
6395
15322
7682
6397
6399
12949
6400
6401
6404
6405
6406
6408
6409
12682
6411
6417
6424
8897
6427
6428
23751
6430
6432
6433
6434
6435
6437
23802
27319
6439
6440
34640
6441
6445
6446
9125
15158
6449
6450
6451
6454
8333
6460
6462
6463
6465
16494
6469
6471
6474
6476
6480
6481
6482
6485
6489
6495
28736
16643
6498
6659
6499
6501
6502
10351
6504
6505
6506
6507
6508
6509
6510
15355
6511
6513
6519
6521
6523
6524
7138
6527
6529
6532
6533
6534
6536
6538
6540
12832
9757
6546
6548
6549
6550
6552
6553
26435
6555
6557
6559
6560
6561
6562
6565
6566
6971
6570
6573
6574
14562
6575
6576
15336
6577
6578
11764
19201
6580
6581
26181
6582
6583
6584
6591
6593
6599
6601
6602
7051
6604
6605
6607
6608
6609
6611
6612
6613
16596
6617
6618
6619
6620
6621
7833
6622
6625
26974
6626
6628
6630
6631
6633
6634
6635
6637
6639
6641
6642
6643
10604
6645
6646
6647
24297
6648
11517
6651
10072
6655
6657
6658
10473
6661
7649
6663
6664
9306
6666
16415
6669
10334
10336
6672
17121
6675
22918
13317
6677
6680
22853
6685
6686
6687
6688
6692
6694
17076
6695
11367
6698
6699
6700
6704
6706
11072
6708
6709
6712
6713
6716
6717
6718
6719
6722
6723
6724
6727
6728
6975
6734
6735
6736
6738
17088
6739
6743
6744
6745
7732
6746
31846
6757
6758
26355
6767
12876
6769
34036
6771
17414
14364
6778
6779
6781
6783
6793
6794
6795
6796
6797
6799
6800
6801
16308
6803
6811
6812
7014
6814
7248
6816
22780
22194
6819
35807
6828
12523
6832
25912
6834
6836
6842
32997
6843
6845
6847
22442
6851
6852
6854
6856
6857
6859
6860
8202
20636
6862
6863
6865
6866
6868
6869
6870
6871
6872
6873
6874
6875
6879
8184
24780
6880
6882
6883
6884
6888
6891
6892
6893
6895
10119
6896
15590
6910
6912
6915
6917
6921
6922
6923
6924
6925
6926
13692
10556
6927
22991
6933
32664
6935
6936
6937
6938
10304
6939
6940
11106
6941
6943
6944
6947
7175
6948
6950
6951
6952
6954
25054
6958
6960
6964
6966
6967
9262
6968
6977
7602
7598
6981
9439
6983
6986
6988
9489
10676
6990
6991
6993
12639
6996
6997
6999
7000
7001
7004
7005
7006
7007
33954
7008
7009
7010
7011
7012
8137
7013
7015
7016
33948
7017
7018
7022
11672
7025
8509
7026
17839
7027
7029
7030
7031
7032
8603
7034
7036
7037
7038
7041
13575
7042
7044
14896
7045
32938
7047
7048
14889
11007
7049
11047
8146
7050
20167
7052
7056
18628
12961
7060
7063
7065
7066
7073
7074
36068
11598
7078
34475
7080
7081
28714
7270
7085
7088
7090
7091
7093
7094
7095
7096
7097
7100
7101
7103
7107
7108
18662
7110
7111
7113
7115
7116
7120
7122
7128
7130
7131
7132
7133
7136
7141
7142
7143
7144
7146
7151
7152
7154
7156
7165
16810
7166
7168
7170
7173
7179
8094
7188
7189
7190
7192
7193
8640
30874
7366
7196
7197
7202
7204
7206
7208
13478
7212
7213
7221
7223
7225
20468
7227
7228
7239
7233
7234
13634
13631
7236
7241
7242
12092
19067
7243
16638
7249
7253
7257
27929
7258
7260
7261
11053
7268
13638
7277
7278
7279
7283
13441
7947
7285
7286
7287
7288
7289
7297
7298
7299
8672
7302
7303
7304
7306
7311
7312
7315
7316
7317
7319
7321
22212
7323
7324
28095
7326
7327
7510
7328
7330
7331
7334
7335
15711
11506
7338
7343
7349
7351
7353
7355
28723
9501
8185
7356
7358
7359
7360
7363
7365
7367
7368
7370
7371
7373
7376
7377
15841
19066
7378
7379
7382
7383
7384
35291
7386
10186
7388
7389
23783
7390
7391
7392
7393
7394
7395
18465
7396
7397
7398
7403
7404
7406
7408
7409
7410
7413
7419
7424
7425
7426
7427
24504
7429
7438
7440
7442
7444
7445
7448
7449
7450
7451
21360
9560
7452
7453
11763
7454
7459
9505
7463
7464
7465
7467
7471
8000
16513
7472
7475
7476
7477
7482
17530
27571
7484
17707
7485
7486
7487
14114
17528
7491
7494
12215
31452
7499
7501
7507
21578
7505
7506
24803
7511
7512
7515
7516
7519
9529
7523
30688
7524
7526
9905
7531
35055
7532
7536
7537
7542
17838
7546
7548
7551
36602
7556
7560
7564
7566
8194
11334
7573
17775
7576
7580
7581
7586
13053
7593
7599
7600
34155
7604
7605
7607
7608
7610
33502
30059
23335
16706
7616
7618
7619
7747
7622
7624
13550
7626
7627
7629
7637
19626
7642
7646
8095
7650
7652
7654
7658
25785
25781
26884
28490
7662
7665
9104
7666
12260
8851
8873
7667
11222
7668
7669
10687
24349
7673
7676
26526
19387
7677
7678
7679
7681
8764
17413
7683
7684
7686
7688
7689
13432
16061
8034
7693
7696
7699
7702
24907
7703
7707
7708
7709
7712
7717
7720
7721
7722
11830
7724
13238
7729
7731
7740
11018
7749
7751
7754
7755
7756
7758
7759
17137
22798
7760
13543
7763
8876
8692
7768
7777
20390
7783
7785
7786
7787
20127
7789
7793
32084
7797
7798
7799
22457
7800
7803
7804
7809
7811
7812
35816
7813
7815
31388
7827
8058
7829
7831
7832
7835
7836
30875
7841
7844
7845
7846
14047
13465
7847
14381
21149
7849
7850
7852
7858
7860
11524
12760
7861
7864
7865
7867
7869
7874
7875
7876
7879
7880
7881
7882
14493
9448
7886
7892
7893
7894
17527
7896
23630
7897
7899
22265
7901
7902
7904
7905
7913
7914
7915
7917
7918
7921
7927
7922
13289
13287
7923
7926
7928
7931
18253
7933
7935
7938
7940
7942
7943
29430
7946
7949
14513
14509
7950
7955
7956
30658
7957
7960
7963
29205
8345
7964
7965
27239
14190
29397
32174
7966
8811
7968
7970
7971
7972
7977
7979
7983
7985
7991
16766
7995
24937
7997
7998
8001
10395
8005
8007
8009
16742
8010
8011
8012
11345
18506
8014
8015
8016
8018
8019
8020
8021
8025
8026
8028
8031
9310
8032
8036
12445
8038
8039
27546
8040
8041
8046
26499
8047
8050
10483
8054
8055
26593
8062
24077
18801
8070
8071
8073
8075
8078
8080
8081
8083
8088
8089
11776
8097
27238
8098
8099
11243
8101
9940
8109
8110
8114
8115
13453
8116
34347
26646
20991
8124
8161
17222
8126
8128
25625
8131
8132
9995
8134
12493
8136
8138
18326
8139
8140
8141
8142
8148
8152
8155
15851
14362
8156
11212
8157
8159
8160
30734
8162
8163
8169
19815
8171
8178
9714
8189
8191
8192
8193
8195
8196
8197
8198
8203
8204
17215
16013
8206
8207
8209
8210
8211
8212
8214
8216
8218
8220
8221
9429
8222
8224
8225
8226
11473
8228
14959
8230
8231
8232
16043
31174
8233
8237
8239
8240
8245
8249
8250
8251
10453
8252
8254
8256
8259
8263
8325
8271
8272
17654
8273
8277
8278
8979
8280
8279
30019
8284
8292
8635
8294
8295
21970
35427
8296
22434
8297
26508
8298
8299
8300
8303
8304
8305
8306
8309
9447
8313
8314
8315
8317
8319
14102
8321
8322
8323
22667
8326
8327
8328
8332
8334
8335
8338
8342
8343
30708
8347
8351
8352
8353
8354
8355
8356
8357
8358
8359
8367
8368
8369
8370
8373
8375
8376
8380
8381
8383
8384
9438
8385
8386
8387
8389
8390
8392
8394
8794
8395
8398
8399
36018
8400
8401
8403
13100
8404
8407
8409
8411
8412
8416
19343
8417
8418
28026
8420
8422
9543
8423
8426
8427
21886
29938
8428
11705
8429
15793
8433
8437
8439
8440
8441
8442
10078
8444
8446
8447
26049
20567
8453
8456
9611
18751
19330
25817
8461
11435
8468
11726
8469
8470
19636
8471
8475
8476
8477
8479
8480
8482
8486
8487
8490
8491
8493
8494
35281
8495
8498
8500
8503
8504
20798
31814
8507
8510
24341
9244
8511
8512
8514
8515
8516
8523
8524
8525
8526
15869
8528
8531
8532
8534
8536
13118
9332
8537
8539
8542
8544
8549
8552
8553
8555
8557
8561
8562
8565
8566
8567
15501
8568
8571
8572
8573
8574
8576
8579
12164
8587
8589
8597
8599
22832
35449
8602
8606
8607
8609
28184
8613
8622
8623
12223
8626
8627
8628
8630
8631
32203
26328
19416
8633
8636
8638
8639
10616
8643
8646
8648
8650
10313
8651
25435
15735
8655
8656
25972
28226
8683
17902
8667
16547
8669
10161
8670
8673
8675
19361
8679
8682
9049
8686
8688
23906
28708
8689
12499
8695
16031
36289
19560
8697
10084
31082
28285
8699
8702
8704
8705
8707
8709
8710
10466
8714
8716
8718
8724
8726
15734
8728
8729
11013
15658
8734
8735
8741
8742
15205
8744
8746
8747
8748
8749
18278
14169
8750
11647
8751
8752
8756
8757
8759
8760
8761
10866
8768
10960
8775
8776
11900
24733
8779
8781
8782
8783
21902
34370
8790
8791
12559
8798
17192
12105
8804
8807
8809
8810
8813
8817
8819
8822
12345
8827
31340
33857
9848
8829
9002
8838
8839
8841
8842
8847
12135
8850
8853
17849
8855
8857
8859
8868
10482
8874
9077
16465
8875
8877
34268
12602
8878
8879
35937
8880
8881
8884
8888
8889
8890
8895
8898
8904
8905
8906
8907
8908
11221
9669
8913
8920
8924
8938
8939
8940
8941
8943
8944
25563
8945
8950
8953
21705
10053
10074
16239
8957
15846
8965
8966
24006
8973
8978
8980
8981
8982
8986
8987
23366
8989
31439
8993
8994
8998
8999
23314
9003
9004
9005
23499
9007
9011
36208
17023
9012
23170
9014
21371
9019
9020
10194
9024
9026
11529
9028
9036
22973
28673
9038
12623
15698
9043
9048
18573
9052
16634
20258
9055
9056
11171
9062
9063
9064
11887
12920
9069
9073
9071
9072
9074
9075
9076
9079
9083
9084
9086
18626
9090
9091
9092
28433
9093
15661
14850
11985
9098
9099
9101
9102
9105
25139
13683
9115
20575
9119
9120
9121
18746
9124
9127
9128
9130
9133
9138
9139
9140
9141
19922
9142
9720
14288
9143
9147
9150
9151
9152
22007
13199
9164
9163
9165
9166
9167
17596
11630
9168
9169
9171
9173
16927
9174
9176
9179
11738
9180
9182
9190
14558
28000
17256
9191
23961
18173
9195
9196
15673
9198
9200
27742
9206
9210
9211
9213
9215
14339
9221
9222
24268
9226
16092
9228
10012
27555
14612
9232
9235
9236
9241
9242
11917
10369
9248
9249
10160
9252
20548
9255
27595
25496
15874
21119
9263
9266
11146
9267
9268
9282
25500
9283
9284
9285
9286
9287
15016
9290
9291
9292
9293
9294
15024
9295
9299
23757
9302
9303
20177
28164
9304
9307
9311
9313
9315
9317
9321
9322
9323
9325
26112
9330
14487
9333
9340
9341
9342
9343
9348
12238
9349
9350
9351
33360
9355
13217
10982
18362
9366
9367
9371
9373
9375
9376
9377
26772
9378
9379
9383
9387
9389
9397
9398
9402
9403
9406
14350
9408
15696
9413
9415
11052
9534
9417
9420
17172
9423
22257
9424
9428
9430
9434
9435
9436
9437
9440
15541
9445
9446
9449
13483
9450
9451
9452
9454
9461
9463
9464
9466
11073
33696
9467
17021
9473
9477
9480
9481
22985
9482
9487
9488
9492
9494
9500
9503
32054
9506
9507
9511
9512
9516
9517
9518
9520
9530
9531
9532
9535
9536
9544
9538
9539
9540
9541
9542
24798
36157
9547
9551
9552
9554
9555
15350
9557
9558
9559
9561
35941
9564
9565
9568
9694
9610
14647
9570
9575
9576
11615
9578
9581
9582
9583
9584
9585
9586
9588
9590
9592
9594
31078
9596
9944
9597
9598
9599
9600
9607
9614
9615
9616
15021
14755
9618
14424
9619
9621
10414
9623
9624
9626
9628
29896
12420
18674
21413
9630
9631
9634
9637
9638
9639
9641
15463
9642
27969
9643
9644
23886
9647
9652
9653
9654
10116
10118
9656
9658
9664
17017
9668
9674
23776
9675
9676
9678
9680
10600
9685
17684
10743
9691
9693
9695
9696
9699
9702
9707
9710
9711
9716
14621
9717
20355
9719
14112
22437
9725
18385
9728
9729
9731
10135
30741
9733
9734
25592
9735
9741
9745
9747
11080
28004
9752
9754
15432
9756
9761
9765
9769
9770
10044
9773
9774
9778
9779
9780
9781
9782
9785
9788
9789
9790
22661
20847
9791
9792
9797
26665
19429
9798
9800
9801
13546
9806
9810
23448
9813
9814
9816
9817
9818
14099
9819
31438
9822
9823
9824
9827
26601
27549
9830
11944
9833
25282
9834
9996
9842
9843
9844
9845
9847
17117
9849
9851
9852
9856
9857
9859
9861
20261
9866
14073
9871
9872
12910
16579
9877
12925
9879
9880
26166
9883
9885
9886
23277
9889
9890
9891
27663
9894
13559
9895
9901
9902
9903
9904
9907
9908
17075
9912
9913
9916
10492
9920
9921
20817
9922
9924
9925
9926
9927
9929
9933
15288
16479
9938
18911
21710
9939
9945
23219
9949
9953
9959
9962
9963
9964
9968
9970
9972
21593
26090
9973
9974
22692
16911
9976
9978
28122
28518
12449
21592
9980
9982
9983
19062
9992
9994
25813
9997
11134
10001
10004
28986
10009
20796
10010
14963
10016
19726
10018
10019
36578
10021
10022
10025
10028
10029
10035
24405
10037
25712
32793
10039
10041
13281
10043
10045
10047
10048
10050
10051
16730
10059
10061
10062
10063
10068
10069
10070
10071
10073
10077
10079
10081
10085
10088
10091
10094
10099
10101
10102
10107
21677
10108
10111
10113
33148
34754
10117
36148
10125
10127
10128
10132
10136
29342
10139
10141
10143
10145
11682
10148
11432
10155
17623
10157
22561
10158
10162
11575
14072
10166
10167
10169
21134
33648
34608
10174
10176
18377
26697
10177
11805
10180
26118
10183
10185
10191
10192
10197
10198
10199
10201
10202
10203
10205
10213
10217
10218
10221
31149
24284
10227
10229
11066
10231
15683
15928
10235
10238
10243
10244
10246
10255
10258
10259
21112
10261
10263
20424
10264
24292
11406
10270
10272
16709
13330
17706
10275
10278
10279
18061
10281
10283
10702
10286
10291
12113
10298
23216
10299
10303
36167
22027
10305
19137
10306
10319
10322
10325
13827
31639
10330
10332
10333
20246
10335
10337
10338
10339
28767
13485
10342
10343
10348
10349
33823
10358
10361
11558
10362
23183
11492
10366
10889
10368
10371
10372
21958
10373
10374
10376
13481
10382
10383
10388
10390
21500
10391
10393
10400
10402
10405
18344
10417
10418
10419
14053
20653
36411
10425
10426
10427
10429
10432
10433
10437
10440
10444
24734
25235
10445
10446
10448
34305
10450
10451
18261
10456
10457
10460
10468
10469
10470
17348
10474
10475
10476
10477
12580
10479
10480
16471
10481
10484
10489
10491
29227
10493
16023
10498
10499
10501
10502
10503
10504
10506
10509
12696
10510
24840
31245
10511
10515
15812
28955
10518
10519
10520
10521
10524
10526
10527
10528
10529
27093
10532
10535
10809
10538
23184
22872
10539
10542
10543
25252
10545
10547
10550
32442
14349
10553
10554
35517
10557
10558
10562
16124
10564
10571
10572
10573
10575
10577
10579
10581
10582
10586
10587
10588
19314
14499
10589
10590
10591
10592
10593
10596
10601
16129
10602
10603
10605
10606
11071
16170
15268
10608
10619
10620
10726
10621
10622
14799
10625
10629
10630
10631
10632
12109
10637
23280
10642
10643
10646
16878
10648
10650
10651
10655
10656
10661
10663
10664
13315
10668
10672
10673
10674
10678
14067
10680
10685
10686
10692
10693
10694
10695
10696
10697
10701
10706
10710
10711
11194
10714
10715
10716
10717
11793
10720
10722
10724
10728
10730
10732
10733
10736
10735
34735
28295
10738
10740
11722
10741
10742
12427
10745
10747
10750
10751
10752
10757
10759
10761
10765
25448
10766
10769
16922
10771
10774
20642
10783
10784
10787
10788
19083
10789
10790
11131
16321
10792
10795
18579
10796
10798
17868
26763
29409
10799
10801
10802
26123
31958
21726
10803
10807
10808
10810
10817
30101
10820
10821
10824
10825
23926
10832
10840
10842
27951
10843
14017
23225
11271
31520
34879
10848
35779
12064
10852
10854
10856
11425
10858
10859
21329
10862
10863
10864
10865
24470
10872
10873
10875
10877
10881
10883
10884
10888
10890
10895
15596
10897
28848
10900
17244
10901
10902
10903
10904
14720
10909
10911
10913
10914
17873
30134
10916
10918
10919
10921
10922
10923
11592
10928
17722
10931
10938
10939
10944
10954
10955
10957
11847
10964
10974
10976
10981
10984
10986
10988
20656
10992
10995
10996
36352
10997
22594
15880
20032
10998
11001
11004
15707
11005
11009
11010
29690
11011
11014
11015
29316
11019
16106
11021
11023
11025
11027
11032
11033
11035
27846
14733
28057
11038
23753
11042
11043
11045
11317
35780
12676
11049
11050
17363
11058
21498
11061
11062
11063
11067
15856
12388
11075
12622
11081
16084
24370
29264
11085
11086
11087
11091
11094
11095
11961
31529
11100
11101
11103
11107
11108
11109
11112
11113
11116
11118
15861
11120
19017
11121
11122
19436
11123
11124
11126
11128
11129
11947
11133
11137
11138
16293
11141
30292
11143
24403
11144
11145
11147
36201
11160
28125
11161
11163
11165
11169
12865
11170
12922
16242
31292
11173
36563
11796
11573
11180
11186
11189
11190
11193
11195
11196
15917
14025
11197
11198
24231
26689
11201
11205
11206
11207
11210
11213
11214
18455
11223
11224
11226
11229
25560
11231
21684
11232
11236
12436
11238
11240
11246
11248
11251
11253
11254
15576
11255
11256
12936
11257
11259
11260
11261
11263
11264
33074
11265
11267
11269
17662
11270
11272
11274
11276
11280
11281
18467
11282
11283
11285
22355
28373
11288
24962
25773
11293
11296
20756
11302
11303
21570
11307
11308
11309
11310
11312
11313
11315
11316
11319
11320
29863
11323
21827
11325
11326
11328
11331
11332
29076
11333
11335
12005
15685
11343
11344
11346
11347
11349
11350
16134
14121
11353
11355
11356
32439
11357
13928
11358
11360
11361
11363
11364
11365
11366
11368
11373
11378
11381
11383
11384
11668
20770
11386
15563
18572
25873
11390
11391
26031
11395
11396
20742
11402
21736
11403
11405
11407
11408
11409
11414
11415
11417
19315
11421
11422
11423
28111
31261
11429
11430
20062
11437
11438
19930
11441
14469
16022
11443
11444
22379
11448
26390
11452
11456
17592
11457
11458
11460
11462
11464
18084
11465
11469
11472
11475
30025
20036
13557
34042
11481
21247
11483
11486
11490
11499
11500
15059
12165
11504
11511
27729
11513
11520
11521
16330
11525
11533
11534
11536
21832
11539
20895
20236
26801
11550
11551
21211
11554
11555
11695
11559
11567
11568
11570
11574
36239
11578
11579
11581
11582
11583
11586
11588
11652
11593
11595
11597
11601
19459
11602
11603
22765
11605
11607
11609
11610
11613
11616
11617
11619
26192
24718
28382
11620
12857
11621
11623
11624
11625
11627
11628
11629
11631
11633
11634
11637
14126
13742
11638
12340
11643
11644
23078
11646
11649
11650
11651
11653
11658
11659
11662
11663
20060
19000
12140
11664
11665
11666
11667
11669
11670
11671
11673
11674
11676
11677
11679
11680
21569
14228
22301
27034
11686
11687
11689
13272
11691
23866
11692
11694
11697
11699
11700
11702
11703
11707
19220
11711
11715
15362
11719
12633
12632
11720
11723
24350
11724
11725
11727
16857
11728
11731
25490
14477
11733
11734
11735
11737
21511
11742
12605
11744
11747
11748
11749
17769
11756
11759
11765
31274
11781
16450
11782
22817
19286
11783
11789
11790
11791
11794
11795
22200
11797
11798
11799
11802
11808
11811
28371
16065
11815
11816
11818
11822
11823
11824
11825
11828
11829
11831
11833
20833
11834
12126
11839
11840
21538
11841
22747
21244
14502
29363
11856
11857
11858
36040
20134
11861
11862
23786
11864
11865
11866
11867
11870
17587
11871
11872
30934
30550
11876
11877
15530
11882
20475
11884
20066
11885
14159
11891
14626
14061
18760
17064
11893
29276
28781
32362
31648
11894
33057
11896
11897
11904
11905
11914
11910
13377
11913
11918
11920
11925
11927
11929
11931
11932
11935
11940
11941
22282
11949
20329
11951
11954
11955
11956
12059
28618
11958
11959
11967
11968
11971
11972
17058
11974
11975
11976
32212
35216
11980
11986
11987
11994
11995
11998
31482
12984
27767
15922
31392
14070
12003
14957
12006
13606
12009
12010
15844
12017
12022
12027
12028
12029
18957
12030
12319
12034
12037
12041
12049
12051
12053
12054
12058
12060
27955
13467
22799
25938
12067
12071
33561
12072
12076
12077
12079
13109
12086
13686
12504
13124
12095
12097
12098
12100
12101
12102
17243
12107
12108
12111
12114
12119
12120
15613
31579
26407
26417
12129
12130
12132
20074
12138
12141
12142
35466
21093
23651
12143
16844
12147
12148
12150
12158
12160
22480
12175
12178
19138
12180
12182
22163
19191
12186
12188
12190
12193
25896
12195
17060
12201
12203
22187
12212
14587
12216
12218
20248
32040
12927
22851
20153
12221
12222
18092
12224
12225
25838
18254
30073
12236
12237
13490
16024
12244
12246
12254
12257
12259
12267
26775
12271
12272
19177
12273
12807
13194
12275
22351
24141
12278
12546
12281
12282
30160
14308
18042
12283
12284
12289
12293
12294
12296
12298
12300
12311
12831
12316
12321
12322
17951
12325
12326
12330
12332
12334
12335
14984
18323
12339
12341
12346
12348
12350
12351
12352
12353
29260
12356
12358
12361
12362
12365
12366
26179
12377
34391
26358
31787
14429
12386
12387
12392
32988
19198
12393
35874
17470
12394
17020
12399
12400
12402
12403
12405
35461
12409
12410
30844
14483
12413
12414
12415
12416
12417
12418
24743
20216
12424
12425
12426
12428
31064
12430
12431
12434
12439
17484
12440
14304
12441
13052
19248
12443
17147
12444
12446
20326
12450
12452
21319
12461
15892
12463
12465
12466
12467
12468
12469
12470
16589
12471
28761
27187
12474
14616
12476
12478
12480
12482
27485
12484
12485
12486
12492
12495
12496
12502
12507
16019
32299
24768
12512
12513
12522
12524
12526
12528
12530
12677
17042
12533
15466
18319
17996
12536
30816
13126
14637
20903
12543
31330
12544
12545
12549
12551
12555
12558
12561
34501
12563
12564
17549
12568
12581
21187
12589
15865
12591
12592
32681
31521
12596
12597
21467
13764
26105
12601
24714
17005
26835
12612
12618
26273
17574
12625
12634
22701
12640
12641
12642
12643
12645
12648
31460
12649
12650
12651
28863
12652
12653
12655
12656
12657
12659
12664
12665
12666
12668
12669
12670
14606
12671
12673
17252
12678
12684
12685
12687
12689
12690
12692
12693
12694
23057
12695
12703
12704
12705
18553
12706
12708
12710
16411
30312
12714
12722
19174
12724
15752
12728
12729
12732
12735
33926
12737
12740
12741
12746
34215
13331
36491
12756
24164
12758
12761
22256
16936
12766
18461
12768
24503
12769
14557
12770
12772
12773
16699
12775
12776
12780
12781
12782
12783
12784
12786
12789
12790
19586
12791
21397
12793
12794
14218
17529
12798
12800
12801
17885
14770
12808
12816
12819
12820
12836
32031
13610
29323
15364
12839
17854
14517
12841
20101
12844
12845
12846
12847
12850
12851
12854
12860
19333
12861
12862
12863
12864
12866
12868
12870
12871
29775
12872
21190
13980
28851
12873
12874
12875
12877
29729
18637
12881
30193
27544
12882
35341
12883
35247
22949
12886
20534
12889
12890
18744
30885
12891
12893
12897
12898
12900
12905
12906
33023
12908
12914
12916
12919
12923
14111
32736
12924
21452
12931
16619
19100
12933
12934
12935
12937
19853
27709
12938
12941
12942
12945
36330
12948
12952
12956
12957
14198
19584
17317
12972
30951
24392
20181
12979
12982
12988
17853
17238
34105
12991
12992
12993
12994
12995
31423
26092
25325
12997
12999
13001
15045
14923
13004
13005
13006
13007
13008
13009
13022
13023
13025
25395
13029
15264
33924
13037
13040
13046
13048
13057
13061
13074
13076
36241
27427
13082
13452
16978
13083
13084
18131
13087
13091
13095
13096
13098
13102
13106
28729
20547
13120
13123
13127
20382
13128
13129
13130
28709
31328
13137
13139
13140
13142
13144
13145
13146
13147
13148
13149
13150
13153
18488
19463
13154
23353
13856
31640
13159
22069
13536
13161
13162
13164
13165
13166
13167
15351
14127
13171
20289
13174
13176
15295
13180
13182
31730
22123
13184
31284
35957
13186
13197
13200
13201
13202
30320
13207
35756
13208
13210
13212
13214
13216
24557
13218
13219
13227
13228
13229
13234
13249
13251
34727
13253
13256
13257
19890
14533
13259
13261
13265
13266
13267
13269
13274
13276
20133
14140
13278
13280
13286
26039
13293
13294
26334
13297
18227
13298
20878
29441
13303
13305
13307
13309
30554
13310
13311
13312
13314
13323
22328
13327
16597
35611
16555
13333
34792
13335
15481
13338
20322
13339
13340
13890
22708
13343
17452
26959
30913
35122
13345
13347
13350
13353
13356
13357
13358
13370
13373
26120
13375
13974
17665
20956
13376
15234
19902
28185
13396
13397
13398
13400
13401
34674
13404
13406
13409
22752
31485
13411
13412
13413
13418
15606
18946
13421
13422
13423
13582
14805
13428
13430
13431
13433
33313
13434
13437
14229
13440
19437
13442
16444
13445
13448
13449
23005
13450
27635
13451
18161
13454
31860
13455
13457
15046
19045
22381
13460
13461
18603
13463
15799
15621
13464
13468
29394
17888
13472
13474
13477
13479
17460
13482
13484
13487
13489
13491
13492
21337
13493
13494
13498
13499
14060
16575
13509
13510
13511
13513
27002
15560
35094
17579
13518
13967
13521
29265
13523
16650
17257
13528
13530
13532
13535
13539
13541
13553
14491
13554
13556
13558
20974
14255
26205
13565
13569
13573
13574
13576
13578
13579
17480
13584
13588
15915
24949
19892
13594
13600
15151
13603
13609
31401
26744
13617
13623
13624
13625
13626
24210
13639
13640
13641
31250
13644
13651
13653
13656
13657
13658
13662
16487
13666
13667
13668
13671
13672
13673
13674
30728
13677
22514
13678
13681
27407
13687
28868
13693
21258
13694
13696
35249
13697
13698
13701
13702
13716
13708
13711
13714
13715
13717
16419
13725
13730
13734
13736
29098
27693
13737
14634
13740
26588
13745
28756
13747
19655
24097
34796
32187
32269
22130
13758
14683
13766
15853
28899
13774
16147
13777
13778
13779
13781
13788
14098
33704
19627
28345
13796
13800
18265
28319
13803
17198
23747
13807
13808
36203
15246
13812
14146
17295
13813
33248
13816
24004
13820
13822
14979
13828
13834
13835
13836
28598
23619
13843
15965
16235
18899
13849
22508
19874
13855
13857
13858
13861
13876
13882
16696
13883
22177
25177
13884
13885
28839
22134
19963
13893
13894
13896
28075
13898
13899
24825
13900
34272
24489
13901
14747
13902
13903
15297
13907
13910
25863
35343
13914
13915
13917
13918
13919
16504
13930
18049
13931
13933
32151
14882
13934
27157
13935
13936
35805
13937
13938
19800
13942
13943
13944
13947
13950
23063
13952
13955
13959
13960
15175
13961
13962
29386
13963
17883
13964
13966
13970
13971
13972
13975
13978
13981
13983
13991
13992
13995
16108
13997
14001
21522
27563
28229
14009
14011
26871
35436
14015
14018
14019
19085
20311
14023
14026
14028
14029
14030
14031
14033
14036
14038
18833
33163
14155
14044
14049
14050
14054
14056
14057
14058
14059
14063
21306
22330
14075
14076
23367
14077
15622
21818
15011
21454
31756
14081
36433
14082
14084
14085
25676
14087
25092
14091
14094
14095
14100
14103
14104
16953
18575
14106
14107
14115
16740
14117
24046
23153
14118
14122
16647
14125
30997
18778
22101
14130
14132
14135
34259
14138
14143
14144
14145
14149
14456
14154
14156
14158
14161
19015
31736
14163
16507
14181
15176
14189
14191
14192
14194
15942
14201
14202
14203
14206
14212
14214
34138
14220
27405
32526
14224
14226
14227
22098
14238
14241
14243
15860
14246
14248
14249
16353
27254
14252
14256
35211
23905
14260
14262
15721
17473
14264
16794
14265
14266
29579
14267
23953
14269
14270
22887
14277
22905
25146
27981
14287
14290
14293
14299
19104
14305
34467
14309
14312
14313
14315
14318
14320
14321
32317
14324
14325
14330
14332
14335
14336
14338
14340
20210
14343
14346
24970
32307
17565
35389
14353
17538
30650
14360
14361
14363
18128
14369
14376
14377
24668
14378
14379
14382
14383
14384
14385
14389
14394
14396
14398
14402
14405
28737
14417
14420
14421
19849
14422
14425
14426
14430
34275
14433
14437
14438
14439
14440
14446
14447
14448
14451
25192
14453
14457
20166
14458
14459
14464
14465
14467
14473
20549
20146
18623
28700
15601
31861
14484
14485
25181
35555
14504
14510
23345
14520
14522
14523
14524
14525
25876
14528
15480
26294
14535
14537
29496
14546
25588
23755
14548
22169
33592
14556
14559
14569
14571
15484
14572
14577
25203
14579
14580
14583
29378
14588
22774
14589
14590
30034
14593
20302
14599
17916
14601
14603
14604
14613
14618
29061
14623
22547
14625
14853
31604
14644
31458
19119
14651
14652
18976
21424
14653
14670
14665
14667
14678
16496
31022
14682
14684
19932
14693
31461
34623
14695
14696
32008
26221
14697
14698
14700
28023
14701
14716
14718
14722
14723
32316
14726
14728
28050
14734
28040
25729
14737
14738
36061
14741
14743
14744
26447
14748
14765
14766
21552
14771
14775
30079
26816
15153
14782
14783
14784
14785
14787
14788
14789
14790
14793
14801
16553
19629
14807
20126
16880
14814
14819
14821
14822
35602
31512
25108
14824
14826
14827
14828
14830
14833
19082
14834
18177
21069
14837
17844
14844
14845
14846
14848
33752
14849
19789
14851
14855
20373
32924
14857
15008
14859
14860
14861
14867
14872
14873
14880
17329
29745
14892
14893
14894
15776
20174
14897
24789
14907
14908
22103
14909
14910
14911
14918
14921
14922
14924
14926
14927
14928
17764
14932
14937
14940
24069
14950
14960
14961
16380
14964
15030
14968
14969
16403
22429
36309
14972
14974
14978
14981
14982
14985
14986
14991
21369
21370
14992
14993
14994
35948
14998
30102
14999
15003
15007
15009
15012
15014
32070
24143
15019
15023
32977
29663
22294
28604
15029
15032
15034
15036
15037
15039
15040
15042
15043
15051
15053
15054
15055
15058
15570
15060
28036
30192
15063
15071
15802
15077
15078
15081
15084
15085
15087
16021
15092
15103
15108
15115
24603
17809
15117
15118
15120
21785
15122
15124
29605
19363
15129
18063
20215
34438
15134
15136
30258
15143
15146
15149
15150
15155
15157
32505
15174
15177
18890
15178
15180
15182
33729
24960
15185
30421
15186
15187
15188
22010
22230
15200
21933
23397
15208
15210
15211
15212
15499
30317
15222
22367
15229
15233
15239
15243
15244
15247
15249
19679
15255
15257
15258
15267
15474
15271
20385
15272
15274
15275
15276
15277
15283
15287
19691
35867
15290
23775
15293
15294
15296
15298
27023
15301
28341
15898
16538
15302
18900
15303
15304
20412
15307
17512
20175
25255
15315
15323
15324
15325
15326
31119
15331
15337
36580
31379
15339
15341
16609
15349
15353
15358
15363
29519
15366
15367
19162
16243
18068
15373
15374
35778
15376
15378
17435
17938
15379
15380
26557
32562
15382
19285
25977
26940
15387
15388
19368
15392
15396
15404
15409
15410
15412
15589
22903
15422
15423
15424
15425
15428
24485
15430
15431
15433
26286
15438
25885
27464
15442
20092
15447
18043
15449
15450
24846
18406
15451
18285
20417
15452
31323
15454
15458
17232
26785
23724
22813
15465
15475
30246
34558
15477
15479
21249
20603
15483
25096
15490
20323
15492
15494
15495
16951
15504
15508
22273
15514
15516
27098
27914
15518
18624
15519
15520
15523
23888
15527
27640
15540
15543
25569
30556
18932
15545
19375
15547
18496
17351
15551
15553
23316
28503
16827
19129
26382
29429
33862
15561
15564
16860
15569
15574
15575
15577
15585
28451
15591
26190
20640
17371
15598
15600
26430
15602
16360
27208
31869
15604
15605
15609
18902
20967
34386
15619
15620
15623
15625
15628
15630
15632
15635
33836
20182
15637
15640
16371
24130
24776
15650
23399
18210
28276
15659
15660
15670
15674
18713
15679
15682
15686
35400
15688
15689
15690
15692
15695
30986
15697
15700
15705
21795
15712
15714
20865
15720
15727
15730
15732
15733
16378
20738
15736
15737
15738
15739
15740
15745
15746
15748
15749
15753
36056
15754
15755
15757
32608
15758
26419
15761
21954
15762
15763
18388
15770
15771
15774
15777
22361
15781
17861
19400
15783
32249
15786
15787
15789
15792
15796
15797
15798
26091
35983
15807
15808
15811
25225
20838
17483
15829
15830
15840
15842
32672
21713
30396
15847
15848
15850
15852
17773
15855
32701
15867
19386
16863
15870
21448
15873
31221
19449
15889
15891
15894
15897
15900
15909
15911
15912
15923
15924
15930
15931
19004
15933
15935
15936
15937
15941
15944
15946
16902
15953
15958
15960
15963
15964
22362
15966
15968
15970
15976
15978
26180
15982
15983
15985
15986
15988
15989
24783
15991
27721
35413
17629
24065
18271
16003
21389
16005
19501
19544
16014
16761
16015
16016
16017
16018
16020
16029
16032
16605
33825
20578
16035
16036
25794
16044
20206
16049
16051
19593
16058
17199
19536
16062
16063
22364
24709
20178
16078
16081
16088
19408
19630
16093
16094
16097
16098
16099
16101
16103
16109
18954
16115
31848
29336
27324
17417
16123
16127
16131
16138
24160
16140
23207
26310
16146
16150
16153
19910
16158
16160
16161
16167
16173
16174
34842
16175
19369
20427
26521
16183
16185
16188
16190
24968
16192
16193
23625
16202
16203
16204
16205
16208
16209
29291
19313
16218
16219
17808
16222
16223
16226
16229
26874
16234
16236
16370
16237
16238
16241
16244
22085
25657
16248
16250
16252
16254
16255
16257
16260
16265
17380
16268
16270
16271
16273
16277
23358
16279
16280
16282
16283
16284
17942
34445
16291
16292
29567
16298
16689
27552
16317
16319
16322
19030
32154
21725
16329
24538
25495
16336
16338
21361
16339
22753
16342
16345
16346
16348
16351
28920
16359
19994
16367
16368
16369
16375
16379
16748
16384
27200
33728
33534
17132
16397
16399
16405
31895
24224
16407
26283
28910
16417
16418
16420
16423
25302
16426
24430
20119
16430
16431
16432
22463
16434
16441
16442
16446
16455
16459
21005
16470
16472
26376
17231
16475
25406
16476
32621
16492
18933
26401
21430
16495
16499
21513
16500
28400
16501
16503
16505
16506
16509
17695
17862
16515
20471
27780
16520
21068
16526
22028
16531
20661
16540
16542
19575
16545
16546
17795
20771
16571
17569
16572
16573
16574
16576
16578
16583
16585
16588
16593
16594
20542
16598
16600
16601
16602
20494
26886
16614
16615
16617
16624
34030
30013
20328
20435
16625
16627
27417
20609
19393
16628
16630
27070
16631
24086
16637
18115
16639
16641
22168
21695
16649
16657
16661
16663
18710
19908
16666
16671
36090
16680
16681
34486
16684
23284
16688
16690
36229
16693
16700
16702
16703
16704
16705
20851
16708
16710
16711
16713
16716
17968
17967
31265
16727
16733
16734
16735
16736
16739
16741
36366
16743
16749
16751
16756
16758
16760
35439
16762
20675
16767
16768
16770
16771
16772
16774
16779
22948
22791
16796
20789
16800
16801
16804
20712
16806
19272
18711
36104
23373
29033
16834
16835
22854
16837
16841
16843
20152
16847
26106
16852
19814
16855
16856
16862
27453
16864
16865
16867
34069
16869
29338
16872
34745
16873
16885
31989
34591
24501
17148
16901
16905
27301
28093
16929
16930
17952
16939
16947
31668
26360
16957
16959
16960
29616
16961
24042
20957
20356
16968
16969
30370
23179
16972
34848
16976
16980
16981
16984
16985
16986
27547
16993
16997
16998
36557
17001
36460
17004
22234
17009
17010
17012
27168
33494
17025
17026
17382
19671
17034
17036
17037
17039
26585
30576
17045
17046
17047
17053
24441
17057
17061
17065
22284
20872
17066
20889
17067
17083
21528
17096
17098
34927
17099
17102
17103
17107
33773
17119
24180
17124
17125
21339
17126
25968
29494
17127
17131
17133
17134
18557
22034
18378
17144
24779
30099
24788
17150
17151
17153
23029
26929
35987
33516
17156
17157
17158
17162
20502
17165
21733
17171
17175
17177
17181
17182
17185
17186
17189
17190
18468
17194
17210
18274
17213
17216
18196
17228
17229
17230
17237
21983
28103
30745
30890
17242
17245
25647
17248
24693
17251
17255
17258
17261
20053
33768
17267
17269
17272
24563
17275
17276
17278
17279
17280
17282
27888
30409
17283
17284
17287
17288
17294
26158
17297
32170
22856
17299
17300
17302
17303
17305
17307
17308
17310
17313
17314
17316
17320
17322
24045
17325
17638
17332
17335
17341
17343
17344
17350
24610
17354
17355
17358
17359
21233
30405
17364
17367
17369
17370
21419
18737
35721
34632
17383
30506
17385
17388
27444
33981
17389
17390
17393
17396
17403
23744
17407
17408
21026
21689
17415
17416
17419
17420
18594
20984
18828
17425
17428
30902
17431
29717
25353
24923
17444
17445
28126
17446
17931
17450
17454
17459
17461
17471
17474
17477
25632
20352
20149
23145
17491
20950
30579
20428
20880
17510
17513
17515
17520
17524
17533
32507
24978
17536
17537
17543
17544
17550
17552
21432
17554
17555
17556
17557
17563
17568
17570
17577
17580
36143
17584
17993
17595
21245
21926
33453
17606
17608
17611
27950
33509
17620
31697
31373
18472
17627
17628
17632
36245
21711
17636
20828
17652
17653
24421
17661
17664
17667
32650
31282
17669
17671
17677
17693
18297
17698
17701
17708
17709
23871
17726
17727
23228
17737
17751
19098
17761
17763
17765
23907
17766
17767
17772
29792
27260
17777
19221
17780
24369
17784
17787
26100
27697
17790
27779
17794
36199
17796
25913
17799
17800
17803
17804
17806
17807
17813
35242
17817
17824
17826
17828
24359
31216
17834
17842
23527
17843
30394
17847
32179
17857
30185
17865
17866
17870
17871
32302
26999
17878
17890
32733
17906
24486
34822
17911
26830
17914
21896
32660
17929
17930
25522
19728
17934
17935
17940
20556
17941
20005
17946
24111
17948
17953
17954
17955
17958
17959
17963
17970
17973
17974
17975
32708
17977
17978
17979
17980
17982
17983
17989
24361
18905
22604
20450
23473
17995
17997
25728
33444
23387
21554
17998
18000
18002
25043
18024
18025
18026
18030
18032
19453
18036
30843
18037
18038
23255
18041
25847
26014
18039
18048
31491
18405
18055
23252
18056
18060
34705
18062
18064
30838
18066
35680
21168
18070
18072
18077
18081
18082
28891
18089
25318
23079
18091
30861
18101
18106
18107
32550
18110
35023
18129
19762
18409
18134
18135
18151
32668
18157
18162
18163
18168
31345
18170
18171
18172
18175
18176
18188
34274
27844
33307
25363
28687
18192
18195
20881
20071
18201
18203
21855
18207
18214
18215
18216
18218
18219
18220
29380
36222
18222
28711
18225
18229
18232
18233
18235
18241
31306
18244
18249
35368
18250
18252
18255
18258
31623
29322
18264
18266
24740
18269
18275
30792
26182
26607
18279
18281
36518
18286
23117
18303
33357
27620
18307
18688
18314
18511
18316
19550
18317
18322
18327
21378
18328
18332
19086
20714
22312
18335
25562
18346
18347
18352
18353
31372
29167
18354
20457
27909
20357
27636
18364
18366
26291
21434
18368
18372
18379
18384
18389
18395
18396
18404
18408
30721
18414
18423
32496
18434
18437
27881
29852
18444
18446
20577
18447
18449
18450
18452
33872
18453
18462
23147
18476
25239
18491
18499
24338
33016
34714
18505
18510
31583
18513
18514
18517
18520
35913
18525
18527
32693
18549
18550
18555
18558
18560
18561
18563
18576
18577
18580
18584
21479
18585
18586
18588
18593
18595
18596
18599
22688
28796
18601
18604
18606
21507
18610
25240
18614
18615
26224
34255
33662
18629
18632
18636
18645
18647
18649
18657
18658
26183
18661
18667
18668
18671
18673
18676
28871
31858
18690
18695
18697
30993
35271
24238
18704
34854
21862
18716
18719
18883
18729
18735
19964
18740
18741
18742
18749
19222
18775
18776
18779
18780
18783
23859
18784
18788
20924
31560
26822
18795
22871
18799
18803
18805
20469
18809
21431
18813
35546
23596
18819
18820
18825
18826
32627
18832
18836
28703
28204
18840
18841
25227
18844
18845
18849
18853
32851
18855
18857
18859
18868
18869
31747
28061
24652
30241
33420
19414
18871
18873
18875
28158
18877
18878
19838
32868
18886
18889
22150
28900
18895
30693
18898
18903
18906
18908
18909
34159
18912
18913
18915
32119
18916
18920
25475
27303
18931
18938
18942
18944
18945
19843
18949
31289
18955
18958
18967
18973
18978
18981
32761
18989
26634
18992
20515
28883
28481
18998
18999
19002
19003
19005
19018
19021
19023
31254
19025
19507
19026
19027
19032
19033
23109
31407
19180
19038
19041
19046
19054
28221
19057
19060
19061
25463
19089
19091
36485
31665
19102
19103
19105
19107
30395
19113
19114
22727
19120
19121
19124
19128
19136
19145
24213
19149
23531
24755
19157
19158
19159
19160
20179
19164
19165
22391
19179
32052
33422
19182
19184
27854
19194
22790
19195
24794
25727
19207
19208
19210
19219
19224
19225
27866
19226
19228
19231
19232
19331
19233
19234
19236
36100
19240
19245
19247
19252
19255
19265
36052
22867
19280
27463
19281
23108
19288
19505
19302
19305
23098
19310
33200
19319
27627
33336
19324
28967
29587
22989
28232
19334
19335
19338
19339
19340
22376
19346
19358
19359
19360
29152
19366
27645
19370
19374
35694
24694
19377
19378
19381
19388
19389
30216
32749
19391
19392
21814
19394
19404
19405
19407
19409
33210
19415
30439
19427
19438
19445
19447
19448
19451
19452
19454
19458
23521
19461
23278
24058
19464
19475
19482
19483
19486
35212
19493
19497
26122
19498
19499
19500
19513
19525
19538
19540
22509
19545
19557
19561
19562
19565
19569
31318
19571
36192
19579
19583
19585
21751
23714
19588
19589
19595
19598
19599
32982
19602
19607
27505
19613
19614
27404
32730
19621
30259
21144
24999
30131
19628
19632
19633
19635
26413
19702
19643
19644
28824
25929
30599
19645
19648
34753
19658
26387
19663
22099
33731
19666
26282
19667
19668
19676
32009
19680
20204
22505
19683
27129
19686
21309
19693
25776
22012
19694
22159
19704
19706
22715
19712
23569
19715
29989
19729
19730
19736
31504
19746
19751
24327
19753
19754
19755
19763
20243
20731
19768
26094
25253
19773
27764
30700
19791
19793
19795
36456
19796
35648
21691
19797
19798
19799
19801
19810
28448
26786
19811
19816
19818
19821
19903
33048
19822
29880
19825
19826
19828
19829
19830
19831
19837
30882
19844
19846
19855
19857
19858
19860
19867
19868
19871
19873
19876
19878
19884
33884
19888
20530
19901
19904
35929
19905
27826
19928
19931
28202
20122
19960
19961
19962
19965
19966
19970
19973
19983
19986
19992
19998
36228
27688
25432
20078
26371
20012
20013
20014
30462
20015
23281
20035
32295
20043
20044
21341
20046
20048
20050
20051
24539
20052
20054
20061
20064
26146
20065
20070
34544
20075
20076
20080
20086
20088
20090
20091
20094
20096
21142
30798
31262
20100
25042
20109
20113
30340
31914
23821
20142
20147
20148
20150
20151
20154
20158
23851
20160
20164
20168
20173
20180
24546
35388
20203
20205
23180
20209
20219
20221
20222
20225
34518
30604
23622
20230
24080
20231
20232
20233
31027
33306
34025
20237
20238
20240
20241
34006
20253
23849
20271
23790
20272
23440
20275
20276
20277
20278
20280
35148
20291
20294
20301
20304
20307
21866
20318
20324
20327
28644
20330
20331
20340
20342
20343
20359
20360
20362
26812
20363
20366
20367
20368
29505
32255
20371
20375
20377
20389
21742
24483
34850
20407
20409
20414
20416
20418
20419
20422
34201
20432
20434
20436
20441
20443
33289
34437
21257
20458
27895
20460
30961
20463
20466
22580
20470
20472
20478
20479
23113
33462
20492
20496
22448
20512
20518
24917
20519
25845
20525
22171
20528
23685
20533
20540
20543
20560
20569
22309
22955
28480
20574
34952
20579
27356
23206
20582
20583
20586
20593
20594
23019
21764
26494
20602
35863
27687
36528
20611
20620
20626
20627
27698
20629
20631
20632
20637
20643
34212
24250
20648
24233
20657
23788
28314
20665
30582
20669
20671
25183
20676
20682
20684
25278
30659
26019
20688
20691
20692
20693
26961
33061
20697
20700
20713
20988
33529
20724
20728
23759
20730
20732
31867
20733
22392
34537
30006
20741
20744
20745
20746
20748
20752
20755
20757
20760
20762
20767
20773
24995
20780
20783
20791
20794
20797
29915
31253
20802
22674
22176
30643
20805
20815
20819
20820
29303
20836
20843
20849
26965
26288
30516
20863
20864
20867
20873
20882
20886
26810
22498
27352
33076
20897
20902
20907
20909
21861
20915
29785
20919
20921
20922
20925
33513
31535
34314
27781
25494
20927
22161
31669
26021
20938
28550
24426
20943
20953
20954
32869
20959
20969
20971
24472
20979
23566
20989
20992
20993
20994
25928
21003
21006
21015
34861
21022
21023
21025
21027
21038
23087
21039
21040
22894
25859
27137
21765
21047
23675
23608
21048
28171
23656
32606
21055
21059
24883
21073
21074
26878
21084
26046
21085
21901
21088
21090
21091
21097
21104
23363
32261
21110
21111
21116
24218
21120
32404
32831
34228
23864
21130
21135
32960
21141
21147
21148
30423
35823
23394
21160
21166
21170
21176
21188
34992
31873
21200
21203
21204
29939
21209
27139
21449
21223
21225
21228
21229
21231
21238
21241
21242
21243
30188
21250
21259
21260
22017
21262
21265
33535
28800
32631
23080
21283
33530
21294
27760
21298
21723
21301
21307
21310
21318
21323
21326
25389
29479
21330
25114
21335
21338
24255
21342
21344
28680
28119
21356
21359
21379
21385
21386
21595
21392
36478
32493
21398
21402
21898
28585
22563
31196
21414
24171
29719
21420
26545
21421
25994
33280
21426
24636
21437
32541
21446
21451
21457
23168
24363
21460
22460
21463
24245
21465
23073
21469
21470
21471
26608
21482
21484
21502
21508
33038
22222
32270
21517
34814
21519
21521
21532
21533
21537
21539
21543
22613
21553
21556
32716
34339
21571
21572
21579
21581
26684
23930
21584
24821
21589
34620
21599
21604
21608
21609
27543
27717
21611
27562
21622
21623
21624
21627
21628
31715
21631
21632
21634
21635
21636
21640
21642
21643
27173
30367
21649
21650
34278
21660
21661
28866
21666
21672
32490
33071
21673
21674
21676
21680
21681
34484
25654
21688
21693
25036
21709
24095
21712
21714
21718
21724
21743
21747
21752
27753
21755
21756
27930
21761
21770
26212
22546
21771
21772
21776
21777
21781
21784
21788
35230
21793
28635
21800
25550
21805
31722
21809
25700
27641
21817
31043
27153
21821
23916
21828
36501
22586
33871
21860
21874
22830
21878
34418
21881
21882
21889
21892
27893
21899
27228
36394
28778
29771
32336
33655
21913
32334
21916
21922
23202
24017
31124
21929
21936
21930
21942
21950
30466
25927
21951
23159
21955
21959
30704
29072
21967
26908
21968
21972
35732
21973
21977
21978
31864
21985
33893
22001
22004
22006
22016
22026
30965
22033
24312
22045
22049
24174
22051
22052
24969
22055
33526
33602
22064
22066
22086
22506
22091
22095
22108
22114
22116
22124
34492
35221
35227
26418
30121
22138
22359
22149
25603
22155
22158
22164
29293
32017
22184
22189
22198
22199
24859
22214
35046
22215
22217
22218
32190
22219
22220
22223
22233
22235
22236
22237
22238
22239
35254
23985
23523
32487
22242
28088
22251
22253
22254
22426
33125
22259
29721
22260
31911
22267
22269
35582
22279
22280
22890
22283
22288
22292
22296
22299
22302
31739
35473
35405
22313
24356
23442
22314
22836
22317
30921
22340
22341
34633
22348
22358
22360
22363
22373
22929
22374
35280
22377
29960
31766
32957
24468
22403
22407
22410
22938
22421
31567
22431
22435
22436
22438
22444
22446
22449
22468
33937
22475
22476
22477
22478
25620
22482
22485
22486
29344
35617
33100
29217
22500
22501
22502
33294
22510
27103
22512
22513
22521
22522
22523
22525
22526
22529
22532
25285
26338
22541
22542
32047
22553
22581
34032
28354
35851
25217
30049
22599
36041
22605
22608
22623
22633
22634
34295
22647
22654
30567
30075
22664
22666
22668
22675
22679
22680
22681
29122
22686
22689
22696
27972
36304
30147
28012
24865
32351
33722
22724
22749
22754
22766
22769
23155
22781
32596
22782
22787
22789
22793
22800
22802
22804
22805
22808
30926
22822
22823
22825
22828
22829
22833
22837
29111
22839
27409
22845
26788
22862
33911
22864
22866
29941
27174
22873
22877
22883
22885
27835
27385
22888
26823
23418
23165
22893
22895
22900
22901
22904
33053
22913
22914
22915
36415
24434
35371
22924
25283
22928
31054
26357
24181
29935
22931
22935
22939
31126
22947
22951
24463
22952
24007
22959
22960
22963
22979
23295
22982
22994
34455
29894
31746
23004
23009
23010
23011
23024
23028
23035
27679
31017
23047
28484
23052
23054
23055
23058
23059
27906
27365
23065
23074
26792
23076
23084
23313
31608
32986
23114
23122
23132
31375
23141
23148
23152
23156
23158
23161
23162
23169
23174
23182
23188
23189
23704
29701
25083
23193
23197
23205
23220
23222
35215
23224
30069
23230
23232
28494
23248
26666
23250
27674
23260
23263
23269
23279
24681
32852
33049
23287
23332
25704
23292
23293
33879
23725
35274
23303
24003
23305
23306
25952
23311
24996
24997
25000
23312
29371
23317
25109
23321
26170
23347
23350
27462
27183
23357
23359
23364
23369
30334
25693
23371
23374
26750
33358
23390
23398
23400
32576
23401
23405
23409
23411
35759
36099
23415
23416
31220
23420
23424
31821
23435
34049
23444
23452
27539
23463
30457
23465
23469
24488
29220
33471
30504
23489
27308
24273
23496
24530
25218
23501
23508
23511
30336
31034
29480
27586
27789
23535
23545
23546
23548
32267
23558
23564
29636
23567
23568
23571
23572
23576
30132
31327
23586
23587
23806
34781
23597
27947
23600
23601
25100
23603
23604
23605
23606
25020
36020
35946
25872
23641
33254
23643
31303
23648
23649
23650
23657
23659
23660
23664
27643
32101
23666
23667
23668
23683
23696
25869
35079
23703
23710
32373
23715
23716
23717
23718
23732
34300
23745
23746
23754
23756
23763
31990
23766
35620
33431
31710
23772
23778
23780
30594
23784
23791
23793
23794
26405
23795
23801
23803
26432
31425
23809
31836
26574
23813
23820
23837
27456
23848
30455
23863
23869
27650
23875
23883
23884
23885
27834
29026
32747
23891
23894
23896
23899
25439
24283
23904
25791
27603
36001
23924
28489
23925
30571
27961
23942
23948
24857
23950
23951
29964
23955
23957
28693
23968
23969
23970
23978
23983
34135
23989
23993
24005
30779
24015
24016
26009
24540
26389
24022
24032
34543
28919
34833
24047
24050
25780
33929
24052
24054
24056
24060
24064
24070
24072
32388
25161
28692
24098
24104
24110
24781
26853
24114
24120
24126
24128
24129
24134
24139
25073
34421
24146
24156
24159
24165
24167
24179
30290
33920
34273
24195
24196
31171
31709
24201
29698
24202
24211
24215
29459
24219
36092
24220
25564
25642
31489
24239
24247
24264
24272
24288
25231
24289
32766
24300
24304
24311
25295
24316
24793
24321
24325
24930
36613
24328
24330
27030
24332
26107
30720
24336
24339
24340
33443
24346
24351
24354
24357
24360
25905
24362
24365
24368
24380
24385
24386
24399
24402
24404
24410
24411
24412
24413
24414
24415
24422
24427
24431
26686
24436
24447
34931
31570
24713
24473
34177
35712
32042
30086
24475
24484
24499
24508
24509
29760
24514
24521
31004
24535
24536
24537
28664
24552
24555
24564
27897
24566
24568
24570
24571
30231
24731
24583
26814
31606
24588
24590
24591
30248
24595
24596
28003
24609
24611
24614
34845
33657
24618
24637
24653
24655
32359
24669
36095
25117
24677
32588
27128
24691
24692
24695
33697
33054
25691
26629
36388
24708
33952
24729
27452
27707
28988
24730
24737
24741
24742
24757
24761
24762
24765
24785
36590
24804
24808
25705
24827
24830
24831
31021
24832
24836
26614
24847
24850
34656
24855
25347
27057
24882
30023
24894
24895
24896
31797
24906
29025
24915
24919
31367
35865
33244
24924
35870
24928
24929
24931
25030
24935
24936
24940
24941
24946
24952
29866
36420
24955
24957
32446
24963
27943
29272
24972
24974
24975
29817
33942
25984
25233
34610
24994
26694
25004
25009
25010
33762
25013
25014
32074
25022
25025
25386
25029
31490
25033
31868
26496
33858
25044
26843
25046
34940
25048
25049
25052
25455
30461
30834
25063
25065
25068
25069
34673
26366
25070
33715
26075
29358
25101
27884
25106
25113
25116
25121
26200
25122
25123
28958
25136
35607
25141
34973
25149
25150
32466
25158
25345
25169
25171
31653
32173
33826
26623
31430
35630
25191
25193
25200
25215
25221
25238
25247
25249
25669
31059
31757
25257
25258
30221
27394
34436
25275
25277
25280
34804
35663
25281
25286
36331
34662
25287
26679
25305
25306
30640
25314
25316
25323
29231
25324
34003
25328
25332
25338
25341
25343
25355
27176
25364
36073
25370
36303
25375
34865
25376
25382
25388
25390
31451
25393
26625
30823
25404
25405
25408
31603
31792
25899
25423
25426
25436
25948
25441
25445
32503
25446
25452
29611
25459
25464
31998
27533
34479
26197
25469
25470
25472
25477
34900
25491
25498
25499
25787
25502
34627
33588
25516
25520
26817
35693
25529
25531
33979
25533
25536
25540
25543
25544
25548
25554
25566
25568
25571
34540
25575
25586
34221
30549
25590
28169
30048
25593
25604
25607
28577
25611
34358
30175
28523
25634
25645
25646
25649
25651
28360
25662
25666
25667
25671
25672
25673
25675
27432
25687
29180
25709
25721
25730
25737
30497
25749
32729
25755
30167
27290
25760
25761
25762
36158
25764
25778
25782
36638
25802
28191
25818
36490
25834
25842
31725
25844
25846
32864
33067
25865
25879
33230
28270
25883
25884
27126
25890
31887
25894
25903
25906
25911
25914
25915
25919
27807
26048
25924
25942
25943
25961
25966
26715
25971
25979
25980
25981
27782
26605
35841
32658
34858
26002
26005
26008
32714
26018
26023
30553
36179
26041
35117
29012
26053
26061
26064
26066
26067
26474
26071
28873
26660
29433
26109
26114
26117
27509
26386
26128
26136
28701
26137
26138
30003
28275
26161
27956
26174
26185
26194
26198
26339
26202
28163
26214
30277
33256
26226
26228
26232
26241
28526
26250
32531
29481
26253
26264
26266
26267
27271
28799
26278
26285
28254
27719
27973
30683
26306
26307
26921
26317
34085
26327
26330
26335
26336
26342
26343
26344
30804
27912
26353
31351
26367
26375
32079
26404
26414
26421
26436
26525
32575
27124
26448
32637
26458
27188
26469
26470
36581
31163
35360
26481
33286
28648
29512
26485
26487
26497
30559
30308
30692
26510
27838
31651
26626
26562
26567
27397
26573
26586
31866
26591
32995
26595
26596
26606
26609
26618
26633
31542
26654
31086
30364
26673
36511
32870
26678
26680
26682
33892
26685
26690
26691
26701
35949
36468
26705
26707
26709
26717
26725
26726
33181
27773
35907
26748
26754
26756
32453
26765
26774
26780
29233
26787
28016
26796
26797
28440
32735
26815
32275
26820
26826
28670
26829
26831
31652
26849
35366
30342
34496
26852
27704
26859
26862
35263
26867
26872
26873
30618
32191
26893
36235
26903
26906
30910
31991
26914
26915
26934
26935
26942
26954
26955
26958
26963
26971
26975
26985
26988
30321
26996
26997
33249
27005
27989
27012
34947
33816
27017
30585
29182
27021
27022
34566
35920
35005
27029
27033
27035
30218
27058
31390
27061
27062
27066
33905
33923
27075
28540
27076
27078
30496
29292
32560
27095
33147
34653
27226
27096
27099
27101
31828
27105
27247
28901
27118
27119
27122
27125
27134
27143
27146
31654
27150
27155
27156
27158
27164
27178
27179
27185
27198
35598
31759
27209
30341
27215
28028
36594
28332
27222
27343
27229
27232
27233
36542
27235
27240
27241
27242
27249
27250
30992
27261
27262
27265
28092
31993
27273
27274
34489
27287
30264
35574
27349
27299
34282
33951
27305
33983
27312
27322
27325
29800
27338
27340
27344
28218
27347
27353
27354
27355
27357
27372
27374
27390
28546
27396
27399
27400
27411
27423
35537
28251
33758
27429
27434
27455
27457
32448
27458
27460
27467
27481
27482
27493
27495
31790
27506
27516
27520
27521
28842
32344
27535
29818
30135
27548
27559
29199
29004
27582
31214
27927
27585
27587
27592
27593
27597
27638
33703
31229
27612
29008
27633
27639
27652
27655
31523
27665
27666
32053
27670
27677
27681
27685
27686
29858
29219
27692
35516
32454
28504
34828
29210
34129
27713
27714
27724
27743
32499
30479
27744
27748
27766
27769
27771
32890
27783
27802
27803
27805
27808
28758
27810
28417
27828
35426
27837
27839
27840
27848
33191
27869
29319
29140
27885
31679
27896
27898
27899
27900
32391
27903
32193
32254
31677
27928
27934
27935
27937
27938
27940
33356
27946
27948
28638
30531
33019
27960
27962
27964
33560
34337
27974
30740
28779
35204
27992
27994
34864
29495
28005
28018
33153
33645
28021
28037
28041
33953
28049
28052
28054
33576
28059
28062
29705
28068
28070
28072
28077
28102
34696
30561
33771
30731
28113
28118
28121
28131
32673
28133
30514
33476
28141
28143
28153
28160
28161
28166
28176
28178
28193
28201
33719
28208
28211
35365
32518
28244
29436
28247
32648
28259
28260
29046
28268
28269
28271
29031
34855
28289
28293
28294
30972
33890
28302
28304
30510
28320
35528
28323
28325
28466
28330
33579
28959
30055
30138
28343
28348
28358
28359
28364
28366
28372
28374
28375
28379
28380
28383
30498
28401
29943
28411
33831
28424
28434
28436
28439
28441
28762
28447
28449
28452
28457
28463
28464
28465
28491
30008
28496
35984
28514
28525
28527
29527
28529
34847
36113
28544
28558
30675
31935
28571
28573
28578
28582
29529
28591
28597
28599
28602
29345
28614
29580
36328
28632
28633
28639
28645
33898
28655
28663
36432
31276
28675
28676
31377
28685
28686
28688
28706
29132
34074
28710
28716
28725
28728
32123
28739
29994
28822
28748
28763
33763
34732
28768
28770
28775
34955
29578
28801
28803
28807
28828
28843
30684
28850
28857
28860
28864
28865
31784
28875
28876
34306
28886
35260
28892
28894
28909
33478
28911
33600
28926
33931
28946
31141
32623
32989
28965
28966
28974
29456
28980
28983
28984
34126
32682
34807
29005
29006
29009
29021
29030
29737
31502
29071
30919
35550
29798
34934
29110
29112
29119
29130
29131
29134
29135
29136
29149
29154
33580
29160
32873
30345
29174
34831
31755
31532
29188
29191
29194
29202
29211
31726
32145
31012
29213
29214
29216
29234
35111
29242
29262
34429
29266
29277
29283
29286
29306
29318
29320
29324
29328
29346
29360
29368
29377
29381
29382
29383
29401
29406
29410
34617
29484
29485
35722
29515
35327
31322
29530
31361
29532
29565
30903
29804
29566
29568
32718
30985
29588
30973
30021
29602
34968
29618
34605
33062
29633
29634
30153
29888
29641
29657
29644
33966
32702
29659
31419
29669
29670
29673
32082
29693
36434
29712
34089
29715
29722
30766
33860
30539
29748
29758
29770
29777
29793
29813
31822
29834
29846
29848
29870
29878
31153
36242
29884
29885
29889
29891
35514
29892
34202
29901
29909
29922
33361
29944
29962
35992
29967
29971
33730
31862
29980
32273
29995
30001
30005
34409
32590
30026
30029
30043
35058
30053
36515
34416
30703
30071
30074
31098
30085
30089
30091
30098
36195
30645
30125
30126
36161
30145
30158
31442
31156
30194
30195
34596
31381
30202
30491
30487
30220
30242
33186
33354
30254
34046
35420
36297
31662
35090
30285
30291
30297
33904
35154
30304
31417
30672
30331
35508
30339
32443
30361
33807
31278
30373
30392
35403
30397
30398
36529
30410
33541
30411
30419
30430
30434
30438
34555
30456
31219
30458
30460
30463
30474
30480
30628
33958
30483
30488
31496
30490
36426
30503
30612
34609
35120
30528
32692
30593
33586
30558
30560
30565
30577
33681
30589
30591
30595
30607
30608
30609
30611
30620
30622
30623
34689
36350
32083
30634
30635
30639
30687
36123
30642
30644
30649
33827
32251
30666
36311
34626
30685
30699
35592
30706
30712
33247
30719
30727
30738
31856
31789
33303
34400
35379
32405
33047
30773
33707
30777
30788
30789
30791
30793
30800
30811
30814
30824
30836
30841
35370
30860
30864
36571
30868
32326
33651
30906
30917
30943
33140
30946
32778
34338
35213
33889
30982
30987
30988
30989
30995
33664
31003
31007
31024
32408
31181
31850
31063
31067
31072
33387
31960
31084
31099
31101
32303
32937
31116
31129
35786
33459
31815
31158
31161
31162
33058
31165
35290
31286
31498
31724
34595
31230
31231
35411
31758
31243
31246
31266
31281
31283
31285
31287
31293
31302
31304
35104
31315
35139
31317
36306
32781
31335
34028
31344
32407
31348
35235
36274
31384
31691
31692
31394
31415
32403
31420
31424
36467
31429
31435
31440
31448
31453
31456
31459
31462
31464
31497
31506
36451
33653
34023
31510
31518
34432
31540
31549
31550
31553
31554
31561
32469
31568
31571
32626
31597
31944
31601
31612
31619
31620
31624
31628
32686
31636
31641
31644
31659
31663
31701
31719
31721
31727
31729
31734
31768
31775
35076
31799
31801
36191
31808
33302
31871
31841
31851
31852
35073
31872
31876
32584
31885
33263
31889
31891
31893
31903
31909
31908
31913
31926
31937
31946
31947
35935
35021
31972
34877
31995
31996
33806
32000
32002
32005
32780
32006
34538
34001
32032
32048
33861
32057
32058
32064
34121
32067
32077
32081
32088
32098
32629
32113
32143
32144
32157
32165
36351
35855
35834
32192
32194
33029
33421
35716
35092
35283
32231
36081
33887
34262
34199
32252
32274
32279
32286
32290
32306
32308
32309
32313
34008
32323
32329
32339
32346
32347
36492
32360
32361
32366
32369
32370
33479
32486
34613
32634
32414
32436
34723
33310
32470
32471
32476
32477
32482
32483
32488
32494
32508
32792
32521
32522
32879
32528
35435
36078
32539
33194
35384
32983
33385
33440
32571
32930
32593
32595
34459
33764
33647
32610
36312
32656
32684
32685
32690
32712
32731
32746
35060
32773
32774
32779
32782
35585
32804
32837
34681
34761
32857
32861
32882
32887
36375
32892
32934
35659
32940
32943
32949
34728
33490
32962
32963
34397
33001
33012
33014
33024
33037
33720
33059
33063
33070
33077
33099
36465
33106
36089
35725
33112
33113
35276
33158
33189
33201
33202
33208
33212
34823
35008
33214
33223
33343
35397
34519
33246
33250
33255
33257
33264
35681
33278
33290
35512
35064
33319
33344
33353
33377
36419
33402
33403
33404
33427
33436
33562
36447
36133
33455
33469
33473
33474
33475
34093
33497
33517
35915
33632
33523
33528
34095
33540
35568
33914
33559
33563
33566
33568
33572
33575
33595
34320
33609
33624
33625
36548
36574
33631
33642
33644
33650
33663
33692
34784
36354
33711
33727
33833
33743
36363
34180
34603
33770
34894
33772
33784
33941
33789
33800
34405
33805
33812
33815
33819
33840
33856
33888
34441
34449
36550
35954
36265
33990
34000
34013
34035
34870
34054
34055
34084
34524
34090
35054
35597
34276
34951
34127
34128
35193
34141
34150
34982
34152
34158
34161
34162
34169
36459
34172
34173
34179
35463
34196
35361
34203
34207
34222
35342
34239
34244
34246
34251
36295
35506
34267
34270
34277
34945
34284
34287
34289
36132
35974
34310
34313
36075
34353
34366
34371
34375
35781
34379
34381
36339
34389
34396
35012
34423
34433
35969
34944
34488
34520
34541
36307
36296
34549
34805
34569
34577
34579
34581
34614
34981
36231
34629
34631
35777
35184
34641
35224
34647
36011
34678
36205
36429
34722
34731
34749
35866
34765
34771
35009
34818
34820
34856
35604
34950
34974
34975
36573
34985
34990
34995
34996
35014
35068
35063
35634
35127
35128
35140
35161
35997
35169
36622
35231
35192
35205
35232
35239
35246
35253
36074
35258
35688
35309
35311
35326
35853
35328
35334
35335
35896
35369
35372
35565
35387
35409
35414
35419
35438
35441
35445
35454
35470
36325
36614
35503
35988
35527
35533
35549
35559
35575
35605
36207
36013
35624
36395
35635
36605
35672
35673
35677
35690
35709
36213
35739
35752
35753
35755
35773
36037
35782
36291
35791
35793
35817
35826
35833
35902
35921
35943
35967
36381
35971
36144
35999
36045
36062
36226
36093
36096
36103
36316
36128
36135
36150
36168
36172
36219
36315
36268
36452
36321
36322
36340
36364
36382
36397
36399
36424
36567
36470
36495
36502
36555
36562
36575
36583
36586
36592
36619
