36638
36622
36614
36613
36605
36592
36586
36582
36580
36575
36574
36573
36562
36555
36550
36548
36542
36529
36518
36511
36495
36492
36491
36490
36485
36484
36470
36468
36460
36452
36447
36433
36429
36426
36420
36415
36411
36397
36395
36394
36390
36381
36375
36372
36366
36363
36351
36350
36339
36330
36329
36328
36325
36321
36315
36312
36311
36309
36304
36303
36290
36289
36265
36242
36239
36235
36231
36229
36228
36213
36207
36201
36195
36192
36191
36161
36157
36135
36129
36128
36113
36112
36099
36096
36095
36093
36092
36090
36089
36074
36062
36061
36056
36052
36045
36024
36020
36011
36001
35999
35988
35987
35983
35974
35971
35969
35968
35957
35954
35948
35943
35941
35935
35929
35921
35920
35915
35913
35896
35874
35865
35863
35855
35853
35823
35815
35807
35793
35786
35779
35773
35755
35753
35739
35732
35722
35721
35712
35694
35693
35663
35659
35648
35637
35635
35634
35624
35620
35617
35607
35604
35598
35597
35592
35585
35582
35574
35569
35559
35550
35546
35537
35512
35508
35502
35492
35470
35461
35454
35449
35445
35441
35438
35436
35435
35427
35419
35411
35389
35388
35387
35384
35372
35371
35369
35368
35347
35343
35342
35341
35335
35326
35309
35293
35283
35280
35276
35258
35254
35253
35247
35246
35239
35231
35224
35205
35203
35192
35184
35161
35139
35128
35127
35122
35120
35119
35117
35111
35094
35079
35064
35060
35058
35054
35046
35034
35033
35023
34995
34992
34982
34981
34955
34940
34931
34928
34900
34894
34878
34864
34861
34855
34850
34847
34845
34842
34828
34822
34814
34799
34796
34784
34771
34769
34753
34748
34745
34728
34725
34724
34723
34722
34714
34696
34689
34678
34655
34641
34640
34633
34632
34631
34627
34623
34620
34608
34591
34569
34555
34549
34546
34543
34540
34538
34524
34520
34518
34501
34492
34479
34449
34436
34433
34429
34421
34418
34397
34380
34371
34370
34349
34347
34339
34338
34322
34314
34306
34300
34297
34295
34289
34282
34276
34275
34270
34269
34262
34260
34259
34256
34244
34239
34228
34207
34203
34202
34201
34196
34180
34177
34169
34161
34158
34155
34150
34140
34138
34126
34121
34105
34085
34069
34055
34054
34049
34046
34042
34036
34032
34030
34012
34008
34000
33991
33969
33966
33958
33954
33953
33952
33948
33945
33942
33929
33926
33924
33923
33920
33914
33911
33905
33898
33890
33887
33872
33871
33857
33840
33836
33833
33831
33825
33818
33816
33812
33773
33772
33771
33764
33763
33758
33752
33743
33730
33719
33707
33703
33664
33657
33648
33645
33625
33614
33602
33592
33586
33580
33579
33576
33575
33572
33563
33561
33560
33559
33534
33531
33530
33526
33523
33517
33516
33513
33502
33494
33479
33478
33476
33474
33471
33451
33449
33444
33443
33440
33436
33433
33421
33404
33403
33377
33360
33357
33354
33353
33351
33343
33327
33319
33307
33306
33302
33294
33290
33278
33273
33263
33255
33254
33250
33249
33247
33246
33244
33214
33200
33195
33194
33191
33189
33170
33163
33153
33148
33140
33100
33077
33071
33067
33064
33056
33054
33053
33047
33024
33021
33016
33014
32997
32988
32982
32969
32963
32960
32957
32943
32938
32937
32934
32892
32890
32887
32882
32873
32870
32869
32864
32861
32857
32841
32831
32815
32804
32793
32792
32780
32779
32778
32773
32749
32747
32746
32729
32716
32712
32708
32701
32693
32692
32690
32685
32673
32656
32637
32634
32626
32623
32606
32596
32595
32593
32590
32584
32566
32550
32541
32531
32528
32526
32496
32493
32490
32477
32476
32471
32469
32466
32454
32453
32443
32408
32407
32391
32388
32377
32374
32373
32370
32362
32334
32326
32303
32299
32275
32274
32273
32270
32264
32255
32252
32251
32249
32232
32231
32203
32194
32193
32192
32190
32185
32179
32176
32174
32173
32170
32169
32165
32154
32151
32145
32144
32119
32113
32098
32083
32082
32069
32067
32058
32057
32053
32052
32042
32009
32008
32005
31996
31993
31992
31958
31946
31909
31903
31889
31887
31885
31876
31872
31867
31866
31864
31862
31861
31860
31851
31850
31848
31846
31841
31838
31818
31815
31792
31789
31787
31775
31767
31766
31759
31734
31727
31710
31709
31692
31691
31677
31665
31663
31662
31651
31644
31642
31640
31639
31624
31623
31619
31608
31606
31603
31601
31583
31579
31575
31571
31561
31554
31542
31535
31532
31529
31523
31506
31502
31496
31485
31461
31458
31453
31451
31429
31424
31423
31419
31417
31390
31388
31385
31381
31379
31377
31373
31361
31351
31340
31330
31328
31327
31322
31317
31292
31285
31284
31282
31281
31280
31279
31278
31276
31274
31266
31265
31254
31253
31250
31246
31245
31233
31229
31220
31216
31214
31196
31174
31171
31165
31161
31149
31103
31098
31084
31072
31067
31064
31058
31034
31031
31027
31012
31007
30993
30992
30986
30985
30965
30946
30939
30917
30913
30910
30906
30875
30861
30860
30844
30843
30818
30816
30814
30798
30792
30779
30777
30773
30766
30745
30734
30720
30712
30708
30704
30703
30695
30693
30675
30650
30645
30644
30643
30642
30639
30611
30609
30599
30590
30582
30571
30568
30567
30565
30564
30561
30558
30554
30553
30549
30539
30529
30528
30510
30504
30490
30483
30479
30475
30474
30466
30462
30461
30456
30455
30439
30419
30410
30406
30398
30395
30394
30392
30373
30371
30370
30354
30340
30331
30308
30307
30297
30292
30291
30277
30272
30264
30258
30241
30221
30220
30218
30193
30188
30185
30175
30132
30120
30098
30089
30086
30073
30069
30059
30054
30049
30019
30008
29995
29989
29971
29969
29967
29964
29939
29938
29923
29909
29901
29889
29888
29884
29880
29863
29857
29852
29848
29845
29841
29809
29808
29777
29758
29745
29737
29722
29715
29701
29672
29670
29669
29661
29651
29648
29638
29618
29610
29605
29602
29579
29548
29530
29529
29527
29513
29512
29510
29489
29485
29480
29479
29456
29452
29441
29433
29430
29429
29397
29394
29386
29380
29378
29345
29344
29343
29342
29334
29317
29316
29292
29291
29277
29260
29242
29220
29217
29211
29210
29199
29197
29191
29180
29167
29166
29160
29148
29140
29122
29111
29076
29033
29031
29030
29025
29016
29008
29006
28988
28983
28974
28967
28955
28953
28920
28910
28909
28900
28891
28886
28883
28880
28879
28865
28864
28851
28848
28843
28840
28803
28801
28800
28799
28796
28779
28762
28761
28758
28756
28748
28739
28737
28729
28725
28716
28710
28692
28687
28676
28648
28644
28639
28632
28618
28585
28578
28577
28571
28562
28550
28529
28523
28518
28503
28496
28494
28491
28489
28484
28481
28480
28464
28448
28440
28439
28436
28433
28418
28411
28400
28382
28379
28375
28364
28360
28343
28341
28335
28323
28294
28276
28271
28269
28268
28260
28255
28254
28250
28247
28221
28218
28191
28165
28164
28161
28153
28127
28122
28118
28113
28103
28095
28093
28092
28088
28077
28075
28072
28062
28057
28048
28040
28036
28023
28021
28016
27994
27987
27986
27978
27969
27962
27961
27956
27950
27948
27947
27929
27928
27914
27909
27897
27893
27866
27848
27839
27826
27808
27802
27782
27773
27772
27767
27753
27748
27744
27729
27719
27709
27705
27697
27688
27685
27678
27675
27665
27655
27650
27640
27639
27627
27593
27585
27563
27562
27559
27549
27546
27544
27533
27521
27516
27509
27462
27456
27455
27423
27417
27409
27407
27404
27397
27385
27372
27354
27353
27349
27334
27325
27308
27291
27287
27273
27271
27265
27262
27261
27260
27250
27242
27241
27239
27209
27200
27198
27188
27179
27176
27173
27168
27163
27156
27146
27143
27139
27134
27128
27126
27125
27103
27098
27095
27078
27075
27066
27062
27058
27056
27028
27027
27023
26997
26976
26973
26968
26954
26933
26929
26921
26915
26908
26903
26893
26883
26874
26839
26829
26817
26815
26812
26792
26774
26765
26763
26756
26744
26740
26739
26730
26726
26725
26717
26715
26713
26701
26694
26685
26665
26660
26634
26633
26626
26625
26618
26614
26606
26605
26601
26585
26574
26563
26557
26531
26508
26499
26474
26469
26448
26447
26417
26414
26413
26407
26405
26386
26382
26378
26376
26360
26358
26355
26337
26328
26307
26282
26278
26267
26264
26247
26221
26197
26194
26190
26183
26181
26180
26158
26147
26146
26145
26136
26128
26123
26122
26117
26106
26105
26097
26094
26089
26075
26049
26046
26041
26031
26023
26021
26019
25984
25981
25980
25968
25966
25952
25938
25928
25924
25920
25912
25903
25885
25884
25880
25872
25869
25863
25844
25818
25817
25813
25794
25785
25782
25764
25762
25737
25730
25727
25721
25705
25704
25700
25693
25691
25689
25687
25676
25675
25672
25669
25667
25666
25657
25654
25651
25649
25645
25642
25632
25620
25603
25589
25586
25576
25572
25571
25569
25568
25566
25564
25562
25559
25550
25548
25536
25533
25522
25519
25500
25499
25498
25496
25490
25469
25461
25459
25452
25448
25446
25439
25436
25435
25432
25423
25406
25405
25395
25393
25388
25364
25363
25355
25353
25347
25343
25328
25325
25318
25309
25306
25295
25286
25285
25282
25281
25275
25274
25255
25252
25249
25238
25235
25231
25227
25225
25218
25217
25208
25203
25200
25183
25181
25177
25176
25161
25150
25146
25144
25139
25123
25122
25119
25117
25116
25114
25109
25108
25106
25100
25096
25092
25085
25083
25082
25081
25073
25070
25063
25062
25057
25054
25044
25042
25038
25030
25025
25020
25019
25013
25010
25009
25004
25000
24999
24997
24996
24994
24978
24975
24974
24970
24969
24968
24963
24957
24955
24949
24946
24941
24940
24937
24931
24929
24928
24923
24922
24919
24915
24910
24902
24896
24895
24888
24884
24883
24865
24857
24855
24850
24840
24836
24832
24831
24830
24818
24803
24798
24796
24794
24789
24783
24779
24768
24762
24761
24755
24754
24743
24741
24734
24733
24731
24730
24713
24709
24708
24694
24691
24681
24672
24653
24637
24636
24634
24633
24632
24614
24610
24603
24596
24590
24585
24583
24571
24570
24568
24566
24563
24557
24552
24538
24536
24508
24501
24498
24488
24485
24475
24461
24447
24427
24415
24413
24405
24402
24392
24369
24368
24365
24361
24357
24350
24349
24344
24341
24340
24338
24336
24332
24330
24327
24316
24312
24311
24304
24300
24297
24292
24289
24284
24283
24273
24272
24250
24245
24239
24238
24233
24229
24224
24215
24213
24212
24202
24201
24200
24195
24180
24174
24171
24167
24165
24164
24159
24143
24130
24128
24120
24098
24097
24095
24086
24081
24080
24073
24072
24070
24069
24064
24058
24056
24055
24052
24045
24032
24017
24007
24006
24004
23993
23985
23983
23970
23957
23956
23955
23954
23953
23942
23941
23930
23913
23907
23904
23899
23884
23883
23874
23869
23864
23859
23821
23809
23806
23802
23795
23793
23791
23790
23788
23786
23784
23783
23778
23775
23759
23754
23751
23747
23746
23745
23744
23732
23724
36567
23714
36563
23710
36557
23704
23703
23696
23683
36528
23675
23668
23666
23664
23657
23653
36478
23625
23622
23619
23608
36459
23606
36456
23603
23587
36434
23581
36424
23571
36419
23566
23565
23564
23545
23532
23530
23527
23523
23508
36354
23501
23500
23488
23473
23465
36316
23463
23452
23448
23440
23422
23418
23416
23399
23394
23387
36222
23369
23367
36219
23366
36216
23363
23359
23358
23353
36203
23350
23337
23321
23317
23316
36167
23314
23312
36158
23305
36148
23295
23292
23287
23284
23281
36133
23280
23277
23263
23254
23252
36104
23251
36103
23250
23232
23230
36081
23228
23226
23219
23216
23207
23206
23205
23202
23197
23193
36037
23184
23183
23182
36033
23180
23179
23174
23170
23168
36018
23165
23162
23161
23156
23155
23153
23152
36000
23147
23145
23129
23122
35970
23117
23113
23109
23098
35946
23093
23087
23084
23080
23079
23078
23073
23065
23063
23057
35902
23049
23035
23029
23028
23005
23004
23003
22994
22991
22989
35826
22973
35816
22963
22957
35804
22951
22949
22948
22947
22944
22939
35782
22929
35781
22928
35777
22924
22918
22915
22905
35756
22903
35752
22899
22895
22893
22887
22885
22883
22877
35725
22872
35724
22871
22867
22866
22864
35709
22856
22854
22853
22851
22845
22839
35690
22837
22836
35685
22832
22830
35682
22829
35681
22828
22823
22817
22813
22808
22804
22800
22799
22798
22790
22789
22787
22780
22774
22765
22753
35605
22752
35600
22747
22724
35568
22715
22708
22704
22692
22688
22681
22665
35517
22664
35514
22661
35473
22620
35466
22613
22605
22604
22599
22597
22593
22580
22563
35414
22561
22553
22532
35379
22526
22523
22514
35366
22513
35365
22512
35361
22508
22506
22502
22501
22499
22498
22485
22480
35328
22475
22468
22460
35311
22458
22448
22446
22442
22434
22429
22422
35274
22421
22392
22381
35232
22379
35230
22377
22376
35227
22374
22367
22364
35216
22363
35215
22362
22361
35208
22355
35204
22351
35193
22340
22338
22328
22314
22312
22311
22309
22284
22283
22280
22279
22278
22265
35110
22257
22256
22247
22245
22242
35092
22239
35090
22237
22235
22234
22233
35083
22230
35076
22223
35073
22220
22218
22217
22212
22199
22189
22187
22177
22176
22171
22169
35021
22168
35017
22164
35014
22161
35008
22155
22150
22149
22146
34987
22134
22130
22125
22123
22103
22101
34952
22099
34951
22098
22095
34944
22091
22085
22082
22069
22052
22049
22045
22036
22034
34881
22028
34865
22012
22010
22007
22006
34854
22001
21983
21977
21972
34823
21970
34818
21965
21958
21955
34807
21954
21950
21949
21933
21914
21913
21904
21899
21898
21897
21890
21889
21886
34735
21882
34732
21879
34731
21878
34727
21874
21866
21862
21860
21830
34681
21828
21827
34674
21821
34673
21820
21814
34662
21809
21805
34653
21800
21795
21793
21785
21784
21781
34629
21776
21765
34617
21764
34609
21756
34605
21752
21747
34596
21743
34595
21742
21736
34579
21726
21725
34577
21724
21723
21718
34566
21713
21711
21709
34558
21705
34544
21691
21689
34537
21684
21681
21677
21673
21661
21660
21658
21650
21640
34489
21636
34488
21635
34484
21631
21628
21627
21624
34476
21623
34475
21622
21619
21611
21599
21595
21593
34445
21592
21589
34437
21584
21578
21572
21571
34423
21570
21554
34405
21552
34396
21543
34391
21538
34386
21533
21519
21514
34366
21513
21512
21511
21507
34353
21500
21498
21479
21476
34320
21467
21465
34317
21464
21463
34310
21457
21454
34305
21452
21451
21449
21448
21446
34287
21434
21432
34284
21431
21430
34277
21424
21413
21410
34251
21398
21385
21371
21370
21369
21366
21361
21360
34212
21359
21341
21338
21337
21329
34179
21326
34172
21319
21310
34159
21306
21294
21283
21264
21262
21260
21258
21250
21249
21245
21244
34096
21243
34095
21242
21231
21228
21190
21187
21176
34023
21170
21160
21144
21142
21135
21134
21129
21125
21123
21119
21111
21104
21097
21094
21091
33941
21088
33931
21078
21072
21068
21059
21044
33893
21040
21027
33879
21026
21010
21006
33858
21005
33856
21003
20993
20992
20988
33827
20974
33823
20970
20967
33819
20966
20958
20957
20956
33806
20953
20950
33784
20931
33780
20927
20925
20922
20921
33762
20909
20896
20895
20889
20882
20880
20863
33704
20851
20849
20847
33696
20843
20833
33681
20828
20817
20805
33651
20798
20797
20796
33647
20794
33642
20789
20783
20774
20773
20769
20760
33609
20756
20748
20746
33595
20742
20738
20730
33577
20724
33566
20713
20693
33541
20688
33529
20676
33528
20675
20671
20661
20653
20648
33496
20643
20642
33490
20637
20627
33473
20620
33462
20609
20603
20594
20586
20582
20579
33431
20578
20577
20575
33420
20567
20548
20547
20543
33387
20534
20533
20528
20525
20496
20494
20475
20472
20471
20470
20468
20458
33310
20457
33303
20450
33289
20436
20432
20428
33280
20427
20422
20418
20417
20414
20412
20407
33256
20403
20385
20382
20375
20373
20366
33212
20359
33210
20357
20356
33208
20355
20352
20329
33181
20328
20326
20323
20318
20311
20301
33147
20294
20289
20277
20276
20275
20271
20258
33099
20246
20240
33086
20233
20215
33063
20210
20206
33058
20205
33057
20204
20189
33038
20185
20182
20180
20179
20178
20177
20175
33027
20174
20173
20167
33019
20166
20154
20153
20149
33000
20147
20146
20134
32986
20133
20126
32977
20124
20119
32962
20109
20100
20097
20088
20082
20075
32924
20071
20060
20057
20053
20052
20051
20044
20036
20035
32868
20015
20014
20005
20003
32851
19998
19970
19965
32813
19960
19930
32781
19928
19922
19910
32761
19908
19906
19892
19890
19884
19874
19873
19860
19857
19853
32702
19849
19846
19844
19843
19838
32684
19831
32682
19829
19826
19825
32668
19815
19814
19801
19799
19798
19796
32648
19795
19789
32631
19778
19764
19762
32608
19755
19754
19751
19730
19729
19728
19702
19693
19691
19690
19689
32539
19686
19683
19679
19676
19668
19666
19663
19661
19655
19645
19644
19636
32488
19635
32483
19630
32482
19629
19628
19627
19626
19621
19614
19607
19602
32448
19595
32442
19589
32439
19586
19585
19584
19583
19579
19575
19565
19560
32403
19550
19513
32360
19507
32359
19506
19505
19497
32346
19493
32336
19483
19482
19469
19462
19459
19458
32306
19453
19451
32302
19449
19448
19445
19438
19436
32282
19429
19427
32269
19416
19415
19409
32261
19408
19404
19400
19394
19393
19388
19386
19381
19375
19369
19368
19363
19361
19356
19346
19345
19343
32187
19334
19333
19331
19330
32139
19286
19285
32133
19280
19278
19272
19265
19240
19236
32087
19234
19233
32084
19231
19225
19222
19220
19219
19207
19198
32048
19195
32044
19191
19182
19179
19177
32017
19164
19159
31998
19145
31991
19138
31990
19137
31989
19136
19129
19128
19124
19120
19118
19114
31960
19107
19103
31954
19101
19100
19086
19085
19067
19066
19057
31907
19054
19045
31891
19038
19027
31871
19018
19017
19004
31856
19003
31836
18983
18978
31799
18946
18938
31768
18915
18911
6056
18909
31755
18902
18895
31730
18877
31722
18869
31721
18868
18849
31697
18844
18836
18833
18828
18819
31652
5946
18799
18778
18777
31628
5922
18775
31604
18751
18749
31597
5891
18744
18734
18729
18716
18711
18710
31550
18697
18690
18688
31540
5834
18687
18683
5820
18673
31521
18668
31510
5804
18657
31482
5776
18629
18628
18623
18610
31459
18606
31448
18595
18594
18593
31441
5735
18588
5734
18587
18584
5727
18580
31426
18573
18560
18557
18553
5696
18549
18517
31367
18514
18506
5646
18499
18497
31344
5638
18491
18467
5602
18455
31306
5600
18453
18452
31303
5597
18450
5595
18448
18434
31286
5580
18433
31261
18408
18405
18404
18388
18385
18384
31231
18378
31219
18366
18362
18355
5499
18352
18329
31181
18328
18326
18323
18322
5466
18319
18314
18290
18281
18279
18274
18269
18265
18254
18253
31082
5376
18229
5374
18227
5350
18203
18199
18196
18191
18188
18175
5320
18173
18170
31021
5315
18168
31004
18151
30995
18142
30987
18134
5278
18131
18128
18115
5257
18110
18084
5229
18082
30919
18066
5210
18063
18056
5195
18048
18042
18030
18025
17998
17993
30836
17983
17982
30828
5122
17975
5119
17972
30811
17958
5099
17952
30804
5098
17951
30800
17947
5081
17934
17930
5076
17929
5063
17916
5058
17911
17906
5032
17885
17871
17870
30721
17868
5008
17861
17854
30700
17847
4991
17844
30692
4986
17839
4985
17838
30687
4981
17834
4964
17817
17807
30649
17796
4942
17795
30634
4928
17781
30628
17775
17773
30622
4916
17769
17767
30618
17765
4910
17763
17761
30579
4873
17726
4869
17722
30560
17707
17698
17677
17665
4809
17662
30514
4808
17661
17656
4801
17654
30491
17638
4783
17636
4767
17620
4743
17596
4742
17595
17587
17579
30430
17577
30423
17570
17563
30396
17543
4684
17537
4671
17524
30368
17515
17510
30344
4638
17491
30342
17489
30285
17432
17415
30246
17393
30242
17389
17383
4529
17382
17374
4517
17370
4516
17369
17364
30216
17363
4501
17354
30201
4495
17348
17329
17308
17297
30147
17294
17276
30125
4419
17272
4402
17255
4398
17251
17243
30085
17232
17231
4360
17213
4346
17199
4341
17194
30043
4337
17190
17177
17175
4312
17165
17162
17158
30003
17150
17144
17134
4280
17133
17127
17124
17119
29960
17107
29941
17088
29929
4223
17076
17075
4207
17060
4192
17045
17026
17020
29858
4152
17005
17001
16998
16993
29834
4128
16981
16952
29804
16951
16935
16927
29775
4069
16922
4064
16917
16902
16875
29717
16864
29713
4007
16860
29705
3999
16852
16844
29690
3984
16837
16818
16814
29659
16806
29657
16804
16796
29627
3921
16774
3908
16761
29611
16758
3877
16730
3863
16716
29566
16713
16709
16708
16689
3835
16688
3831
16684
29519
3813
16666
3808
16661
16649
3785
16638
29481
16628
16625
16617
3752
16605
16600
3744
16597
3736
16589
3718
16571
16555
16550
3694
16547
16531
3673
16526
16516
3651
16504
16503
16487
29338
16485
16479
29329
16476
29328
3622
16475
16471
16452
29297
3591
16444
16435
16428
29276
16423
16415
16414
29264
16411
16381
16379
29231
16378
16369
3515
16368
29213
3507
16360
16353
29201
16348
16342
16339
16336
3470
16323
29174
16321
3456
16309
3455
16308
3440
16293
16291
29136
16283
16268
29110
16257
16241
3383
16236
3376
16229
29079
16226
29046
3340
16193
16192
3337
16190
16185
16176
16150
16147
16134
16129
3271
16124
16123
3255
16108
16103
3239
16092
16061
28899
16046
16036
16029
28875
3169
16022
16016
28842
3136
15989
15983
15953
3091
15944
15931
15930
3071
15924
3070
15923
28770
3064
15917
15911
28747
3041
15894
3039
15892
3036
15889
15880
15865
28714
3008
15861
28709
15856
2999
15852
15851
15846
15830
15812
28664
15811
2954
15807
28655
15802
2946
15799
15793
15789
2924
15777
28621
2915
15768
28614
2908
15761
2899
15752
28598
15745
15739
2883
15736
15735
2880
15733
15728
2868
15721
15714
2854
15707
28558
15705
15698
15685
28532
2826
15679
28527
2821
15674
28519
15666
15659
15658
28504
2798
15651
15630
2770
15623
2769
15622
2767
15620
28466
15613
15606
15605
28457
15604
2749
15602
28451
15598
15576
2722
15575
28422
15569
15545
2687
15540
15532
2627
15480
15474
2618
15471
2612
15465
15463
28305
2599
15452
28304
2598
15451
15438
28285
15432
28283
2577
15430
15425
2571
15424
15412
28238
2532
15385
15382
2527
15380
28232
15379
15367
15364
2510
15363
28208
2502
15355
2500
15353
28202
15349
2484
15337
2483
15336
28176
2470
15323
28158
2452
15305
15304
15293
15288
28140
15287
2430
15283
15277
2411
15264
15261
15259
28111
2405
15258
2404
15257
28102
15249
2391
15244
2376
15229
28080
2374
15227
15226
28061
15208
15205
28028
2322
15175
28004
2298
15151
2293
15146
2276
15129
2269
15122
15084
27934
2228
15081
15072
15060
27912
2206
15059
15058
15055
27906
2200
15053
15046
27898
15045
27885
2179
15032
2177
15030
15029
2165
15018
27869
15016
15011
15008
15005
14999
27851
14998
14992
27844
14991
27838
14985
27837
14984
27834
14981
2126
14979
2125
14978
2122
14975
2121
14974
2119
14972
2116
14969
27803
2097
14950
27794
14941
2087
14940
14937
27779
14926
2071
14924
27776
14923
27764
14911
2057
14910
14873
2017
14870
14869
2012
14865
27717
2011
14864
2002
14855
27704
1998
14851
1993
14846
27698
1992
14845
1977
14830
14827
27679
14826
27677
1971
14824
1961
14814
27635
1929
14782
14763
1902
14755
1888
14741
1885
14738
27586
14733
1871
14724
1867
14720
27548
14695
14684
27535
14682
14670
1812
14665
14653
1785
14638
14612
14587
27432
1726
14579
14572
1680
14533
14524
1660
14513
14493
27343
14490
27338
14485
1631
14484
1624
14477
14467
14456
14422
27249
14396
27238
14385
14379
27228
1522
14375
1507
14360
1493
14346
1471
14324
27161
1455
14308
1453
14306
27158
14305
27157
14304
14287
27129
14276
27122
1416
14269
1414
14267
14264
27099
14246
14238
14227
14211
14202
14201
14196
1341
14194
1339
14192
1337
14190
1310
14163
27012
1306
14159
14155
26999
1293
14146
26996
1290
14143
26974
14121
26971
14118
26965
1259
14112
14111
26940
14087
14082
14077
14067
1208
14061
14058
1204
14057
14056
26907
14054
1200
14053
1196
14049
1183
14036
1173
14026
14022
26871
14018
13991
13980
13975
13974
26823
13970
26813
13960
13942
26772
1066
13919
13899
1045
13898
13896
1032
13885
13882
13858
26709
1003
13856
26690
13837
13835
26684
13831
26673
967
13820
26666
13813
943
13796
941
13794
925
13778
13758
894
13747
889
13742
26593
13740
884
13737
13730
26567
861
13714
13696
13686
830
13683
824
13677
13674
26526
13673
13671
814
13667
805
13658
26494
13641
13640
13610
13584
26435
13582
723
13576
26411
13558
13550
13546
692
13545
13543
26389
13536
26366
13513
13494
26344
13491
13490
26336
13483
26335
629
13482
626
13479
625
13478
13474
13465
611
13464
599
13452
587
13440
581
13434
26285
579
13432
13418
13358
13357
26200
13347
26170
13317
13315
461
13314
459
13312
26138
13285
13281
26118
13265
13263
13257
13249
26091
13238
13234
13227
26066
360
13213
26061
13208
26039
13186
327
13180
13176
13153
13142
25977
271
13124
13102
13098
230
13083
25906
200
13053
13048
25890
184
13037
13007
25859
13006
25846
12993
131
12984
115
12968
108
12961
12956
12949
12947
89
12942
25791
12938
12936
63
12916
12910
25761
12908
12900
12891
12889
12882
25729
12876
12873
12869
12866
12865
12863
4
12857
12839
12837
12831
12817
25646
12793
12791
12784
25634
12781
12776
12775
25625
12772
12766
12761
12741
12740
25590
12737
12732
12731
12724
12708
25560
12707
12705
12704
12703
12696
12694
12692
25543
12690
12684
12682
25531
12678
12673
12671
12668
25520
12667
12658
12657
12648
25487
12634
12633
12625
25475
12622
12621
12612
12605
25455
12602
12596
25445
12592
12591
12581
12559
18976
25408
12555
25404
12551
12549
6114
18967
12546
12545
12544
18954
25386
12533
12530
12528
6090
18943
25375
12522
12504
12496
12493
12486
31756
6050
18903
12482
6047
18900
25332
12479
6046
18899
12478
12463
31726
18873
25305
12452
31724
6018
18871
12450
25302
12449
12446
12445
12436
18855
12434
25280
12427
12426
25278
12425
18845
12424
5988
18841
12420
12418
12417
12413
5978
18831
12410
12403
12393
18813
12392
12390
12388
25240
12387
5954
18807
25239
12386
31654
18801
25233
12380
12366
12361
12353
12351
12348
12345
18760
25192
12339
12334
12332
25174
12321
12319
5884
18737
12316
5866
18719
25151
12298
12284
18704
25136
12283
12278
12273
12272
12257
18661
12240
31512
5806
18659
12238
12221
31489
18636
25068
12215
5771
18624
12203
25048
12195
5761
18614
25046
12193
25043
12190
12188
12186
31452
18599
12178
12165
5732
18585
12164
5726
18579
12158
5710
18563
24995
12142
18561
12140
5697
18550
12129
12126
12113
24958
12105
12100
12097
12095
18513
12092
24930
12077
24917
12064
12061
24906
12053
24894
12041
5596
18449
24881
12028
12009
24859
12006
12003
11998
11996
11995
24847
11994
11992
5553
18406
11985
11980
11976
11975
24825
11972
11971
18389
24821
11968
31235
18382
11961
11959
31232
18379
11958
31230
18377
11956
24808
11955
11954
11952
18372
11951
31221
5515
18368
11947
11944
24793
11940
24788
11935
24780
11927
18344
24776
11923
11917
24765
11912
24757
11904
11900
11897
11896
11894
11884
31156
18303
11882
18297
24729
11876
11870
31141
18288
11867
18286
24718
11865
18285
11864
11847
11842
18261
24693
11840
18252
11831
11830
11829
24677
11824
18241
11820
24669
11816
11811
31078
5372
18225
11804
11803
24655
11802
11801
5367
18220
24652
11799
11796
11790
18210
11789
24618
11765
11764
11763
18177
11756
24597
11744
18163
11742
11738
11733
11731
11728
11727
11724
11722
24573
11720
11719
11711
11703
24555
11702
11692
24544
11691
11690
5254
18107
24539
11686
11684
11680
24530
11677
5239
18092
11671
11664
24505
11652
30921
18068
11647
5208
18061
11640
11638
11637
24489
11636
18055
24487
11634
24483
11630
30902
18049
11628
11625
11624
11623
18041
11620
24472
11619
5185
18038
24470
11617
24468
11615
24463
11610
11607
11598
11597
11593
11591
24434
11581
24431
11578
5143
17996
11575
24426
11573
11570
5127
17980
11559
5126
17979
24411
11558
5125
17978
24410
11557
24403
11550
11536
17954
24386
11533
17953
11532
11529
5093
17946
11525
11523
5089
17942
11521
24359
11506
24354
11501
17914
24346
11493
11492
11486
5049
17902
11481
24326
11473
11465
11460
30731
17878
11457
11446
11437
11435
30706
17853
11432
11425
11421
24268
11415
11414
11409
11408
11391
17809
11388
24237
11384
30640
4934
17787
24219
11366
24218
11365
11361
24211
11358
24210
11357
11345
17764
11343
11334
11333
24181
11328
11326
11325
11320
11316
11310
24160
11307
11302
11293
17709
24141
11288
30559
4853
17706
11285
11283
11282
24134
11281
11280
24129
11276
11270
11264
4827
17680
11259
24111
11258
17664
11243
24077
11224
17628
24060
11207
24054
11201
24050
11197
11196
11195
11194
24046
11193
30464
17611
11190
24042
11189
11186
11180
17592
11171
11170
24022
11169
11167
24003
11150
17569
11148
30421
4715
17568
11147
11146
17565
11144
11138
17555
11134
17554
11133
30405
17552
11131
11129
4696
17549
11128
11124
17544
11123
11121
11113
11111
17530
11109
30382
17529
23961
11108
17528
11107
17527
11106
23950
11097
23948
11095
11085
11081
11078
23926
11073
11072
23924
11071
11069
23919
11066
4631
17484
23916
11063
11058
23906
11053
4618
17471
11050
11047
30312
17459
23891
11038
23886
11033
11027
23871
11018
23866
11013
11009
11008
17428
11007
11004
23851
10998
10997
4564
17417
23849
10996
4560
17413
10992
10984
10982
10976
10964
10957
10954
10939
10929
23772
10919
36619
23766
10913
10909
17325
23757
10904
23756
10903
23755
10902
23753
10900
10889
36594
10888
30158
17305
36590
10884
36583
10877
36578
23725
10872
23719
10866
36571
10865
23717
10864
17283
23715
10862
10858
10854
10852
10835
23685
10832
10825
10824
10821
4388
17241
36526
10820
10808
30075
17222
10801
10799
23643
10790
23641
10788
17198
23630
10777
10774
36465
10759
30025
17172
10751
36451
23598
10745
23596
10743
10742
4303
17156
10735
30006
4300
17153
10732
10730
17147
36432
10726
10725
10717
23568
10715
10710
10702
10694
36399
10693
10687
36388
10682
23521
10668
10664
4211
17064
23496
10643
10642
36340
10634
10631
10629
36331
10625
17042
10621
10617
17037
36322
23469
10616
10608
10604
36307
23454
10601
29866
17013
10592
36296
10590
36295
23442
10589
4153
17006
36291
10585
10582
17002
10581
23424
10571
36274
10568
36268
10562
10558
23409
10556
10550
4115
16968
23400
10547
23398
10545
23397
10544
10543
4107
16960
36245
10539
10524
36227
23374
10521
36226
23373
10520
23371
10518
10512
10511
23356
10503
36205
10499
10498
36199
10493
23345
10492
10483
23335
10482
36185
23332
10479
10476
36179
10473
10470
23313
10460
4025
16878
10457
4021
16874
10453
36143
10437
36132
23279
10426
10414
23255
10402
10400
23248
10395
36100
10394
10391
3956
16809
36094
10388
16803
10382
10376
10374
36078
23225
10372
23224
10371
36075
23222
10369
23189
10336
3903
16756
36041
23188
10335
36040
10334
3887
16740
10319
29580
16727
23159
10306
10270
3829
16682
35967
23114
10261
10258
23108
10255
10244
10238
23074
10221
10216
23058
10205
10203
23055
10202
35907
23054
10201
3766
16619
10198
10197
23047
10194
10189
10186
3748
16601
10180
23024
10171
23019
10166
35867
10161
29432
16579
10158
35851
10145
10143
35841
10135
29406
3700
16553
22985
10132
35834
10128
10127
10118
10113
10107
16520
35805
22952
10099
29362
16509
10088
35791
22938
10085
29358
3652
16505
10084
35780
10074
10068
22914
10061
35759
10053
29322
16469
10048
29318
3612
16465
10044
22894
10041
22890
10037
10028
10025
16441
10020
3578
16431
35716
10010
3577
16430
22862
10009
10004
9997
3564
16417
9996
9995
9991
3550
16403
35688
9982
16399
9978
9968
35673
9967
35672
9966
3517
16370
22802
9949
9944
22793
9940
9935
9933
22778
9925
22769
9916
9910
9907
9903
9889
9883
9866
3427
16280
35565
9859
9856
16270
35555
9849
35549
22696
9843
9838
22686
9833
9824
16244
9823
16243
35528
22675
9822
16242
35527
22674
9821
9819
16239
9818
16238
9817
16237
9816
16235
22667
9814
35516
22663
9810
16222
22654
9801
29072
16219
9798
9791
9790
9788
9785
9781
9779
9773
22623
9770
9763
9756
16175
9754
22594
9741
35439
22586
9733
9731
9728
35426
9720
16138
9717
9711
35405
9699
35403
9697
9695
35400
22547
9694
22546
9693
35397
9691
28959
3253
16106
9685
22528
9675
16089
22521
9668
35370
9664
9658
35360
9654
35357
9651
9650
22500
9647
9643
9639
22491
9638
9631
3198
16051
9630
35334
9628
9626
35330
22477
9624
9618
9614
16031
22463
9610
22457
9604
3168
16021
9600
28873
16020
9599
16019
9598
9597
9596
28868
3162
16015
9594
9588
16005
35290
22437
9584
3150
16003
22435
9582
35281
9575
22426
9573
3135
15988
9567
3132
15985
9564
9558
15976
9555
35260
22407
9554
15965
9544
9542
35242
9536
9530
35235
9529
3085
15938
9517
15937
9516
35221
9515
35211
22358
9505
28775
15922
9501
3062
15915
9494
15898
22330
9477
35173
22320
9467
9466
22317
9464
35169
9463
22303
9450
15869
35154
22301
9448
9446
9445
35148
9442
22294
9441
15860
22292
9439
9438
9437
28708
15855
35140
9434
15844
9423
9419
22255
9402
35104
22251
9398
9397
9383
22222
9369
2925
15778
35063
9357
2923
15776
9355
28607
15754
9333
28599
15746
9325
9322
2881
15734
9313
22163
9310
35009
9303
9294
9292
2858
15711
34996
9290
9287
9282
15690
34975
9269
34974
9268
34973
9267
9266
2833
15686
9265
28526
2820
15673
9252
15660
34945
9239
34934
9228
15647
9226
34927
9221
9212
22064
9211
9210
2766
15619
9198
2747
15600
9179
34880
22027
9174
34879
22026
9173
34870
22017
9164
22016
9163
34858
9152
22004
9151
34856
9150
9147
15563
34848
9142
2708
15561
34846
9140
21986
9133
9128
34831
21978
9125
21968
9115
28373
2667
15520
34805
9099
9077
9076
34781
9075
15494
21926
9073
9072
9064
2630
15483
21915
9062
28332
2626
15479
9058
9056
9052
21902
9049
34749
21896
9043
21891
9038
28302
15449
9028
28289
15436
9015
9006
34705
8999
8995
8982
21832
8979
21818
8965
8957
34656
21803
8950
15366
8945
8924
2486
15339
21771
8918
21766
8913
8906
28169
15316
8895
2449
15302
8881
28154
2448
15301
21733
8880
2444
15297
8876
15295
8874
8868
8861
21710
8857
2423
15276
8855
8853
15271
8850
28121
15268
8847
8846
8845
21695
8842
34541
8835
8829
34533
21680
8827
8822
8817
15234
34519
21666
8813
8811
21663
8810
8800
21649
8796
8794
8792
8791
15211
34496
21643
8790
21634
8781
34486
8780
21632
8779
8776
8772
15182
34467
8761
8760
8759
21609
8756
2323
15176
8755
21604
8751
8750
34455
8749
8748
34441
8735
8734
15153
34438
8732
8728
34409
8703
8695
8692
34381
21528
8675
8672
34375
21522
8669
34358
8652
8640
8636
8635
34337
8631
8628
27896
15043
8622
27887
2181
15034
8613
2141
14994
8573
34274
21421
8568
34273
21420
8567
34272
21419
8566
34267
8561
21405
8552
34255
8549
21397
8544
8534
8528
21379
8526
34221
8515
8514
8511
8510
27783
2077
14930
34215
8509
8494
8491
8487
34188
8482
8470
27742
14889
8468
8464
8447
2014
14867
8446
8442
14849
21281
8428
8417
14837
8416
27686
1980
14833
8412
27674
1968
14821
8400
21247
8394
34093
8387
34090
8384
34089
8383
21233
8380
8377
8373
21223
8370
34074
8368
27641
14788
8367
21211
8358
8357
14777
21209
8356
8353
8352
21200
8347
14766
8345
8331
8328
8325
34028
8322
34025
8319
21168
8315
27588
14735
8314
27587
1881
14734
21166
8313
27595
1889
8310
27571
14718
27582
1876
34003
8297
1859
8280
21112
8259
8253
8233
27505
14652
33937
21084
8231
1794
14647
21079
8226
8224
8221
1788
8209
14634
1781
21055
8202
27457
1751
14604
27468
1762
33889
8183
27463
1757
33884
8178
1741
8162
1724
14577
14588
1735
33862
8156
14557
8136
14549
20981
8128
20979
8126
8124
1695
20969
8116
8095
1656
14509
33794
8088
27365
1659
8080
1654
8075
1629
20903
8050
8041
8040
27312
1606
14459
14470
1617
8038
8031
27300
14447
14458
1605
8026
27299
14446
33731
20878
8025
27290
14437
33722
8016
1577
14430
33715
8009
7977
7971
1545
7966
1531
14384
20816
7963
27235
1529
14382
7961
1524
14377
33662
7956
7950
33655
20802
7949
1508
14361
14372
1519
20793
7940
1517
7938
14353
14364
1511
7932
1490
14343
7922
7906
33600
7894
14313
1460
7881
20731
7878
7876
7865
7849
7833
1408
33535
7829
7812
1388
7809
7805
14224
1382
33509
20656
7803
27083
1377
7798
20611
7758
20608
7755
27034
14181
1328
33455
20602
7749
1319
20593
7740
7713
7709
7707
26959
1253
14106
7685
1250
14103
33388
20535
7682
26961
1255
7676
14094
26958
1252
7673
33361
7655
14073
1231
33358
7652
33356
7650
7629
14047
7626
1175
14028
33313
20460
7607
26878
14025
1172
7593
1171
7592
7586
1115
7536
1094
13947
1105
7526
1103
33230
20377
7524
26797
1091
13944
7523
26786
13933
7512
7505
7486
7484
26754
13901
33186
7480
13890
20322
7469
26748
1042
7463
13883
13894
1041
7462
20307
7454
33158
20305
7452
20302
7449
7425
13822
969
20243
7390
20236
7383
26662
956
7377
33076
7370
33074
20221
7368
7366
7360
7359
13766
13777
924
7345
33048
7342
20181
7328
7312
890
20164
7311
33012
7306
20158
7305
26588
882
7303
13717
864
7285
862
32989
7283
7279
13699
7278
853
20127
7274
7260
837
7258
7242
20092
7239
32940
7234
26510
13657
804
20078
7225
20076
7223
800
20074
7221
7208
20046
7193
7192
13600
747
7168
735
7156
725
32852
7146
26416
710
13563
7142
13557
7136
7118
7099
7091
658
32785
19932
7079
7078
13477
635
7056
19902
7049
7047
7045
32736
7030
608
32735
7029
607
7028
13448
32733
7027
7026
32730
7024
7022
19868
7015
26283
577
13430
26294
13441
588
7009
26288
582
7003
13422
26286
13433
580
7001
6981
32686
6980
13398
556
6977
32681
19828
6975
550
6971
32672
6966
6964
26228
522
13375
533
32660
6954
6938
6934
502
32629
6923
13343
501
6922
13331
19763
6910
6895
19736
6883
6879
449
32576
6870
438
19712
6859
19671
6818
26090
384
19658
6805
6757
6744
322
6743
319
32446
19593
6740
6739
295
13148
13159
306
6727
13140
6719
6717
6713
25982
276
13129
19561
6708
25983
277
32404
6698
243
13096
32381
6675
25948
242
13095
6674
248
6669
6666
231
13084
32369
6663
236
6657
32344
6638
212
32339
6633
25905
199
13052
210
32337
19484
6631
19475
6622
6619
6615
13029
187
6608
32313
6607
32307
6601
25876
13023
170
6591
13005
32290
19437
6584
25865
159
32286
6580
6575
6570
6559
6552
12969
127
32254
6548
19377
6524
97
6518
25787
81
12934
19366
6513
12933
91
19365
6512
90
6511
25790
84
19358
6505
25778
72
12925
6504
25776
12923
6502
25773
12920
6499
64
32191
6485
19335
6482
12897
6476
33
12886
6465
6446
9
6430
12832
6411
19255
6402
12820
19252
6399
6397
19247
6394
12807
6386
6382
25647
12794
32079
6373
32070
6364
6362
6350
12769
32054
19201
6348
25611
12758
6337
6333
19180
6327
25592
12739
6318
25588
12735
6314
6313
6305
6300
6298
19149
6296
6295
6291
25540
12687
19119
6266
6262
6259
12677
6256
12676
6255
6253
19098
6245
12664
6243
12662
31947
6241
6234
19083
6230
25502
12649
6228
6226
6223
6222
25495
12642
6221
25494
12641
6220
12640
6219
6216
6215
6210
19062
6209
31913
19060
6207
6206
31911
6205
6196
25463
12610
31895
6189
6186
6182
12597
6176
19026
6173
6172
12589
6168
31869
6163
31868
19015
6162
31858
6152
19000
6147
31852
6146
6143
6141
18981
18992
6139
12543
31828
6122
31822
6116
18957
25389
12536
31821
6115
31808
6102
18955
6113
6106
12524
6103
6089
18942
6100
18933
12512
31797
18944
6091
6082
6079
18920
12499
31784
6078
12498
6077
6076
12495
6074
6070
12489
6068
6066
25338
12485
6064
6054
31758
18905
6052
31746
18893
31757
6051
6039
18892
18890
6048
18889
12467
12440
31725
6019
18865
6012
6000
18853
6011
12431
6010
25283
12430
31715
6009
6008
5993
25258
12405
5984
5981
25253
12400
5979
18820
12397
5976
5964
31669
5963
5961
5955
31641
18788
5943
18779
5937
5923
12340
5919
12326
5905
5893
18746
12325
5904
5903
12315
31600
5894
18735
5879
5867
12282
31567
5861
12275
31560
5854
31549
5843
25113
12260
5839
12259
5838
18674
5832
5824
18662
5813
31518
5812
5805
12225
5799
31504
5798
5797
31490
5784
18637
25069
12216
5795
31499
5793
25065
12212
31497
5791
31491
5785
5778
5777
5762
18615
18626
5773
12187
5766
18604
25036
12183
31456
18603
12182
5748
18601
25033
12180
5759
5758
31442
5736
5722
18575
31439
5733
12150
5729
12148
5725
5716
31420
5714
12131
12130
5709
5706
5699
5698
12118
31401
5695
5694
24962
12109
31394
5688
5678
5677
18511
31375
5669
31372
5666
5665
18496
5654
12060
31345
5639
24912
12059
5637
31335
5629
5628
5627
18461
18472
5619
31323
5617
31315
5609
18446
5604
5603
31296
5590
31293
5587
12005
31290
5584
5569
31262
18409
5567
18395
24827
11974
5518
5517
5516
18354
5512
24781
11928
5507
5494
5488
24740
11887
5458
31163
5457
11872
5451
31153
5447
18278
11857
5436
5424
18264
5422
31126
5420
18260
11839
31124
18271
5418
5417
5414
18255
11834
31119
5413
5405
5404
24668
11815
5394
31099
5393
31086
18233
5391
31083
5377
5365
18218
11797
5373
11793
18207
11776
5355
18195
31059
5353
18192
31054
5348
5334
5319
18172
5330
31022
5316
5304
18157
24588
11735
5314
31017
5311
11726
5305
5302
5297
30997
5291
30979
18126
11705
5284
11697
30982
5276
24546
11693
5272
30973
5267
24535
11682
30967
5261
11679
5258
30961
5255
24525
11672
5251
18091
11670
5249
11669
5248
11668
5247
11667
5246
11666
30951
5245
11665
5244
11662
5241
11658
30943
5237
5236
5235
5234
18072
24504
11651
5230
24503
11650
11649
30934
5228
5225
24486
11633
5212
24484
11631
11629
18039
30903
5197
30897
5191
30882
18029
5187
30890
5184
5173
5166
11586
5165
24436
11583
30868
5162
30848
17995
5153
5148
24421
11568
18000
5147
5139
5135
5134
11548
17968
5114
17967
5123
21162
8309
5106
17941
34006
8300
5097
30791
17938
24370
11517
5096
5079
17932
11511
5090
5078
17931
24363
11510
30789
5083
24356
11503
30788
17935
5082
1863
33990
8284
8278
17917
5075
8271
17910
24342
11489
5068
5059
27539
1833
8254
5051
30741
17888
5046
17883
11462
5041
5038
1816
21090
8237
30740
5034
5033
5020
17873
11452
5031
11448
5027
11443
30728
5022
5009
17862
11441
1784
14637
21069
8216
30719
5013
5010
14644
1791
8212
27496
1790
8211
11429
11406
30683
4977
4974
4951
17804
4962
33861
8155
30658
4952
4948
1706
14559
20991
8138
11356
4935
27405
1699
14552
20984
8131
33826
20973
8120
30623
4917
11331
27394
1688
33815
8109
17748
30612
4906
4901
11309
30594
4888
11303
4882
30585
4879
30580
4874
27347
14494
8073
30576
4870
4866
4851
11271
30556
4850
20902
8049
4846
11265
30550
4844
11261
4840
4839
14460
27324
1618
8039
24110
11257
4836
27319
1613
8034
17684
4831
14464
1611
8032
17671
4829
27305
1599
8020
4817
11236
4815
11231
30516
4810
4807
11226
4805
11222
8000
4797
4795
4793
7995
11213
30498
4792
24065
11212
30497
4791
17632
30496
4790
11210
17642
4789
33697
7991
4788
17629
4787
33692
7986
20838
7985
4782
17623
30487
4781
7965
4762
1523
14376
7955
11173
30458
4752
4741
30446
4740
17580
4738
4709
4706
4672
4659
17512
11091
4670
11087
4666
30361
4655
11075
4654
4653
14268
1426
7847
4644
4643
27118
14265
20697
7844
30336
17483
4641
11061
4640
7836
30339
4633
4620
17473
23905
11052
14252
1410
20684
7831
17470
30334
4628
4623
4607
17460
30321
4615
11035
30320
4614
7813
17452
4610
17450
4608
4593
17446
11025
4604
17445
11024
4603
11019
4598
1367
14220
7799
4596
27071
1365
14218
20650
7797
11015
4594
4581
14198
7777
17416
23848
10995
4574
30267
17414
4572
4565
4559
10974
30259
4553
30254
4548
30233
17380
4538
30231
4525
4520
17358
10924
4503
4494
17344
4491
10911
17343
4490
20542
7689
30192
4486
1251
14104
7683
4480
17320
4478
4477
4460
17313
4471
7667
4453
17306
17317
4464
17303
30167
4461
7663
17302
10881
20515
7662
4459
17284
23716
10863
17295
4442
10859
4438
10853
30138
4432
33336
7630
10848
4427
1191
14044
7623
30126
4420
17261
10840
4417
17257
30121
4415
17252
4410
7609
30101
4395
17248
4406
14029
7608
4405
17244
10818
4397
26872
14019
20451
7598
30090
17237
10816
23667
10814
30099
4393
4377
17230
36515
10809
30091
17238
4385
23656
10803
4382
1148
14001
33286
20433
7580
23651
10798
4362
17215
30079
4373
4359
17212
4370
1139
13992
1150
20424
7571
30074
4368
26853
1147
7568
4365
17204
10783
30067
4361
4355
17186
4344
36458
10752
4331
4326
30023
4317
10736
30021
4315
13936
7515
23586
10733
10724
4279
17132
4290
10707
4286
10701
29973
4267
17120
4278
4264
17117
4275
4270
1039
13892
7471
17121
4268
10685
4262
17099
23531
10678
4257
7444
4241
4238
26714
13861
7440
36364
23511
10658
29943
4237
4236
10651
4230
4227
7429
4226
4214
17067
36352
23499
10646
4225
20280
7427
17066
4224
17061
4219
17057
4215
10632
10630
29915
4209
20248
7395
4181
17034
29896
4190
29894
4188
7388
4185
963
20237
7384
4170
17023
957
20231
7378
29870
17017
10596
29881
4175
4155
934
33061
7355
4138
16978
10557
4136
16986
4133
4131
16972
4130
33023
7317
36241
10535
4114
4113
16953
10532
29817
4111
20151
7298
4084
16937
4095
7297
29789
4083
16936
10515
29800
4094
36208
10502
29787
4081
29785
4079
10475
29760
4054
4050
4047
32955
7249
4046
827
20101
7248
36172
10466
4045
4044
29748
4042
20094
7241
4027
16880
4038
4028
4026
29719
4013
16866
10445
4024
16865
36150
23297
10444
29729
4023
13656
803
32930
7224
16863
16855
4001
4000
10418
3997
36123
10417
3996
10409
3988
3980
3978
3959
7160
29663
16810
3957
3941
16794
3952
3944
13553
7132
16771
3929
16766
3924
3923
3922
10342
13541
19973
7120
23191
10338
3917
3911
19966
7113
29616
3910
19964
7111
19963
7110
3907
16748
3906
3902
682
7103
3889
16742
3900
668
13521
7100
3886
16739
3897
26371
665
13518
7097
3883
16736
29600
3894
29587
3881
16734
10313
3892
7094
3880
16733
3891
7089
36013
10307
10304
32791
7085
3882
659
7080
29578
3872
3858
16711
10290
3869
35992
10286
3865
26346
13493
26357
651
10275
3854
619
13472
19904
7051
7066
13498
645
16690
3848
13459
617
7038
26310
604
13457
615
3818
613
3816
19871
7018
3815
29494
3788
16641
29505
3799
13431
589
16634
23066
10213
29498
16645
3792
32714
7008
29496
16643
3790
26266
13413
19845
6992
13428
586
29484
16631
29495
3789
26291
585
16630
564
3756
16609
3767
13404
551
3743
16596
3754
10174
29459
3753
16585
35870
10164
35866
10160
3739
520
13373
32658
6952
531
3734
530
16575
3733
13333
6912
6927
26212
506
3709
16546
10125
29410
3704
22955
10102
3681
13282
6861
444
13297
455
10079
3658
3641
16494
427
3619
16472
10051
29336
3630
419
10043
26109
403
13256
26120
414
29323
3617
3595
16448
3606
32505
6799
3596
19648
6795
389
16434
3592
373
6794
10012
29293
3587
3579
9981
29266
3560
356
22833
9980
29265
3559
3549
16384
3542
3530
16371
3529
6723
9941
3520
22791
9938
301
13154
312
6710
267
13120
32405
6699
3496
29182
3476
19525
6672
19540
6687
25972
266
9890
29175
16322
3469
19500
6647
3444
6658
237
16282
9861
25927
221
6642
29145
3439
9842
29127
3421
32329
6623
3420
25896
190
32317
6611
25911
205
16250
3408
32316
19463
6610
6625
25910
204
3407
16234
29098
3392
35506
9800
3379
9778
3357
6565
12997
144
3347
16188
3346
16170
3317
12930
6509
29012
3306
12922
6501
95
16140
9719
29004
3298
35420
9714
16146
3293
35413
9707
3286
3256
16109
3267
37
6458
52
22529
9676
32147
6441
3238
32
22509
9656
16088
3235
12858
32143
6437
3234
14
19288
6435
3232
3212
16065
35350
22497
9644
3223
12845
6424
25709
3
3206
32101
19248
6395
3192
9611
16043
3190
3188
3171
16024
3182
28876
16023
3181
16014
3172
28866
3160
16013
9592
19224
6371
35291
9585
3164
6365
22436
9583
9578
28863
3157
3156
3153
28857
3151
3149
15982
3140
9560
3139
12756
6335
15974
9553
32040
6334
3131
9534
3113
15960
3107
3103
3101
25575
12722
6301
3098
32000
6294
9512
25563
12710
31995
6289
28781
15928
35213
22360
9507
3086
31994
6288
35212
22359
9506
28778
3072
22341
9488
3067
6264
9482
28767
3061
3054
15891
3049
19104
6251
9469
3048
12665
6244
3037
25512
12659
31944
6238
3035
3034
9451
28736
3030
12650
31935
19082
6229
9447
3026
6211
28703
15850
22282
9429
3001
9417
2996
6195
2992
19046
6193
28685
15832
2990
6178
2975
2972
28673
2967
2955
15808
22240
9387
2966
2963
12580
6159
15798
28662
2956
15797
9376
28638
2932
15771
28635
2929
6118
2914
2895
15748
15759
2906
31814
6108
2905
25376
12523
15740
28604
2898
6088
28580
15727
35012
22159
9306
28591
2885
9304
31790
6084
22138
9285
2864
15704
2862
15700
2855
15696
2842
15695
2853
12466
31751
6045
22116
9263
31739
18886
6044
2830
15683
34968
9262
2841
15681
2839
31736
18883
31747
6041
2838
2836
2825
12444
31729
6023
34947
9241
18859
31723
6017
9235
2814
2804
2787
15640
2796
28490
2784
15621
9200
2779
2765
31668
18815
5962
2748
15601
22033
9180
28465
2759
31648
5942
18795
31659
5953
34877
9171
2750
9167
28452
2746
31636
18783
25215
12362
5941
2738
15577
28441
2735
15574
2732
15560
28424
2718
12335
5914
15553
28417
15564
2711
5912
2709
34833
9127
2706
2688
15541
9120
2699
28403
2697
5888
18741
5899
2696
2686
2684
9104
2683
25158
12305
2681
15519
34804
21951
9098
28383
15530
2677
2675
28380
15527
2674
5875
2672
9092
2671
18713
12292
5871
2668
34792
9086
28371
2665
15504
21936
9083
2662
31570
5864
2661
28355
15502
28366
2660
28354
2648
15501
2659
28348
2642
15495
9074
28359
2653
31548
18695
5853
28345
2639
15492
34777
9071
2650
2647
2645
34761
9055
2634
12254
5833
34754
21901
9048
5827
28319
15466
28330
2624
2605
15458
2616
2615
31520
5814
2611
2597
15450
28314
2608
2606
15447
5807
2604
15428
2586
21855
9002
2581
28282
2576
28275
2569
5760
8978
2557
8973
2552
5754
2551
28245
15392
8971
2550
5749
2546
31430
18577
8953
31425
18572
5730
8939
2518
2517
2505
15358
2516
31418
5712
28204
2498
15351
15362
2509
28203
15350
28214
2508
2504
2489
5691
8909
2488
5687
2473
15326
15324
2482
34603
8897
15329
2476
15322
2469
18510
5668
2454
15307
28171
2465
28163
2457
15298
8877
2456
2443
15296
34581
8875
15291
24925
12072
5651
28143
2437
15290
12068
31353
5647
2433
15286
18488
12067
2439
15275
2431
24907
12054
5633
28125
15272
8851
5631
2428
31318
18465
5623
28126
2420
15255
28119
2413
18444
2399
31304
5598
2395
15247
2394
5594
2380
15233
8804
2383
2377
2368
2367
2357
28059
2353
28041
15188
28052
2346
15190
2337
8757
2336
8752
28037
2331
8747
2326
2325
8744
2305
15158
2316
21586
8733
2312
18353
5511
2308
34432
21579
8726
11925
5504
8722
2301
28003
2297
28002
2296
5497
28000
2294
8714
18335
11914
5493
8711
2290
24763
11910
5489
8707
27992
2286
2265
15118
8697
27970
2264
15117
27981
2275
2262
15115
34400
8694
2273
8689
27974
2268
16705
27972
2266
655
10279
8682
2261
26334
13481
32766
7060
16699
35984
10278
16710
3857
2260
31158
5452
15091
8670
27955
2249
8667
2246
27940
15087
27951
2245
2243
27935
2229
15082
27946
2240
24714
11861
5440
27943
2237
5438
27930
15077
8656
27941
2235
15071
8649
8648
2227
32731
19878
7025
35949
10243
3822
8646
2225
10224
3803
8627
16639
16650
3797
27895
15042
32718
7012
591
16647
3794
2186
15039
27903
2197
6994
3791
27889
2183
15036
27900
2194
11805
5384
15023
27881
2175
566
16611
3769
2172
15024
2171
15021
2168
2154
15007
27846
14993
34278
8572
2151
34268
8562
27835
2129
8546
11734
5313
27805
14952
8531
14963
2110
16545
29409
3703
14959
2106
34231
21378
8525
14957
2104
3687
16540
10119
3698
11725
27807
2101
2100
2086
14939
2092
8512
2091
3683
27781
2075
14928
27780
2074
14927
2085
6880
29383
3677
30989
5283
2080
8498
6874
26174
468
16513
29377
3671
34199
8493
2072
11695
5274
27766
2060
14913
24540
11687
30972
5266
27769
2063
8480
2059
19704
6851
3648
2051
5253
2050
2029
14882
8461
2040
2039
8458
27743
2037
2019
14872
2030
11643
5222
2008
14861
8440
14860
8439
27724
2018
409
14857
8436
27721
2015
32518
6812
26112
406
3598
16451
3609
8433
1997
14850
34135
8429
32507
6801
32522
6816
395
34128
8422
27707
2001
26071
13218
32503
6797
3594
8418
11613
5192
1978
14831
1989
13201
359
32486
6780
29272
16419
8401
1967
14820
5180
14819
5178
27681
14828
1975
11595
5174
11592
5171
21241
8388
5168
14807
21239
8386
1965
24441
11588
5167
1964
5164
18003
5161
1958
27643
14790
8369
1948
11567
5146
27638
14785
1943
29233
16380
9959
3538
27636
1930
14783
1941
21204
8351
5120
17973
5131
1917
14770
1928
30823
5117
17970
30834
5128
1925
17962
30824
5118
1915
27620
1914
16351
3509
8333
1912
294
13147
305
3508
8332
1911
27603
1897
6695
22766
9913
16345
3492
30793
17940
14748
1895
6690
25979
13126
13137
284
3487
1875
8296
34017
8311
1890
34001
8295
1862
21136
8283
1877
11499
33983
21130
8277
255
16300
29164
3458
1861
3457
27566
1860
238
6659
29151
16298
3448
1851
16288
29152
3446
27555
1849
27552
1846
14683
27547
1841
29108
16255
9834
29119
3413
219
1808
33904
8198
4995
1792
17828
14625
1783
173
29071
3365
16218
9797
182
14606
21038
8185
4971
17824
30688
4982
1768
14621
27485
1779
162
30666
4960
17813
1748
8169
17808
30672
4966
14616
1763
156
22633
9780
3359
1736
14589
27453
1747
8168
136
6557
3354
3363
160
8163
11381
4949
27452
1746
25845
12992
139
27427
1721
8142
12957
19389
6536
1712
4900
1697
3291
1694
11317
4896
14535
1693
1677
8098
1692
8094
19324
6471
50
9674
14483
33768
20915
8062
16094
28958
3252
1655
43
3246
27344
14491
8070
27355
14502
1649
4832
33729
8023
22486
9633
33727
8021
14457
1615
14440
20872
8019
17669
4816
12844
2
14426
33711
8005
4802
27289
1583
14424
1582
20836
7983
1566
14419
32074
19221
6368
22439
9586
28871
3165
14410
1568
1525
14378
33663
7957
1551
28839
15986
35271
9565
3144
1547
12760
6339
35263
22410
9557
17584
24016
11163
1539
6331
3117
15970
3128
28822
3116
15969
3127
14383
1530
27218
1512
7933
27222
14369
27233
1527
12746
32031
6325
15964
35249
9543
28828
3122
7931
14350
7929
6317
9535
28820
3114
27208
1502
7923
4720
1513
1486
14339
33624
20771
7918
14349
1496
20770
7917
30409
17556
4714
19162
6309
3106
27215
14362
1509
7914
15941
9520
3099
7904
14340
1498
27187
1481
33608
20755
7902
7899
17538
4693
1484
27183
1477
1461
33588
20735
7882
1465
14318
1476
9489
3068
3065
17513
27174
14321
1468
4663
3051
1454
27155
1449
22318
9465
3044
27153
1447
1435
14288
1446
1421
7842
30345
4639
1436
15874
28738
3032
17480
14277
6231
22302
9449
3028
27137
1431
14248
7827
11045
17477
4624
12639
6218
9436
3015
11042
4621
14260
27124
1418
27123
1417
4616
27108
1402
14255
27119
1413
1409
12623
31908
19055
6202
15841
22273
9420
28701
2995
7804
1398
31893
6187
2984
14229
27093
1387
33493
20640
7787
23858
11005
30290
4584
1381
7794
1373
25441
12588
31873
6167
28670
2964
15796
1342
33469
7763
10981
1357
1344
14197
27061
1355
17396
4554
27057
14204
1351
1346
27022
1316
14169
27033
1327
7748
1326
33453
7747
2937
27035
14182
1340
1338
23813
10960
4539
14189
1336
9343
2922
1325
6120
15770
2917
1320
15753
9332
2911
14141
27005
1299
7720
17359
14156
27020
1314
9330
2909
14154
1312
6111
7732
27017
1311
6110
28602
2896
15749
2907
1295
33422
20569
7716
17351
4509
26988
1282
20556
7703
10921
4500
1297
1289
14127
1285
28573
15720
35005
9299
28584
2878
4484
1281
1254
14107
33392
7686
14122
1280
14099
7678
36602
10896
4475
14114
1272
25345
12492
6071
14098
20530
7677
17316
10895
4474
1271
1266
12484
6063
2860
7669
1263
10883
4462
30153
17300
4458
36581
10875
30160
4454
1238
9255
28540
2834
7658
1237
1210
14063
1221
7642
30134
17281
30145
4439
26931
14078
1236
30131
17278
4436
1233
14072
1230
7627
18860
2815
7624
14060
1218
10837
4416
1213
30102
4396
17249
4407
15635
2793
14023
1181
7602
14038
12416
31701
5995
9213
2792
20469
7616
1195
26884
1178
7599
1193
2786
1189
10802
4381
1160
20434
7581
14017
31679
5973
9191
9190
1157
7578
36502
10796
4375
26862
1156
7577
36501
10795
4374
1163
4364
26867
1161
1154
31653
5947
9165
2744
4339
17192
4350
1119
13972
33257
7551
7566
1145
28447
2741
30053
4347
26850
13997
1144
26849
1143
13967
1125
7546
1140
17182
36467
10761
30046
4340
26843
1137
26816
13963
33248
7542
30034
17181
10760
1136
1134
15570
2728
26822
1116
20390
7537
26837
1131
9143
13952
7531
4318
1113
26814
1108
13931
20363
7510
30013
4307
26810
1104
13928
7507
1101
1097
29994
4288
17141
4299
1085
13938
1096
23572
10719
30004
4298
26801
1095
26785
1079
7500
26788
1082
13935
1093
12311
5890
13917
33202
7496
26796
1090
2685
1088
1076
7491
1070
2663
2646
15499
2657
1049
13902
1060
10673
4252
4250
1047
15481
6621
3418
215
1015
998
33125
20272
7419
4205
17058
23490
10637
29922
4216
1013
31498
5792
18645
5803
2600
7409
10627
4206
4202
26705
999
26689
983
7404
4201
15433
9012
2591
968
13821
33106
7400
994
6613
192
21048
8195
33916
8210
27495
1789
15431
9010
28295
2589
7398
13834
992
191
14626
1773
8194
26682
976
7397
17047
4194
26697
991
32295
6589
172
13025
183
14618
1765
33892
8186
4983
1780
29892
4186
27464
1758
8179
17021
36306
23453
10600
29885
4179
13800
20232
7379
4176
13815
26679
973
4968
5763
2560
4166
29061
3355
161
17803
4961
950
13803
961
33860
8154
10575
4154
951
25847
141
9765
3344
3353
150
33062
7356
28251
2545
7354
948
12979
137
24220
11367
17799
4946
1743
13788
946
134
8146
8161
1740
16985
10564
4143
26646
940
28229
2523
15376
2534
13764
33049
7343
926
13779
937
34647
21794
8941
28226
2520
26629
923
19391
6538
117
4106
16959
4117
7335
914
31407
5701
26607
901
28986
3280
19360
6507
86
14525
1683
1675
14528
1686
24960
12107
31392
5686
28178
15325
34610
8904
886
3284
14520
1678
5681
28184
2478
881
71
30577
4871
1657
14510
1668
26562
856
32983
7277
871
870
14517
1664
7288
26573
867
48
6469
4863
8081
13716
863
28964
3258
1661
15294
855
16098
53
4842
17695
20924
8071
27356
1650
15303
2450
10474
4053
26545
13692
850
7270
849
4041
838
3224
1616
14469
1627
25728
22
12875
6454
12051
5630
2427
7236
26525
13672
3211
3220
17
36144
10438
4017
4004
16857
29721
4015
20086
7233
812
14433
20865
8012
27301
14448
809
2393
15246
26487
781
13634
20066
7213
807
6404
3201
6428
7
26470
764
13617
7196
26496
790
29698
3992
778
13631
789
16827
29691
3985
13624
782
26485
779
776
758
20032
7179
13626
773
26458
752
32879
7173
13609
767
28068
2362
3968
13607
765
2361
7170
753
13606
32064
19211
6358
3155
4761
1558
13603
761
2349
722
13575
7154
748
15186
28050
2344
32047
19194
6341
9559
3138
33653
7947
11165
4744
27247
1541
2341
3947
744
36073
23220
10367
29652
3946
743
7143
10361
3940
26432
13579
737
2321
15174
34459
8753
15185
2332
32847
19994
7141
29644
3938
7935
17574
30438
4732
706
13559
717
19991
7138
29641
3935
13574
732
6322
3119
7928
22391
9538
33632
7926
27226
1520
28026
2320
3926
26418
13565
7144
11143
4722
32834
7128
3909
16762
3920
702
13555
26419
713
12728
6307
3104
7913
26401
695
7116
2292
7101
8704
27989
2283
686
26390
684
27185
1479
2279
34389
8683
3868
7864
30367
4661
27164
1458
21532
8679
2258
29559
16706
3864
26367
661
11080
1456
16704
10283
3862
653
19901
7048
642
3845
26342
13489
26353
647
7845
1439
7832
5429
2226
13467
614
19888
7035
19903
7050
4619
3809
4613
31914
6208
28700
15847
28711
3005
23885
11032
30317
4611
26308
602
3805
26306
13453
3802
593
7014
10232
3811
2196
19041
6188
28680
2974
15827
2985
5386
27886
2180
583
3771
1363
16598
10177
2159
547
19821
6968
562
5351
14990
27854
2148
33459
7753
4550
1347
26232
526
19800
6947
10165
546
31043
5337
8555
2134
32664
19811
6958
537
524
13377
535
14961
34246
8540
16578
3725
26608
902
33029
7323
7338
26623
917
27823
2117
33427
20574
7721
27021
1315
32621
6915
3712
5318
21389
8536
2115
13345
19777
6924
19792
6939
26224
518
511
12526
6105
2902
14132
7711
1305
482
13335
493
6914
26214
508
5703
13745
903
16542
8524
2103
6099
1273
14126
7705
23776
10923
4502
16538
3696
15737
26993
14140
1298
10116
29401
3695
30194
17341
10920
4499
27002
1296
26179
13326
32611
6905
26205
499
27396
1690
12114
5693
2490
20152
7299
4096
893
2890
30202
4496
35817
10111
3690
485
13338
26202
496
1687
5690
34614
21761
8908
28193
2487
33402
20549
7696
23767
10914
4493
28185
2479
7688
14921
2079
467
6888
16515
479
28565
15712
2870
14100
33385
7679
32588
6882
26182
476
13289
447
6868
29360
3654
16507
29371
3665
6892
471
2461
4067
19726
6873
12883
19315
6462
3248
16101
9680
28965
3259
33789
8083
1662
65
7268
29771
4065
3659
2062
465
2857
14102
1260
16499
22931
10078
29363
3657
32575
6869
463
16901
10480
4059
13286
32571
6865
3644
435
32562
19709
6856
450
34162
21309
8456
2035
20881
8028
17667
11246
30531
4825
1622
6434
22505
9652
16084
3231
12881
28
15661
2819
1222
13278
425
22888
10035
3614
30915
18062
30926
5220
2006
14859
420
9634
28919
3213
33728
8022
16455
29319
3613
32123
6417
11
33720
20867
8014
1608
4014
811
26111
405
29303
3597
16450
3608
27706
2000
14853
6819
413
6403
35327
9621
3200
25712
6
20062
7209
29712
4006
26497
791
7212
806
16442
3600
31289
5583
8801
3986
13625
783
377
29286
3580
34110
21257
8404
1983
26092
386
26480
774
26064
358
19632
6779
5163
8381
27666
1960
6769
363
759
353
29262
3556
362
28449
15596
2754
14799
27663
1957
349
13202
32487
6781
30457
4751
27254
1548
2348
751
18793
5951
15590
10775
30060
4354
1151
354
8764
28049
2343
3949
746
30055
4349
26852
1146
13167
19599
6746
3543
18784
22013
9160
2739
1142
1942
345
26002
13149
6728
8724
2303
35630
9924
3503
8327
1906
309
3502
14747
1905
13150
26014
308
30001
4295
17148
4306
11524
5103
8321
1900
13145
26009
303
7901
4698
27201
1495
5498
21569
8716
28001
2295
16743
29607
3901
698
28401
2695
1098
11913
5492
34416
8710
2289
15531
2689
4284
17137
36422
23569
10716
1092
19569
6716
281
16326
35611
9905
3484
25996
290
27973
15120
2278
26387
681
17126
1081
14723
19536
6683
3480
23550
10697
4276
1073
6673
13109
25971
265
13118
15107
21539
8686
3465
1868
32398
19545
6692
26338
13485
7064
29567
3861
35997
10291
3870
667
33979
8273
19544
6691
270
5066
20712
7859
5456
2253
656
22727
9874
3453
6680
259
26137
431
6852
446
10070
29355
3649
34379
8673
2252
1055
25929
13076
234
32361
6655
3452
30753
5047
17900
1844
14697
1855
247
13100
258
36382
10676
4255
1052
15475
2633
4239
1036
14678
1836
224
32351
19498
6645
239
15682
2829
14059
33344
7638
17288
4435
14085
1232
30341
4635
1432
27938
2232
19487
6634
22705
9852
3431
21093
8240
5037
1834
1017
7438
220
32347
6641
235
22701
9848
6639
9857
3436
233
9845
29130
3424
28706
15853
3011
14256
3820
25914
208
29117
3411
27520
1814
28320
2614
196
6617
3414
203
16248
35533
22680
9827
29112
3406
13039
6618
1798
14651
1809
3603
14848
5601
21672
8819
28104
2398
23278
10425
801
6401
5190
18043
5201
26107
401
26707
1001
12017
7202
13638
796
4799
1596
996
30885
18032
27693
1987
13217
6796
390
8193
1787
28293
2587
13817
7396
4193
990
27481
1775
8196
19452
6599
25899
193
188
769
20043
7190
16829
29693
3987
784
13214
372
32499
6793
13229
387
2184
27884
2178
6602
181
24255
11402
1778
13421
27482
1776
7175
13199
6778
175
1767
15409
2567
26676
970
2961
10988
4567
1353
14206
27070
1364
26273
567
28270
2564
17012
36297
23444
10591
27067
1361
30659
17806
27467
1761
158
9782
3361
25873
167
35677
9971
6153
28645
15792
9371
2950
8574
2153
2553
26250
13397
555
129
12982
32267
19414
6561
155
1752
4947
17800
4958
1755
2736
15589
22021
9168
13179
6758
341
13194
352
552
36068
10362
738
6738
13174
332
3535
1938
27444
1738
4144
135
3338
14562
20994
8141
35055
9349
2928
10955
4534
1331
13376
534
3328
27411
14558
1716
8137
1731
7340
113
19387
6534
128
29026
16173
3331
7535
26835
1129
30838
5132
14771
6529
3326
25838
132
11353
4932
1729
13774
932
7133
16772
10351
29636
3930
727
1927
330
12972
130
30625
17772
4930
1727
35463
9757
3336
133
19588
6735
13171
329
17371
13356
6935
529
8132
30635
4929
929
27434
14581
1728
525
33037
7331
32627
6921
10139
8542
124
16969
4127
8145
6933
512
3715
27813
14960
2118
521
25190
12337
5916
2713
29219
3513
13146
6725
4519
18161
8537
519
110
9734
3313
16158
3316
122
28012
2306
19983
7130
709
1909
25780
12927
32212
19359
6506
22577
9724
29009
3303
29818
4112
13751
909
2109
29507
3801
16252
3410
25913
207
17849
11428
5007
14646
1804
8603
27888
2182
2682
17130
25994
288
1883
286
33807
20954
8101
5683
8901
2480
32995
20142
7289
29792
4086
883
27789
2083
26192
486
875
11299
4878
16911
866
13711
869
12914
4068
865
21339
8486
27771
2065
4868
1665
13983
7562
35680
9974
3553
2501
904
101
9725
3304
14996
557
1739
8160
24231
11378
4957
27460
1754
942
20216
7363
6857
16496
13287
6866
26166
460
45
6466
60
27352
14499
4446
17299
4457
32560
6854
16493
35778
10072
11678
14896
27760
2054
457
16093
3251
28546
2840
14070
20502
7649
1243
16420
16929
29793
4087
20943
8090
30593
4887
1684
6843
437
27543
1837
6646
229
13082
240
32949
7243
16885
4043
13682
840
19030
6177
20636
7783
5780
7386
26686
980
16330
3477
32395
6689
283
21751
8898
2477
16925
23357
10504
26586
880
28633
2927
27036
1330
3242
19313
6460
39
19174
6321
28824
3118
20780
7927
14363
1521
10348
3927
26430
724
4327
26830
1124
29227
3521
15763
9342
2921
27030
1324
11748
5327
2124
527
10448
13666
5227
2024
3221
11248
4030
32610
6904
13340
498
11319
30604
4898
12919
6498
9716
3295
12663
6242
1442
7042
16681
3839
15484
20304
7451
1845
8051
27340
14487
1645
13687
26551
845
4051
848
51
1766
12999
6578
26775
1069
33981
8275
1869
35602
22749
9896
3475
272
25781
75
4242
33951
8245
1839
19501
6648
11263
1639
16081
12872
6451
22522
9669
1813
22194
9341
2920
27029
1323
1723
6832
426
17071
10650
29935
4229
1026
14465
1623
18468
5626
16871
23303
10450
4029
26521
13668
826
6406
0
11221
30506
4800
27292
14439
27303
1597
7206
26100
394
13827
7406
1000
54
4358
1155
11579
30864
5158
21229
8376
1955
32470
6764
20714
7861
30364
4658
26764
1058
1858
261
3655
15783
35068
9362
2941
32650
6944
29436
16583
10162
3741
2144
6953
147
1744
3244
7403
997
4394
26886
14033
29194
3488
944
26339
13486
644
26750
1044
30684
4978
3675
2078
481
29829
16976
4134
931
29132
16279
9858
3437
24108
11255
4834
12223
5802
9020
20261
7408
26708
1002
1802
34129
8423
4008
6814
408
6405
9623
3202
8011
11229
808
27205
1499
28005
2299
19961
7108
9920
29205
3499
27597
14744
17744
11323
30608
4902
5702
34626
8920
2499
10526
4105
1702
27692
1986
23863
11010
4589
14228
1386
5389
21460
8607
1786
5689
34613
8907
20148
7295
29798
4092
11616
27687
14834
28901
3195
1
30048
4342
13981
27645
1939
13184
26048
342
30248
4542
542
145
6190
15829
9408
28693
2987
17435
11014
1390
46
