0
1
2
3
4
48
5
6
7
8
9
10
11
170
12
171
13
205
14
15
16
17
172
18
19
173
20
153
21
22
23
174
24
175
25
26
220
28
29
30
214
31
176
32
187
33
177
178
34
201
35
179
186
203
36
37
38
39
40
235
236
41
42
184
43
44
45
46
47
49
50
51
52
53
54
230
287
55
56
299
57
58
59
254
258
262
60
61
62
248
406
63
189
191
64
65
66
195
67
68
69
70
198
71
72
312
328
74
75
76
77
78
79
372
80
255
306
334
81
246
82
83
335
84
85
86
199
87
88
89
90
207
91
92
93
94
95
96
97
208
284
98
99
100
101
211
102
103
104
213
105
106
107
216
289
290
301
109
110
250
112
113
304
114
115
116
117
118
119
120
121
122
123
124
125
618
127
260
128
129
130
131
132
134
136
137
138
140
141
142
143
145
146
147
148
150
277
152
155
156
157
158
159
325
160
471
161
386
162
163
743
164
165
281
444
485
166
167
316
168
169
180
181
182
185
188
190
569
576
581
605
741
831
192
193
340
389
194
478
196
197
200
202
204
773
206
209
212
215
217
218
300
221
222
223
1023
224
225
226
227
228
2210
229
491
232
233
234
237
238
239
240
241
242
243
244
256
247
272
245
249
251
252
253
291
259
261
263
264
265
266
267
375
269
270
271
273
274
275
602
276
278
279
280
282
285
286
288
292
293
294
295
296
297
298
302
303
305
307
310
313
320
322
324
326
1231
327
329
330
331
332
333
337
338
339
341
342
343
344
345
346
347
4831
348
349
350
351
352
353
354
355
356
357
358
359
360
529
361
362
363
364
365
132923
366
367
368
369
370
371
373
374
376
377
378
380
381
382
383
384
385
387
388
391
392
394
395
396
657
789
397
398
399
414
545
400
401
402
591
403
404
405
407
408
409
410
411
412
417
413
416
418
419
420
421
422
423
424
620
425
426
427
461
570
428
429
430
431
432
433
556
434
435
436
437
438
439
441
442
549
443
634
445
446
447
448
455
449
644
451
452
1790
453
454
456
457
459
460
670
462
463
592
464
465
466
468
469
470
472
473
474
475
476
477
479
480
481
978
482
483
484
486
487
488
707
489
490
492
493
494
495
498
5190
500
501
502
504
758
505
506
507
508
510
513
514
515
516
518
519
520
521
523
526
117089
530
532
533
535
536
537
538
539
540
541
2715
542
543
621
1055
601
544
546
547
548
550
551
3337
552
553
554
557
558
844
559
631
560
2656
561
562
563
564
565
566
567
568
571
624
572
604
574
577
656
578
579
580
1111
583
584
585
586
587
588
589
2047
593
594
595
596
597
598
2194
599
600
1050
643
603
606
608
609
1054
1261
610
1137
611
612
613
614
615
616
619
622
1140
625
626
627
628
629
630
632
633
635
636
804
638
639
640
642
646
647
648
649
802
650
651
653
654
655
658
659
661
662
663
1527
664
665
666
667
668
672
673
674
675
676
677
678
679
680
682
683
685
686
687
690
691
692
693
694
695
696
698
1276
3101
699
1163
700
703
898
704
705
706
708
709
710
711
712
713
714
715
716
717
718
719
721
722
723
725
727
839
728
729
730
843
731
732
733
734
735
736
737
738
739
740
742
744
745
4324
746
747
748
1298
749
750
751
752
753
754
755
756
757
1255
759
760
762
764
765
766
767
768
769
770
1152
771
772
774
954
775
849
776
52514
777
778
780
781
782
1877
783
784
785
786
787
788
790
791
792
793
794
38475
795
796
797
798
800
801
803
808
809
810
811
812
1250
814
815
817
818
819
1440
1267
2217
821
822
824
825
826
827
828
829
830
833
834
835
837
838
841
845
846
887
847
848
1264
850
851
852
854
857
897
859
860
861
862
863
864
866
867
868
869
870
872
873
875
876
877
878
879
880
882
883
884
885
886
888
890
891
892
893
1106
894
895
896
899
900
903
904
905
6630
906
907
909
910
912
913
914
916
917
918
966
919
920
921
922
923
968
969
925
926
927
928
929
931
932
983
933
934
935
990
936
937
938
996
940
2308
941
1688
942
943
944
945
946
947
948
949
950
951
952
953
957
958
959
963
964
967
1034
970
971
972
1038
973
975
976
977
979
1049
980
981
982
984
986
1056
3368
988
989
991
1063
992
993
1067
994
995
997
998
999
1000
1093
1001
17021
1002
1003
1112
1004
1005
1006
1007
1008
1009
1010
1011
1146
1012
1015
1154
1016
1017
1018
1019
1159
1020
1021
1162
1022
1024
1175
1025
1026
1027
1177
1178
1029
1030
1031
1032
1033
1035
1198
1199
1040
1041
1043
1200
1257
1044
1272
1047
1048
1051
1052
1053
1057
1058
1235
1060
1061
1062
1064
1065
3766
1066
1068
1069
1072
1073
1074
1075
1076
1269
1077
1598
1078
1079
1080
1081
1082
1083
1084
1282
1086
1087
1088
1286
1089
1090
1292
1092
1094
1296
1095
1096
1097
1098
1301
1303
1304
1102
1103
1305
1105
1308
1108
1109
1311
1110
1113
1114
1115
1116
1346
1117
1118
1119
1120
1348
1121
1122
1351
1123
1124
1126
1127
1360
1128
1367
1131
1132
1133
1134
1135
1136
1138
1139
1141
1142
1394
1143
1144
1145
1147
1148
1149
1417
1151
1153
1423
1155
1156
1157
1158
1160
1443
1161
1164
1448
1166
1167
1168
1169
1170
1171
1172
1173
1475
1174
1176
1179
1180
1181
1182
1183
1184
1185
1186
1187
1188
1189
1190
1191
1539
1192
1193
1547
1194
1549
1195
1197
1201
1202
1203
1204
1205
1206
1595
1207
3023
1208
1209
1210
1631
1212
1213
1214
1215
1216
1217
1218
1219
1220
1221
1222
1714
1224
1225
1226
1728
1227
1228
1229
1230
1232
1233
1234
1236
1237
1238
1239
1240
1241
1242
1243
1244
1245
1246
1820
1248
1825
1249
1835
1251
1253
1254
1256
1258
1875
1259
1260
1262
1263
1265
1266
1268
1890
6415
1270
1271
1273
1274
1896
1277
1915
1278
1279
1280
1281
1283
1284
1285
1287
1288
1289
1290
1291
1293
1294
1295
1297
1299
1300
1302
1306
1307
2060
5929
1309
1310
1312
2063
1313
1315
1316
1317
1318
1319
1320
2092
1322
1323
2099
1324
1325
2100
1326
1327
2132
1328
1329
1330
1331
1332
1333
1334
2166
1335
1336
1337
1338
2173
1339
1340
2176
1341
1342
1344
1345
1347
1349
20111
1350
1352
1353
1355
3309
2211
1356
1357
1358
1359
1362
1363
1364
2224
1365
1366
1368
1369
1370
1371
1372
1373
1374
1375
2254
1376
1377
1378
2257
1379
1380
2261
1382
1383
1384
1385
1386
1387
2277
1388
1390
1391
1392
1393
1395
1396
2334
1398
1399
1400
1401
1402
69682
104732
1403
1404
1405
1406
2373
1407
1408
1409
1410
1411
1412
1413
1414
1415
1416
1418
1419
1420
1421
1422
1424
1425
1426
1427
1428
2447
1429
15278
1430
1431
1432
1433
1434
1435
1436
2448
1437
1438
1439
1441
1442
1444
1445
1446
1447
1449
1450
2509
1452
1454
1455
1456
1457
1458
2516
1461
1462
1463
1464
1465
1466
2526
1467
1468
1469
1470
1471
1472
2541
1474
1476
1477
1478
1479
1480
1481
1482
1483
1484
1485
1486
1487
1488
1489
1490
1491
2657
1492
1493
1494
1495
2676
1496
1498
1499
2692
1500
1501
1502
1503
2702
1506
1507
1508
1509
1510
1511
1512
1513
2718
1515
1516
1517
1518
1519
1520
1521
1522
1523
1524
1525
1526
1528
2811
1529
1531
2830
1532
1534
1535
2838
1537
1538
1540
1541
1542
1543
1544
1545
1546
1548
1550
1551
2901
1553
2909
1554
1556
1557
1558
1559
1560
3632
1561
1562
2941
1563
1564
1565
1566
1567
1568
1569
1570
2963
1572
1573
1574
2987
1576
1577
1578
1579
1580
1581
1582
1583
1584
1586
1587
1588
3039
1590
1591
1592
1593
1594
1596
1597
1599
1600
1601
1602
1603
1604
1605
3084
1607
72304
1608
1609
1610
1611
1612
1613
1614
1615
1616
1617
3168
1619
1620
1621
1622
3186
1623
1624
1625
1626
1627
3215
1628
1629
1630
1632
1633
3244
1634
1635
1636
1637
1638
1639
1640
1641
1642
1643
1644
3271
1645
1646
1647
1648
1649
3279
3294
1654
1655
1656
1657
1658
3307
1659
1660
1661
1662
1663
1664
1665
1666
1667
1668
1669
1670
1671
3394
1672
1678
3395
1683
1684
1685
1686
1687
1689
1690
20288
1691
1692
1693
1694
3568
1695
1697
3580
1699
3584
1701
3586
1702
1703
3618
1704
1705
1706
1707
1708
1709
1710
1711
1712
1713
1715
3700
1717
1718
1719
1720
1721
3761
1723
1724
1725
1726
1727
1729
1730
1731
1732
1733
1734
3940
1735
1736
3942
1737
1738
1739
1740
1741
1742
4015
1745
1746
1747
1748
1749
1750
4087
1751
1752
1753
4110
4112
1757
1758
1759
1760
1761
4127
1762
4132
1763
1764
1765
1766
1767
1768
1769
1770
1771
1772
1773
4204
1775
1776
1777
4214
1778
1780
1781
1782
1783
1784
4232
1786
1787
1788
1789
1791
1792
1793
1794
1795
1797
1798
1799
1800
1801
1802
1803
1804
4369
1806
4380
1809
1813
1819
4381
1821
1826
1828
1830
1831
1832
1833
1834
4477
1837
1838
1839
1840
4460
1841
1842
1843
4495
1844
1845
1846
1847
1848
4504
1849
1850
1851
1852
4516
1853
1854
1855
1856
4534
1858
1859
1860
1861
1862
1863
1864
1865
1866
1867
1868
1869
1870
1871
4628
1873
1874
1876
1878
1879
4642
1880
1881
1882
1883
1884
1885
4690
17506
1886
1887
1888
1889
1891
1892
1893
1894
1895
1897
1898
1899
1900
1901
1902
1903
1904
1906
5250
1907
1908
1909
1912
1920
1924
1925
1926
1932
1935
1937
1940
1941
12243
1942
1945
1949
1956
1959
1962
1963
1965
1967
1969
1972
1973
1974
1978
1979
1980
1981
1984
1987
1988
7043
1991
1994
1995
1996
2000
5536
2002
2004
2007
2008
2010
2013
2014
2017
2018
2020
2023
2025
2026
2027
2028
2029
2031
2032
2033
2039
2041
2042
2043
2046
2048
2050
2051
2052
2053
2055
2056
49315
2058
2065
2066
2067
4867
2068
2069
2070
2071
4887
2072
2074
2075
2076
2077
2078
2079
2080
2081
2082
4965
2084
2085
2086
2087
2088
2089
2090
2091
2093
2094
2095
2096
2097
2098
2101
2102
5158
5161
2105
5162
2106
2108
2109
2110
2111
2112
2113
2114
2115
43709
2116
2117
2121
2122
2124
2125
2126
122349
2128
2129
2130
2131
7374
34074
2133
2134
2135
32479
2136
2137
2138
2139
2140
2141
2142
2143
2144
2145
2146
2147
2148
2149
2150
5377
2151
2152
2153
2154
2155
5429
2157
2158
2159
2160
2161
2162
2163
5487
2164
2165
2167
2168
2169
2170
2171
2172
2174
2175
98122
2177
2178
2179
2180
2181
2182
2183
2184
2185
2186
2187
5699
2188
2189
2190
2191
2192
5714
2193
2195
2196
2197
2198
2199
2200
5790
2203
2204
5801
2206
5802
2208
2209
2212
2213
2214
2215
2216
2218
2219
2220
2221
2222
2225
2226
2227
2228
2229
2230
6020
2232
2233
2234
2235
2236
2237
2238
72319
2239
2240
6824
2241
2242
2243
2244
2245
2246
2247
6157
2249
6179
2251
2252
2253
2255
2256
2258
6238
2260
2262
2263
2264
2265
2266
2267
6288
2269
2270
2271
2272
2273
2274
2275
2276
2278
2279
6354
2281
2282
2283
2284
2285
2286
2287
2288
2289
2290
2292
2294
2295
2296
2297
2298
2299
2300
2301
2302
2303
2304
2305
2306
2307
2309
2310
2311
2312
12195
2313
2314
2315
2316
2318
2319
2320
2321
2322
43118
2323
2325
2327
2328
2329
2330
2332
2333
2335
2336
2337
2338
2339
2340
2341
2342
2343
6704
47542
2344
2345
2346
6715
2347
2348
2349
2350
2351
2352
2353
2354
2355
6790
2359
2360
2361
2362
2363
2364
2365
2366
2367
2368
2369
6878
2371
6879
2372
2374
2375
2376
6906
2377
2378
2379
2380
2381
2382
2383
6943
2385
2386
2387
2388
2389
2390
2391
2392
2393
2394
2395
2396
2397
2398
2399
2400
2401
2402
2403
2404
2405
2406
2407
2408
2409
2410
2411
2412
2413
2414
2415
2416
2417
2418
2419
2420
2421
2422
2423
7184
2425
2426
2427
2428
2429
2430
2431
2432
2433
2434
2435
2436
2437
2438
2439
2440
7306
2442
2443
2444
2445
2446
2449
2450
2452
2453
7381
2454
2455
2456
2457
2458
2459
2460
2461
2462
2463
2464
2465
2466
2467
7657
2468
2469
2470
2471
2472
2473
2474
2475
2476
2477
2478
2479
2480
2481
2482
2483
2484
2485
2486
7884
2487
2488
2489
2490
2491
2492
2493
2494
2495
2496
2497
2498
2499
2500
2501
2502
2503
2504
2505
2506
2507
2508
2510
2511
2512
2513
2514
2515
2517
2518
2519
2520
2521
2522
2523
2524
2525
2527
2528
2529
2530
2531
2532
2533
2534
2535
2536
2537
2538
2539
2540
2542
2543
2544
2545
2546
2547
2548
2549
2550
8967
2551
2552
2553
2554
2555
2556
2557
2558
9118
2559
2560
2561
2562
2563
2564
2565
2566
2567
2568
2569
2570
2571
2572
2573
2574
2575
2576
2577
2578
2579
2580
2581
2582
9435
2584
2585
2586
2587
2588
2589
2590
2591
2592
2593
2594
2595
2596
2597
2598
2599
2600
2601
2602
2603
2604
2605
2606
2607
2608
2609
2610
2611
2612
2613
2614
2615
2616
2617
2618
2619
2620
2621
2622
2623
2624
2625
2626
2627
2628
2629
2630
10161
2631
2632
2633
2634
2635
2636
2637
2638
2639
2640
2641
2642
2643
10302
2645
2646
2647
2648
2649
2650
2651
2652
2653
2654
2655
2658
2659
2660
2661
2662
2663
2664
10682
2666
2667
2668
2669
2670
2671
10712
2673
2674
10726
2677
2678
10733
2680
2681
2682
2683
10754
2684
2685
2686
2687
2688
2689
2690
2691
2693
2694
2695
2696
2697
2698
2699
10974
2700
2701
2703
2704
2705
2706
2707
2708
2709
2710
2711
2712
2713
11300
2714
2716
2717
2719
2720
2721
2722
2723
2724
2725
2726
11536
2727
2729
2730
2731
2732
2733
11626
2735
2736
2737
2738
2739
2740
2741
11687
2743
2744
2745
2746
2747
2748
2749
2750
2751
2752
2753
2754
2755
2756
2757
2758
2759
2760
2761
2762
2763
2764
2765
2766
2767
2768
2769
2770
2771
2772
2773
2774
2775
2776
2778
2781
2783
2785
12249
2787
2788
2789
2790
2791
2792
2793
2794
2795
2796
2797
2798
2799
2800
2801
2802
2803
2804
2805
2806
2807
2808
2809
2810
2812
2813
2814
2815
2816
2817
2818
2819
2820
2821
2822
12761
2824
2825
2826
2827
2828
2829
2831
2832
2833
2834
12942
2839
2840
12985
2843
2844
2845
2846
2847
2848
2849
2850
2851
2852
2853
2854
2855
2856
2857
2858
2859
2860
2861
2862
2863
2864
2865
2866
2867
2868
2869
2870
2871
2872
2873
2874
2875
2876
2877
2878
2879
2880
13564
2881
2882
13604
2883
2884
13610
2886
13611
2887
2888
2889
2890
2891
2892
2893
2894
2895
2896
2897
2898
2899
2900
2902
2903
2904
2905
2906
2907
2908
2910
2911
2912
2913
2914
2915
2916
2917
2918
2919
2920
2921
2922
2923
2924
2925
2926
2927
2928
2929
2930
2931
2932
2933
2934
2935
2936
2937
2938
2939
2940
2942
2943
2944
2945
2946
2947
2948
2949
2950
2951
14604
2952
2953
2954
14611
2955
2956
2957
2958
2959
2960
2961
2962
2964
2965
2966
2967
2968
2969
2970
14800
2971
2972
2973
2974
2975
2976
2977
2978
2979
2980
2981
2982
2983
2984
2985
2986
2988
2989
2990
2991
2992
2993
2994
2995
2996
2997
2998
2999
3000
3001
3002
3003
3004
3005
3006
3007
3008
3009
3010
3011
15547
3012
3013
105448
3014
3015
3016
3017
15653
3018
3019
15654
3021
3022
3024
3025
3026
3027
3028
3029
3030
3031
3032
3033
3034
3035
3036
15862
3040
3041
3042
3043
3044
15950
3046
3047
3048
3049
3050
3051
3052
3053
3054
3055
3056
3057
3058
3059
3060
3061
3062
3063
3064
59135
3065
3066
3067
3068
3069
3070
3071
3072
3073
3074
3075
3076
3077
3078
3079
3080
3081
3082
3083
3085
3086
3087
3088
3089
3090
3091
3092
3093
3094
3095
3096
3097
3098
3099
3100
3102
3103
3104
117585
3106
3110
3111
3112
3113
117466
3114
123495
3115
3117
3118
3119
3120
3121
3122
3123
3124
17328
17344
3127
3128
3129
3130
3131
3133
3134
3135
3136
3137
3138
3139
3140
3141
3142
3143
17835
3144
3145
3146
3147
3148
3149
3150
3151
3152
3153
3154
3155
3156
18436
3157
3158
3159
3160
3161
3162
3163
3164
3165
3166
3167
3169
3170
3171
3172
3173
3174
3175
3176
3177
18917
3179
3180
3181
3182
3183
3184
3185
3187
3188
3189
3190
3191
3192
3193
3194
3195
3196
3197
3198
3199
3200
3201
3202
3203
3204
3205
3206
3207
19907
3208
3209
19985
3211
3212
3213
3214
3216
3217
3218
3219
3220
3221
3222
3223
3224
3225
3226
3227
3228
3229
3230
3231
3232
20403
3233
3234
3235
3236
3237
3238
3239
3240
3241
3242
3243
3245
3246
3247
3248
3249
3250
3251
3252
3253
3254
3255
20770
3256
3257
3258
20814
3260
3261
3262
20856
3269
3270
3272
3273
43107
3274
20955
3277
3278
3280
3281
3282
3283
3284
3285
3286
3287
3288
3289
3290
3291
3292
3293
3295
3296
3297
3298
3299
3300
3301
3302
3303
3304
3305
3306
3308
3310
3311
3312
22139
3313
3314
3315
3316
3317
3318
3319
3320
3321
3322
3323
3324
3325
3326
3327
22424
3328
3329
3330
3331
3332
3333
3334
3335
3336
22485
3339
22526
3340
3341
3342
3343
3344
3345
3346
3347
3348
3349
3350
3351
3352
3353
3354
3355
3356
3357
3358
3359
3360
3361
3362
3363
3364
3365
3366
3367
3369
3370
3371
23084
3375
3376
3377
3378
3379
3380
3381
3382
3383
3384
3385
3386
3387
3388
3389
3390
3391
3392
3393
3396
3397
3398
3399
23549
3401
3402
3403
3404
3405
3406
3407
3408
3409
3410
3411
3412
3413
3414
3415
3416
3417
3418
3419
3420
3421
3422
3423
56422
3424
3425
3426
3427
3428
3429
3430
3431
3432
3433
3434
3435
3436
3437
3438
3439
3440
3441
3442
3443
3444
3445
3446
3447
67856
3448
3449
3450
3451
3452
3453
3454
3455
3456
3457
3458
3459
3460
3461
3462
3463
3464
3465
3466
3467
3468
3469
3470
3471
3472
3473
3474
25464
3475
3476
25469
25492
48021
3478
3479
3480
3481
3482
25814
3484
3485
3486
3487
3488
3489
3490
3491
3492
3493
3494
3495
26121
3496
3497
3498
3499
3500
3501
3502
3503
3504
3505
3506
3507
3508
3509
3510
3511
3512
3513
3514
3515
3516
3517
3518
3519
3520
3521
3522
3523
3524
3525
3526
3527
3528
3529
3530
3531
3532
3533
3534
3535
3536
3537
3538
3539
3540
3541
3542
3543
3544
3545
3546
27935
3547
3548
3549
3550
3551
3552
3553
3554
3555
3556
3557
3558
3559
3560
3561
3562
3563
3564
3565
3566
3567
3569
3570
3571
3572
3573
3574
3575
3576
3577
3578
3579
3581
3582
3583
3585
3587
3588
3589
3590
3591
127550
3592
3593
3594
3595
3596
29262
3598
3599
29302
3601
3602
3603
3604
29540
3605
3607
3608
3609
3610
3611
3612
3613
3614
3615
3616
3617
3619
3620
3621
3622
3623
3624
3625
3626
3627
3628
3629
3633
3634
3635
3636
3637
3638
3639
3640
3641
3642
3643
3644
3645
3646
3647
3648
3649
3650
3651
3652
3653
3654
3655
3656
3657
3660
3661
3662
3663
3664
3665
3666
3667
3668
3669
3670
3671
3672
3673
34913
3675
3676
3677
35003
3679
3680
3681
3682
3683
3684
3685
3686
3687
3688
3689
3690
3691
3692
3693
3694
3695
3696
3697
3698
3699
3701
3702
109539
3703
3704
3705
3706
3707
3708
3709
3710
3711
3712
3713
3714
3715
3716
3717
3719
3724
3725
3727
3730
3731
3733
3734
3737
3742
91560
3743
3744
3746
3747
3748
3749
3750
3751
3752
3753
3754
3755
3756
3757
3758
3759
3760
3762
3763
3764
3765
3767
3768
3769
3772
3774
3775
3776
3777
3778
3786
3789
3791
3793
3794
3795
3796
3797
3798
3799
3800
3801
3802
3803
3804
43319
3806
3807
43329
3809
3818
3819
3820
3821
3822
3827
3828
3829
3830
3831
3832
43928
3834
3835
3836
3837
3838
3839
3840
3841
3842
3843
3844
3845
3846
3847
3848
3849
3850
3851
3852
136157
3853
3854
3855
3856
3857
3858
3859
3860
3861
3862
3863
3864
3865
3866
3867
3868
3869
3870
3871
3872
3873
3874
3875
3876
3877
45135
3879
3880
3881
3882
3883
3884
3885
3886
3887
3888
45491
3890
45511
3891
3892
3893
3894
3895
86448
3896
3897
3898
3899
3900
3901
3902
3903
3904
3905
3906
3907
3908
3909
3910
3911
3912
3913
3914
3915
3916
3917
3918
3919
3920
3921
3922
3923
3924
3925
3926
3927
3928
3929
3930
3931
46867
3933
3934
3935
3936
3937
3938
3939
3941
3943
3944
3945
3946
3947
3948
3949
3950
3951
3952
3953
47465
3954
3956
3957
3959
3961
3963
3964
3965
3966
3967
3968
3969
3970
3971
99891
3972
3973
3974
3975
3976
3977
3978
3979
3980
3981
3982
3983
3984
3985
3986
61301
48686
3987
3988
3989
3990
3991
3992
3993
3994
3995
3996
3997
3998
4000
4004
4008
4019
4021
4022
4023
4024
4025
4026
4027
4028
4029
4030
4031
49947
4032
4033
4034
4035
4036
4037
4038
4039
4040
4041
4042
4043
4044
4045
4046
4047
4048
4049
50931
4051
4052
4053
4054
4055
4056
4057
4058
4059
4060
4061
4062
4063
4064
4065
4066
4067
4068
4069
4070
4071
4072
4073
4074
4075
4076
51964
4078
4079
52195
58128
4081
4082
52275
4084
4085
4086
4088
4089
4090
4092
4095
4101
4102
4103
4104
4105
4106
4107
4108
4109
4111
4113
4114
4115
4116
4117
4118
4119
4120
4121
4122
4123
4124
4125
4126
4128
4129
4130
4131
4133
4134
4135
4136
4137
4138
4139
4140
4141
4142
4143
4144
4145
4146
4147
55415
4149
4150
4151
4152
4153
4154
4155
4156
4157
4158
4159
70086
4160
4161
4162
4163
4164
4165
4166
4167
4168
4169
4170
4171
56151
4173
4174
4175
4176
4177
4178
4179
56420
4197
4198
4202
56609
4207
4208
4209
4210
4211
4212
4213
4215
4216
4217
4218
4219
4220
4221
4222
4223
4224
4225
4226
4227
4228
4229
4230
4231
4233
4234
125328
4235
4236
4237
4238
4239
4240
4241
4242
4243
4244
4245
4246
4247
4248
4250
58153
4251
4253
4254
4255
4256
4257
4258
4259
4260
4261
4262
4263
4264
4265
4266
4267
4268
4269
4270
4271
4272
4273
4274
4275
4276
4279
4280
4281
4282
4283
4284
4285
4286
4287
4288
4289
4290
4291
4292
4293
4294
4295
4296
4297
4298
59985
4299
4301
4302
4303
4304
4305
4306
4307
4308
4309
4310
4311
4312
4313
4314
4315
4316
4317
4318
60663
4319
4320
4321
4322
4323
4325
4326
4327
4328
4329
4330
4332
4333
4334
4335
4336
4337
4338
4339
4340
4341
4342
4343
4344
4345
4346
4347
4348
4349
4350
4351
4352
4353
4354
4355
4356
4357
127546
4358
4359
4360
127547
4361
4362
4363
4364
4365
4366
4367
4368
4370
4371
4372
4373
4374
4375
4376
4377
4378
63907
4382
4383
4384
4385
4386
4387
4388
4389
4390
4391
4392
4393
4394
4395
4396
4397
4398
4399
4400
4401
4402
4403
64991
4405
4406
4407
4408
4409
4410
4411
4412
4413
4414
4415
4416
4417
4418
65975
4420
4421
4422
4423
4424
4425
4426
66555
4428
4429
4430
4431
4432
4433
4434
4435
4436
4437
127548
127861
4438
4439
4440
4441
4442
4443
4444
4445
4446
4447
4448
4449
4450
4451
4452
4453
4454
4455
67753
4456
4457
4458
4461
4462
4463
4464
4465
4466
4467
4468
4469
4470
4471
4472
4473
4474
4475
4476
4478
4479
4480
4481
4482
4483
4484
4485
4486
4487
4488
4489
4490
4491
4492
4493
4494
4496
4497
4498
4500
4501
4502
4503
4505
4506
4507
4508
4509
4510
4511
4512
4513
4517
4518
4519
4520
4521
4522
4523
4524
4525
4526
4527
4528
4529
4530
4531
4532
4533
4535
71313
4537
4538
4539
4540
4541
4542
4543
4544
4545
4546
4547
4548
4549
4550
4551
4552
4553
4554
4555
4556
4557
4558
4559
4560
4561
4562
4563
4564
4565
4566
4593
4605
4611
72322
4613
4614
4615
4616
72707
4622
72709
4624
4625
4626
4627
4629
4630
4631
4632
4633
4634
4635
4636
4637
4638
4639
4640
4641
4643
4644
4645
73612
4647
4648
4649
4650
4651
4652
4653
4654
4655
4656
4657
4658
4659
4660
4661
4662
4663
4664
4665
4666
4667
4668
4669
4670
75818
4671
4673
4674
4675
4676
4677
4678
4679
4680
4681
4682
4683
4684
4685
4686
4687
4688
4689
4691
4692
4693
4694
4695
4696
4697
4698
4699
4700
4701
4702
4703
4704
4705
4706
4707
4708
4709
4710
4711
4712
4713
4714
4715
4716
4717
4718
4719
4720
4721
4722
4723
4724
4725
4726
4727
4728
4729
4730
4731
4732
4733
4734
4735
4736
4737
4738
4739
4740
4741
4742
4743
4744
4745
86160
4747
4748
4749
4750
4751
4752
4753
4754
4755
4756
4757
4758
4759
4760
4761
4762
4763
4764
4765
107197
112099
4766
4767
4768
4769
4770
4771
4772
4773
4774
4775
4776
4777
4778
4779
4780
4781
4782
4783
4784
4785
4786
4787
4788
4789
4790
4791
4792
4793
4794
4795
4796
4797
4798
4799
4800
91052
4802
4803
4804
4805
4806
4807
4808
4809
4810
4811
4812
4813
4814
4815
4816
4817
4818
4819
4820
4821
4822
4823
4824
4825
4826
4827
4828
92249
4830
4832
4833
4834
4835
4836
4837
4838
4839
4840
4841
4842
4843
4844
4845
4846
4847
4848
4849
4850
4851
4852
4853
4854
4855
4856
4857
4858
4859
4860
4861
4862
4863
4864
4865
4866
4868
4869
4870
4871
4872
4873
4874
4875
4876
4877
4878
4879
4880
4881
4882
4883
4884
4885
4886
4888
4889
4890
4891
4892
4893
4894
4895
4896
4897
4898
4899
4900
4901
4902
4903
4904
4905
4906
4907
4908
4909
4910
4911
4912
4913
4914
4915
4916
4917
4918
4919
4920
4921
4922
4923
4924
4925
4926
134535
4927
4928
4929
4930
4931
4932
4933
4938
4939
4940
4941
4942
4943
4944
4945
4946
4947
4948
4949
4950
4951
4952
4953
4954
4955
4956
4957
4958
4959
4960
4961
4962
4963
4964
4966
4967
4968
4969
4970
135106
4971
99952
4973
4974
4975
4979
4980
4981
4982
4983
4984
4985
4986
4987
4988
4989
4990
4991
4992
4993
4994
4995
4996
4997
4998
4999
5000
5001
5002
5003
5004
5005
5006
5007
5008
5009
5010
5011
5012
5013
5014
5015
5016
5017
5018
5019
102856
112098
5023
5024
5026
5027
5029
5030
5031
5032
5033
5034
5035
5036
5037
5038
5039
5040
5041
5042
5043
5044
103645
5046
5047
5048
5049
5050
5051
5052
5053
5054
5055
5056
5057
5058
5059
5060
5061
5062
5063
5064
5065
5066
5067
5068
5069
104573
5071
5072
5073
5074
5076
5077
5078
5079
5080
5081
5082
5083
5084
5085
5086
5087
5088
5089
5090
5091
5092
5093
5094
5095
5096
5097
5098
5099
5100
5101
5102
5103
5104
5105
5106
5107
5108
5109
5110
5111
5112
5113
107192
5121
5122
5123
5126
5127
5128
5129
5130
5131
5132
5133
5134
5135
5136
5137
5138
5139
5140
5141
5142
5143
5144
5145
5146
5147
5148
5149
5150
5151
5152
5153
5154
5155
5156
5157
5159
5160
5163
5164
5165
5166
5167
5168
5169
5170
5171
5172
5173
5174
5175
109304
109371
5179
5180
5181
5182
5183
5184
5185
5186
5187
5188
5189
5191
5192
5193
5194
5195
5196
5197
5198
5199
5200
5201
5202
5203
5204
5205
5206
5207
5208
5209
5210
5211
5212
5213
5214
5215
130885
5219
5220
5221
5222
5223
5224
5225
5226
5227
5228
5229
5230
5231
5232
5233
5234
5235
5236
5237
5238
5239
5240
5241
5242
5243
5244
5245
5246
5247
5248
5249
5251
5252
5253
5254
5255
5256
5257
5258
5259
5260
5261
5262
5263
5264
5265
5266
5267
5268
5269
5270
5271
5272
5273
5274
5275
5276
5277
5278
5279
5280
5281
5282
5283
5284
5285
116293
5286
116294
5290
5291
5292
5293
5294
5295
5296
5297
5298
5299
5300
5301
5302
5303
5304
5305
5306
5307
5308
5353
5376
5379
5380
5381
5382
5383
117468
117469
117470
135626
5395
5403
5407
5410
5411
5412
5413
5414
5415
5416
5417
5418
5419
5420
5421
5422
5423
5424
5425
5427
118627
5431
5432
5433
5434
5435
5436
5437
5438
5439
5440
5441
5442
5443
5444
5445
119893
5448
5449
5450
5451
5452
5453
5454
5455
5456
5457
5458
5459
5460
5461
5462
5463
5464
5465
5466
5467
5468
5469
5470
5471
144322
5475
5476
5477
5478
5479
5480
122585
5483
5484
5485
5486
122921
5492
5493
122995
5498
5499
5500
5501
5502
5503
5504
5505
5506
5507
5508
5509
5510
5511
5512
5530
5531
5532
5533
5534
5535
5537
5538
5539
5540
5541
5542
5543
5544
5545
5546
5547
5548
5549
5550
5551
5552
5553
5554
127549
5559
5564
5565
5566
5567
5568
5569
5570
5571
5572
5573
5574
5575
5576
5577
5578
5579
5580
5581
5582
5583
5584
5585
5586
5587
5588
5589
5590
5591
5592
5601
127551
5603
5604
5605
5606
5607
5608
127863
127868
5618
5619
5620
5621
5622
5623
5624
5625
5626
5627
5628
5629
5630
5631
5632
5633
5634
5635
5636
5637
5638
5639
5640
5654
5655
5656
5657
5658
5659
5660
5661
5662
5663
5664
5665
5666
5667
5668
5687
5688
5689
5690
5691
5692
5693
5694
5695
5696
5697
134779
5700
5701
5702
5703
5704
5705
5706
5707
5712
5713
5715
5716
5717
5718
5719
5720
5721
5726
5727
5728
5729
5730
5731
5732
5733
5736
5737
5738
5739
5740
5741
5742
5743
5744
5745
5746
5747
5748
5749
5750
5751
5752
5753
5754
5755
5756
5757
5758
5759
5760
5761
5762
5763
5764
5765
5766
5767
5768
5769
5770
5771
5772
5773
5774
5775
5776
5777
5778
5779
5780
5781
5782
5783
5784
5785
5786
5787
5788
5789
5796
5797
5798
5799
5800
5803
5804
5805
5806
5807
5808
5809
5810
5811
5812
6683
9433
16344
20692
20693
57661
107431
135878
