143469
138293
135084
134783
134779
134535
134526
134521
130643
130173
128142
127918
127868
127863
127861
127829
123224
122998
122527
122349
121461
119595
118377
117499
117497
117476
117471
117470
116682
116618
116293
115835
115521
115480
114074
113747
113746
113338
111273
109262
109025
108712
108587
108294
107135
106509
106464
105974
105421
104016
103528
102582
102453
102202
102088
101841
101721
101629
101562
101432
98122
96036
95892
95237
95217
94493
93925
93315
93000
92249
91717
91576
90947
89823
89577
89480
88988
88145
113726
81621
74756
72591
72477
72304
116788
71841
71840
70278
70276
69945
69893
69682
69527
69441
69051
68613
68309
67924
66952
66857
66333
65462
65050
64891
64409
63947
134538
63907
63774
63738
62412
61971
61838
61629
61140
61067
60460
60351
60240
60176
60057
59473
59409
59249
59134
58994
58993
58704
58316
58201
57662
57200
57161
57073
56963
55977
55752
55562
55332
55166
112553
54764
54232
54057
52974
52618
51901
134777
51304
51255
51141
128102
51050
51002
50962
50931
50033
50022
49567
48686
47774
47309
47304
47137
46885
46878
59421
46579
45879
45779
45564
45389
45324
58010
45168
45135
44917
44893
44886
44872
44839
44833
44801
44759
44751
44714
44709
134552
44658
44525
44480
44453
70086
44402
44203
44082
43999
43928
56161
43319
68802
43118
43107
43094
38424
37461
37039
62539
36855
36713
104316
33685
33550
31154
30975
30278
30275
30222
29540
28830
28718
28297
28185
28064
117948
28054
27915
27799
27508
27361
27152
27148
27083
27073
45524
26261
25547
25490
128205
25469
25464
63848
25322
25320
25238
25145
24961
24914
69806
24859
24777
24598
24596
24357
24269
24164
24015
23939
23861
23549
23449
23197
23158
23155
22531
22526
22485
22424
22395
47823
22139
21846
21308
21303
21239
21202
21174
117469
21154
20928
20770
46376
33534
20692
20641
20631
20519
20282
83852
19642
38475
19212
19193
44867
19183
18922
18917
18839
18756
18436
18402
17996
17967
107432
17538
17328
17108
17065
17021
16961
16945
16903
16745
16634
16622
16283
16215
16132
15664
15166
14938
14864
14800
14612
21018
14597
14596
14516
14233
14215
14087
14005
13927
13887
13798
13766
13684
13681
12834
12815
12813
12786
12765
12761
12754
12672
12669
12640
134540
12541
12509
12490
12464
12452
12422
12384
12368
18780
12359
12354
12353
12313
12299
12243
12234
12129
12107
12067
11840
11737
11557
11536
107709
11394
11040
68762
10973
10754
10750
10748
10712
10708
10699
10686
10661
10621
10593
55462
10515
55443
10496
10430
10424
10320
23003
10161
10152
9947
9317
9307
79889
9258
8860
8805
15091
8670
8657
8008
46520
7994
7918
7872
7827
26785
7522
7505
7381
7374
7237
7184
45698
7172
7044
6943
6930
6917
6879
6732
6704
19514
13093
6672
45079
6553
6415
6401
44921
6395
6390
6358
6354
6332
6331
89791
6318
6305
64086
6297
6288
12695
6274
6239
6238
6230
6229
57586
12639
6218
6214
6179
6157
63942
6153
6112
6056
63829
6040
6039
6027
6024
6020
5994
5934
5929
44446
12341
5920
5890
50801
5854
12249
5828
5823
18654
5812
5811
5810
5809
63597
5808
5807
5806
5805
18646
5804
5803
5802
5801
5800
5799
12219
5798
5797
5796
5790
5789
5788
82839
63576
5787
5786
25048
5785
5784
5783
102096
5781
5780
5779
5778
5777
50723
5776
5775
5774
5772
5771
5770
5769
5768
5767
5766
5765
25027
5764
5763
5762
5761
5760
5759
5758
5757
5756
5755
5754
5753
5752
5751
5750
5749
5748
121325
5747
5746
5745
5744
5743
5741
5740
25002
5739
5738
18579
5737
5736
50680
5733
63521
5732
5731
5730
63518
5729
5728
5727
5726
5723
5722
5721
5720
5719
5718
5716
5715
5714
5713
5712
5709
5707
5704
5703
5702
5701
5700
5699
5697
5696
5695
5694
5693
57059
5691
5689
5688
5687
5668
5667
5666
5665
5664
5663
5662
5661
5660
5659
5658
5657
5656
5655
5654
5640
114796
18481
5639
5638
5637
18478
5636
5635
5634
5633
5632
5631
5630
5628
5627
5626
44151
5625
5624
5621
5620
5619
89091
5618
24871
5608
5606
44131
5605
5604
5603
5601
5600
5593
5592
5591
5590
5588
24850
5587
5586
5585
5584
5583
5582
5581
5580
5578
11998
5577
5576
5575
5574
5573
5572
56939
5571
5570
5569
5568
5567
5566
5565
5564
5559
5554
5553
127551
5552
127550
5551
127549
5550
127548
5549
127547
5548
127546
69757
5547
5546
5545
5544
5543
5542
5541
5540
5539
11959
5538
5537
69746
5536
5535
5534
89006
5533
11953
5532
5531
5530
5519
5512
140352
24774
5511
5510
5509
5508
24770
5507
5506
5505
5504
5503
5502
5496
5494
5493
5492
5487
5486
5485
5484
11904
5483
5480
5478
5477
69686
5476
5471
5469
5468
114624
24730
5467
5466
5465
5464
5463
5462
5461
5460
5459
5458
5457
11876
5455
5454
5453
43978
5452
5451
5450
5449
5448
5443
5442
5440
5439
5438
5437
5436
5435
5434
24696
5433
5432
5431
5429
5427
5425
5424
5423
5422
5421
5420
5418
5417
5416
24678
5415
5414
24676
5413
69622
5412
5411
5410
5395
5394
5384
5382
5381
5380
5379
5377
5376
5372
11779
5358
5353
5332
5329
5308
30991
5307
5306
5305
5304
63092
5303
5302
5300
5299
5296
5295
63083
5294
24555
5292
5290
5288
5284
5283
5280
5279
5278
5277
5276
5275
5274
5272
5271
5270
69479
5269
5268
5267
11687
5266
5265
5264
56630
5262
5261
5259
5258
56625
5257
5256
5255
5253
5251
5250
5249
5246
5245
5244
133663
5243
5242
56609
5241
5240
5239
11659
5238
5235
5234
5233
5232
5230
5229
18070
5228
5227
5226
5225
5224
5223
5222
43747
5221
18062
11641
5220
5214
11633
5212
5211
5210
5209
5208
56575
18049
5207
5206
11626
5205
5204
5203
5202
5201
5199
5198
5197
5196
88668
5195
5194
5193
5192
5191
5190
5189
5188
75818
5187
5185
5184
43709
5183
5182
5181
5180
18021
5179
5176
5174
5173
5172
5171
5170
5169
5168
5167
114323
5166
5165
5163
69372
5162
5161
5160
5159
5158
5157
5156
5155
5153
5152
5151
5150
5149
5148
5146
5144
5143
127141
5142
5141
5140
5139
5138
5134
127132
5133
5132
5131
5130
11550
5129
5128
11548
5127
5126
5123
5122
5120
5112
5111
5109
5108
5107
5106
24368
5105
5104
5103
5102
5101
5100
5099
5098
5096
5095
5092
5091
5090
5089
50035
5088
5087
50032
5085
5084
5083
5082
5081
5080
5079
5078
5076
5074
5072
5071
5069
5068
5067
5066
5065
5064
5063
24324
5061
5060
56427
5059
5058
11478
5057
5056
5055
56422
5054
5053
56420
11473
5052
11472
5051
5049
5048
5046
5044
5043
5041
5040
5039
5038
5036
5035
5034
5033
5032
5031
5030
5026
107759
5023
5022
5019
5018
5016
5015
5014
5013
5012
5011
5009
5008
49952
5005
5004
5003
5002
49947
5000
4999
4998
4997
4996
4995
4994
17835
4993
107728
4992
4991
4990
4989
4988
11408
4987
4986
4985
4983
4982
4981
4980
4975
4974
4972
37075
4970
4969
4968
4967
4966
4965
4964
4963
4962
4960
4959
4958
4957
4956
69165
4955
4954
4953
4952
4951
4950
4949
4947
4946
4945
4944
4943
11363
4942
4941
114097
4940
4939
4938
49880
4933
4932
4931
4930
4929
4928
4927
4926
4925
4924
4922
4921
4919
4918
4916
4915
4914
4913
4912
4911
56278
4910
4909
4908
4907
4906
4904
56271
37008
4903
4902
4900
4899
4898
4897
4896
4895
4893
4892
4891
114047
4890
4889
11309
4888
4887
4886
4885
4884
4883
4882
4881
4880
11300
4879
4878
17719
4877
4876
4875
4874
4872
4871
4870
4869
4868
4867
4866
4864
4863
36966
4861
43386
4860
49806
4859
4858
4857
4856
4855
4854
4853
4852
24114
4851
4850
4849
107584
4848
107583
4847
4844
4843
4842
4840
4838
4837
4836
4835
4834
4833
4832
4831
4830
4828
4827
4826
4825
4824
4823
4822
4821
4820
4819
4818
4817
4815
4813
4812
4811
4810
4809
11229
4808
4807
4806
4805
4804
43329
36908
4803
4800
43324
4798
4796
4795
4794
4792
4791
4790
4789
24051
4788
4787
4786
107520
4784
107519
56151
4783
4782
4781
4779
4778
4777
24039
4776
56143
4775
4774
4773
4772
4771
4769
4768
4767
4766
49712
4765
4764
4763
4762
4760
4759
4758
4756
4755
4754
139594
4753
4751
4749
4748
4747
4744
4743
4742
4741
4740
4739
49685
4738
4737
4736
4735
4734
4733
107468
43258
4732
4731
4730
4729
4728
4727
4726
4725
17566
4724
4723
94616
4722
4721
4720
17561
4719
4717
4716
23978
4715
49661
4714
11134
4713
4712
17552
4710
43235
23972
4709
4706
4705
4703
4702
4701
4700
4699
4698
4697
4694
4693
4692
4691
4690
4689
11109
4688
62476
4687
4686
4685
4684
4683
4682
4681
4680
4679
4678
4677
4675
4674
4673
4671
4670
4669
4668
4667
4666
49612
4665
17506
4664
4663
4662
4661
4660
4659
4658
4657
4656
4655
4654
4653
4652
4651
36755
4650
81701
4649
4648
4647
88118
4645
4644
4643
4642
4640
4639
4638
4637
4636
4635
4634
4633
4632
4631
4630
4629
43154
4628
23890
4627
4626
4625
4622
11038
4617
4615
4614
4613
4605
4593
4577
23839
4576
81622
4570
10987
4566
10986
4565
4564
4563
4562
4561
4560
4559
4558
126555
55924
4556
4555
94447
10974
4553
4551
4550
4549
4548
10968
4547
10967
4546
4545
4544
17385
4543
4542
4540
4539
4535
4534
4533
4532
43057
4531
4530
4529
4528
4527
4526
10946
4525
4524
4523
36627
4522
4521
4520
4519
4517
4516
87986
4513
4512
4511
4510
4509
17350
4508
4506
4504
132923
4503
17344
4502
94395
4501
55868
4500
4498
4497
4496
4495
4494
4493
4492
4491
10911
4490
4488
4487
4485
4484
4483
23745
4482
4481
10901
4480
4479
4478
4477
4476
4475
4474
4473
4471
4470
55837
4469
4468
68677
4467
4466
4465
4464
4462
107197
4461
107196
4460
107194
4458
4457
107192
4456
4454
4453
4452
10872
4451
4450
4449
68658
4448
4447
4446
4445
4444
4443
4442
4441
4438
4436
4435
4434
94326
4432
4429
4428
4426
4425
4424
4422
4421
4420
4416
4415
4414
4413
4412
4411
4410
17251
4409
10829
4408
4406
4405
4404
10822
4401
4398
4397
4396
4395
4393
4392
49338
4391
4389
4388
4387
4386
4385
4383
4381
4380
4377
4376
4374
4372
4370
4369
49315
4368
4367
4365
23627
4364
4363
4362
4361
4360
4359
4358
4357
4356
4354
4352
4350
4349
4348
4347
4346
4345
10764
4343
4342
4341
4340
4339
4336
4335
4334
4332
4330
4326
4325
4324
4323
4320
4319
4310
4307
4306
4304
4302
4301
10715
4294
4288
4284
4268
4256
55616
4248
4245
4242
4239
4234
4233
4230
4217
4216
4214
4177
4168
4165
4164
4163
68368
4158
4156
10563
4142
4135
4133
4127
4118
4114
55481
4113
4111
4105
4092
4084
4068
4059
4056
4045
4043
4042
4039
4026
4019
4008
3995
3982
3976
3954
16772
3930
3929
3927
3923
3918
3905
10312
3891
3884
3874
3863
3849
3848
3835
3820
10214
3793
10199
3778
3765
3758
23009
3746
3737
3734
3730
3725
10136
3715
16554
3712
3706
3704
29386
3702
29384
3700
3699
3690
3673
3670
3663
3661
3650
3649
3645
3643
29302
3618
3614
3596
3582
3580
29262
3578
3553
3539
3535
3520
3518
3514
61301
3512
3511
3500
3486
3473
54828
3460
3454
3434
3424
3422
3413
3404
3391
3389
3387
3386
3383
3359
3357
3354
3352
3347
3344
3342
22602
3339
3336
125328
3329
3311
3308
3276
93124
3230
3205
3201
3200
3199
22461
3198
3196
3195
3194
3192
3190
3189
3188
3187
16028
3186
3185
3182
3181
3180
3177
3176
3175
3172
3171
3170
3168
3167
3166
3165
28848
3164
54531
3163
3162
3160
67368
3158
3157
3155
3154
3153
3152
3151
3150
60938
3149
9568
3147
3145
3144
3142
3141
3140
112296
3139
3138
3137
22398
3135
3134
3133
48078
3131
3130
3129
3128
3127
22386
3123
3122
3121
15962
3120
3119
9538
3117
3114
3113
3112
3111
15950
3108
3107
54472
22367
3104
3103
99417
3102
3101
3100
22362
3099
3097
3096
3093
105827
3091
3089
15930
3088
3086
3085
3084
3082
22343
3080
3078
3077
3076
3075
48021
3074
3073
3072
3071
22333
3070
3068
9488
3067
3066
3065
3064
3063
3062
3061
144322
3060
3059
3058
3057
48003
3056
3055
22317
3054
3053
15894
3052
3051
3050
118627
3049
112205
3048
3047
3046
3044
3043
3042
3041
3039
3036
3033
86502
3029
15870
3028
3027
3026
3024
3023
3022
15862
3020
3018
3017
3016
3015
9435
3014
3013
67222
9433
3012
118588
3010
3009
9427
3006
3005
28688
3004
3003
3002
3000
2999
2998
2997
2996
2994
15835
2993
2992
99306
15833
2991
2989
2988
2987
2986
2985
15826
2984
2983
2982
73612
2981
2980
2979
67188
2978
15819
2977
60765
2976
86448
2975
15816
2974
2973
2972
2971
2970
2968
2967
2966
2964
2963
2962
2961
2960
2959
2958
9378
2957
2955
2954
2953
22215
2952
2949
60737
2948
2947
2945
2944
2943
112099
2942
112098
47888
2941
2940
2939
2938
2937
2936
2935
2934
2932
2931
60719
2930
2929
2927
2926
2923
2922
2920
2919
2916
2915
2914
2913
2912
2911
2910
112066
2909
2908
15748
2906
2905
2902
2901
2900
35003
9319
2898
2897
2895
2894
2892
2891
2890
2889
67098
2888
2887
2885
2883
2882
2881
22142
2879
2878
2877
2875
92768
60663
2874
2873
2872
2871
2870
2869
2868
60655
2866
2865
92757
2863
2862
2861
2860
2858
2857
2856
2855
15696
2854
2853
2852
2851
2850
2849
2848
9266
2845
2844
54211
2843
2841
2840
2839
79890
2838
2835
15676
2834
2833
2832
2830
28508
2824
2823
9242
2821
2820
2819
2818
2817
9237
2816
2815
2814
2813
34917
15654
2812
15653
2811
2810
2809
34913
2808
2807
2806
2805
2804
2803
2802
2801
2800
2798
2796
73425
2794
2793
2792
2791
2790
2789
2788
2787
47732
2785
2783
2781
2778
2776
2775
2774
2772
2771
2770
2769
2767
2766
54133
2765
2764
2763
2762
2761
2760
2759
2758
2757
2756
2754
2753
2752
2751
2749
28432
2748
2747
2746
2745
2744
2739
9158
2737
2736
2735
2733
2732
2731
2730
2729
2727
2726
2725
2724
2722
2721
2720
66928
2718
66927
2717
60504
47662
2715
2714
2712
2711
2710
2709
47655
2708
54075
2707
2706
15547
2705
2703
2702
2701
15542
2700
2699
9118
2697
2696
2695
2693
105428
2692
2691
86163
47637
2690
86160
2687
105422
2686
2684
2682
2681
2680
2679
2678
54045
2677
2676
28356
2672
2670
2669
2668
54035
2667
2665
2664
15505
2663
28345
2661
2660
2659
2658
2657
2656
15497
2655
2653
2652
28335
2651
2650
2646
2643
2642
2641
2640
2639
2638
2637
2636
2634
2633
2631
2629
60417
2628
2627
2626
2624
2623
2621
2620
47566
2619
2618
2617
2615
2612
2611
2610
2609
2608
2607
2606
2605
60393
2604
2603
21865
2602
2601
2600
2599
2598
2597
2596
47542
2595
2593
2592
2591
2590
2589
2588
2587
2586
2585
2584
2582
2580
2579
2578
2577
28260
2576
2575
2574
2571
2569
2568
2567
2565
2563
2561
2560
118137
28243
2559
60346
2557
2556
2555
2554
2553
2552
130971
2551
2550
2549
2547
8967
2546
2545
2544
2543
2542
2541
2540
2539
34643
2538
2537
2536
2535
2534
2533
2532
2531
2530
2528
2527
2526
2525
2524
2523
2522
2521
2520
2519
47465
2518
2517
2516
8936
2515
2514
105249
2513
2512
2511
2510
2509
2508
2507
2505
2504
2503
2502
2497
28180
2496
2493
2491
28174
2490
15331
2489
2488
66697
2487
8907
2486
2485
2484
2482
2480
98794
2479
2477
2476
2475
2473
2472
2471
2470
2468
2467
66676
47413
2466
130885
2465
2464
2463
2462
111618
2461
15302
2460
2459
2458
2457
2456
2455
2454
28137
2453
2450
2449
2448
2447
15288
2446
2445
2444
66653
2443
2442
2441
2440
2438
2437
15278
2436
2435
2433
2432
2430
2429
2428
53795
2427
2426
47372
2425
2422
2420
2419
2418
2417
2416
2415
2414
2413
66622
2412
2411
2410
2409
2407
47353
2406
2405
2404
2403
2402
2401
2399
2398
2397
2396
2395
2394
2393
2392
2391
15232
2390
2389
2388
2386
2385
15225
2383
2382
2381
2378
2377
2374
2373
15214
2372
2369
2368
8788
2367
2366
2365
2364
2363
2361
47306
28043
2359
2358
2356
8775
2354
2353
2352
2351
15192
2350
2349
2348
2347
66555
2345
2344
2343
143603
2341
2340
2339
2338
2335
15176
2334
2333
2332
2330
2329
2328
2327
2325
2323
2322
2321
2320
2319
2318
21579
2316
2315
2313
2312
2311
2310
2309
2308
2305
2304
2302
2301
2299
2298
2297
2295
2294
27976
2292
2290
2289
2288
2287
2286
27967
2283
2282
2281
2278
2277
2276
2275
2274
2273
2272
2269
2267
2266
2265
2264
27947
2263
2262
2261
2259
2257
2256
2254
34357
2252
27935
15093
8672
2251
2246
2244
2243
2242
2241
2240
2239
2238
104973
8658
2237
2234
2232
2230
2229
2228
2227
2226
60014
2225
2224
27906
2222
2221
2220
2219
2218
60006
2217
2216
2215
2214
2213
2212
2211
2210
2209
8629
2208
2204
2203
2200
2199
2198
2197
59985
2196
15037
2195
2194
2193
2192
8612
2191
79241
2189
2188
2186
2185
2184
2183
2182
2181
2180
8600
2179
2178
2177
2176
2175
2174
2173
2172
2171
2170
59958
2169
2168
2166
2165
2164
2163
117740
2162
2160
2159
2157
2154
72782
2151
2149
2148
2147
2145
8565
2144
2143
2142
2141
2140
2139
2138
2137
2136
2135
2134
2133
2132
2131
21393
2130
2129
2128
2126
2125
2124
2121
2114
2106
14942
2100
2098
2094
2093
2067
2057
2055
2043
2039
2008
1987
98289
1974
1972
46867
1920
1915
59701
1912
46855
1908
1906
117472
1894
1880
1867
1856
1854
1848
1840
1828
98113
1798
91690
1796
8204
1783
8202
1781
1751
59537
46695
1748
33841
1736
1733
1732
1730
1729
1723
1708
1705
1702
1670
1624
1599
1596
1595
1594
20856
1593
1591
1590
27272
1588
1586
72215
1584
1583
8002
1581
1579
20841
1578
1577
1576
1572
1569
1568
1567
1566
1565
27248
1564
1563
1561
1560
1559
1557
1556
1555
1554
20814
1551
1550
1549
1547
1546
1545
20807
1544
1543
1542
1541
7960
1539
1538
1537
1535
1534
1532
110688
1531
1529
1528
1527
1525
1522
59306
27201
7938
1517
1515
59301
7933
1512
117089
1511
1510
1509
1508
1506
1503
1502
7922
1501
1500
1499
20761
7919
1498
123495
1496
1493
1492
1491
1490
1489
1488
1487
59274
1485
20747
1484
7904
1483
1482
1481
33585
1480
1479
1478
1477
1476
72106
1475
52842
7895
1474
1472
1470
1469
7888
1467
1466
7884
1463
1462
1458
1456
1455
1454
1452
1450
1449
20711
1448
7868
1447
78498
1446
1444
46390
1443
1440
1438
1437
1436
104171
1435
1434
1433
7853
1432
1431
20693
14272
1430
1428
1427
1426
1425
7844
1423
1422
1421
1420
1419
1418
1417
1416
1415
1413
1412
1411
1409
1408
14249
7828
1407
1405
1404
1403
1402
1401
1400
1398
1396
1395
27078
1394
1393
14234
1392
1388
1387
1386
78437
27069
20648
1385
1384
59172
1383
1382
1380
1379
1376
1375
1374
1372
1371
1370
1369
1367
71997
1366
1365
20627
1364
1362
1360
7780
1359
1358
1357
1356
1353
1352
1351
1350
1349
1348
1347
59135
7767
1346
1344
1342
1341
1340
1339
1338
1337
1336
20598
1335
1331
1330
1329
1328
1327
1326
1324
1323
1320
1319
1318
1317
136157
1316
1315
1314
1313
1312
1311
1310
1309
14150
1308
1307
1306
1305
46251
1304
1303
1302
1301
1300
1299
1298
26981
1297
1296
71926
1295
1294
26976
1292
1291
1290
1287
1286
1285
1284
1283
1282
1281
1279
1278
1277
1276
1274
1273
1272
1271
20533
1270
14111
1269
1268
20530
1267
116844
1266
1264
1263
1262
14103
1261
7681
1260
1259
1258
1257
1255
1254
1253
65461
1251
1249
1246
1242
1241
20503
7661
1240
1239
1238
1237
7657
1236
1235
1234
1233
1231
1230
71860
20492
1229
1228
1227
1226
1224
1220
1219
14060
1218
1217
1216
1215
1214
1212
1208
1207
46153
20469
1206
46150
1203
1202
1201
14042
1200
1199
1198
1197
1196
1194
1193
1192
1191
1190
1188
116765
1187
1185
14026
1184
1183
1180
1179
1178
1177
1176
1175
1174
1173
1171
14012
1170
1169
1168
20429
1166
1162
1161
91053
14001
1159
91052
1158
1156
1155
1154
1153
1152
1151
1148
97462
1147
52514
1146
1145
1142
1141
20403
1140
1138
1137
1136
1135
103870
7555
1134
1133
1132
1131
1128
1126
1124
1123
1122
13963
1121
1120
97434
1119
91012
1118
1117
39642
1116
4318
103851
1115
23580
4317
1114
4316
1113
119893
4315
1112
119892
10735
4314
1111
4313
1110
10733
4312
1109
4311
1108
1106
4308
84578
1105
10726
4305
20365
1102
1097
4299
1096
4298
1095
4297
1094
4296
1093
4295
1092
4293
1090
4292
1089
1088
65297
1087
71717
1086
1083
4285
1082
1080
1079
1078
4280
46024
1077
1076
1074
4276
1073
4275
1072
49219
4272
20332
1069
4271
1068
4270
1067
107005
4269
20329
1066
4267
1064
1063
123061
1062
4264
1061
4263
1060
4262
1059
10682
4261
13900
1058
4260
123056
1057
1056
1055
4257
1054
4255
1052
1051
4253
1050
65259
1049
23514
4251
1048
1047
4247
90938
1044
4244
1041
4241
135879
1038
100553
4238
1035
4237
1034
4236
1033
4235
13874
1032
4232
116607
1029
4231
1028
55597
4229
1026
4228
20288
1025
1024
4226
1023
4225
1022
4224
1021
4221
1018
4220
13859
1017
4219
1016
23481
4218
13857
1015
4215
1012
4213
1010
4212
1009
4211
1008
71638
1007
4209
123005
1006
1005
55575
4207
1004
97318
1003
1002
4204
1001
1000
998
997
122995
996
995
4197
994
13835
993
992
122989
990
989
7409
988
986
984
983
4185
982
4184
71612
981
980
13821
979
978
977
58765
976
17020
4178
975
4176
973
113332
4175
972
971
4173
970
969
968
967
4169
45913
966
113324
4167
964
4166
963
7380
959
4161
26642
958
4160
957
129374
954
952
4154
951
4151
58737
948
4149
946
4144
941
4141
938
4139
936
933
4132
929
7344
923
4108
905
870
4027
824
3999
796
3998
97110
795
103530
794
3996
793
3994
791
3993
790
3992
789
3991
788
787
3989
786
3988
135626
785
81039
3987
784
783
3985
782
3984
64991
13623
781
3983
780
93875
3981
45725
778
3980
64987
777
3979
776
3978
775
3977
774
3975
772
45718
771
3973
64980
770
10393
3972
13611
769
3971
13610
768
81022
3970
767
766
765
3967
764
13604
762
760
759
3961
758
757
3959
756
755
3957
754
10377
3956
90647
71384
753
750
23215
3952
749
3951
748
747
7167
746
71376
745
3947
7165
744
743
3945
742
3944
741
3943
740
3942
739
738
3940
737
3939
7157
736
3938
735
3937
734
3936
733
93829
3935
732
731
3933
7151
730
729
3931
7149
728
725
723
3925
19985
13564
722
3924
721
3921
718
717
3919
116294
716
64924
714
3916
7134
713
74546
3915
7133
712
3914
711
3913
710
3912
709
708
707
706
113065
3908
26389
705
3907
704
703
700
16744
3902
699
3901
698
696
3898
695
3897
694
3896
7114
693
692
691
3893
690
32794
689
687
129106
686
3888
685
10308
3887
45631
684
3886
683
3885
71313
682
3883
680
679
10302
3881
13520
678
3880
677
3879
676
675
3877
674
113033
3876
673
672
3873
670
669
668
103403
667
666
665
664
3866
663
3865
7083
662
3864
661
3862
659
3861
658
3860
657
3859
19919
656
3858
655
3857
13496
654
13495
653
16696
3854
651
3853
650
3852
649
3851
648
3850
7068
647
19907
644
3846
643
642
13482
640
3842
639
23104
3841
638
3839
13478
636
16680
3838
635
16679
3837
634
23099
3836
7054
633
7052
631
630
629
23094
16673
3831
628
3830
96942
627
3829
77678
626
3828
7046
625
3827
13466
624
7043
622
26305
621
620
3822
619
23084
3821
51986
26302
618
3819
616
3818
615
614
3816
613
612
611
610
68022
3812
609
608
10230
3809
606
605
3807
7025
604
45550
603
602
3804
601
3803
600
61591
3802
599
3801
598
48747
3800
597
3799
51964
596
32700
7016
595
3797
594
593
29479
10216
3795
592
3794
51959
591
589
3791
588
587
3789
122585
586
585
584
3786
109740
583
581
26264
580
579
578
576
3777
574
3776
573
3775
572
67984
3774
571
570
10193
3772
569
568
567
3769
566
3768
565
3767
45511
26248
6985
564
3766
563
3764
561
10184
3763
560
3762
51927
559
3761
558
3760
26241
557
3759
556
3757
554
3756
135394
553
3755
552
3754
551
3753
550
3752
549
548
3750
6968
547
87221
3748
545
3747
45491
6965
544
542
58330
541
3743
109697
540
3742
539
538
103273
537
536
535
532
3733
530
529
526
525
67934
3724
521
2117
3723
520
519
3721
518
3719
516
2112
515
2111
3717
514
2110
3716
513
3713
510
2105
55079
3711
508
3710
507
3709
506
2102
22971
3708
505
2101
10128
3707
504
2099
3705
502
2097
3703
500
2095
3701
6919
498
2092
93592
35803
3698
26179
495
3697
494
2090
3696
493
2089
492
22957
3694
491
2087
3693
490
2086
3692
32594
489
2085
3691
488
2083
3689
486
3688
19748
6906
485
2081
10108
3687
484
2080
483
2079
3685
482
72709
8499
2078
3684
481
2077
22946
3683
480
72707
2076
3682
479
2075
3681
6899
478
2074
119258
22943
3680
477
22942
10100
3679
476
2072
58264
475
72702
2071
474
2070
22939
3676
122472
473
2069
3675
472
2068
3674
471
3672
469
2065
3671
468
2063
3669
466
3668
465
16509
10088
3667
464
2060
3666
463
3665
462
66268
59847
2058
3664
45408
461
3627
424
104732
1996
115977
26083
399
396
3598
395
1991
13236
394
6813
392
1988
3594
391
3592
389
3591
388
1984
3590
6808
387
3589
386
3588
385
59770
1981
3587
384
1980
3586
383
1979
3585
109539
382
1978
3584
6802
381
3583
380
3581
378
1973
3579
376
3577
32479
374
99891
3576
373
34074
1969
3575
372
3574
6792
371
1967
99888
3573
370
3572
13211
6790
369
1965
99886
93465
3571
368
367
1963
3569
366
1962
3568
365
22830
3567
115942
58153
26048
364
22829
3566
363
1959
3565
19625
362
22827
3564
361
360
3562
359
26042
358
357
356
355
3557
354
3556
353
1949
3555
352
3554
13193
351
3552
13191
349
1945
348
347
3549
346
1942
3548
345
3547
344
1940
3546
343
3545
342
3544
341
1937
67753
3543
26024
340
3542
58128
6760
339
1935
338
6758
337
1932
3538
335
3537
45281
334
3536
333
3534
331
22796
3533
330
1926
329
1925
328
1924
3530
19590
327
143185
1923
326
325
3527
324
3525
322
67733
3523
320
3519
13158
316
3516
313
21172
8330
1909
312
1907
106249
3513
310
307
3509
6727
306
86981
3508
305
46848
1901
3507
304
1900
3506
303
34004
1899
302
3504
13143
301
1897
300
1896
16344
3502
299
29185
3501
298
3499
296
295
3497
6715
294
117468
1890
3496
293
1889
3495
292
117466
1888
3494
291
1887
3493
290
117464
1886
289
1885
3491
288
1884
287
1883
3489
286
1882
29172
3488
285
59670
14723
1881
29171
3487
284
1879
3485
282
1878
3484
281
136718
1877
280
3482
279
1875
3481
278
27558
1874
3480
277
1873
9900
3479
276
9899
3478
275
46818
1871
274
1870
3476
273
1869
3475
272
1868
3474
6692
271
1866
3472
269
3471
268
1864
3470
267
1863
3469
96581
266
1862
3468
135106
265
3467
264
27544
1860
3466
64473
263
22728
3465
6683
262
104594
1858
3464
261
1857
260
258
1853
3459
256
1852
22721
9879
3458
128675
255
70885
254
1850
3456
253
1849
3455
252
1847
3453
13092
250
249
3451
248
1844
3450
247
14685
1843
3449
246
1842
3448
245
1841
3447
244
1839
3445
242
1838
3444
64451
241
104573
1837
135081
240
3442
45186
6660
239
1835
238
14676
1834
3440
237
1833
3439
19499
236
1832
235
1831
3437
234
14672
1830
233
3435
58021
232
3433
230
1826
3432
19492
229
14667
1825
228
227
3429
226
1822
3428
225
1821
3427
224
72424
1793
3399
196
1792
22661
3398
195
1791
3397
194
1790
193
1789
3395
192
1788
3394
191
1787
190
1786
3392
189
8205
1784
3390
187
1782
3388
185
9806
3385
19445
182
1778
3384
13023
181
3382
179
1775
3381
178
3380
19440
177
1773
3379
176
21035
1772
3378
175
22640
3377
174
173
1769
3375
172
1768
171
1767
170
1766
3372
169
65975
1765
3371
168
1764
16212
3370
13009
167
14605
8184
1763
3369
166
14604
1762
3368
6586
165
1761
3367
164
1760
3366
163
162
1758
3364
161
1757
160
159
158
3360
157
155
4153
950
1750
93250
3356
153
4152
949
65959
1749
3355
152
947
1747
3353
150
945
46692
1745
148
87620
4147
26628
944
3350
109304
147
4146
943
3349
12988
146
58731
942
1742
3348
145
55511
4143
940
3346
12985
143
1739
3345
6563
142
4140
937
1737
140
935
1735
3341
77190
138
4137
934
1734
3340
137
4134
931
1731
3337
57923
134
928
1728
3334
131
927
27411
1727
3333
25814
130
16971
4129
926
1726
80384
3332
129
4128
925
1725
128
1724
93224
3330
127
122921
922
3328
125
4124
921
1721
124
920
3326
123
1719
122
4121
918
1718
54692
3324
121
4120
917
20980
1717
102856
120
13758
916
3322
119
1715
118
4117
914
33819
1714
3320
117
4116
103649
913
3319
116
4115
912
1712
22581
3318
6536
115
1711
3317
114
1710
9737
3316
113
4112
103645
909
3315
112
4110
52275
907
1707
3313
57899
110
4109
906
1706
109
4107
904
1704
3310
107
4106
903
1703
3309
106
4104
45848
901
3307
104
900
3306
103
4102
899
27383
1699
102
4101
898
3304
101
897
1697
3303
12942
100
896
104432
14538
1696
3302
99
58682
893
1693
3299
96
4095
892
104428
20955
1692
3298
51463
95
891
72322
1691
3297
94
890
1690
3296
6514
93
1689
3295
92
888
72319
1688
3294
91
10511
4090
887
61082
3293
90
29773
4089
886
1686
3292
89
4088
58674
7306
885
88
4087
52252
884
87
4086
883
1683
3289
86
4085
882
85
3287
84
880
14522
1680
83
4082
879
3285
19345
82
4081
90772
878
1678
81
20140
7298
877
22546
3283
80
876
3282
79
4078
875
3281
78
4077
874
22543
3280
77
873
3279
122075
76
1672
75
1671
74
4072
869
1669
64282
72
104404
1668
6492
71
4070
867
104403
1667
3273
70
866
91560
1666
3272
69
3271
68
4067
864
14506
1664
3270
96382
67
4066
863
9690
3269
66
16907
4065
7283
862
1662
65
4064
861
46608
1661
3267
64
4063
860
1660
3266
63
2056
459
4062
859
1659
3265
45009
62
1658
134902
61
3660
6878
457
857
1657
6481
60
27737
2053
456
3262
59
2052
3658
455
1655
3261
58
2051
454
4057
7275
854
1654
3260
6478
57
2050
3656
453
56
3655
452
100370
4055
7273
852
86731
3258
55
2048
451
4054
851
1651
3257
12896
54
4053
65060
850
3256
53
2046
3652
449
4052
849
3255
52
3651
448
4051
20111
848
3254
51419
51
4050
7268
847
3253
50
846
14488
1646
3252
49
67856
3646
443
4046
843
3249
70677
46
1642
61037
3248
45
3644
441
4044
841
1641
3247
44
1640
3246
43
439
1639
42
3641
438
4041
838
1638
3244
41
3640
51805
26121
437
4040
837
1637
3243
77092
40
2033
3639
436
40162
27320
1636
39
2032
3638
435
10459
4038
835
1635
38
14873
2031
99952
3637
434
834
1634
67450
3240
37
3636
433
4036
7254
833
3239
36
2029
3635
432
35
2028
3634
431
4034
831
1631
3237
34
14869
2027
430
71461
830
1630
33
2026
3632
429
4032
829
1629
3235
32
2025
428
828
97943
46575
1628
31
427
29714
4030
52195
827
1627
3233
30
2023
3629
426
4029
826
1626
29
3628
122424
58214
19688
425
825
1625
3231
28
21083
1820
3426
223
2020
3626
423
1623
3229
26
1819
3425
222
67835
3625
422
4025
122821
822
3228
25
66228
2018
61413
3624
421
4024
821
1621
24
66226
2016
3622
419
819
22
218
3621
418
4021
818
3224
21
217
2014
3620
417
817
3223
20
1813
3419
25900
216
2013
3619
416
1616
19
3418
215
815
3221
18
3417
109371
214
3617
414
814
3220
6438
17
3416
213
2010
3616
413
1613
3219
6437
16
3415
6633
212
4015
812
8033
1612
3218
15
3414
211
10435
4014
811
1611
3217
6435
14
117585
2007
3613
64620
410
1610
3216
13
16254
3412
6630
209
3612
409
809
1609
9636
3215
12
1804
3410
207
2004
10031
3610
407
807
1607
73844
3213
10
1803
6627
206
3609
406
3212
9
6626
205
27686
2002
3608
405
3211
12850
8
1801
3407
122203
204
3607
404
7225
804
1604
7
59589
1800
3406
203
2000
109560
403
4006
803
1603
3209
19269
6
71032
401
4004
801
1601
3207
4
1797
29087
3403
90094
200
3603
400
14442
1600
3206
3
2042
3648
90339
445
4048
7266
845
1645
3251
48
895
1695
3301
98
1795
3401
198
3601
51766
398
798
1598
3204
1
59588
1799
3405
96517
202
3605
402
802
35313
3208
5
3411
208
3611
408
808
1608
11
3423
220
2017
22886
3623
420
4023
820
3226
23
2041
444
55415
4047
844
1644
9671
3250
47
26578
894
65904
1694
3300
97
14636
1794
197
397
4000
797
1597
9624
3203
0
