16031
16030
16029
16028
16027
16026
16025
16024
16023
16022
16021
16020
16019
16018
16017
16016
16015
16014
16013
16012
16011
16010
16009
16008
16007
16006
16005
16004
16003
16002
16001
16000
15999
15998
15997
15996
15995
15994
15993
15992
15991
15990
15989
15988
15987
15986
15985
15984
15983
15982
15981
15980
15979
15978
15977
15976
15975
15974
15973
15972
15971
15970
15969
15968
15967
15966
15965
15964
15963
15962
15961
15960
15959
15958
15957
15956
15955
15954
15953
15952
15951
15950
15949
15948
15947
15946
15945
15944
15943
15942
15941
15940
15939
15938
15937
15936
15935
15934
15933
15932
15931
15930
15929
15928
15927
15926
15925
15924
15923
15922
15921
15920
15919
15918
15917
15916
15915
15914
15913
15912
15911
15910
15909
15908
15907
15906
15905
15904
15903
15902
15901
15900
15899
15898
15897
15896
15895
15894
15893
15892
15891
15890
15889
15888
15887
15886
15885
15884
15883
15882
15881
15880
15879
15878
15877
15876
15875
15874
15873
15872
15871
15870
15869
15868
15867
15866
15865
15864
15863
15862
15861
15860
15859
15858
15857
15856
15855
15854
15853
15852
15851
15850
15849
15848
15847
15846
15845
15844
15843
15842
15841
15840
15839
15838
15837
15836
15835
15834
15833
15832
15831
15830
15829
15828
15827
15826
15825
15824
15823
15822
15821
15820
15819
15818
15817
15816
15815
15814
15813
15812
15811
15810
15809
15808
15807
15806
15805
15804
15803
15802
15801
15800
15799
15798
15797
15796
15795
15794
15793
15792
15791
15790
15789
15788
15787
15786
15785
15784
15783
15782
15781
15780
15779
15778
15777
15776
15775
15774
15773
15772
15771
15770
15769
15768
15767
15766
15765
15764
15763
15762
15761
15760
15759
15758
15757
15756
15755
15754
15753
15752
15751
15750
15749
15748
15747
15746
15745
15744
15743
15742
15741
15740
15739
15738
15737
15736
15735
15734
15733
15732
15731
15730
15729
15728
15727
15726
15725
15724
15723
15722
15721
15720
15719
15718
15717
15716
15715
15714
15713
15712
15711
15710
15709
15708
15707
15706
15705
15704
15703
15702
15701
15700
15699
15698
15697
15696
15695
15694
15693
15692
15691
15690
15689
15688
15687
15686
15685
15684
15683
15682
15681
15680
15679
15678
15677
15676
15675
15674
15673
15672
15671
15670
15669
15668
15667
15666
15665
15664
15663
15662
15661
15660
15659
15658
15657
15656
15655
15654
15653
15652
15651
15650
15649
15648
15647
15646
15645
15644
15643
15642
15641
15640
15639
15638
15637
15636
15635
15634
15633
15632
15631
15630
15629
15628
15627
15626
15625
15624
15623
15622
15621
15620
15619
15618
15617
15616
15615
15614
15613
15612
15611
15610
15609
15608
15607
15606
15605
15604
15603
15602
15601
15600
15599
15598
15597
15596
15595
15594
15593
15592
15591
15590
15589
15588
15587
15586
15585
15584
15583
15582
15581
15580
15579
15578
15577
15576
15575
15574
15573
15572
15571
15570
15569
15568
15567
15566
15565
15564
15563
15562
15561
15560
15559
15558
15557
15556
15555
15554
15553
15552
15551
15550
15549
15548
15547
15546
15545
15544
15543
15542
15541
15540
15539
15538
15537
15536
15535
15534
15533
15532
15531
15530
15529
15528
15527
15526
15525
15524
15523
15522
15521
15520
15519
15518
15517
15516
15515
15514
15513
15512
15511
15510
15509
15508
15507
15506
15505
15504
15503
15502
15501
15500
15499
15498
15497
15496
15495
15494
15493
15492
15491
15490
15489
15488
15487
15486
15485
15484
15483
15482
15481
15480
15479
15478
15477
15476
15475
15474
15473
15472
15471
15470
15469
15468
15467
15466
15465
15464
15463
15462
15461
15460
15459
15458
15457
15456
15455
15454
15453
15452
15451
15450
15449
15448
15447
15446
15445
15444
15443
15442
15441
15440
15439
15438
15437
15436
15435
15434
15433
15432
15431
15430
15429
15428
15427
15426
15425
15424
15423
15422
15421
15420
15419
15418
15417
15416
15415
15414
15413
15412
15411
15410
15409
15408
15407
15406
15405
15404
15403
15402
15401
15400
15399
15398
15397
15396
15395
15394
15393
15392
15391
15390
15389
15388
15387
15386
15385
15384
15383
15382
15381
15380
15379
15378
15377
15376
15375
15374
15373
15372
15371
15370
15369
15368
15367
15366
15365
15364
15363
15362
15361
15360
15359
15358
15357
15356
15355
15354
15353
15352
15351
15350
15349
15348
15347
15346
15345
15344
15343
15342
15341
15340
15339
15338
15337
15336
15335
15334
15333
15332
15331
15330
15329
15328
15327
15326
15325
15324
15323
15322
15321
15320
15319
15318
15317
15316
15315
15314
15313
15312
15311
15310
15309
15308
15307
15306
15305
15304
15303
15302
15301
15300
15299
15298
15297
15296
15295
15294
15293
15292
15291
15290
15289
15288
15287
15286
15285
15284
15283
15282
15281
15280
15279
15278
15277
15276
15275
15274
15273
15272
15271
15270
15269
15268
15267
15266
15265
15264
15263
15262
15261
15260
15259
15258
15257
15256
15255
15254
15253
15252
15251
15250
15249
15248
15247
15246
15245
15244
15243
15242
15241
15240
15239
15238
15237
15236
15235
15234
15233
15232
15231
15230
15229
15228
15227
15226
15225
15224
15223
15222
15221
15220
15219
15218
15217
15216
15215
15214
15213
15212
15211
15210
15209
15208
15207
15206
15205
15204
15203
15202
15201
15200
15199
15198
15197
15196
15195
15194
15193
15192
15191
15190
15189
15188
15187
15186
15185
15184
15183
15182
15181
15180
15179
15178
15177
15176
15175
15174
15173
15172
15171
15170
15169
15168
15167
15166
15165
15164
15163
15162
15161
15160
15159
15158
15157
15156
15155
15154
15153
15152
15151
15150
15149
15148
15147
15146
15145
15144
15143
15142
15141
15140
15139
15138
15137
15136
15135
15134
15133
15132
15131
15130
15129
15128
15127
15126
15125
15124
15123
15122
15121
15120
15119
15118
15117
15116
15115
15114
15113
15112
15111
15110
15109
15108
15107
15106
15105
15104
15103
15102
15101
15100
15099
15098
15097
15096
15095
15094
15093
15092
15091
15090
15089
15088
15087
15086
15085
15084
15083
15082
15081
15080
15079
15078
15077
15076
15075
15074
15073
15072
15071
15070
15069
15068
15067
15066
15065
15064
15063
15062
15061
15060
15059
15058
15057
15056
15055
15054
15053
15052
15051
15050
15049
15048
15047
15046
15045
15044
15043
15042
15041
15040
15039
15038
15037
15036
15035
15034
15033
15032
15031
15030
15029
15028
15027
15026
15025
15024
15023
15022
15021
15020
15019
15018
15017
15016
15015
15014
15013
15012
15011
15010
15009
15008
15007
15006
15005
15004
15003
15002
15001
15000
14999
14998
14997
14996
14995
14994
14993
14992
14991
14990
14989
14988
14987
14986
14985
14984
14983
14982
14981
14980
14979
14978
14977
14976
14975
14974
14973
14972
14971
14970
14969
14968
14967
14966
14965
14964
14963
14962
14961
14960
14959
14958
14957
14956
14955
14954
14953
14952
14951
14950
14949
14948
14947
14946
14945
14944
14943
14942
14941
14940
14939
14938
14937
14936
14935
14934
14933
14932
14931
14930
14929
14928
14927
14926
14925
14924
14923
14922
14921
14920
14919
14918
14917
14916
14915
14914
14913
14912
14911
14910
14909
14908
14907
14906
14905
14904
14903
14902
14901
14900
14899
14898
14897
14896
14895
14894
14893
14892
14891
14890
14889
14888
14887
14886
14885
14884
14883
14882
14881
14880
14879
14878
14877
14876
14875
14874
14873
14872
14871
14870
14869
14868
14867
14866
14865
14864
14863
14862
14861
14860
14859
14858
14857
14856
14855
14854
14853
14852
14851
14850
14849
14848
14847
14846
14845
14844
14843
14842
14841
14840
14839
14838
14837
14836
14835
14834
14833
14832
14831
14830
14829
14828
14827
14826
14825
14824
14823
14822
14821
14820
14819
14818
14817
14816
14815
14814
14813
14812
14811
14810
14809
14808
14807
14806
14805
14804
14803
14802
14801
14800
14799
14798
14797
14796
14795
14794
14793
14792
14791
14790
14789
14788
14787
14786
14785
14784
14783
14782
14781
14780
14779
14778
14777
14776
14775
14774
14773
14772
14771
14770
14769
14768
14767
14766
14765
14764
14763
14762
14761
14760
14759
14758
14757
14756
14755
14754
14753
14752
14751
14750
14749
14748
14747
14746
14745
14744
14743
14742
14741
14740
14739
14738
14737
14736
14735
14734
14733
14732
14731
14730
14729
14728
14727
14726
14725
14724
14723
14722
14721
14720
14719
14718
14717
14716
14715
14714
14713
14712
14711
14710
14709
14708
14707
14706
14705
14704
14703
14702
14701
14700
14699
14698
14697
14696
14695
14694
14693
14692
14691
14690
14689
14688
14687
14686
14685
14684
14683
14682
14681
14680
14679
14678
14677
14676
14675
14674
14673
14672
14671
14670
14669
14668
14667
14666
14665
14664
14663
14662
14661
14660
14659
14658
14657
14656
14655
14654
14653
14652
14651
14650
14649
14648
14647
14646
14645
14644
14643
14642
14641
14640
14639
14638
14637
14636
14635
14634
14633
14632
14631
14630
14629
14628
14627
14626
14625
14624
14623
14622
14621
14620
14619
14618
14617
14616
14615
14614
14613
14612
14611
14610
14609
14608
14607
14606
14605
14604
14603
14602
14601
14600
14599
14598
14597
14596
14595
14594
14593
14592
14591
14590
14589
14588
14587
14586
14585
14584
14583
14582
14581
14580
14579
14578
14577
14576
14575
14574
14573
14572
14571
14570
14569
14568
14567
14566
14565
14564
14563
14562
14561
14560
14559
14558
14557
14556
14555
14554
14553
14552
14551
14550
14549
14548
14547
14546
14545
14544
14543
14542
14541
14540
14539
14538
14537
14536
14535
14534
14533
14532
14531
14530
14529
14528
14527
14526
14525
14524
14523
14522
14521
14520
14519
14518
14517
14516
14515
14514
14513
14512
14511
14510
14509
14508
14507
14506
14505
14504
14503
14502
14501
14500
14499
14498
14497
14496
14495
14494
14493
14492
14491
14490
14489
14488
14487
14486
14485
14484
14483
14482
14481
14480
14479
14478
14477
14476
14475
14474
14473
14472
14471
14470
14469
14468
14467
14466
14465
14464
14463
14462
14461
14460
14459
14458
14457
14456
14455
14454
14453
14452
14451
14450
14449
14448
14447
14446
14445
14444
14443
14442
14441
14440
14439
14438
14437
14436
14435
14434
14433
14432
14431
14430
14429
14428
14427
14426
14425
14424
14423
14422
14421
14420
14419
14418
14417
14416
14415
14414
14413
14412
14411
14410
14409
14408
14407
14406
14405
14404
14403
14402
14401
14400
14399
14398
14397
14396
14395
14394
14393
14392
14391
14390
14389
14388
14387
14386
14385
14384
14383
14382
14381
14380
14379
14378
14377
14376
14375
14374
14373
14372
14371
14370
14369
14368
14367
14366
14365
14364
14363
14362
14361
14360
14359
14358
14357
14356
14355
14354
14353
14352
14351
14350
14349
14348
14347
14346
14345
14344
14343
14342
14341
14340
14339
14338
14337
14336
14335
14334
14333
14332
14331
14330
14329
14328
14327
14326
14325
14324
14323
14322
14321
14320
14319
14318
14317
14316
14315
14314
14313
14312
14311
14310
14309
14308
14307
14306
14305
14304
14303
14302
14301
14300
14299
14298
14297
14296
14295
14294
14293
14292
14291
14290
14289
14288
14287
14286
14285
14284
14283
14282
14281
14280
14279
14278
14277
14276
14275
14274
14273
14272
14271
14270
14269
14268
14267
14266
14265
14264
14263
14262
14261
14260
14259
14258
14257
14256
14255
14254
14253
14252
14251
14250
14249
14248
14247
14246
14245
14244
14243
14242
14241
14240
14239
14238
14237
14236
14235
14234
14233
14232
14231
14230
14229
14228
14227
14226
14225
14224
14223
14222
14221
14220
14219
14218
14217
14216
14215
14214
14213
14212
14211
14210
14209
14208
14207
14206
14205
14204
14203
14202
14201
14200
14199
14198
14197
14196
14195
14194
14193
14192
14191
14190
14189
14188
14187
14186
14185
14184
14183
14182
14181
14180
14179
14178
14177
14176
14175
14174
14173
14172
14171
14170
14169
14168
14167
14166
14165
14164
14163
14162
14161
14160
14159
14158
14157
14156
14155
14154
14153
14152
14151
14150
14149
14148
14147
14146
14145
14144
14143
14142
14141
14140
14139
14138
14137
14136
14135
14134
14133
14132
14131
14130
14129
14128
14127
14126
14125
14124
14123
14122
14121
14120
14119
14118
14117
14116
14115
14114
14113
14112
14111
14110
14109
14108
14107
14106
14105
14104
14103
14102
14101
14100
14099
14098
14097
14096
14095
14094
14093
14092
14091
14090
14089
14088
14087
14086
14085
14084
14083
14082
14081
14080
14079
14078
14077
14076
14075
14074
14073
14072
14071
14070
14069
14068
14067
14066
14065
14064
14063
14062
14061
14060
14059
14058
14057
14056
14055
14054
14053
14052
14051
14050
14049
14048
14047
14046
14045
14044
14043
14042
14041
14040
14039
14038
14037
14036
14035
14034
14033
14032
14031
14030
14029
14028
14027
14026
14025
14024
14023
14022
14021
14020
14019
14018
14017
14016
14015
14014
14013
14012
14011
14010
14009
14008
14007
14006
14005
14004
14003
14002
14001
14000
13999
13998
13997
13996
13995
13994
13993
13992
13991
13990
13989
13988
13987
13986
13985
13984
13983
13982
13981
13980
13979
13978
13977
13976
13975
13974
13973
13972
13971
13970
13969
13968
13967
13966
13965
13964
13963
13962
13961
13960
13959
13958
13957
13956
13955
13954
13953
13952
13951
13950
13949
13948
13947
13946
13945
13944
13943
13942
13941
13940
13939
13938
13937
13936
13935
13934
13933
13932
13931
13930
13929
13928
13927
13926
13925
13924
13923
13922
13921
13920
13919
13918
13917
13916
13915
13914
13913
13912
13911
13910
13909
13908
13907
13906
13905
13904
13903
13902
13901
13900
13899
13898
13897
13896
13895
13894
13893
13892
13891
13890
13889
13888
13887
13886
13885
13884
13883
13882
13881
13880
13879
13878
13877
13876
13875
13874
13873
13872
13871
13870
13869
13868
13867
13866
13865
13864
13863
13862
13861
13860
13859
13858
13857
13856
13855
13854
13853
13852
13851
13850
13849
13848
13847
13846
13845
13844
13843
13842
13841
13840
13839
13838
13837
13836
13835
13834
13833
13832
13831
13830
13829
13828
13827
13826
13825
13824
13823
13822
13821
13820
13819
13818
13817
13816
13815
13814
13813
13812
13811
13810
13809
13808
13807
13806
13805
13804
13803
13802
13801
13800
13799
13798
13797
13796
13795
13794
13793
13792
13791
13790
13789
13788
13787
13786
13785
13784
13783
13782
13781
13780
13779
13778
13777
13776
13775
13774
13773
13772
13771
13770
13769
13768
13767
13766
13765
13764
13763
13762
13761
13760
13759
13758
13757
13756
13755
13754
13753
13752
13751
13750
13749
13748
13747
13746
13745
13744
13743
13742
13741
13740
13739
13738
13737
13736
13735
13734
13733
13732
13731
13730
13729
13728
13727
13726
13725
13724
13723
13722
13721
13720
13719
13718
13717
13716
13715
13714
13713
13712
13711
13710
13709
13708
13707
13706
13705
13704
13703
13702
13701
13700
13699
13698
13697
13696
13695
13694
13693
13692
13691
13690
13689
13688
13687
13686
13685
13684
13683
13682
13681
13680
13679
13678
13677
13676
13675
13674
13673
13672
13671
13670
13669
13668
13667
13666
13665
13664
13663
13662
13661
13660
13659
13658
13657
13656
13655
13654
13653
13652
13651
13650
13649
13648
13647
13646
13645
13644
13643
13642
13641
13640
13639
13638
13637
13636
13635
13634
13633
13632
13631
13630
13629
13628
13627
13626
13625
13624
13623
13622
13621
13620
13619
13618
13617
13616
13615
13614
13613
13612
13611
13610
13609
13608
13607
13606
13605
13604
13603
13602
13601
13600
13599
13598
13597
13596
13595
13594
13593
13592
13591
13590
13589
13588
13587
13586
13585
13584
13583
13582
13581
13580
13579
13578
13577
13576
13575
13574
13573
13572
13571
13570
13569
13568
13567
13566
13565
13564
13563
13562
13561
13560
13559
13558
13557
13556
13555
13554
13553
13552
13551
13550
13549
13548
13547
13546
13545
13544
13543
13542
13541
13540
13539
13538
13537
13536
13535
13534
13533
13532
13531
13530
13529
13528
13527
13526
13525
13524
13523
13522
13521
13520
13519
13518
13517
13516
13515
13514
13513
13512
13511
13510
13509
13508
13507
13506
13505
13504
13503
13502
13501
13500
13499
13498
13497
13496
13495
13494
13493
13492
13491
13490
13489
13488
13487
13486
13485
13484
13483
13482
13481
13480
13479
13478
13477
13476
13475
13474
13473
13472
13471
13470
13469
13468
13467
13466
13465
13464
13463
13462
13461
13460
13459
13458
13457
13456
13455
13454
13453
13452
13451
13450
13449
13448
13447
13446
13445
13444
13443
13442
13441
13440
13439
13438
13437
13436
13435
13434
13433
13432
13431
13430
13429
13428
13427
13426
13425
13424
13423
13422
13421
13420
13419
13418
13417
13416
13415
13414
13413
13412
13411
13410
13409
13408
13407
13406
13405
13404
13403
13402
13401
13400
13399
13398
13397
13396
13395
13394
13393
13392
13391
13390
13389
13388
13387
13386
13385
13384
13383
13382
13381
13380
13379
13378
13377
13376
13375
13374
13373
13372
13371
13370
13369
13368
13367
13366
13365
13364
13363
13362
13361
13359
13356
13354
13353
13351
13349
13348
13346
13344
13343
13341
13339
13337
13334
13333
13332
13331
13329
13328
13326
13324
13323
13321
13319
13318
13316
13314
13313
13311
13308
13306
13304
13303
13302
13299
13298
13296
13294
13293
13292
13291
13289
13288
13286
13283
13281
13279
13277
13276
13275
13274
13273
13272
13271
13270
13269
13268
13267
13266
13265
13264
13263
13262
13261
13260
13259
13258
13257
13256
13255
13254
13251
13250
13249
13248
13247
13246
13245
13244
13243
13226
13146
13066
13006
12886
12851
12848
12846
12844
12841
12838
12836
12834
12833
12831
12828
12827
12826
12824
12821
12819
12818
12816
12813
12812
12811
12809
12808
12806
12803
12801
12799
12797
12796
12795
12794
12792
12791
12790
12789
12788
12787
12786
12785
12784
12783
12782
12781
12780
12779
12778
12777
12776
12775
12774
12773
12772
12771
12770
12769
12768
12767
12766
12765
12764
12763
12762
12761
12760
12759
12758
12757
12756
12755
12754
12753
12752
12751
12750
12749
12748
12747
12746
12745
12744
12743
12742
12741
12740
12739
12738
12737
12736
12735
12734
12733
12732
12731
12730
12729
12728
12727
12726
12725
12723
12722
12721
12720
12719
12718
12717
12716
12713
12711
12709
12708
12706
12703
12701
12699
12698
12697
12696
12694
12691
12688
12686
12684
12681
12679
12678
12677
12676
12673
12671
12669
12666
12664
12663
12661
12659
12658
12657
12656
12653
12652
12651
12649
12648
12646
12643
12641
12639
12638
12637
12636
12635
12634
12633
12632
12631
12630
12629
12628
12627
12626
12625
12624
12623
12622
12621
12620
12619
12618
12617
12615
12614
12613
12612
12611
12610
12609
12608
12607
12606
12605
12604
12603
12602
12601
12600
12599
12598
12596
12595
12594
12593
12592
12591
12590
12589
12588
12587
12586
12585
12584
12583
12582
12581
12580
12579
12578
12577
12576
12575
12574
12573
12572
12571
12570
12569
12568
12567
12566
12565
12563
12562
12561
12560
12559
12558
12556
12554
12551
12546
12544
12543
12541
12538
12536
12534
12531
12528
12526
12524
12521
12518
12517
12516
12512
12511
12509
12508
12506
12503
12501
12499
12496
12493
12492
12491
12489
12488
12486
12483
12481
12479
12477
12476
12475
12474
12473
12472
12471
12470
12469
12468
12467
12466
12465
12464
12463
12462
12461
12460
12459
12458
12457
12456
12455
12454
12453
12452
12451
12450
12449
12448
12447
12446
12445
12444
12443
12442
12441
12440
12439
12438
12436
12435
12434
12432
12431
12430
12429
12428
12427
12426
12425
12424
12423
12422
12421
12420
12419
12418
12417
12416
12415
12414
12413
12412
12411
12410
12409
12408
12407
12406
12405
12403
12402
12401
12400
12398
12396
12394
12393
12391
12389
12388
12387
12386
12384
12383
12381
12378
12377
12376
12374
12373
12371
12368
12366
12364
12363
12361
12358
12357
12356
12354
12351
12349
12346
12344
12343
12342
12341
12339
12336
12333
12332
12331
12329
12328
12326
12323
12321
12319
12317
12316
12315
12314
12312
12311
12310
12309
12308
12307
12305
12304
12303
12302
12301
12300
12299
12298
12297
12295
12294
12293
12292
12291
12290
12289
12288
12287
12286
12285
12284
12283
12282
12281
12280
12279
12278
12277
12276
12275
12274
12273
12272
12271
12270
12269
12268
12267
12266
12265
12264
12263
12262
12260
12259
12258
12257
12256
12255
12254
12253
12252
12251
12250
12249
12248
12247
12246
12245
12243
12242
12241
12240
12239
12238
12236
12234
12233
12231
12228
12227
12226
12224
12223
12221
12219
12218
12216
12213
12212
12211
12209
12208
12206
12203
12201
12199
12196
12193
12191
12189
12186
12184
12183
12181
12179
12178
12177
12176
12173
12172
12171
12169
12168
12166
12163
12161
12159
12157
12156
12155
12154
12153
12152
12151
12150
12149
12147
12146
12145
12144
12143
12142
12141
12140
12139
12138
12137
12136
12135
12134
12133
12131
12130
12129
12128
12127
12126
12125
12124
12123
12122
12121
12120
12119
12118
12117
12116
12115
12114
12113
12112
12111
12110
12109
12108
12107
12106
12105
12104
12103
12102
12101
12100
12099
12098
12097
12095
12094
12093
12092
12091
12090
12089
12088
12087
12086
12085
12083
12082
12081
12080
12079
12078
12076
12073
12071
12069
12066
12064
12061
12059
12056
12054
12052
12051
12049
12046
12044
12041
12039
12036
12034
12031
12026
12024
12023
12021
12019
12018
12016
12013
12012
12011
12009
12008
12006
12003
12001
11999
11998
11997
11996
11995
11994
11993
11992
11991
11990
11989
11988
11987
11986
11985
11984
11983
11982
11981
11980
11979
11978
11977
11976
11975
11974
11973
11971
11970
11969
11968
11967
11966
11965
11964
11963
11962
11961
11960
11959
11958
11957
11956
11955
11954
11953
11952
11951
11950
11949
11948
11947
11946
11945
11944
11943
11942
11941
11940
11939
11938
11937
11936
11935
11934
11933
11932
11931
11930
11929
11928
11927
11926
11925
11923
11922
11921
11920
11919
11916
11911
11909
11908
11906
11903
11901
11899
11896
11893
11892
11891
11889
11888
11887
11886
11884
11881
11878
11876
11874
11872
11871
11868
11866
11864
11861
11859
11858
11856
11853
11852
11851
11849
11848
11846
11843
11841
11839
11837
11836
11835
11834
11833
11832
11831
11830
11829
11828
11827
11826
11825
11824
11823
11822
11821
11820
11819
11818
11817
11816
11815
11814
11813
11811
11810
11809
11808
11807
11806
11805
11804
11803
11802
11801
11800
11799
11798
11797
11796
11795
11794
11791
11790
11789
11788
11787
11786
11785
11784
11783
11782
11781
11780
11779
11778
11777
11776
11775
11774
11773
11772
11771
11770
11769
11768
11767
11766
11765
11763
11762
11761
11760
11759
11757
11756
11754
11752
11751
11749
11748
11746
11743
11742
11741
11739
11738
11736
11733
11732
11731
11729
11726
11723
11722
11721
11719
11718
11716
11713
11712
11711
11709
11708
11706
11704
11703
11702
11701
11699
11696
11693
11692
11691
11689
11688
11686
11683
11681
11679
11677
11676
11675
11674
11671
11670
11669
11668
11667
11666
11665
11664
11663
11661
11660
11659
11658
11657
11656
11655
11654
11653
11651
11650
11649
11648
11647
11646
11645
11644
11643
11641
11640
11639
11638
11637
11636
11635
11634
11633
11631
11630
11629
11628
11627
11626
11625
11624
11623
11621
11620
11619
11618
11617
11616
11615
11614
11613
11612
11611
11610
11609
11608
11607
11606
11605
11603
11602
11601
11600
11599
11598
11596
11594
11592
11591
11589
11586
11584
11582
11581
11579
11576
11574
11572
11571
11569
11566
11564
11562
11561
11559
11556
11554
11552
11551
11549
11546
11544
11542
11541
11539
11536
11533
11532
11531
11529
11528
11526
11523
11521
11519
11518
11517
11516
11515
11514
11513
11512
11511
11510
11509
11508
11507
11506
11505
11504
11503
11502
11501
11500
11499
11498
11497
11496
11495
11494
11493
11492
11491
11490
11489
11488
11487
11486
11485
11484
11483
11482
11481
11480
11479
11478
11477
11476
11475
11474
11473
11472
11471
11470
11469
11468
11467
11466
11465
11464
11463
11462
11461
11460
11459
11458
11457
11456
11455
11454
11453
11452
11451
11450
11449
11448
11447
11446
11445
11443
11442
11441
11440
11439
11436
11434
11431
11429
11426
11424
11421
11419
11416
11414
11411
11409
11406
11404
11401
11399
11396
11394
11391
11389
11386
11384
11381
11379
11376
11374
11371
11369
11366
11361
11359
11357
11355
11354
11351
11350
11348
11346
11345
11344
11341
11340
11338
11336
11335
11332
11331
11330
11329
11328
11326
11325
11324
11323
11321
11320
11318
11316
11315
11314
11313
11311
11310
11309
11308
11307
11305
11303
11301
11300
11299
11298
11297
11295
11294
11291
11290
11289
11286
11285
11281
11280
11279
11277
11276
11275
11274
11273
11272
11271
11270
11269
11268
11267
11266
11265
11264
11263
11262
11261
11260
11259
11258
11257
11256
11255
11254
11251
11250
11249
11248
11247
11246
11245
11244
11243
11242
11241
11240
11239
11238
11237
11236
11235
11234
11233
11232
11231
11230
11229
11228
11227
11225
11224
11223
11222
11221
11220
11219
11218
11217
11216
11215
11214
11213
11212
11211
11210
11209
11208
11207
11206
11205
11203
11202
11201
11200
11199
11198
11197
11196
11195
11194
11193
11192
11191
11190
11189
11188
11186
11185
11184
11183
11181
11180
11179
11178
11176
11175
11174
11173
11172
11171
11170
11169
11168
11166
11165
11164
11163
11161
11160
11159
11158
11157
11156
11155
11154
11153
11152
11151
11150
11148
11146
11145
11144
11143
11141
11140
11139
11138
11136
11135
11134
11133
11132
11131
11130
11129
11128
11126
11125
11123
11122
11121
11120
11119
11118
11117
11115
11114
11113
11112
11110
11109
11108
11107
11106
11105
11104
11103
11102
11101
11100
11099
11098
11097
11096
11095
11094
11093
11092
11091
11090
11089
11088
11087
11086
11085
11084
11083
11082
11081
11080
11079
11078
11077
11075
11074
11073
11072
11071
11070
11069
11068
11067
11066
11065
11064
11063
11062
11061
11060
11059
11058
11057
11056
11055
11054
11053
11052
11051
11050
11049
11048
11047
11046
11045
11043
11042
11040
11039
11036
11035
11034
11033
11031
11030
11029
11028
11026
11025
11024
11023
11021
11020
11019
11018
11016
11015
11014
11011
11010
11009
11008
11006
11005
11004
11003
11001
11000
10999
10998
10996
10995
10994
10993
10991
10990
10989
10988
10986
10985
10984
10981
10980
10979
10978
10976
10975
10974
10972
10971
10970
10969
10968
10966
10965
10963
10961
10960
10959
10957
10956
10955
10954
10953
10952
10951
10950
10949
10948
10947
10946
10945
10944
10943
10942
10941
10940
10939
10938
10937
10936
10935
10934
10933
10932
10931
10930
10929
10928
10927
10926
10925
10924
10923
10922
10921
10920
10919
10918
10917
10916
10915
10914
10913
10912
10911
10910
10909
10908
10907
10906
10905
10904
10903
10902
10901
10900
10899
10898
10897
10896
10895
10894
10891
10890
10889
10888
10887
10886
10885
10883
10882
10881
10880
10879
10876
10875
10874
10871
10870
10869
10868
10866
10865
10864
10863
10861
10860
10859
10858
10856
10855
10854
10853
10851
10850
10849
10848
10846
10845
10844
10843
10841
10840
10839
10838
10836
10835
10833
10831
10830
10829
10828
10826
10825
10824
10823
10821
10820
10819
10818
10816
10815
10814
10813
10812
10811
10810
10809
10808
10806
10805
10803
10801
10800
10799
10798
10797
10796
10795
10794
10793
10792
10791
10790
10789
10788
10787
10786
10785
10784
10783
10782
10781
10780
10779
10778
10777
10776
10775
10774
10773
10772
10771
10770
10769
10768
10767
10766
10765
10764
10763
10762
10761
10760
10759
10758
10757
10756
10755
10754
10753
10752
10751
10750
10749
10748
10747
10746
10745
10744
10743
10742
10741
10740
10739
10738
10737
10736
10735
10734
10733
10732
10731
10730
10729
10728
10727
10726
10725
10723
10722
10721
10720
10719
10716
10715
10714
10713
10711
10710
10709
10708
10706
10705
10704
10703
10701
10700
10699
10698
10697
10696
10695
10694
10693
10691
10690
10689
10688
10686
10685
10684
10683
10681
10680
10679
10678
10676
10675
10674
10673
10671
10670
10669
10668
10666
10665
10664
10663
10661
10660
10659
10658
10656
10655
10654
10651
10650
10649
10648
10646
10645
10643
10641
10640
10639
10638
10637
10636
10635
10634
10633
10632
10631
10630
10629
10628
10627
10626
10625
10624
10623
10622
10621
10620
10619
10618
10616
10615
10614
10613
10612
10611
10610
10609
10608
10607
10606
10605
10604
10603
10602
10601
10600
10599
10598
10597
10596
10595
10594
10593
10592
10591
10590
10589
10588
10587
10586
10585
10584
10583
10582
10581
10580
10579
10578
10577
10576
10575
10574
10573
10572
10571
10570
10569
10568
10567
10566
10565
10563
10562
10561
10560
10559
10558
10556
10555
10554
10553
10551
10550
10549
10548
10546
10545
10544
10543
10541
10540
10539
10538
10537
10536
10535
10534
10533
10531
10530
10529
10528
10526
10525
10524
10523
10521
10520
10519
10518
10516
10515
10514
10511
10510
10509
10508
10506
10505
10504
10503
10501
10500
10499
10498
10496
10495
10494
10491
10490
10489
10488
10486
10485
10483
10481
10480
10479
10477
10476
10475
10474
10472
10471
10470
10469
10468
10467
10466
10465
10464
10463
10462
10461
10460
10459
10458
10456
10455
10454
10453
10452
10451
10450
10449
10448
10447
10446
10445
10444
10443
10442
10441
10440
10439
10438
10437
10436
10435
10434
10433
10432
10431
10430
10429
10428
10427
10426
10425
10424
10423
10422
10421
10420
10419
10418
10417
10416
10415
10414
10413
10412
10411
10410
10409
10408
10407
10406
10405
10403
10402
10401
10400
10399
10396
10395
10394
10391
10390
10389
10388
10387
10386
10385
10384
10383
10381
10380
10379
10377
10376
10375
10374
10373
10371
10370
10369
10368
10366
10365
10364
10363
10361
10360
10359
10356
10355
10354
10353
10351
10350
10349
10348
10346
10345
10344
10341
10340
10339
10338
10336
10335
10334
10331
10330
10329
10328
10326
10325
10323
10321
10320
10319
10317
10316
10315
10314
10313
10312
10311
10310
10309
10307
10306
10305
10304
10303
10302
10301
10300
10299
10298
10297
10296
10295
10294
10293
10292
10291
10290
10289
10288
10287
10286
10285
10284
10283
10282
10281
10280
10279
10278
10277
10276
10275
10274
10273
10272
10271
10270
10269
10268
10267
10266
10265
10264
10263
10262
10261
10260
10259
10258
10257
10256
10255
10254
10253
10252
10251
10250
10249
10248
10247
10246
10245
10243
10242
10241
10240
10239
10236
10235
10234
10233
10231
10230
10229
10226
10225
10224
10223
10221
10220
10219
10218
10216
10215
10214
10213
10211
10210
10209
10208
10206
10205
10204
10203
10201
10200
10199
10198
10196
10195
10194
10193
10191
10190
10189
10188
10186
10185
10184
10183
10181
10180
10179
10176
10175
10174
10171
10170
10169
10168
10166
10165
10163
10161
10160
10159
10158
10157
10156
10155
10154
10153
10152
10151
10150
10149
10148
10147
10146
10145
10144
10143
10142
10141
10140
10139
10138
10137
10136
10135
10134
10133
10132
10131
10130
10129
10128
10127
10126
10125
10124
10123
10122
10121
10120
10119
10118
10117
10116
10115
10114
10113
10112
10111
10110
10109
10108
10107
10106
10105
10104
10103
10102
10101
10100
10099
10098
10097
10096
10095
10094
10093
10092
10091
10090
10089
10088
10087
10086
10085
10083
10082
10081
10080
10079
10078
10076
10075
10074
10073
10071
10070
10069
10068
10066
10065
10063
10061
10060
10059
10058
10056
10055
10054
10053
10052
10051
10050
10049
10048
10046
10045
10044
10043
10041
10040
10038
10036
10035
10034
10033
10031
10030
10029
10028
10026
10025
10024
10020
10019
10018
10016
10015
10014
10013
10012
10011
10010
10009
10008
10006
10005
10003
10001
10000
9999
9997
9996
9995
9994
9993
9992
9991
9990
9989
9988
9987
9986
9985
9984
9983
9982
9981
9980
9979
9978
9977
9976
9975
9974
9971
9970
9968
9966
9965
9964
9962
9961
9960
9959
9958
9957
9956
9955
9954
9953
9952
9951
9950
9949
9948
9947
9946
9945
9944
9943
9942
9941
9940
9939
9938
9937
9936
9935
9934
9933
9932
9931
9930
9929
9928
9927
9926
9925
9923
9922
9921
9920
9919
9916
9915
9914
9911
9910
9909
9908
9906
9904
9903
9900
9899
9898
9896
9895
9894
9892
9891
9890
9889
9888
9886
9885
9884
9883
9881
9880
9879
9878
9876
9875
9874
9873
9872
9871
9870
9869
9868
9866
9865
9864
9863
9861
9860
9859
9858
9856
9855
9854
9851
9850
9849
9848
9846
9845
9843
9840
9839
9837
9836
9834
9833
9832
9831
9830
9828
9827
9826
9825
9824
9823
9822
9821
9820
9819
9818
9817
9816
9815
9814
9813
9811
9810
9809
9808
9807
9806
9805
9804
9803
9802
9801
9800
9799
9798
9797
9796
9795
9794
9791
9790
9789
9788
9787
9786
9785
9784
9783
9782
9780
9779
9778
9777
9776
9775
9774
9772
9771
9770
9768
9767
9766
9763
9762
9761
9760
9756
9755
9754
9753
9751
9750
9749
9748
9746
9745
9744
9743
9741
9740
9739
9738
9736
9735
9734
9733
9732
9731
9730
9729
9728
9726
9725
9724
9723
9721
9720
9719
9718
9716
9715
9714
9713
9712
9711
9710
9709
9708
9706
9705
9704
9703
9701
9700
9698
9696
9695
9694
9692
9691
9690
9689
9688
9686
9685
9683
9681
9680
9679
9677
9676
9675
9674
9673
9672
9671
9670
9669
9668
9667
9666
9665
9664
9663
9662
9661
9660
9659
9658
9657
9656
9655
9654
9653
9652
9651
9650
9649
9648
9647
9646
9645
9644
9643
9642
9641
9640
9639
9638
9637
9636
9634
9633
9632
9630
9629
9628
9627
9626
9625
9624
9623
9622
9621
9620
9619
9618
9617
9616
9615
9614
9612
9611
9610
9609
9608
9607
9606
9605
9603
9602
9601
9600
9599
9596
9595
9594
9591
9590
9589
9588
9586
9585
9583
9580
9578
9576
9574
9570
9569
9568
9566
9565
9563
9561
9560
9559
9558
9556
9555
9554
9551
9550
9549
9548
9546
9545
9543
9541
9540
9539
9538
9536
9535
9534
9531
9530
9529
9528
9526
9525
9523
9521
9520
9518
9516
9515
9514
9513
9510
9508
9506
9505
9504
9500
9498
9496
9495
9494
9492
9491
9490
9489
9486
9485
9481
9480
9479
9478
9476
9475
9474
9473
9472
9470
9468
9467
9466
9465
9464
9463
9462
9460
9459
9456
9455
9454
9453
9452
9450
9449
9446
9445
9440
9439
9437
9436
9435
9434
9432
9431
9430
9429
9428
9427
9426
9425
9424
9423
9422
9421
9420
9419
9418
9417
9416
9415
9414
9412
9411
9410
9409
9408
9407
9406
9405
9404
9403
9402
9401
9400
9399
9398
9397
9396
9395
9394
9393
9392
9390
9389
9388
9387
9386
9384
9383
9382
9380
9379
9378
9376
9375
9374
9372
9370
9368
9367
9366
9363
9362
9361
9360
9359
9357
9356
9355
9354
9353
9352
9351
9350
9349
9348
9346
9345
9344
9343
9341
9340
9339
9338
9336
9335
9334
9331
9330
9329
9328
9326
9325
9324
9323
9321
9320
9319
9318
9317
9316
9314
9313
9312
9311
9310
9308
9306
9305
9304
9301
9300
9299
9298
9296
9295
9294
9293
9292
9290
9289
9288
9286
9283
9282
9281
9280
9277
9276
9275
9274
9273
9272
9270
9269
9268
9267
9266
9265
9264
9262
9261
9260
9259
9258
9256
9255
9254
9253
9252
9251
9250
9249
9248
9247
9246
9245
9244
9243
9242
9241
9240
9239
9238
9237
9235
9234
9233
9232
9229
9228
9227
9226
9225
9224
9223
9222
9221
9220
9219
9218
9217
9216
9215
9214
9212
9210
9209
9208
9207
9206
9205
9203
9202
9200
9199
9196
9195
9194
9193
9191
9190
9189
9188
9186
9185
9184
9183
9181
9180
9179
9178
9176
9175
9174
9173
9171
9170
9169
9168
9166
9165
9164
9163
9161
9160
9159
9158
9156
9155
9154
9153
9151
9150
9149
9148
9146
9145
9144
9143
9141
9140
9139
9138
9136
9135
9134
9132
9131
9130
9129
9128
9126
9125
9123
9121
9120
9119
9117
9116
9115
9114
9113
9112
9111
9110
9109
9108
9107
9106
9105
9104
9103
9102
9101
9100
9099
9098
9097
9096
9095
9094
9093
9092
9091
9090
9089
9088
9087
9086
9085
9084
9083
9082
9081
9080
9079
9078
9077
9076
9074
9073
9072
9071
9070
9069
9068
9067
9066
9065
9064
9063
9062
9061
9060
9059
9058
9057
9056
9055
9054
9052
9051
9050
9049
9048
9047
9046
9045
9043
9042
9041
9040
9039
9036
9035
9034
9033
9031
9030
9029
9028
9026
9025
9024
9023
9021
9020
9019
9018
9016
9015
9014
9013
9011
9010
9009
9008
9006
9005
9004
9003
9001
9000
8999
8998
8996
8995
8994
8993
8991
8990
8989
8988
8986
8985
8984
8983
8981
8980
8979
8978
8976
8975
8974
8971
8970
8969
8968
8966
8965
8963
8961
8960
8959
8958
8957
8956
8955
8954
8953
8952
8951
8950
8949
8948
8947
8946
8945
8944
8943
8942
8941
8940
8939
8938
8937
8936
8935
8934
8933
8932
8931
8930
8929
8928
8927
8926
8925
8924
8923
8922
8921
8920
8919
8918
8917
8916
8915
8914
8913
8912
8911
8910
8909
8908
8907
8906
8905
8904
8903
8902
8901
8900
8899
8898
8897
8896
8895
8894
8893
8892
8891
8890
8889
8888
8887
8886
8885
8883
8882
8881
8880
8879
8878
8876
8875
8874
8873
8871
8870
8869
8868
8866
8865
8864
8863
8861
8860
8859
8858
8856
8855
8854
8853
8851
8850
8849
8848
8846
8845
8844
8843
8841
8840
8839
8838
8836
8834
8833
8831
8830
8829
8828
8826
8825
8824
8823
8821
8820
8819
8818
8816
8815
8814
8813
8811
8810
8809
8808
8806
8805
8803
8801
8800
8799
8797
8796
8795
8794
8792
8791
8790
8789
8788
8787
8786
8785
8784
8783
8782
8781
8780
8779
8778
8777
8776
8775
8774
8773
8772
8771
8770
8769
8767
8766
8765
8764
8763
8762
8761
8760
8759
8758
8757
8756
8755
8754
8753
8752
8751
8750
8749
8748
8746
8745
8744
8743
8742
8741
8740
8739
8738
8737
8736
8735
8734
8733
8732
8731
8730
8729
8728
8727
8726
8725
8723
8722
8721
8720
8719
8716
8715
8714
8711
8710
8709
8708
8706
8705
8704
8703
8701
8700
8699
8698
8696
8695
8694
8693
8691
8690
8689
8688
8686
8685
8684
8683
8681
8680
8679
8678
8676
8675
8674
8673
8671
8670
8669
8668
8666
8665
8664
8663
8661
8660
8659
8658
8656
8655
8654
8653
8651
8650
8649
8648
8646
8645
8643
8641
8640
8639
8637
8636
8635
8634
8632
8631
8630
8629
8628
8627
8626
8625
8624
8623
8622
8621
8620
8619
8618
8617
8616
8615
8614
8613
8612
8611
8610
8609
8608
8607
8606
8605
8604
8603
8602
8601
8600
8599
8598
8597
8596
8595
8594
8593
8592
8591
8590
8589
8588
8587
8586
8585
8584
8583
8582
8581
8580
8579
8578
8577
8576
8575
8574
8573
8572
8571
8570
8569
8568
8567
8566
8565
8563
8562
8561
8560
8559
8556
8555
8554
8551
8550
8549
8546
8545
8544
8543
8541
8540
8539
8536
8535
8534
8533
8531
8530
8529
8528
8526
8525
8524
8523
8521
8520
8519
8518
8516
8515
8514
8513
8511
8510
8509
8508
8506
8505
8504
8503
8501
8500
8499
8498
8496
8495
8494
8493
8491
8490
8489
8488
8486
8485
8483
8481
8480
8479
8478
8477
8476
8475
8474
8473
8472
8471
8470
8469
8468
8467
8466
8465
8464
8463
8462
8461
8460
8459
8458
8457
8456
8455
8454
8453
8452
8451
8450
8449
8448
8447
8446
8445
8444
8443
8442
8441
8440
8439
8438
8437
8436
8435
8434
8433
8432
8431
8430
8429
8428
8427
8426
8425
8424
8423
8422
8421
8420
8419
8418
8417
8416
8415
8414
8413
8412
8411
8410
8409
8408
8407
8406
8405
8403
8402
8401
8400
8399
8398
8396
8395
8394
8393
8391
8390
8389
8388
8386
8385
8384
8383
8381
8380
8379
8378
8376
8375
8374
8373
8371
8370
8369
8368
8366
8365
8364
8363
8361
8360
8359
8358
8356
8355
8353
8351
8350
8349
8348
8346
8345
8344
8343
8341
8340
8339
8336
8335
8334
8333
8331
8330
8329
8328
8326
8325
8323
8321
8320
8319
8317
8316
8315
8314
8313
8312
8311
8310
8309
8308
8307
8306
8305
8304
8303
8302
8301
8300
8299
8298
8297
8295
8294
8293
8292
8291
8289
8288
8286
8285
8284
8283
8282
8281
8280
8279
8278
8277
8276
8275
8274
8273
8271
8270
8269
8268
8267
8266
8265
8264
8262
8261
8260
8259
8258
8257
8256
8255
8254
8252
8251
8250
8249
8248
8247
8246
8245
8243
8242
8241
8240
8239
8236
8235
8234
8233
8231
8230
8229
8228
8226
8225
8224
8223
8221
8220
8219
8218
8216
8215
8214
8213
8212
8211
8210
8209
8208
8206
8205
8204
8203
8201
8200
8199
8198
8196
8195
8194
8193
8191
8190
8189
8188
8186
8185
8184
8183
8181
8180
8179
8178
8176
8175
8174
8171
8170
8169
8168
8166
8165
8163
8161
8160
8159
8157
8156
8155
8154
8153
8152
8151
8150
8149
8148
8147
8146
8145
8144
8143
8142
8141
8140
8139
8138
8137
8136
8135
8134
8133
8131
8130
8129
8128
8127
8126
8125
8124
8123
8122
8121
8120
8119
8118
8117
8116
8115
8114
8112
8111
8110
8109
8108
8107
8106
8105
8104
8103
8102
8101
8100
8099
8098
8097
8096
8095
8094
8093
8092
8091
8090
8089
8088
8087
8086
8085
8083
8082
8081
8080
8079
8076
8075
8074
8073
8071
8070
8069
8068
8066
8065
8064
8063
8061
8060
8059
8058
8056
8055
8054
8053
8052
8051
8050
8049
8048
8046
8045
8044
8043
8041
8040
8039
8038
8036
8035
8034
8031
8030
8029
8028
8026
8025
8024
8023
8021
8020
8019
8018
8016
8015
8014
8013
8011
8010
8009
8008
8006
8005
8003
8001
8000
7999
7997
7996
7995
7994
7993
7992
7991
7990
7989
7988
7987
7986
7985
7984
7983
7982
7981
7980
7979
7978
7977
7976
7975
7974
7972
7971
7970
7969
7968
7967
7966
7965
7964
7963
7962
7961
7960
7959
7958
7957
7956
7955
7954
7953
7952
7951
7950
7949
7948
7947
7946
7945
7944
7943
7942
7941
7940
7939
7938
7937
7936
7935
7934
7933
7932
7931
7930
7929
7928
7927
7926
7925
7923
7922
7921
7920
7919
7916
7915
7914
7913
7911
7910
7909
7908
7906
7905
7904
7903
7901
7900
7899
7898
7896
7895
7894
7891
7890
7889
7888
7886
7885
7884
7883
7881
7880
7878
7876
7875
7874
7873
7871
7870
7869
7868
7866
7865
7864
7863
7861
7860
7859
7858
7856
7855
7854
7853
7851
7850
7849
7848
7846
7845
7843
7841
7840
7839
7837
7835
7834
7831
7830
7829
7828
7826
7825
7823
7822
7820
7819
7818
7816
7815
7813
7812
7811
7810
7809
7806
7805
7803
7801
7800
7799
7798
7796
7795
7793
7792
7791
7790
7789
7788
7786
7785
7781
7780
7779
7778
7776
7775
7774
7773
7772
7771
7770
7769
7766
7765
7761
7760
7759
7757
7756
7755
7754
7753
7752
7751
7750
7749
7748
7747
7746
7745
7744
7743
7742
7741
7740
7739
7738
7737
7736
7735
7734
7733
7732
7731
7730
7729
7728
7727
7726
7725
7724
7723
7722
7721
7720
7719
7718
7717
7716
7715
7714
7713
7712
7711
7710
7709
7708
7707
7706
7705
7704
7703
7702
7701
7700
7699
7698
7697
7696
7695
7694
7692
7691
7690
7689
7688
7687
7686
7685
7683
7682
7681
7680
7679
7677
7676
7675
7674
7673
7672
7671
7670
7669
7668
7666
7665
7664
7663
7661
7660
7659
7658
7656
7655
7654
7653
7651
7650
7649
7648
7646
7645
7644
7643
7641
7640
7639
7638
7637
7636
7635
7634
7633
7632
7631
7630
7629
7628
7626
7625
7624
7623
7621
7620
7619
7618
7616
7615
7614
7612
7611
7610
7609
7608
7606
7605
7603
7602
7601
7600
7599
7597
7595
7594
7593
7592
7590
7589
7588
7587
7586
7585
7584
7583
7582
7581
7580
7579
7578
7577
7576
7575
7574
7573
7572
7571
7570
7569
7568
7567
7566
7565
7564
7563
7562
7561
7560
7559
7558
7557
7556
7555
7554
7553
7552
7551
7550
7549
7548
7547
7546
7545
7544
7543
7542
7541
7540
7539
7538
7537
7536
7535
7534
7532
7531
7530
7529
7528
7527
7526
7525
7523
7522
7520
7519
7516
7515
7514
7513
7511
7510
7509
7508
7506
7505
7504
7503
7501
7500
7499
7498
7496
7495
7494
7493
7491
7490
7489
7488
7486
7485
7484
7483
7481
7480
7479
7478
7476
7475
7474
7473
7471
7470
7469
7468
7466
7465
7464
7463
7461
7460
7459
7458
7456
7455
7454
7451
7450
7449
7448
7446
7445
7443
7441
7440
7439
7438
7437
7436
7435
7434
7433
7432
7431
7430
7429
7428
7427
7426
7425
7424
7423
7422
7421
7420
7419
7418
7417
7416
7415
7414
7413
7412
7411
7410
7409
7408
7407
7406
7405
7404
7403
7401
7400
7399
7398
7397
7396
7395
7394
7393
7392
7391
7389
7388
7387
7386
7385
7384
7383
7382
7381
7380
7379
7377
7376
7375
7374
7373
7372
7371
7370
7369
7368
7367
7366
7365
7363
7362
7361
7360
7359
7358
7356
7355
7354
7353
7351
7350
7349
7348
7346
7345
7344
7343
7341
7340
7339
7338
7336
7335
7334
7333
7331
7330
7329
7328
7326
7325
7324
7323
7321
7320
7319
7318
7316
7315
7314
7313
7311
7310
7309
7308
7306
7305
7304
7303
7301
7300
7299
7298
7296
7295
7294
7293
7291
7290
7289
7288
7286
7285
7283
7281
7280
7279
7277
7276
7275
7274
7272
7271
7270
7269
7268
7267
7266
7265
7264
7263
7262
7261
7260
7259
7258
7257
7256
7255
7254
7253
7252
7251
7250
7249
7248
7247
7246
7245
7244
7243
7242
7241
7240
7239
7238
7237
7236
7235
7234
7233
7232
7231
7230
7229
7228
7227
7226
7225
7224
7223
7222
7221
7220
7219
7218
7217
7216
7215
7214
7213
7212
7211
7210
7209
7208
7207
7206
7205
7203
7202
7201
7200
7199
7196
7195
7194
7191
7190
7189
7188
7186
7185
7184
7183
7181
7180
7179
7178
7176
7175
7174
7173
7171
7170
7169
7168
7166
7165
7164
7163
7161
7160
7159
7158
7156
7155
7154
7153
7151
7150
7149
7148
7146
7145
7144
7143
7141
7140
7139
7138
7136
7135
7134
7133
7131
7130
7129
7128
7126
7125
7123
7121
7120
7119
7117
7116
7115
7114
7112
7111
7110
7109
7108
7107
7106
7105
7104
7103
7102
7101
7100
7099
7098
7097
7096
7095
7094
7093
7092
7091
7090
7089
7088
7087
7086
7085
7084
7083
7082
7081
7080
7079
7078
7077
7076
7075
7074
7073
7072
7071
7070
7069
7068
7067
7066
7065
7064
7063
7062
7061
7060
7059
7058
7057
7056
7055
7054
7053
7052
7051
7050
7049
7048
7047
7046
7045
7043
7042
7041
7040
7039
7036
7035
7034
7031
7030
7029
7028
7026
7025
7024
7023
7021
7020
7019
7018
7016
7015
7014
7013
7011
7010
7009
7008
7006
7005
7004
7003
7001
7000
6999
6998
6996
6995
6994
6993
6991
6990
6989
6988
6986
6985
6984
6983
6981
6980
6979
6978
6976
6975
6974
6973
6971
6970
6969
6968
6966
6965
6963
6961
6960
6959
6958
6957
6956
6955
6954
6953
6952
6951
6950
6949
6948
6947
6946
6945
6944
6943
6942
6941
6940
6939
6938
6937
6936
6935
6934
6933
6932
6931
6930
6929
6928
6927
6926
6925
6924
6923
6922
6921
6920
6919
6918
6917
6916
6915
6914
6913
6912
6911
6910
6909
6908
6907
6906
6905
6904
6903
6902
6901
6900
6899
6898
6897
6896
6895
6894
6893
6892
6891
6890
6889
6888
6887
6886
6885
6883
6882
6881
6880
6879
6878
6876
6875
6874
6873
6871
6870
6869
6868
6866
6865
6864
6863
6861
6860
6859
6858
6856
6855
6854
6853
6851
6850
6849
6848
6846
6845
6844
6843
6841
6840
6839
6838
6836
6835
6834
6833
6831
6830
6829
6828
6826
6825
6824
6823
6821
6820
6819
6818
6816
6815
6814
6813
6811
6810
6809
6808
6806
6805
6803
6801
6800
6799
6797
6796
6795
6794
6793
6792
6791
6790
6789
6788
6787
6786
6785
6784
6783
6782
6781
6780
6779
6778
6777
6776
6775
6774
6773
6772
6771
6770
6769
6768
6767
6766
6765
6764
6763
6762
6761
6760
6759
6758
6757
6756
6755
6754
6753
6752
6751
6750
6749
6748
6747
6746
6745
6744
6743
6742
6741
6740
6739
6738
6737
6736
6735
6734
6732
6731
6730
6729
6728
6727
6726
6725
6723
6722
6721
6720
6719
6716
6715
6714
6713
6711
6710
6709
6708
6706
6705
6704
6703
6701
6700
6699
6698
6696
6695
6694
6693
6691
6690
6689
6688
6686
6685
6684
6683
6681
6680
6679
6678
6676
6675
6674
6673
6671
6670
6669
6668
6666
6665
6664
6663
6661
6660
6659
6658
6656
6655
6654
6651
6650
6649
6648
6646
6645
6643
6641
6640
6639
6637
6636
6635
6634
6633
6632
6631
6630
6629
6628
6627
6626
6625
6624
6623
6622
6621
6620
6619
6618
6617
6616
6615
6614
6613
6612
6611
6610
6609
6607
6606
6605
6604
6603
6602
6601
6600
6598
6597
6596
6595
6594
6592
6591
6590
6589
6588
6587
6586
6585
6584
6583
6582
6581
6580
6579
6578
6577
6576
6574
6573
6572
6571
6570
6569
6568
6567
6566
6565
6563
6562
6561
6560
6559
6556
6555
6554
6553
6551
6550
6549
6548
6546
6545
6544
6543
6541
6540
6539
6538
6536
6535
6534
6533
6531
6530
6529
6528
6526
6525
6524
6523
6521
6520
6519
6518
6516
6515
6514
6511
6510
6509
6508
6506
6505
6504
6503
6501
6500
6499
6498
6496
6495
6494
6493
6491
6490
6489
6488
6486
6485
6483
6481
6480
6479
6477
6476
6475
6474
6473
6472
6471
6470
6469
6468
6467
6466
6465
6464
6463
6462
6461
6460
6459
6458
6457
6456
6455
6454
6452
6451
6450
6449
6448
6447
6446
6445
6444
6443
6442
6441
6440
6439
6438
6437
6436
6435
6434
6433
6432
6431
6430
6429
6428
6427
6426
6425
6424
6423
6422
6421
6420
6419
6418
6417
6416
6415
6414
6413
6412
6411
6410
6409
6408
6407
6406
6405
6403
6402
6401
6400
6399
6396
6395
6394
6393
6391
6390
6389
6388
6386
6385
6384
6383
6381
6380
6379
6378
6376
6375
6374
6371
6370
6369
6368
6366
6365
6364
6363
6361
6360
6359
6358
6356
6355
6354
6353
6351
6350
6349
6348
6346
6345
6344
6343
6341
6340
6339
6338
6336
6335
6334
6333
6331
6330
6329
6328
6326
6325
6323
6321
6320
6318
6316
6315
6314
6313
6311
6310
6308
6306
6305
6301
6300
6299
6298
6296
6295
6293
6292
6291
6290
6289
6286
6285
6283
6281
6280
6279
6278
6277
6275
6274
6273
6271
6270
6269
6268
6266
6265
6261
6260
6259
6258
6256
6255
6254
6253
6252
6251
6250
6249
6246
6245
6241
6240
6239
6237
6236
6235
6234
6233
6232
6231
6230
6229
6227
6226
6225
6224
6223
6222
6221
6220
6219
6218
6217
6216
6215
6214
6213
6212
6211
6210
6209
6208
6207
6206
6205
6204
6203
6202
6201
6200
6199
6198
6197
6195
6194
6193
6192
6191
6190
6189
6188
6187
6186
6185
6184
6183
6182
6181
6180
6179
6178
6177
6176
6175
6174
6173
6172
6171
6170
6169
6168
6167
6166
6165
6163
6162
6161
6160
6159
6157
6156
6155
6154
6153
6152
6151
6150
6149
6146
6145
6144
6143
6141
6140
6139
6138
6136
6135
6134
6133
6131
6130
6129
6128
6126
6125
6124
6123
6121
6120
6119
6118
6117
6116
6115
6114
6113
6112
6111
6110
6109
6108
6106
6105
6104
6103
6101
6100
6099
6098
6096
6095
6094
6093
6092
6091
6090
6089
6088
6086
6085
6083
6082
6081
6080
6079
6078
6077
6075
6074
6073
6072
6071
6070
6069
6068
6067
6066
6065
6064
6063
6062
6061
6060
6059
6058
6057
6056
6055
6054
6053
6052
6051
6050
6049
6048
6047
6046
6045
6044
6043
6042
6041
6040
6039
6038
6037
6035
6034
6033
6032
6030
6029
6028
6027
6026
6025
6024
6023
6022
6021
6020
6019
6018
6017
6016
6015
6014
6013
6012
6011
6010
6009
6008
6007
6006
6005
6003
6002
6000
5999
5998
5996
5995
5994
5993
5991
5990
5989
5988
5986
5985
5984
5983
5981
5980
5979
5978
5976
5975
5974
5973
5971
5970
5969
5968
5966
5965
5964
5963
5961
5960
5959
5958
5956
5955
5954
5953
5951
5950
5949
5948
5946
5945
5944
5943
5941
5940
5939
5938
5936
5935
5934
5933
5931
5930
5929
5928
5926
5925
5923
5921
5920
5919
5917
5916
5915
5914
5912
5911
5910
5909
5908
5907
5906
5905
5904
5903
5902
5901
5900
5899
5898
5897
5896
5895
5894
5893
5892
5891
5890
5889
5888
5887
5886
5885
5884
5883
5882
5881
5880
5879
5877
5876
5875
5874
5873
5871
5870
5869
5868
5867
5866
5865
5864
5863
5862
5861
5860
5859
5858
5856
5855
5853
5852
5851
5850
5849
5848
5847
5846
5845
5843
5842
5841
5840
5839
5836
5835
5834
5831
5830
5829
5828
5826
5825
5824
5823
5821
5820
5819
5818
5816
5815
5814
5813
5811
5810
5809
5808
5806
5805
5804
5803
5801
5800
5799
5798
5796
5795
5794
5793
5791
5790
5789
5788
5786
5785
5784
5783
5781
5780
5779
5778
5776
5775
5774
5773
5771
5770
5769
5768
5766
5765
5763
5761
5760
5759
5757
5756
5755
5754
5752
5751
5750
5749
5748
5747
5746
5745
5744
5743
5742
5741
5740
5739
5738
5737
5736
5735
5734
5733
5732
5731
5730
5729
5728
5727
5726
5725
5724
5723
5722
5721
5720
5719
5718
5717
5716
5715
5714
5713
5712
5711
5710
5709
5708
5707
5706
5705
5704
5703
5702
5701
5700
5699
5698
5697
5696
5695
5694
5693
5692
5691
5690
5689
5688
5687
5686
5685
5683
5682
5681
5680
5679
5676
5675
5674
5671
5670
5669
5668
5666
5665
5664
5663
5661
5660
5659
5658
5656
5655
5654
5653
5651
5650
5649
5648
5646
5645
5644
5643
5641
5640
5639
5638
5636
5635
5634
5633
5631
5630
5629
5628
5626
5625
5624
5623
5621
5620
5619
5618
5616
5615
5614
5613
5611
5610
5609
5608
5606
5605
5603
5601
5600
5599
5598
5597
5596
5595
5594
5593
5592
5591
5590
5589
5588
5587
5586
5585
5584
5583
5582
5581
5580
5579
5578
5577
5576
5575
5574
5573
5572
5571
5570
5569
5568
5567
5566
5565
5564
5563
5562
5561
5560
5559
5558
5557
5556
5555
5554
5553
5552
5551
5550
5549
5548
5547
5546
5545
5544
5543
5542
5541
5540
5539
5538
5537
5536
5535
5534
5533
5532
5531
5530
5529
5528
5527
5526
5525
5523
5522
5521
5520
5519
5518
5516
5515
5514
5513
5511
5510
5509
5508
5506
5505
5504
5503
5501
5500
5499
5498
5496
5495
5494
5493
5491
5490
5489
5488
5486
5485
5484
5483
5481
5480
5479
5478
5476
5475
5474
5473
5471
5470
5469
5468
5466
5465
5464
5463
5461
5460
5459
5458
5456
5455
5454
5453
5451
5450
5449
5448
5446
5445
5443
5440
5439
5437
5435
5434
5432
5431
5430
5429
5428
5427
5425
5424
5422
5420
5419
5418
5416
5415
5414
5413
5412
5411
5410
5409
5408
5407
5406
5405
5404
5403
5402
5401
5400
5399
5398
5397
5396
5395
5394
5393
5392
5390
5389
5388
5387
5386
5385
5384
5383
5382
5381
5380
5379
5378
5377
5376
5375
5374
5372
5370
5369
5368
5367
5366
5365
5363
5362
5361
5360
5359
5356
5355
5354
5353
5351
5350
5349
5348
5346
5345
5344
5341
5340
5339
5338
5336
5335
5334
5333
5331
5330
5329
5328
5325
5324
5321
5320
5319
5318
5315
5314
5313
5311
5310
5309
5308
5305
5304
5301
5300
5299
5298
5295
5294
5291
5290
5289
5288
5285
5283
5281
5280
5279
5277
5275
5274
5272
5271
5270
5269
5268
5267
5265
5264
5262
5260
5259
5258
5255
5254
5253
5252
5250
5249
5248
5247
5246
18098
5245
5244
5243
5242
5240
5239
5238
5237
5236
5234
5232
5230
5228
5227
5225
18077
5224
5223
5222
5220
5219
18071
5218
5217
5216
18068
5215
5214
5213
5212
5210
5209
5208
5207
5206
5205
5203
5202
5200
5199
5196
5195
5194
5193
5191
5190
5189
5188
5186
5185
5184
5181
5180
5179
5178
5175
5174
5173
5171
5170
5169
5168
5165
5164
5163
5161
5160
5159
5158
5155
5154
5151
5150
5149
5148
5145
5144
5143
5141
5140
5139
5138
5135
5134
5133
5131
5130
5129
5128
5125
5123
5121
5120
5119
5117
5115
5114
5112
5111
5110
5109
5108
5107
5105
5104
5102
5100
5099
5098
5097
5096
5095
5094
5092
5091
5090
5089
5088
5087
5086
5085
5084
5083
5082
5081
5080
5079
5078
5077
5076
5075
5074
5073
5072
5071
5070
5069
5068
5067
5066
5065
5064
5063
5062
5061
5060
5059
5058
5057
5056
5055
5054
5053
5052
5051
5050
5049
5048
5047
5046
5045
5043
5042
5041
5040
5039
5036
5035
5034
5033
5031
5030
5029
5028
5026
5025
5024
5021
5020
5019
5018
5015
5014
5010
5009
5008
5005
5004
5003
5000
4999
4998
4995
4994
4993
4990
4989
4988
4985
4984
4983
4980
4979
4978
4975
4974
4973
4970
4969
4968
4965
4963
4960
4959
4958
4955
4954
4953
4952
4950
4949
4948
4945
4942
4940
4939
4938
4936
4933
4932
4930
4929
4925
4924
4923
4920
4919
4917
4915
4914
4911
4910
4908
4907
4905
4904
4903
4900
4895
4894
4892
4890
4889
4886
4880
4879
4877
4876
4874
4873
4872
4870
4869
4868
4867
4865
4864
4862
4860
4859
4858
4856
4855
4854
4853
4852
4851
4850
4849
4848
4847
4846
4845
4844
4843
4842
4841
4840
4839
4838
4837
4836
4835
4834
4833
4832
4830
4829
4828
4827
4825
4824
4823
4822
4821
4820
4819
4818
4817
4816
4815
4814
4813
4812
4811
4810
4809
4808
4807
4806
4803
4802
4801
4800
4799
4797
4796
4795
4794
4793
4792
4791
4790
4789
4788
4786
4785
4784
4781
4780
4779
4778
4776
4775
4774
4773
4771
4770
4769
4768
4765
4764
4763
4760
4759
4758
4757
4755
4754
4753
4752
4751
4750
4749
4748
4745
4744
4743
4740
4739
4738
4736
4735
4734
4731
4730
4729
4725
4723
4722
4720
4719
4717
4715
4714
4712
4710
4709
4708
4707
4705
4704
4701
4700
4699
4698
4697
4696
4694
4693
4692
17544
4691
4689
4688
4686
4685
4684
4683
4682
4680
17532
4679
4678
4677
17529
4676
4675
4674
4673
4672
17523
4670
4668
4667
4666
4665
4664
4663
4662
4661
4660
4659
17511
4658
4657
4656
4654
4653
4652
4651
4650
4649
4648
4647
4646
4645
4643
4642
4640
4639
4636
4635
4634
4631
4630
4629
4628
4626
4625
4624
4621
4619
4618
4615
4614
4613
4610
4609
4608
4605
4604
4603
4600
4599
4598
4595
4594
4593
4590
4589
4588
4585
4584
4583
4580
4579
4578
4575
4574
4573
4570
4569
4568
4565
4563
4560
4559
4557
4555
4554
4552
4551
4550
4549
4548
4547
4545
4544
4542
4540
4539
4538
4536
4535
4534
4533
4532
4531
4530
4529
4528
4527
4526
4525
4524
4523
4522
4521
4520
4519
4518
4517
4516
4515
4514
4513
4512
4511
4510
4509
4508
4507
4506
4505
4504
4503
4502
4501
4500
4499
4498
4497
4496
4495
4494
4493
4492
4491
4490
4489
4488
4487
4486
4485
4483
4482
4481
4480
4479
4476
4475
4474
4470
4469
4468
4466
4465
4464
4461
4460
4459
4458
4455
4454
4453
4450
4449
4448
4445
4444
4443
4440
4439
4438
4435
4434
4433
4430
4429
4428
4425
4424
4423
4420
4419
4418
4415
4414
4410
4409
4408
4405
4403
4400
4399
4398
4397
4395
4394
4393
4392
4391
4390
4389
4388
4387
4385
4384
4382
4380
4379
4378
4377
4376
4375
4374
4373
4372
4371
4370
4369
4368
4367
4366
4365
4364
4363
4362
4361
4360
4359
4358
4357
4356
4355
4354
4353
4352
4351
4350
4349
4348
4347
4346
4345
4344
4343
4342
4341
4340
4339
4338
4337
4336
4335
4334
4333
4332
4331
4330
4329
4328
4327
4326
4325
4323
4322
4321
4320
4319
4318
4316
4315
4314
4313
4311
4310
4309
4308
4306
4305
4304
4301
4300
4299
4298
4295
4294
4293
4290
4289
4288
4285
4284
4283
4280
4279
4278
4276
4275
4274
4273
4270
4269
4268
4265
4264
4263
4260
4259
4258
4255
4254
4253
4250
4249
4248
4245
4243
4240
4239
4237
4235
4234
4232
4230
4229
4228
4227
4225
4224
17075
4222
4220
4219
4217
4216
4215
4214
4213
4212
4211
4210
4209
4208
17060
4207
4206
4205
4204
4202
4201
4200
4199
4198
4197
4195
4193
17045
4192
4191
4190
4189
4188
4187
4186
4185
4184
17036
4183
4182
4181
4180
4179
4178
4177
4176
4175
4174
4172
4171
4170
4169
4168
4167
4166
4165
4163
4162
4161
4160
4159
4156
4155
4154
4153
4151
4150
4149
4148
4146
4145
4144
4141
4140
4139
4138
4135
4134
4133
4130
4129
4128
4125
4124
4123
4120
4119
4118
4116
4115
4114
4113
4110
4109
4108
4105
4104
4103
4100
4099
4098
4095
4094
4090
4089
4088
4085
4083
4080
4079
4077
4075
4074
4073
4072
4070
4069
4068
4067
4065
4064
4062
4060
4059
4058
4056
4055
4054
4053
4052
4051
4050
4049
4048
4047
4046
4045
4044
4043
4042
4041
4040
4039
4038
4037
4035
4034
4032
4031
4030
4029
4028
4027
4026
4025
4024
4023
4022
4021
4020
4019
4018
4017
4016
4015
4014
4013
4012
4011
4010
4009
4008
4007
4006
4005
4003
4002
4001
4000
3999
3996
3995
3994
3993
3991
3990
3989
3988
3986
3985
3984
3981
3980
3979
3978
3975
3974
3973
3970
3969
3968
3966
3965
3964
3963
3960
3959
3958
3956
3955
3954
3950
3949
3948
3945
3944
3943
3940
3939
3938
3935
3934
3933
3930
3929
3928
3925
3923
3920
3919
3917
3915
3914
3913
3912
3910
3909
3908
3907
3905
3904
3902
3900
3899
3898
3896
3895
3894
3892
3891
3890
3889
3888
3887
3886
3885
3884
3883
3882
3881
3880
3879
3878
3877
3876
3875
3874
3873
3872
3871
3870
3869
3868
3867
3866
3865
3864
3863
3862
3861
3860
3859
3858
3857
3856
3855
3854
3853
3852
3851
3850
3849
3848
3847
3846
3845
3843
3842
3841
3840
3839
3836
3835
3834
3833
3831
3830
3829
3826
3825
3824
3821
3820
3818
3815
3814
3810
3809
16661
3808
3805
3804
3803
3800
3799
3798
3795
3794
3793
16643
3790
3789
3788
3785
3784
3783
3780
3779
3778
3775
3774
3773
3770
3769
3768
3765
3763
3760
3759
3757
3755
3750
3749
3748
3745
3742
3740
3739
3738
3737
3735
3734
3733
3731
3730
3729
3726
3725
3724
3723
3722
3720
3718
3717
3716
3715
3714
3713
3711
3710
3708
3707
3706
3705
3704
3701
3700
3698
3696
3695
3694
3691
3690
3689
3686
3685
3681
3680
3679
3678
3677
3676
3675
3674
3673
3672
3671
3670
3669
3668
3667
3666
3665
3664
3662
3661
3660
3659
3658
3657
3655
3653
3652
3650
3649
3648
3647
3645
3644
3643
3642
3640
3639
3638
3637
3635
3634
3633
3632
3631
3630
3628
3625
3624
3623
3622
3620
3619
3618
3617
3615
3614
3612
3610
3609
3608
3607
3605
3603
3602
3600
3599
3595
3594
3593
3592
3591
3590
3589
3588
3585
3584
3580
3579
3578
3576
3575
3574
3573
3571
3570
3569
3568
3566
3565
3564
3561
3560
3556
3555
3554
3552
3550
3549
3548
3546
3545
3544
3543
3541
3540
3539
3538
3536
3535
3534
3533
3531
3530
3529
3528
3525
3523
3522
3521
3520
3519
3516
16368
3515
3514
3512
3510
3509
3508
3507
16359
3506
3504
3502
3501
3500
3499
3498
16347
3494
3492
3489
3488
3487
3485
3484
16335
3482
3480
16332
3479
3478
3477
3475
3474
3473
3472
3470
3469
3468
3467
3465
3464
3463
3462
3460
3459
3458
3457
3455
3454
3453
3452
3451
3450
3449
3448
3447
3445
3443
3442
3440
3439
3435
3434
3430
3429
3428
3424
3420
3418
3416
3415
3414
3413
3411
3410
3409
3408
3406
3405
3404
3403
3401
3400
3399
3398
3396
3395
3394
3393
3390
3389
3388
3386
3385
3384
3383
3381
3380
3379
3378
3376
3375
3374
3373
3370
3369
3368
3366
3365
3361
3360
3358
3357
3356
3354
3353
3352
3351
3350
3348
3347
3346
3345
3344
3342
3341
3340
3339
3338
3335
3334
3333
3332
3330
3329
3328
3327
3325
3324
3323
3322
3320
3319
3318
3317
3315
3314
3313
3312
3311
3310
3309
3308
3307
3305
3304
3303
3302
3300
3299
3298
3297
3295
3294
3293
3292
3291
3290
3288
3285
3283
3282
3280
3279
3278
3275
3274
3273
3271
3270
3269
3268
3265
3264
3260
3259
3258
3256
3255
3254
3253
3251
3250
3249
3248
3246
3245
3244
3243
3241
3240
3239
3238
3236
3235
3234
3233
3231
3230
3229
3228
3226
3224
3223
3220
3219
3218
3216
3215
3214
3213
3211
3210
3209
3208
3206
3205
3203
3201
3200
3199
3197
3196
3195
3194
3193
3192
3191
3190
3189
3188
3187
3186
3185
3184
3182
3181
3180
3179
3178
3175
3174
3173
3172
3170
3168
3167
3164
3163
3162
3160
3159
3158
3155
3154
3153
3152
3150
3149
3148
3147
3145
3144
3143
3142
3140
3139
3138
3137
3135
3134
3132
3130
3129
3128
3127
3125
3123
3122
3120
3119
3115
3114
3113
3110
3109
3108
3105
3104
3100
3099
3095
3094
3093
3090
3089
3088
3085
3084
3083
3080
3079
3078
3075
3074
3073
3071
3070
3069
3068
3065
3064
3060
3059
3058
3055
3054
3051
3049
3048
3046
3045
3043
3041
3039
3037
3035
3034
3033
3032
3029
3028
3027
3025
3024
3022
3020
3019
3018
3016
3015
3014
3013
3012
3011
3010
3009
3008
3007
3006
3005
3004
3003
3002
3001
3000
2999
2998
2997
2996
2995
2994
2992
2991
2990
2989
2988
2987
2986
2985
2984
2983
2982
2981
2980
2979
2978
2977
2976
2974
2973
2972
2969
2968
2966
2965
2962
2961
2960
2956
2954
2953
2951
2949
2948
2946
2945
2944
2941
2940
2939
2938
2936
2935
2934
2933
2931
2930
2929
2928
2925
2924
2923
2920
2919
2918
2915
2914
2910
2909
2908
2904
2903
2900
2898
2896
2895
2894
2891
2890
2889
2888
2885
2883
2880
2879
2877
2874
2873
2872
2871
2870
2868
2867
2865
2864
2862
2861
2860
2859
2858
2856
2855
2854
2852
2851
2849
2848
2846
2845
2844
2843
2842
2841
2840
2839
2838
2837
2836
2835
2834
2833
2832
2831
2830
2829
2828
2827
2825
2824
2823
2822
2821
2819
2818
2817
2816
2814
2813
2812
2811
2809
2808
2807
2806
2805
2803
2802
2801
2800
2799
2796
2795
2794
2793
2791
2789
2788
2786
2785
2784
2781
2779
2778
2775
2774
2770
2769
2768
2765
2764
2763
2760
2759
2758
2755
2754
2753
2750
2749
2748
2745
2744
2743
2740
2739
2738
2735
2734
2733
2730
2729
2728
2725
2723
2720
2718
2715
2714
2713
2711
2710
2708
2705
2704
2700
2696
2695
2694
2693
2691
2690
2688
2686
2685
2684
2681
2680
2679
2677
2676
2675
2674
2671
2670
2669
2667
2666
2661
2660
2659
2658
2656
2655
2654
2653
2651
2650
2649
2646
2645
2641
2640
2639
2638
2637
2636
2635
2634
2633
2632
2631
2630
2629
2628
2627
2626
2625
2624
2622
2621
2620
2619
2618
2615
2614
2613
2612
2610
2609
2608
2607
2605
2604
2603
2602
2600
2599
2598
2597
2595
2594
2593
2592
2590
2589
2588
2587
2585
2584
2583
2582
2580
2579
2578
2577
2575
2574
2573
2572
2570
2569
2568
2567
2565
2563
2562
2560
2559
2558
2555
2554
2553
2552
2550
2549
2548
2545
2544
2540
2539
2538
2536
2535
2534
2533
2531
2530
2529
2528
2526
2525
2524
2523
2521
2520
2519
2518
2516
2515
2514
2513
2512
2511
2510
2509
2508
2506
2505
2504
2503
2501
2500
2499
2498
2496
2495
2494
2493
2491
2490
2489
2488
2486
2485
2483
2482
2481
2480
2479
2478
2477
2476
2475
2474
2473
2472
2471
2470
2469
2468
2467
2466
2465
2464
2462
2461
2460
2459
2458
2457
2455
2454
2453
2452
2450
2449
2448
2447
2445
2444
2443
2442
2440
2439
2438
2437
2435
2434
2433
2432
2430
2429
2428
2427
2424
2423
2422
2420
2419
2418
2417
2415
2414
2413
2412
2410
2409
2408
2407
2405
2403
2402
2400
2399
2398
2395
2394
2393
2390
2389
2388
2385
2384
2380
2379
2378
2376
2375
2374
2373
2371
2370
2369
2368
2366
2365
2364
2363
2361
2360
2359
2356
2355
2354
2353
2351
2350
2349
2348
2346
2345
2344
2343
2341
2340
2339
2338
2336
2335
2334
2333
2331
2330
2329
2328
2326
2325
2323
2321
2320
2319
2317
2316
2315
2314
2313
2312
2311
2310
2309
2308
2307
2306
2305
2304
2302
2301
2300
2299
2298
2295
2294
2293
2292
2290
2289
2288
2287
2285
2284
2283
2282
2280
2279
2278
2277
2275
2274
2273
2272
2270
2269
2268
2267
2265
2264
2263
2262
2260
2259
2258
2257
2255
2254
2250
2249
2248
2247
2245
2243
2242
2240
2239
2235
2234
2233
2230
2229
2228
2225
2224
2220
2219
2218
2216
2215
2214
2213
2211
2210
2209
2208
2206
2205
2204
2203
2201
2200
2199
2198
2196
2195
2194
2193
2191
2190
2189
2188
2186
2185
2184
2183
2181
2180
2179
2178
2176
2175
2174
2171
2170
2169
2168
2166
2165
2163
2161
2160
2159
2157
2156
2155
2154
2153
2152
2151
2150
2149
2148
2147
2146
2145
2144
2142
2141
2140
2139
2138
2135
2134
2133
2132
2130
2129
2128
2127
2125
2124
2123
2122
2120
2119
2118
2117
2115
2114
2112
2110
2109
2108
2107
2105
2104
2103
2102
2100
2099
2098
2097
2095
2094
2093
2092
2090
2089
2088
2087
2085
2083
2082
2080
2079
2075
2074
2073
2070
2069
2068
2065
2064
2060
2059
2058
2056
2055
2054
2053
2051
2050
2049
2048
2046
2045
2044
2043
2041
2040
2039
2038
2036
2035
2034
2031
2030
2029
2028
2026
2025
2024
2023
2021
2020
2019
2018
2016
2015
2014
2013
2011
2010
2009
2008
2006
2005
2003
2001
2000
1999
1997
1996
1995
1994
1993
1992
1991
1990
1989
1988
1987
1986
1985
1984
1982
1981
1980
1979
1978
1977
1975
1974
1972
1970
1969
1968
1967
1965
1964
1963
1962
1960
1959
1958
1957
1955
1954
1953
1952
1950
1949
1948
1947
1945
1943
1942
1940
1939
1938
1937
1935
1934
1933
1932
1930
1929
1927
1925
1923
1922
1920
1919
1915
1914
1913
1910
1909
1908
1905
1904
1900
1899
1898
1896
1895
1894
1891
1890
1889
1888
1885
1884
1883
1881
1879
1878
1876
1875
1874
1873
1871
1870
1869
1868
1866
1865
1864
1863
1861
1860
1859
1858
1856
1855
1854
1851
1850
1849
1848
1846
1845
1843
1841
1840
1839
1838
1837
1835
1834
1831
1830
1826
1825
1824
1821
1820
1819
1818
1815
1814
1813
1812
1810
1809
1805
1804
1800
1799
1798
1795
1794
1793
1792
1790
1789
1788
1785
1784
1780
1779
1775
1774
1773
1772
1770
1769
1765
1760
1759
1758
1757
1755
1754
1753
1752
1750
1749
1748
1747
1745
1744
1742
1740
1739
1738
1736
1735
1734
1733
1732
1731
1730
1729
1728
1727
1726
1725
1724
1723
1722
1721
1720
1719
1718
1717
1716
1715
1714
1713
1712
1710
1709
1708
1707
1706
1705
1704
1703
1702
1701
1700
1699
1698
1697
1696
1695
1694
1693
1692
1690
1689
1688
1687
1686
1685
1683
1682
1681
1680
1679
1678
1676
1675
1674
1673
1670
1668
1665
1664
8084
1663
1660
1659
1655
1654
1653
1650
1649
1648
8067
1646
1645
1644
1640
1639
1638
1635
1634
1633
1632
1630
1629
1628
1625
1624
1620
1619
1618
1615
1614
1613
1610
1609
1608
1605
1603
1602
1600
1599
1597
1594
1593
8012
1591
1590
1589
1588
1587
8007
1586
1585
8004
1583
1582
8002
1581
1580
7998
1577
1576
1575
1572
1571
1570
1567
1566
1565
1563
1562
1561
1560
1557
1556
1555
1554
1552
1550
1549
1548
1547
1546
1545
1543
1542
1541
1537
1536
1535
1532
1531
1530
1527
1526
1525
1523
1522
1520
1519
1516
1513
1510
1509
1505
1504
7924
1503
1500
1499
1498
1495
1494
1493
1490
1489
1488
1485
1484
1483
1480
1479
1478
1475
1474
1470
1469
1465
1464
1463
1460
1459
7879
1458
1455
1454
1450
1449
1448
1445
1443
1440
1439
1437
1433
7852
1431
1427
1425
1422
1420
7838
1417
1416
1412
1410
1407
7827
1406
1405
1402
7821
1400
7807
20660
1397
1395
1392
1390
1387
1386
1385
1382
1380
1377
1375
1372
1370
1367
7787
1366
1365
7784
1363
1362
1360
1354
1351
1350
1348
7767
1346
1345
1344
7764
1343
7762
1341
1340
1339
1338
1336
1335
1334
1333
1331
1330
1329
1328
1326
1325
1324
1323
1321
1320
1319
1318
1316
1315
1314
1311
1310
1309
1308
1306
1305
1304
1303
1301
1300
1299
1298
1296
1295
1294
1293
1291
1290
1289
1288
1286
1285
1280
1279
1277
1276
1273
1271
1270
1267
1266
1265
1262
1260
7678
1257
1255
1252
1250
1247
1245
1242
1240
1237
1235
1232
7652
1231
1230
1227
7647
1226
1222
1220
1217
1215
1212
1210
1207
7627
1206
1205
1203
1202
1200
7617
1196
1194
1191
1189
1188
7607
1186
1184
7604
1183
1181
1180
1179
1178
1176
7596
1175
1174
1171
7591
1170
1169
1168
1166
1165
1164
1163
1161
1160
1159
1158
1156
1155
1154
1153
1151
1150
1149
1148
1146
1145
1144
1143
1141
1140
1139
1138
1136
1135
1134
1133
1131
1130
1129
1128
1126
1125
1123
1120
1119
1116
1113
1110
1107
1105
7521
1100
1095
1090
1088
1085
1080
1075
1072
1070
1065
1055
1052
1050
1040
1034
1032
1029
1028
1027
7447
1026
1024
7444
1023
1022
1020
1019
1018
1017
1016
1015
1014
1012
1011
1010
1009
1007
1006
1005
1004
1003
1002
1001
1000
999
998
997
996
995
994
993
7402
20255
992
991
990
989
988
987
986
985
984
983
982
981
7390
20243
980
979
978
977
976
975
974
972
971
970
969
7378
20231
968
967
966
965
963
962
960
959
956
953
952
950
945
940
935
930
928
925
920
915
912
910
905
900
895
890
885
882
880
877
874
870
868
867
7287
866
865
864
7284
863
862
7282
861
860
859
858
7278
857
856
855
854
853
852
851
850
849
847
846
845
844
843
842
841
840
839
838
837
836
835
834
832
831
830
829
828
827
826
825
824
823
822
821
820
819
818
817
816
815
814
813
812
811
810
809
808
807
806
805
803
802
800
799
796
793
790
785
780
778
775
770
768
765
760
755
750
745
740
735
730
725
720
717
714
7132
711
710
708
707
7127
706
705
704
7124
703
702
7122
701
700
699
698
7118
697
696
695
694
692
691
690
689
688
687
686
685
684
683
682
681
680
679
678
677
676
675
674
673
672
671
670
669
668
667
666
665
664
663
662
661
660
659
658
657
656
654
653
652
651
650
649
648
647
645
643
642
639
636
633
630
625
620
615
610
605
600
595
590
585
580
575
570
565
560
552
550
6964
543
6962
541
538
536
534
531
528
526
525
523
521
520
514
513
512
511
506
13357
504
503
501
498
491
490
486
469
13322
480
477
476
13327
474
473
456
13309
467
454
13307
465
13317
464
462
460
448
13301
13312
459
457
452
450
449
447
434
13287
445
13297
444
443
431
13284
442
439
437
435
432
430
13282
429
427
13278
425
424
422
420
419
417
415
414
412
409
407
403
402
6812
391
390
13241
388
385
6804
13236
383
6802
13234
381
369
13222
13233
380
13231
378
13229
376
13224
371
13221
368
13219
366
13214
361
360
13211
358
345
13198
13209
356
13208
355
13205
352
13204
351
13202
349
13201
348
13199
346
13196
343
13194
341
329
13182
13193
340
13191
338
13189
336
331
13183
330
13181
328
13179
326
13176
323
322
13172
319
13169
316
13167
314
13166
313
310
307
294
13147
13158
305
13157
304
302
13153
300
6718
297
13148
295
292
13143
290
13142
289
287
274
13127
285
13137
284
13136
283
271
13124
282
13132
279
277
275
272
13123
270
258
13111
13122
269
13118
265
13117
264
13116
263
13115
262
260
13110
257
13108
255
13107
254
13105
252
239
13092
13103
250
13102
249
13100
247
13098
245
13095
242
13093
240
6652
13084
231
13083
230
6647
13079
226
13078
225
6644
13076
223
6642
13074
221
13071
218
13069
216
13064
211
13061
208
13059
206
13053
200
6608
19461
13051
198
13049
196
13046
193
13041
188
13039
186
13034
181
13031
178
13029
176
164
13017
13028
175
13026
173
171
13023
170
13021
168
13019
166
13016
163
149
13002
13013
160
157
13007
154
147
145
12997
144
142
140
6558
137
124
12977
12988
135
12987
134
121
12974
132
12983
130
127
114
12967
125
12976
123
111
12964
122
109
12962
12973
120
12972
119
117
12968
115
112
12963
110
107
12958
105
12957
104
12956
103
12955
102
12953
100
12952
99
12950
97
12947
94
12945
92
12943
90
12942
89
12940
87
12938
85
12936
83
12935
82
12933
80
12932
79
6492
12924
71
12923
70
12921
68
6487
12919
66
6482
12914
61
12911
58
12909
56
12906
53
12904
51
12901
48
12899
46
12896
43
12894
41
12891
38
12889
36
12884
31
12881
28
12879
26
12876
23
12874
21
12871
18
12869
16
4
12857
15
12861
8
6
12842
0
944
4147
12132
1711
8132
6322
3367
4931
11352
1122
2727
7524
1103
4291
10712
1112
1097
7518
1669
4857
11278
1472
3036
9457
5457
1842
13056
203
3391
9812
1827
2971
9381
22234
6264
3076
22350
9497
11918
5497
487
12961
108
3296
9717
12232
2617
9038
5844
6242
5447
2244
3017
9438
4981
11402
13067
214
9838
3417
6327
3124
3207
2947
3527
13177
324
2067
4992
6575
19428
165
2002
784
3987
11972
4941
11362
13027
174
3377
8072
1651
1636
8057
7877
1456
1441
7862
7892
1471
5441
11862
1193
4381
10802
12399
6832
411
396
6817
11438
5017
179
13032
13043
190
327
629
3832
16670
3817
10238
567
2131
8552
7857
1436
1421
7842
1887
902
875
4063
10484
4078
2959
9369
22222
13240
387
1951
8372
4861
11282
1357
2921
9342
5342
515
485
167
1764
4967
949
4152
3702
472
12903
50
20
9
12862
5136
11557
3572
9297
22150
2887
7684
1263
4451
10872
1272
481
3684
6884
463
3651
10072
1044
4247
5261
11682
13336
13347
494
3697
12941
88
3276
22550
9697
1353
4541
10962
5007
169
13022
13033
180
150
139
12992
12642
1442
4946
11367
1743
8164
3382
6502
12934
81
3284
12898
45
2642
3116
9537
5101
11522
13187
334
3537
3767
564
5316
11737
8017
1596
17
408
3596
10017
2032
479
3682
5231
11652
12926
73
3261
9682
11312
4891
2882
1258
4446
10867
461
446
6867
1282
3106
9527
6324
12482
12497
6076
527
2091
8512
518
3721
12951
98
3286
9707
801
4004
789
3992
3977
10398
774
13012
159
3362
482
887
2451
8872
1199
4402
1190
1966
8387
6387
2869
9279
22132
2207
583
3771
10192
1816
8237
1049
4252
12237
2167
3047
7844
1423
4611
11032
2647
5287
2084
6662
13094
241
3444
13080
227
5221
11642
12802
6657
13089
236
13044
191
3349
9759
22612
2327
3042
2162
177
1741
8162
4935
11356
6312
7912
1491
1476
7897
11882
727
2291
8712
1127
5918
12324
1912
8322
21175
5442
4976
11397
13062
209
3412
1039
4242
1806
8227
1287
872
786
771
7192
3126
9547
2007
4962
5607
2404
783
7204
798
1622
1595
4783
11204
4798
3156
9577
1607
3171
9581
22434
9592
4407
1204
12392
6004
6982
561
546
6967
3764
1349
4537
10958
517
2081
8502
2197
573
3761
10182
12905
52
1631
1616
8037
12920
67
3225
9635
22488
2192
568
3756
10177
2644
1047
2611
9032
12244
5838
2357
733
3921
10342
6357
597
2564
5767
943
7364
958
12981
128
3316
9737
11334
2757
2237
3801
10222
2221
8642
7137
716
5152
742
715
3918
3903
10324
757
3118
3103
9524
1515
4718
4703
11124
3927
724
7302
881
4084
2463
8884
5604
8822
2401
2386
8807
795
3998
3983
10404
6532
12949
96
6517
12994
141
12979
126
6547
6724
13156
303
3491
9901
22754
9912
13174
321
3524
267
3425
9835
22688
301
13154
312
1903
8324
1918
5106
11527
13192
339
3542
13225
372
1936
8357
12322
5857
18710
6367
873
4061
10482
2497
12959
106
6527
6542
4912
557
2121
8542
2381
8802
7297
876
1327
5312
455
5922
2719
13151
298
3486
9907
734
3937
1501
1486
7907
719
3922
11907
897
2897
4087
884
4887
1684
1666
11284
4878
12931
78
12916
63
6484
3266
9687
6087
2884
7462
1041
4244
2623
9044
4997
155
3343
9764
4982
6677
13109
256
722
2286
8707
3026
9447
6244
5417
11838
2223
8644
5426
11847
2238
5462
532
2096
8517
3627
10037
22890
577
1033
4221
10642
2657
6672
13104
251
7457
1036
1021
7442
5006
11427
4991
11412
13077
224
3427
7622
1201
4404
2798
6001
2783
9204
5924
2706
9127
1142
1115
4303
10724
1157
2721
9142
1187
2751
9172
5172
1198
4386
10807
12404
2780
9201
6837
416
401
6822
2722
1098
4286
10707
13139
286
6707
737
2322
5137
1152
2716
9137
7777
1356
574
3777
5326
11747
559
3762
12991
138
3326
9747
1762
5762
2943
9364
2958
579
3782
594
3797
1317
2881
9291
22144
9302
5302
475
3663
10084
5257
11678
2063
8484
5266
11687
2078
5332
13358
505
13009
156
4947
1358
4546
10967
1042
2606
9027
5027
4943
11364
1782
12647
3038
3023
9433
22286
9444
1432
4620
11041
1426
7847
4644
1518
4706
11127
12724
4866
11287
12895
42
12925
72
12910
57
6478
5157
1172
2736
9157
5187
13186
333
4951
11372
13037
184
3387
6247
3044
1447
1438
4641
12644
6238
4956
11377
6599
19452
13042
189
3392
162
5421
11842
1872
13101
248
3436
9857
6337
713
3901
10322
8747
21600
2337
2352
728
3916
10337
4977
2541
8962
6977
556
5122
1297
5282
12944
91
6512
4897
6497
12929
76
1691
2017
393
3581
10002
5116
11537
4961
11382
13047
194
3397
4966
11387
13052
199
3402
7882
1461
1446
7867
6347
2362
738
3926
10347
4987
584
3787
2747
13164
311
13149
296
6717
2732
1108
4296
10717
1147
5132
587
954
4157
172
794
3997
12
747
1307
6507
12939
86
2907
1283
4471
10892
744
3947
729
3932
11917
11902
5147
1162
2726
9147
2955
9365
22218
1457
3021
9442
7887
1466
1451
7872
5436
11857
7598
1177
2741
9162
5162
335
5126
11547
13212
359
3562
4971
11392
13057
204
3407
7452
1031
5822
1347
2911
9332
1374
4577
3136
9557
1857
13086
233
3421
9842
3355
9765
22618
13050
197
1761
8182
13065
212
1791
1776
8197
12890
37
1601
8022
13210
357
1921
8342
2917
754
3957
4986
11407
13072
219
3422
3146
22420
9567
2875
9285
22138
2767
607
12162
12002
767
2927
5273
11694
764
3967
5167
1182
2746
9167
1197
2761
9182
5182
2975
9385
22238
1477
1468
4671
11877
12971
118
3306
9727
5146
11567
13232
379
3582
325
3483
9893
22746
1886
8296
21149
1916
8337
12798
6377
614
9198
2777
2967
9377
22230
3102
7038
617
7198
777
7758
1337
2901
9322
12954
101
6522
6537
12969
116
9358
2937
6552
12984
131
3289
9699
22552
4922
12948
95
12918
65
54
12907
3166
9587
5602
627
787
1661
879
4082
12067
5166
11587
3503
9924
9913
22766
3176
9597
1612
1627
6397
5037
13063
210
634
3837
3807
3796
16649
2905
9315
22168
2797
12379
637
1359
4562
12547
2893
9303
22156
1368
4556
10977
797
2957
5303
11724
5197
13223
370
12989
136
6557
13004
151
1671
1656
8077
889
4092
12077
13001
148
3336
9757
5176
11597
5357
530
500
489
13342
3117
1517
4690
11111
5502
957
1781
8202
6638
13070
217
632
1192
2756
9177
5177
13203
350
320
309
13162
2792
3161
9571
22424
9582
7917
1496
4669
1481
7902
6382
5022
13048
195
619
3822
5371
11792
604
2782
1902
13131
278
3466
9887
622
5016
11437
13045
192
13075
222
1786
8207
1771
8192
13060
207
12915
62
8062
1641
1626
8047
3202
3157
1578
4766
11187
1611
8032
12900
47
4805
11226
1617
13235
382
1946
8367
5113
11534
1880
8290
21143
1853
8263
21116
1931
8352
13220
367
782
1342
2906
9327
5327
470
5235
2062
438
3626
10047
423
3611
10021
22874
10032
2047
2942
779
3982
4927
12930
77
12986
133
3321
9742
5226
5241
11662
5292
3481
9902
1917
1801
8222
13090
237
13134
281
6702
939
4142
2222
598
3786
10207
1511
1502
3066
9487
5487
942
542
2106
8527
3736
537
2101
8522
937
8638
2217
593
3781
10202
9507
22360
3097
1473
6282
934
4137
11758
5337
13352
510
6712
291
13129
276
6697
13141
288
3476
9897
1897
8318
3151
9572
3141
9562
11867
6362
8798
2377
3941
10362
5002
599
16655
3802
2762
1882
3446
9867
602
13055
202
1766
8187
1751
8172
13040
187
8042
1621
1606
8027
1911
8332
13200
347
762
2042
418
3606
10027
2922
759
3962
12880
27
12966
113
3301
9722
4898
11319
13114
261
6682
919
4122
2202
578
3766
10187
1482
5467
922
522
2086
8507
917
12096
2487
12928
75
3263
9684
3077
914
4117
5317
1332
6692
5211
11632
3101
9522
9511
22364
3131
9552
1540
4728
11149
3091
9512
9501
22354
3121
9542
7918
1497
3031
9441
22294
3061
9482
1506
1524
4727
12712
2742
4996
11417
13082
229
3432
3426
9847
9862
3441
13091
238
182
4964
1746
8167
3198
3183
9604
12807
22
4804
6392
12888
35
24
12877
342
1906
8327
5124
5142
13168
315
3518
13159
306
2022
398
3586
10007
5198
5183
11604
13206
353
3526
5156
11577
739
3942
1551
6342
12946
93
3281
9702
5201
11622
13106
253
8287
21140
1877
899
4102
3062
2963
9373
22226
2182
5358
5343
11764
558
3746
10167
502
5284
2066
8487
466
451
6872
6857
436
2177
553
3741
10162
562
2126
8547
3057
894
4097
5297
440
1312
2876
5286
11707
549
3752
13099
246
6667
3419
9829
22682
904
4107
3067
2187
563
3751
10172
4655
11076
1467
5452
907
507
2071
8492
3712
509
5276
11697
3613
10023
22876
592
2752
12334
589
3792
6352
2367
743
3931
10352
6332
2347
723
3911
10332
4972
569
3772
1852
1132
572
2136
8557
4882
12908
55
12878
25
14
12867
3505
332
732
2296
8717
1292
2012
3111
9532
12999
146
11358
4937
1364
4567
12552
6164
2952
433
3621
10042
2057
7292
871
5662
12912
59
3262
2226
8647
5444
2232
608
10217
3112
5251
11672
3687
484
5347
3107
2227
603
3791
10212
947
547
2111
8532
1667
7
3165
9575
22428
1658
2387
763
3951
10372
6372
12917
64
3267
1643
4831
11252
1104
4307
458
3646
10067
3641
10062
2077
4302
2699
1102
12839
9678
3257
2072
3636
10057
5391
11812
624
3827
1512
4724
1521
2772
772
428
3616
2052
2037
413
3601
10022
12514
2932
769
3972
929
4132
3092
2212
588
3776
10197
3056
9477
1492
5477
932
2425
8835
21688
927
1487
5472
924
4127
5306
11727
4287
1087
2652
12261
1082
12892
39
3242
1941
8362
6798
13230
377
12494
2912
749
3952
3030
9451
12654
3072
12814
2
1069
4272
6842
421
406
6827
4267
3227
1067
1013
2664
1059
4262
1054
4257
3217
1057
892
2456
8877
1452
2172
3052
1428
4616
11037
13054
201
3359
9769
22622
13171
318
13126
273
3461
9882
3431
9852
9841
22694
3497
9918
1924
5127
1756
8177
12982
129
3287
2492
5612
6987
566
551
6972
2076
8497
5617
1214
4417
1777
1219
4422
1637
5622
6997
576
12022
12882
29
3232
12017
2236
8657
7152
731
5777
2332
11914
7147
726
2231
8652
2241
21515
8662
1642
5627
12027
12029
12032
7007
586
571
6992
1647
5632
1229
4432
1062
1035
4238
4223
10644
13121
268
3456
9877
3471
4236
10657
2672
1030
4203
3081
9502
1508
4711
4681
1544
4747
12037
12042
8078
1657
5642
2507
883
4071
10492
898
4086
10507
2522
5772
1787
1244
4447
1662
5647
12047
6852
3604
13239
386
6807
3559
9969
22822
1998
1983
8404
392
13215
362
1089
4292
12902
49
3252
748
3936
10357
2372
5637
1652
1092
1079
4282
7497
1076
1061
7482
10718
4297
1094
1796
8217
8232
1811
2517
4081
10502
908
4096
10517
2532
6031
12437
1249
4452
5652
2271
8692
7187
766
751
7172
5812
12597
1409
4612
2737
2692
5854
18707
13217
364
3567
1404
4607
7182
761
746
7167
12207
5032
1829
13085
232
12202
1559
4762
5962
7337
916
901
7322
2421
8842
913
4101
10522
2537
1956
8377
12362
12192
2251
8672
19446
13036
183
3371
9781
22634
9792
1807
5792
1389
4592
13197
344
3547
3517
1369
4572
12557
1384
4587
1802
5787
7162
741
12182
1539
4742
5937
2396
8817
903
4091
10512
2527
888
4076
10497
12337
2665
9075
21928
5872
18725
2406
8827
5947
6107
1025
1046
7467
2566
8987
2826
9236
22089
9263
22116
12507
1379
4582
12502
4256
10677
1053
4241
10662
2561
8982
7477
1056
4902
6097
7472
1051
2556
8977
6847
426
1208
4396
10817
6257
7307
886
2391
8812
5952
1213
4401
10822
909
4112
4909
612
1394
4597
5797
758
3946
10367
2382
12062
1259
4462
918
4106
10527
2542
5807
1822
5802
8238
1817
1254
10878
4457
5657
5667
1264
4467
2547
923
4111
10532
5011
11432
5044
1832
12913
60
12883
30
19
12872
12922
69
3272
7142
721
3924
2318
2303
8724
5512
468
3656
10077
5517
1114
4317
12927
74
3277
2397
773
3961
10382
1677
2687
12296
1117
6687
13119
266
1045
4218
1063
4251
10672
7512
1091
4312
1109
12197
1836
2557
933
4121
10542
5677
628
3816
10237
5932
13152
299
13161
308
3511
3496
9917
2707
1083
4271
10692
13237
384
3587
1424
4627
7836
1415
5827
781
12864
11
3169
9579
22432
12893
40
12863
10
12852
12866
13
938
4126
10547
2446
8867
941
926
7347
13216
363
3551
9972
5987
1584
4787
544
3747
1419
4622
1414
11038
4617
2682
4246
10667
1073
4261
10682
12306
9118
2697
1060
4233
4266
10687
2702
5977
5307
6137
5972
12372
397
1961
8382
12367
5967
524
3727
497
1167
2731
9152
394
3597
4281
10702
2717
1434
4637
5837
11327
4906
7342
921
906
7327
3754
2771
9192
2804
5992
788
3976
10397
12397
1209
4412
1976
8397
1185
12382
5997
1907
1862
8272
21125
5982
1579
4782
7517
1096
1081
7502
631
616
7037
1413
4601
11022
12616
1251
1236
7657
11897
3906
10327
718
6297
7507
1086
1071
7492
12532
12527
6127
6122
5957
6036
1218
4406
10827
2027
1928
8338
21191
1221
7642
2815
4194
7487
1066
2571
8992
12352
12542
948
4136
10557
4957
6147
2899
9309
22162
1101
2116
8537
12522
7782
1361
4564
12549
1352
2916
9337
5352
2158
2143
8564
1121
4324
1124
1106
6307
1261
1246
7667
2766
9187
1564
4767
752
1534
4737
1507
4695
11116
3098
9519
6319
12707
6304
3086
1514
4687
1574
4777
792
1529
4702
4732
12702
6302
12692
1867
13096
243
2281
8702
3063
9484
12687
2266
8687
12672
6287
12856
3
2436
8857
1233
4421
10842
2586
9007
1371
7022
601
1398
4586
11007
7804
1383
4571
10992
6276
12682
2276
8697
2712
2261
8682
12667
2256
8677
12662
1847
4226
10647
1038
12217
1462
1435
4638
4623
11044
6262
12222
3040
9461
6267
2616
9037
3532
1111
6317
3692
13252
399
3557
9967
22820
2820
9230
22083
2850
9271
1444
1411
7832
2926
9347
13207
354
5507
13068
215
13038
185
2776
9197
3212
791
776
7197
1573
4761
11182
1568
4756
11177
1268
4456
10877
2847
9257
22110
2892
471
3629
10039
22892
6877
4441
10862
2441
8862
12858
5
12847
5817
7817
1396
1381
7802
13097
244
13088
235
3423
9844
3438
5023
11444
5038
1844
2596
9017
7032
611
596
7017
4581
11002
1243
4431
10852
2431
8852
12837
5012
2591
9012
7027
606
591
7012
1388
4576
10997
1553
4741
11162
1598
7177
756
1538
4726
11147
4885
11306
2551
8972
1211
2790
9211
2950
9371
1355
4558
4543
10964
540
582
516
555
3758
3743
10164
6158
12564
7797
1376
2581
9002
581
7002
6196
1378
4566
10987
736
7157
4721
11142
1528
4716
11137
5192
1944
8354
21207
410
400
12822
2416
8837
1234
4437
1216
395
3598
3553
9963
22816
3583
10004
618
3806
10227
1430
621
1418
4606
11027
7824
1403
4591
11012
5492
2662
1077
13073
220
13228
375
5364
2137
8558
4131
10552
961
4164
12164
5758
955
4143
10564
4158
964
946
931
7352
12996
143
6564
13011
158
4916
11337
2576
8997
1373
4561
10982
441
6862
1238
4426
10847
2426
8847
12832
1623
4826
4875
11296
4944
2878
2863
9284
12487
1223
4411
10832
2411
8832
12817
5764
2546
8967
12187
1224
4427
337
3495
9905
22758
2857
9278
2866
9287
6084
13081
228
2724
5927
1118
12318
12327
2703
9124
2601
9022
496
3654
10064
22917
6142
1569
4772
5103
11524
5118
1037
804
2392
12714
1195
4383
10804
4901
11322
2964
6272
1901
4926
11347
911
7332
4896
11317
5001
11422
13087
234
3437
152
2543
8964
12167
5263
11684
5278
1248
4436
10857
4884
1672
869
4057
10478
4066
10487
878
1137
5878
18731
2701
9122
280
12937
84
12057
1302
1275
4478
4463
10884
3971
10392
6398
12804
3222
3087
6404
3177
9598
12007
2383
8804
1604
1256
1241
7662
1767
3331
9752
161
3364
5229
12537
7357
936
2342
11924
2246
8667
3082
535
2358
8768
21621
3719
1429
4632
1892
13112
259
1823
8244
12229
635
3838
3823
10244
1008
4196
10617
12214
5322
495
5256
1322
2886
9307
5782
1797
12158
644
626
13058
205
3363
9773
22626
641
3844
7044
623
3811
10232
638
3221
9631
22484
11912
2297
8718
5524
712
1281
4484
2484
12084
5678
404
13218
365
13227
374
9998
3577
1971
8392
2004
12854
1
3204
405
3563
22826
4881
11302
896
7317
6102
12478
2502
1399
4602
5296
11717
529
3732
848
4036
10457
478
3493
1592
3096
9517
655
3828
2324
1401
12174
2164
12897
44
3247
12014
1408
4596
11017
5423
11844
5438
1239
4442
5942
2252
609
3812
2970
9391
1391
3372
951
4921
11342
5482
646
3819
5832
3337
9758
1737
8158
1228
4416
10837
1278
1269
4472
1284
5672
5204
6132
2902
12484
640
545
5433
11854
2787
12369
1558
4746
11167
709
3897
10318
12885
32
4231
10652
891
7312
13242
389
3050
9471
4277
1274
4477
492
12347
1926
8347
317
3490
5323
11744
12887
34
3237
12004
12072
5684
1225
4413
10834
2061
8482
2810
9231
4871
11292
