0
1
2
3
4
5
6
27
7
28
8
9
30
10
31
11
12
33
13
34
14
15
36
16
37
17
18
39
19
40
20
21
45
22
46
23
24
25
29
26
32
35
38
41
42
43
47
44
48
1039
49
1040
50
51
52
53
54
55
56
57
58
59
60
61
62
63
64
65
66
67
68
69
70
71
72
73
74
75
76
77
78
79
80
81
82
83
84
85
86
87
88
89
90
91
92
93
94
95
96
97
99
98
100
101
102
103
104
105
106
107
108
1266
109
1267
110
111
112
113
114
115
116
117
118
119
120
121
122
123
124
125
126
127
128
129
1268
130
131
132
133
134
135
136
137
138
139
140
141
142
143
144
145
146
147
148
149
150
151
152
153
154
155
156
157
158
159
160
161
162
163
164
165
166
167
168
169
170
171
172
173
174
175
176
177
966
178
967
179
968
180
969
181
970
183
182
184
185
186
187
189
188
190
191
192
193
195
194
196
197
198
199
204
200
201
202
205
203
206
207
208
209
210
211
212
213
214
215
216
217
218
219
220
221
222
223
224
225
226
227
228
1280
229
1281
230
231
232
233
234
1022
235
1023
236
237
238
239
240
241
242
243
244
245
1282
246
1283
247
1284
248
249
250
251
252
253
254
255
1024
256
257
258
259
260
261
262
263
264
265
266
267
268
269
270
271
272
273
274
275
276
277
278
279
280
281
282
283
284
285
2787
286
2788
287
288
289
290
291
292
293
294
295
296
297
298
299
300
301
1786
302
1787
303
1788
304
306
305
307
308
309
310
312
311
313
314
315
316
318
317
319
320
321
2789
324
322
325
323
326
327
328
329
330
331
332
333
334
335
336
337
338
339
340
341
342
343
344
345
346
347
348
349
350
351
352
3065
353
3066
354
3067
355
3068
356
357
3069
358
360
359
361
362
363
364
366
365
367
368
369
370
372
371
373
374
375
376
378
377
379
380
381
382
383
384
3189
385
3190
386
387
388
389
390
391
392
393
394
396
395
397
398
399
2764
400
2765
401
402
3191
403
404
405
406
407
408
409
410
411
412
413
414
415
417
416
418
419
2766
420
2767
421
2768
422
423
424
425
426
427
428
429
430
431
432
433
434
435
436
437
438
439
440
441
442
443
445
444
446
447
448
449
450
451
3151
452
453
454
455
456
457
458
459
460
461
462
463
464
465
466
467
468
469
470
471
3152
472
3153
473
474
475
476
477
478
479
480
481
482
483
3307
484
3308
485
486
487
488
489
490
491
492
493
494
495
496
497
498
499
3275
500
501
3309
502
503
504
505
506
507
508
509
510
511
512
513
514
515
516
517
518
519
3276
520
3277
521
3278
522
3279
523
524
525
526
527
528
529
3468
530
531
534
532
535
533
536
537
540
538
541
539
542
543
546
544
547
545
548
549
550
551
3469
552
3470
553
554
555
556
557
558
559
560
561
562
563
564
565
566
567
568
569
570
571
572
573
574
3544
575
576
577
578
579
3536
580
3537
581
582
583
584
585
586
587
588
589
590
591
3545
592
3546
593
3547
594
3548
595
596
597
598
599
600
3538
601
602
603
3690
604
3691
605
606
607
608
609
610
611
612
613
614
615
616
617
618
619
3758
620
3692
621
622
623
624
625
626
627
628
629
630
631
632
633
634
635
636
637
638
3759
639
3760
640
641
642
643
644
645
646
647
648
649
650
651
3847
652
3848
653
654
655
656
657
658
659
660
661
662
663
664
665
666
667
668
669
670
671
672
3849
673
674
675
676
677
678
679
680
681
682
683
684
685
686
687
688
689
690
691
692
693
694
695
696
697
698
699
700
701
702
3921
703
3922
704
705
706
707
708
709
710
711
712
713
714
715
716
717
3932
718
3933
719
720
3923
721
3924
722
3925
723
724
725
726
727
728
729
730
731
732
733
734
735
736
737
738
3934
739
3935
740
3936
741
742
743
744
745
746
747
748
749
750
751
752
753
754
755
756
757
758
759
760
761
762
763
764
765
766
767
768
769
770
771
772
773
774
775
776
777
7188
778
7189
779
780
781
782
783
784
785
786
787
788
789
790
791
792
793
7394
794
795
7190
796
797
798
799
800
801
802
803
804
805
806
807
808
809
810
811
812
813
7395
814
7396
815
816
817
818
819
820
821
822
823
824
825
7042
826
7043
827
828
829
830
831
832
833
834
835
836
837
838
839
840
841
7447
842
7448
843
7449
844
7450
845
7451
846
849
847
850
848
851
852
855
853
856
854
857
858
859
860
861
7044
862
7045
863
864
7046
865
866
867
868
869
870
871
872
873
7500
874
7501
875
876
877
878
879
880
881
882
883
885
884
886
887
888
7523
889
7524
890
891
7502
892
893
894
895
896
897
898
899
900
901
902
903
904
905
906
907
908
7525
909
7526
910
7527
911
912
913
914
915
916
917
918
919
920
921
922
923
924
925
926
927
928
929
930
931
932
933
934
935
936
937
938
939
940
7588
941
942
943
944
7668
945
7669
946
7670
947
948
949
950
951
952
954
953
955
956
957
7589
958
7590
959
960
961
962
963
964
971
972
973
974
975
976
977
978
979
980
981
982
983
984
985
986
987
988
989
1059
990
1060
991
992
993
994
995
996
1065
997
998
999
1000
1001
1002
1056
1003
1004
1005
1006
1007
1008
1068
1009
1010
1011
1012
1013
1014
1053
1015
1016
1017
1018
1019
1020
1025
1021
1026
1027
1074
1028
1075
1029
1041
1030
1031
1032
1033
1034
1050
1035
1036
1037
1038
1042
1043
1047
1044
1048
1045
1049
1046
1051
1054
1052
1055
1057
1061
1058
1062
1063
1066
1064
1067
1069
1070
1071
1072
1073
1076
1077
1078
1079
1080
1081
1082
1083
1084
1085
1086
1087
1088
1089
1090
1091
1092
1093
1094
1095
1096
1097
1098
1099
1100
1101
1102
1103
1104
1105
1106
1107
1108
1109
1110
1111
1702
1112
1113
1114
1115
1116
1117
1118
1119
1120
1121
1122
1123
1124
1125
1126
1127
1128
1129
1130
1131
1132
1133
1134
1135
1136
1137
1138
1139
1140
1703
1141
1704
1142
1705
1143
1706
1144
1145
1146
1147
1148
1149
1150
1151
1152
1153
1154
1155
1156
1157
1158
1159
1160
1161
1162
1163
1164
1165
1166
1167
1168
1169
1170
1171
1172
1173
1174
1175
1176
1177
1178
1179
1180
1716
1181
1182
1183
1184
1185
1186
1187
1188
1189
1190
1191
1192
1193
1194
1195
1196
1197
1198
1199
1200
1201
1202
1203
1204
1205
1206
1207
1208
1209
1717
1210
1718
1211
1719
1212
1720
1213
1214
1215
1216
1217
1218
1219
1220
1221
1222
1223
1224
1225
1226
1227
1228
1229
1230
1231
1232
1233
1234
1235
1236
1237
1238
1239
1240
1241
1242
1243
1244
1245
1246
1247
1248
1249
1250
1251
1252
1253
1254
1255
1256
1257
1258
1259
1260
1261
1262
1263
1264
1265
1269
1270
1271
1272
1273
1274
1275
1276
1277
1278
1279
1285
1286
1287
1288
1289
1778
1290
1291
1292
1293
1294
1295
1296
1297
1298
1299
1300
1301
1302
1303
1304
1305
1306
1307
1308
1309
1310
1311
1312
1313
1315
1314
1316
1317
1318
1779
1319
1780
1320
1781
1321
1782
1322
1323
1324
1325
1326
1327
1328
1329
1330
1331
1332
1333
1334
1335
1336
1337
1338
1339
1340
1341
1342
1343
1344
1345
1346
1347
1348
1349
1350
1351
1352
1353
1354
1355
1356
1357
1358
1902
1359
1360
1361
1362
1363
1364
1365
1366
1367
1368
1369
1370
1371
1372
1373
1374
1375
1376
1377
1378
1379
1380
1381
1382
1383
1384
1385
1386
1387
1388
1389
1390
1391
1392
1393
1394
1411
1395
1903
1396
1904
1397
1905
1398
1906
1399
1402
1400
1403
1401
1404
1405
1408
1406
1409
1407
1410
1412
1413
1414
1415
1416
1417
1420
1418
1421
1419
1422
1423
1471
1424
1425
1426
1519
1427
1520
1428
1521
1429
1430
1431
1432
1433
1434
1472
1435
1436
1473
1437
1438
1439
1440
1441
1480
1442
1443
1444
1445
1446
1447
1448
1449
1450
1451
1452
1453
1454
1455
1456
1457
1458
1459
1460
1461
1462
1463
1495
1464
1465
1466
1467
1468
1469
1470
1474
1475
1476
1477
1478
1479
1481
1482
1483
1484
1485
1486
1994
1487
1488
1489
1510
1490
1491
1996
1997
1492
1998
1493
1494
1496
1497
1498
1499
1500
1501
1502
1503
1504
1522
1505
1523
1506
2041
1507
2042
1508
2043
1509
1511
1512
1513
1516
1514
1515
1517
1518
1524
1525
1526
1528
1527
1529
1530
1531
1532
1533
1534
1540
1535
1541
1536
1542
1537
1538
1539
1543
1544
1545
1546
1582
1547
1548
1549
1550
1551
1552
1553
1573
1554
1555
1588
1556
1557
1558
1576
1559
1577
1560
1561
1562
1563
1564
1565
1566
1567
1568
1569
1570
1571
1572
1574
1578
1575
1579
1580
1581
1583
1584
1585
1586
1587
1589
1590
1591
1592
1593
1594
1596
1595
1597
2067
1598
1599
1600
1601
1602
2093
1603
2095
2096
1604
2097
1605
1606
1612
1607
1613
1608
1609
1615
1610
1616
1611
1614
1617
1618
1619
1620
1621
1622
8002
1623
1624
1627
1625
1628
1626
1629
1630
1631
1633
1632
1634
1635
1636
1637
1639
1638
1640
1641
1642
1643
1644
1645
1646
1647
8003
1648
8004
1649
8005
1650
1651
1654
1652
1655
1653
1656
1657
1660
1658
1661
1659
1662
1663
1666
1664
1667
1665
1668
1669
11873
1670
11874
1671
11875
1672
11876
1673
11877
1674
1675
1676
1677
1678
1681
1679
1682
1680
1683
1684
1687
1685
1688
1686
1689
1693
1690
1694
1691
1695
1692
1696
1697
11850
1698
11851
1699
11852
1700
11853
1701
1707
1708
1709
1710
1711
1712
1713
1714
1715
1721
1722
1727
1723
1724
1725
1728
1726
1729
1730
1731
1732
1733
1734
1735
1736
1737
1749
1738
1748
1739
1750
1740
1741
1742
1743
1744
1745
1746
1747
1751
2617
1752
2618
1753
1754
1755
1756
1757
1775
1758
1776
1759
1760
2620
1761
2621
1762
2622
1763
1764
1765
1766
1767
1768
1769
1783
1770
1784
1771
1772
1773
1774
1777
1785
1789
2623
1790
1791
1792
1793
1794
1795
1796
1797
1798
1799
1800
1801
1802
1803
1804
2626
1805
1806
1807
1808
1809
1810
1811
1812
1813
1814
1815
1816
1817
1818
2629
1819
2630
1820
1821
1822
1823
1824
1825
1826
1827
1828
1829
1830
1831
1832
1833
2632
1834
2633
1835
1836
1837
1838
1839
1840
1841
1842
1843
1844
1845
1846
1847
1848
2635
1849
2636
1850
1851
1852
1853
1854
1855
1856
1857
1858
1859
1860
1861
1862
1863
2638
1864
2639
1865
1866
1867
1868
1869
1870
1871
1872
1873
1874
1875
1876
1877
1878
2641
1879
2642
1880
1881
1882
1883
1884
1885
1886
1887
1888
1889
1890
1891
1892
1893
2644
1894
2645
1895
1896
1897
1898
1900
1899
1901
1907
1908
1909
1910
1911
2647
1912
1913
1914
1915
1916
1917
1918
1919
1920
1921
1922
1923
1924
1925
2650
1926
2651
1927
1928
1929
1930
1931
1932
1933
1934
1935
1936
1937
1938
1939
1940
2653
1941
2654
1942
1943
1944
1945
1946
1947
1948
1949
1950
1951
1952
1953
1954
1955
2656
1956
2657
1957
1958
1959
1960
1961
1962
1963
1964
1965
1966
1967
1968
1969
1970
2659
1971
2660
1972
1995
1973
1974
1975
1976
1977
1978
1979
1980
1981
1982
1983
1984
1985
2143
1986
2144
1987
1988
1989
1990
1992
1991
1993
1999
2000
2001
2002
2003
2140
2004
2005
2006
2007
2008
2009
2010
2011
2012
2013
2014
2015
2016
2017
2137
2018
2138
2019
2020
2021
2022
2023
2024
2025
2026
2027
2028
2029
2030
2031
2032
2134
2033
2135
2034
2035
2036
2037
2038
2039
2040
2044
2045
2046
2047
2048
2049
2050
2131
2051
2052
2053
2054
2055
2069
2068
2056
2057
2058
2059
2060
2061
2062
2063
2064
2128
2065
2129
2066
2094
2070
2072
2071
2073
2074
2075
2076
2077
2078
2079
2080
2081
2082
2125
2083
2084
2085
2086
2087
2091
2088
2092
2089
2090
2098
2099
2100
2101
2102
2122
2103
2105
2104
2106
2107
2108
2109
2110
2111
2112
2113
2119
2114
2120
2115
2121
2116
2117
2118
2123
2126
2124
2127
2130
2132
2136
2133
2139
2141
2145
2142
2146
2147
2148
2149
2150
2151
2152
2155
2153
2156
2154
2157
2158
11914
2159
11915
2160
11916
2161
11917
2162
11918
2164
2163
2165
2166
2167
2168
2169
2170
2171
2172
2173
2174
2175
2176
2177
2179
2178
2180
2181
2182
2183
2184
2185
2186
2188
2187
2189
2190
2191
2192
2193
2661
2194
2195
2196
2197
2198
2199
2200
2201
2202
2203
2204
2205
2206
2207
2208
2209
2210
2211
2212
2213
2214
2215
2216
2217
2218
2219
2220
2221
2222
2223
2224
2225
2226
2227
2228
2229
2230
2231
2233
2232
2234
2235
2236
2237
5455
2238
2239
2240
2241
2242
2243
8118
2244
8119
2245
8120
2246
2248
2247
2249
2250
2251
2252
2253
2254
2255
2256
2257
2258
2259
2260
5458
2261
5459
2262
2263
2275
2264
2276
2265
2266
9196
2267
9197
2268
2269
2270
2271
2272
2273
2277
2274
2278
2279
2280
2281
9198
2282
9199
2283
2284
2285
9277
2286
9278
2287
9279
2288
5653
2289
2290
2291
2292
2293
2294
2295
2296
2297
2298
2299
9266
2300
9267
2301
9268
2302
2303
2304
2305
2306
2307
2308
2309
2310
2311
2312
2313
2314
2315
2316
2317
2318
2319
2320
2321
2322
2323
2324
2326
2325
2327
2328
2329
2330
5659
2331
2332
2333
2334
2335
2336
8285
2337
2338
2341
2339
2342
2340
2343
2344
2345
2346
2347
2348
2349
8286
2350
8287
2351
2353
2352
2354
2355
2356
2357
2358
2359
2360
2361
2362
2363
2364
2365
5662
2366
5663
2367
2368
2369
2370
2371
2372
2373
2374
2375
2376
2377
2378
2379
2380
2381
2382
2383
2384
2385
2386
5665
2387
5666
2388
2389
2390
2391
2392
2393
2394
2395
2396
2397
2398
2399
2400
2401
2402
2403
2404
2405
2406
2407
5668
2408
5669
2409
2410
2411
2412
2413
2414
2415
2416
2417
2418
2419
9954
2420
9955
2421
2422
2423
2424
2425
2426
5671
2427
2428
2429
2431
2430
2432
2433
2434
9956
2435
9957
2436
9958
2437
2438
2439
2440
2441
2442
2443
2444
2445
2446
2447
5674
2448
2449
2450
2451
2452
8407
2453
8408
2454
2455
2456
2457
2458
2459
2460
2461
2462
2463
2464
2465
5677
2466
2467
8409
2468
2469
2470
2471
2472
2473
2474
2475
2476
9962
2477
9963
2478
2479
5680
2480
5681
2481
2482
2483
2484
2485
2486
2487
9964
2488
2489
2490
2491
2492
2493
2494
10119
2495
10120
2496
10121
2497
10122
2498
10123
2499
2500
2501
5683
2502
2503
2504
2505
2506
2507
2508
2509
2510
2511
2512
2513
2514
2515
2516
2517
2518
2519
2520
2521
5686
2522
5687
2523
2524
2525
2526
2527
8502
2528
8503
2529
2530
9970
2531
9971
2532
2533
2534
2535
2536
8504
2537
2538
2539
2540
2541
2542
9972
2543
2544
2545
2546
2548
2547
2549
2550
2551
2552
10165
2553
10166
2554
10167
2555
5692
2556
2557
2558
2559
2560
2561
2562
2563
2564
2565
2566
9978
2567
9979
2568
2569
2570
2571
2572
2573
2574
2575
2576
8561
2577
8562
2578
8563
6718
2579
6719
2580
2581
2582
2583
2584
2585
2586
2587
2588
2589
2590
2591
6712
2592
2593
2594
2595
2596
2597
8650
2598
8651
2599
8652
2600
6706
2601
2602
2603
2604
2605
2606
2607
2608
2609
2610
2611
2612
6700
2613
2614
2615
2619
2616
2624
2627
2625
2628
2631
2634
2637
2640
2643
2646
2648
2652
2649
2655
2658
2662
2663
2664
2665
2666
2667
2668
2671
2669
2672
2670
2673
2674
2677
2675
2678
2676
2679
2680
2681
2682
2683
2684
2685
2686
2687
2688
2689
2690
2691
2692
2693
2694
2695
2696
2697
2698
2699
2701
2700
2702
2703
2704
2705
2706
2707
2708
2709
2710
2711
2712
2713
2714
2715
2716
2717
2718
2719
5440
2720
5441
2721
2722
2723
2724
2725
2726
2728
2727
2729
2730
2731
2732
2790
2733
2734
2737
2735
2738
2736
2739
2740
2743
2741
2744
2742
2745
2746
2749
2747
2750
2748
2751
2752
2755
2753
2756
2754
2757
2758
2761
2759
2762
2760
2763
2769
2770
2771
2772
2773
2774
2775
2776
2777
2778
2779
2780
2781
2782
2783
2784
2785
2786
2791
2792
2793
2794
2795
5437
2796
5438
2797
2798
2799
2801
2800
2802
2803
2804
2805
2807
2806
2808
2809
2810
2811
2813
2812
2814
2815
2816
2817
2867
2818
2819
2820
2821
2822
2823
2824
2825
2826
2827
2828
2829
2830
2831
2832
2833
2834
2835
2836
2837
2838
2839
2840
2841
2842
2843
2844
2845
2846
2847
2848
2849
2850
2851
2852
2853
2855
2854
2856
2857
2858
2859
2860
2861
2942
2862
2943
2863
2868
2864
2869
2865
2866
2870
2873
2871
2874
2872
2875
2876
2879
2877
2880
2878
2881
2882
2885
2883
2886
2884
2887
2888
2891
2889
2892
2890
2893
2894
2897
2895
2898
2896
2899
2900
5434
2901
5435
2902
2944
2903
2904
2905
2906
2907
2945
2908
2909
2910
2911
2912
2913
2914
2915
2916
2917
2918
2919
2920
2921
2922
2923
2924
2925
2926
2927
2928
2929
2930
2931
2932
2933
2934
2935
2936
2937
2938
2939
5431
2940
5432
2941
2946
2947
2948
2949
2950
2951
2952
2953
2954
2955
2956
2957
2958
2959
2960
2961
2962
2963
2964
2965
2966
2967
2968
2969
2970
2971
2972
2973
2974
2975
2976
2977
2978
2979
2980
2981
5428
2982
5429
2983
2984
2993
2985
2994
2986
2987
2988
2989
2990
2991
2992
2995
2996
2997
2998
2999
3000
3001
3002
3003
3004
3005
3006
3007
3008
3009
3010
3011
3012
3013
3014
3015
3016
3017
3018
3019
3020
3021
3022
3023
3024
3025
3026
5425
3027
5426
3028
3029
3088
3030
3089
3031
3032
3091
3033
3092
3034
3035
3036
3037
3038
3039
3040
3041
3042
3043
3044
3045
3046
3047
3048
3049
3050
3051
3052
3053
3054
3055
3056
3057
3058
3059
5422
3060
5423
3061
3062
3063
3064
3070
3071
3072
3073
3074
3075
3076
3077
3078
3079
3080
3081
3082
3083
3084
3085
3086
3087
3090
3093
3094
3095
3096
3097
3098
3099
3100
3101
3102
3103
3104
3105
3106
3107
3108
3109
3110
3111
3112
3113
3114
3115
3116
3117
3118
3119
3120
3121
3122
5419
3123
3124
3125
3126
3127
3128
3129
3130
3131
3132
3133
3134
3135
3136
3137
3138
3139
3140
3141
3142
3143
3144
3145
3146
3147
3148
3149
3150
3154
3155
3156
3157
3158
3159
3160
3161
3162
3163
3164
3165
3166
3167
3168
3169
3170
3171
3172
3173
3174
3175
3176
3177
3178
3179
3180
3181
3182
3183
3184
5416
3185
3186
3187
3188
3192
3193
3194
3195
3196
3197
3198
3199
3200
3201
3202
3203
3204
3205
3206
3207
3208
3209
3210
3211
3212
3213
3214
3215
3216
3217
3218
3219
3220
3221
3222
3223
3224
3225
3226
3227
3228
3229
3230
3231
3232
3233
3234
3235
3236
3237
3238
3239
3240
3241
3242
3243
3244
3245
5413
3246
5414
3247
3248
3249
3250
3251
3252
3253
3254
3255
3256
3257
3258
3259
3260
3261
3262
3263
3264
3265
3266
3267
3268
3269
3270
3271
3272
3273
3274
3280
3281
3282
3283
3284
3285
3286
3287
3288
3289
3290
3291
3292
3293
3294
3295
3296
3297
3298
3299
3300
3301
3302
3303
3304
3305
3306
3310
3311
3312
3313
3314
3315
3316
3317
3318
3319
3320
3321
3322
3323
3324
3325
3326
3327
3330
3328
3331
3329
3332
3333
3334
3335
3336
3337
3338
3339
3340
4168
3341
3342
3357
3343
3358
3344
3345
3360
3346
3361
3347
3348
3349
3350
3351
3352
3353
3354
4165
3355
4166
3356
3359
3362
3363
3364
3365
3366
3367
3368
3369
3370
3371
3372
3373
4162
3374
3375
3420
3376
3421
3377
3378
3379
3380
3381
3382
3383
3384
3385
3386
3387
3388
3389
3390
4159
3391
4160
3392
3393
3394
3395
3396
3397
3398
3399
3400
3401
3402
3403
3405
3404
3406
3407
3408
3409
3410
3411
3412
3413
3414
3415
3416
3417
3418
3422
3419
3423
3424
3425
3426
3427
3428
3429
3432
3430
3433
3431
3434
3435
4156
3436
4157
3437
3438
4153
3439
4154
3440
3441
3442
3443
3444
3445
3446
3447
3448
3449
3450
3451
3452
3453
3454
3456
3455
3457
3458
3459
3460
3461
3462
3463
3464
3465
3466
3467
3471
3472
3473
3521
3474
3522
3475
3476
4150
3477
4151
3478
3479
3480
3481
3482
3483
3484
3485
3486
3487
3488
3489
3490
3491
3492
3493
3494
3495
3496
3497
3498
3499
3500
3501
3502
3503
3504
3505
3506
3507
3508
3509
3510
3511
3512
3513
3515
3514
3516
3517
3518
3523
3519
3520
3524
3525
3526
3527
3528
4147
3529
3530
3531
3532
3533
3534
3535
3539
4144
3540
3541
3542
3543
3549
3550
3551
3552
3553
3554
3555
3556
3557
3558
3559
3560
3561
3562
3563
3567
3564
3568
3565
3569
3566
3570
3571
3572
3573
4141
3574
4142
3575
3576
3577
3578
3579
3580
3581
3582
3583
3584
3585
3586
3654
3587
3588
3589
3590
3591
3592
4138
3593
3594
3595
3596
3597
3598
3599
3655
3600
3656
3601
3602
3603
4135
3604
4136
3605
3606
4132
3607
4133
3608
3609
3657
3610
3658
3611
3612
3613
3614
3615
3616
3617
3618
3619
3620
3621
3622
3623
3624
3625
3626
3627
3628
3629
3630
3631
3632
3633
3634
3635
3636
3637
3638
3639
3640
3641
3642
3643
3644
3645
3646
3647
3648
3649
3650
3651
3652
3653
3659
3660
3661
3662
3663
3664
3665
3666
3667
3668
3669
3670
3671
3672
3673
3674
3675
3676
3678
3677
3679
3680
3681
3682
3683
3684
3685
3687
3686
3688
3689
3693
3694
3695
3696
3697
3698
3699
3700
3701
3702
3703
3704
3705
3706
3707
3708
3709
3710
3711
3712
3713
3714
3715
3716
3717
3718
3719
3720
3721
3722
3723
4120
3724
3725
3726
3727
3728
3729
3730
3731
3732
3733
3734
3735
3736
3737
3738
3739
3740
3741
3742
3743
3744
3745
3746
3747
3748
3749
3750
3751
3752
3753
4117
3754
3755
3756
3757
3761
3762
3763
3764
3765
3766
3767
3768
3769
3770
3771
3772
3773
3774
3775
3776
3777
3778
3779
3780
3781
3782
3783
3784
4048
3785
4049
3786
3787
3788
3789
3790
3791
3792
3793
3794
3795
3796
3797
3798
3799
3800
3801
3802
3803
3804
3805
3806
3807
3808
3809
3810
3811
3812
3813
3814
3815
4045
3816
3817
3838
3818
3839
3819
3840
3820
3821
3822
3823
3824
3825
3826
3827
3828
3829
3830
3831
3832
3833
3834
3835
3836
3837
3841
3844
3842
3845
3843
3846
3850
4042
3851
3852
3853
3854
3855
3856
3857
3858
3859
3860
3861
3862
3863
3864
3865
3866
3867
3868
3869
3870
3871
3872
3873
3874
4039
3875
3876
3877
3878
3879
3880
3881
3882
3883
3884
3885
3886
3887
3888
3889
3890
3891
3892
3893
3894
3895
3896
3897
3898
4036
3899
3900
3901
3902
3903
3904
3905
3906
3907
3908
3909
3910
3911
3912
3913
3914
3915
3916
3917
3918
3919
3920
3926
4033
3927
4034
3928
3929
3930
3931
3937
3938
3939
3940
3941
3942
3943
3944
3945
3946
3947
3948
3949
3950
3952
3951
3953
3954
3955
3956
3957
3958
3959
3960
3961
3962
3963
3964
3965
3966
3967
3970
3968
3971
3969
3972
3973
3976
3974
3977
3975
3978
3979
7344
3980
7345
3981
7346
3982
3985
3983
3986
3984
3987
3988
7294
3989
7295
3990
7296
3991
3994
3992
3995
3993
3996
3997
4000
3998
4001
3999
4002
4003
4006
4004
4007
4005
4008
4009
7253
4010
7254
4011
7255
4012
4015
4013
4016
4014
4017
4018
4024
4019
4025
4020
4026
4021
4022
4023
4027
4028
4029
4030
4035
4031
4032
4037
4040
4038
4041
4043
4046
4044
4047
4050
4051
4052
4053
4054
4057
4055
4058
4056
4059
4060
4063
4061
4064
4062
4065
4066
4069
4067
4070
4068
4071
4072
4075
4073
4076
4074
4077
4078
4081
4079
4082
4080
4083
4084
4087
4085
4088
4086
4089
4090
4093
4091
4094
4092
4095
4096
4099
4097
4100
4098
4101
4102
4105
4103
4106
4104
4107
4108
4114
4109
4115
4110
4116
4111
4112
4113
4118
4121
4119
4122
4123
4124
4126
4125
4127
4128
4129
4134
4130
4131
4137
4139
4143
4140
4145
4148
4146
4149
4152
4155
4158
4161
4163
4167
4164
4169
4170
4171
4172
4173
4177
4174
4178
4175
4179
4176
4180
4183
4181
4184
4182
4185
4186
4189
4187
4190
4188
4191
4192
4195
4193
4196
4194
4197
4201
4198
4202
4199
4203
4200
4204
4207
4205
4208
4206
4209
4210
4213
4211
4214
4212
4215
4216
4219
4217
4220
4218
4221
4222
4225
4223
4226
4224
4227
4228
4229
4230
4231
4232
4233
4234
4235
4411
4236
4412
4237
4413
4238
4239
4240
4241
4242
4243
4244
4245
4246
4247
4248
4249
4250
4251
4252
4253
4254
4255
4256
4257
4258
4259
4260
4261
4262
4263
4264
4265
4266
4267
4268
4269
4270
4271
4272
4273
4274
4275
4276
4277
4278
4279
4280
4281
4282
4283
4284
4285
4286
4287
4288
4289
4290
4291
4292
4293
4294
4295
4296
4297
4298
4299
4300
4301
4408
4302
4303
4304
4305
4306
4307
4308
4309
4310
4311
4312
4313
4314
4315
4316
4317
4318
4319
4320
4321
4322
4323
4324
4325
4326
4327
4328
4329
4330
4331
4332
4333
4334
4335
4336
4337
4338
4339
4340
4341
4342
4343
4344
4345
4346
4348
4347
4349
4350
4351
4352
4353
4354
4357
4355
4358
4356
4359
4360
4363
4361
4364
4362
4365
4366
4369
4367
4370
4368
4371
4372
4375
4373
4376
4374
4377
4378
4381
4379
4382
4380
4383
4384
4387
4385
4388
4386
4389
4390
4393
4391
4394
4392
4395
4396
4399
4397
4400
4398
4401
4402
4405
4403
4406
4404
4407
4409
4410
4414
4415
4417
4416
4418
4419
4420
4421
4423
4422
4424
4425
4426
4427
4429
4428
4430
4431
4432
4433
4435
4434
4436
4437
4438
4439
4441
4440
4442
4443
4444
4445
4447
4446
4448
4449
4450
4451
4453
4452
4454
4455
4456
4457
4459
4458
4460
4461
4462
4463
4465
4464
4466
4467
4468
4469
4471
4470
4472
4473
4474
4475
4476
4477
4483
4478
4484
4479
4485
4480
4481
4482
4486
4487
4488
4489
4490
4491
4492
4493
4494
4495
4496
4497
4498
5410
4499
5411
4500
4501
4502
4503
4504
4505
4506
4507
4508
4509
4510
4511
4512
4513
4514
4515
4516
4517
4518
4519
4520
4521
4522
4523
4524
4525
4526
4527
4528
4529
4530
4531
4532
4533
4534
4535
4536
4537
4538
4539
4540
4541
4542
4543
4544
4545
4546
4547
4548
4549
4550
4551
4552
4553
4554
4555
4556
4557
4558
4559
4560
4561
4562
4563
4564
4565
4566
4567
4568
4569
4570
4571
4572
4573
4574
4575
4576
5407
4577
5408
4578
4579
4580
4581
4582
4583
4584
4585
4586
4587
4588
4589
4590
4591
4592
4593
4594
4595
4596
4597
4598
4599
4600
4601
4602
4603
4604
4605
4606
4607
4608
4609
4610
4611
4612
4613
4614
4615
4616
4617
4618
4619
4620
4621
4622
4623
4624
4625
4626
4627
4628
4629
4630
4631
4632
4633
4634
4635
4636
4637
4638
4639
4640
4641
4642
4643
4644
4645
4646
4647
4648
4649
5404
4650
4651
4652
4653
4654
4655
4656
4657
4658
4659
4660
4661
4662
4663
4664
4665
4666
4667
4668
4669
4670
4671
4672
4673
4674
4675
4676
4677
4678
4679
4680
4681
4682
4683
4684
4685
4686
4687
4688
4689
4690
4691
4692
4693
4694
4695
4696
4697
4698
4699
4700
4701
4702
4703
4704
4705
4706
4707
4708
4709
4710
4711
4712
4713
4714
5401
4715
5402
4716
4717
4718
4719
4720
4721
4722
4723
4724
4725
4726
4727
4728
4729
4730
4731
4732
4733
4734
4735
4736
4737
4738
4739
4740
4741
4742
4743
4744
4745
4746
4747
4748
4749
4750
4751
4752
4753
4754
4755
4756
4757
4758
4759
4760
4761
4762
4763
4764
4765
4766
4767
4768
4769
4770
4771
4772
4773
4774
4775
5398
4776
4777
4778
4779
4780
4781
4782
4783
4784
4785
4786
4787
4788
4789
4790
4791
4792
4793
4794
4795
4796
4797
4798
4799
4800
4801
4802
4803
4804
4805
4806
4807
4808
4809
4810
4811
4812
4813
4814
4816
4815
4817
4818
4819
4820
4821
4822
4823
4824
4825
4826
4827
4828
5395
4829
5396
4830
4831
4832
4833
4834
4835
4836
4837
4838
4839
4840
4841
4842
4843
4844
4845
4846
4847
4848
4849
4850
4851
4852
4853
4854
4855
4856
4857
4858
4859
4860
4861
4862
4863
4864
4865
4866
4867
4868
4869
4870
4871
4872
4873
4874
4875
4876
4877
5392
4878
4879
4880
4881
4882
4883
4884
4885
4886
4887
4888
4889
4890
4891
4892
4893
4894
4895
4896
4897
4898
4899
4900
4901
4902
4903
4904
4905
4906
4907
4908
4909
4910
4911
4912
4913
4914
4915
4916
4917
4918
5389
4919
5390
4920
4921
5386
4922
5387
4923
4924
4925
4926
4927
4928
4929
4930
4931
4932
4933
4934
4935
4936
4937
4938
4939
4940
4942
4941
4943
4944
4945
4946
4948
4947
4949
4950
4951
4954
4952
4955
4953
4956
4957
4958
4959
4960
4961
4962
4963
4964
4965
4966
4967
4968
4969
4970
4971
4972
4973
5365
4974
4975
4976
4977
4978
4979
4980
4981
4982
4983
4984
4985
4986
4987
4988
4989
4990
4991
5362
4992
4993
4994
4995
4996
4997
4998
4999
5000
5001
5002
5003
5004
5005
5006
5007
5008
5009
5359
5010
5011
5012
5013
5014
5015
5016
5017
5018
5019
5020
5021
5022
5023
5024
5025
5026
5027
5356
5028
5029
5030
5031
5032
5033
5034
5035
5036
5037
5038
5039
5040
5041
5042
5043
5044
5045
5046
5047
5048
5049
5050
5051
5053
5052
5054
5055
5056
5057
5140
5058
5059
5060
5061
5062
5063
5064
5065
5066
5067
5068
5069
5070
5071
5137
5072
5138
5073
5074
5075
5076
5077
5078
5079
5080
5081
5082
5083
5134
5084
5135
5085
5086
5087
5088
5089
5092
5090
5093
5091
5094
5095
5098
5096
5099
5097
5100
5101
7757
5102
7758
5103
7759
5104
7789
5105
7790
5106
5107
5108
5109
5110
5111
5112
5113
5114
5115
5116
5117
5118
5119
5120
5121
5122
5123
5129
5124
5128
5125
5130
5126
5127
5131
7791
5132
5133
5136
5139
5141
5142
5143
5144
5145
5147
5148
5146
5149
5150
5151
5152
5153
5154
5155
5156
5157
5158
5159
5160
5161
5162
5350
5163
5164
5165
5166
5167
5168
5169
5170
5171
5172
5173
5174
5175
5176
5177
5178
5179
5180
5181
5182
5347
5183
5348
5184
5185
5186
5187
5188
5189
5190
5191
5192
5193
5194
7827
5195
7828
5196
5197
5198
5199
5200
5201
5344
5202
5206
5203
5204
5205
5207
5208
7829
5209
5210
5211
5212
5213
5214
5215
5216
5217
5218
5219
5220
5221
5341
5222
5342
5223
5224
5225
5226
5227
5228
5229
5230
5231
5232
5233
5234
5235
5236
5237
5238
5239
5240
5241
5242
5243
5338
5244
5245
5246
5247
5248
5249
5250
5251
5252
5253
5254
7847
5255
7848
5256
5257
5258
5259
5260
5261
5335
5262
5263
5264
5265
5266
5267
5270
5271
5268
5269
5272
7849
5273
5274
5275
5277
5276
5278
5279
5280
5281
5282
5283
5284
5285
5332
5286
5288
5287
5289
5290
5291
5292
5293
5294
5295
5296
5297
5298
5299
5300
5301
5302
5329
5303
5330
5304
5305
5306
5307
5308
5309
5310
5311
5312
5313
5314
5315
5316
5317
5318
5319
5320
5321
5322
5323
5326
5324
5327
5325
5328
5331
5333
5336
5334
5337
5339
5343
5340
5345
5349
5346
5351
5353
5352
5354
5357
5355
5358
5360
5363
5361
5364
5366
5367
5368
5369
5371
5370
5372
5373
5374
5375
5377
5376
5378
5379
5380
5381
5383
5382
5384
5388
5385
5391
5393
5397
5394
5399
5403
5400
5405
5409
5406
5412
5415
5417
5420
5418
5421
5424
5427
5430
5433
5436
5439
5442
5443
5446
5444
5447
5445
5448
5449
5452
5450
5453
5451
5454
5456
5460
5457
5461
5462
5464
5463
5465
5466
5467
5468
5470
5469
5471
5472
5473
5474
5476
5475
5477
5478
5479
5485
5480
5486
5481
5482
5483
5484
5487
5488
5491
5489
5492
5490
5493
5494
5497
5495
5498
5496
5499
5500
5503
5501
5504
5502
5505
5509
5506
5510
5507
5511
5508
5515
5512
5516
5513
5517
5514
5521
5518
5522
5519
5523
5520
5524
5527
5525
5528
5526
5529
5530
5531
5533
5532
5534
5535
5536
5537
5794
5538
5539
5545
5540
5546
5541
5547
5542
5543
5544
5548
5549
5550
5551
5552
5553
5554
5555
5556
5557
5558
5559
5560
5561
5562
5563
5564
5565
5566
5567
5568
5569
5654
5570
5655
5571
5572
5573
5574
5575
5576
5577
5578
5579
5580
5581
5582
5583
5584
5587
5585
5588
5586
5589
5590
5591
5592
5593
5594
5595
5596
5597
5598
5599
5698
5600
5699
5601
5602
5608
5603
5609
5604
5605
5606
5611
5607
5610
5612
5613
5614
5615
5620
5616
5621
5617
5622
5618
5635
5619
5623
5624
5626
5625
5627
5628
5629
5630
5631
5632
5633
5634
5636
5637
5638
5950
5639
5951
5640
5641
5642
5643
5644
5645
5646
5647
5648
5649
5650
5651
5812
5652
5656
5657
5660
5658
5661
5664
5667
5670
5672
5675
5673
5676
5678
5682
5679
5684
5688
6025
5685
5689
5690
5693
5691
5694
5695
10176
5696
10177
5697
5700
5701
5702
5703
5704
9329
5705
9330
5706
5707
5708
5709
5710
5711
5953
5712
5713
9331
5714
9332
5715
5716
6040
5717
6041
5718
10178
5719
5720
5721
5722
5723
5724
5725
5726
5727
5728
5729
5730
5731
5732
5733
5734
5735
5736
5737
5738
5739
5740
5741
5742
5743
5744
5745
5746
5747
5748
5749
5750
5751
5752
5753
5754
5755
5756
5758
5757
5759
5760
5761
5762
5763
5764
5765
5766
5767
5768
5769
5770
5771
5772
5773
5774
5775
5776
5777
5778
5779
5780
5781
5782
5783
5784
5785
5786
5787
5788
5789
5790
5791
5792
5793
5795
5796
5797
5863
5798
5864
5799
5800
5801
5802
5803
5804
5805
5806
5807
5808
5809
5857
5810
5858
5811
5813
5815
5814
5816
5817
5818
5819
5820
5821
5822
5823
5824
5830
5825
5831
5826
5827
5828
5833
5829
5832
5834
5835
5836
5837
5842
5838
5843
5839
5844
5840
5896
5841
5845
5846
5847
5848
5849
5850
5851
5852
5853
5854
5855
5856
5859
5865
5860
5861
5862
5866
5869
5867
5870
5868
5871
5872
5875
5873
5876
5874
5877
5878
5881
5879
5882
5880
5883
5884
5887
5885
5888
5886
5889
5890
5893
5891
5894
5892
5895
5897
5898
5899
5983
5900
5984
5901
5902
5903
5904
5905
5906
5907
5908
5909
5910
5911
5912
5913
5914
5915
5916
5917
5918
5919
5920
5921
5922
5923
5924
5925
5926
5927
5928
5929
5930
5931
5932
5933
5934
5935
5936
5937
5938
5939
5940
5941
5942
5943
5944
5945
5946
5947
5948
5949
5952
5954
5955
5956
5957
5958
5959
5960
5961
5962
5963
5964
5965
5966
5967
5968
5969
5971
5970
5972
5985
5973
5974
5975
5976
5977
5978
5979
5980
5981
6043
5982
5986
5987
5988
5989
5990
5991
5992
9364
5993
9365
5994
5995
5996
5997
9366
5998
9367
5999
9368
6000
6001
6002
6003
6004
6049
6005
6050
6006
6007
6008
6009
6010
6169
6011
6170
6012
6013
6014
6015
6016
6017
6052
6018
6019
6181
6020
6182
6021
6022
6055
6023
6056
6024
6026
6027
6028
6029
6031
6030
6032
6033
6034
6035
6037
6036
6038
6042
6039
6044
6045
6046
6051
6047
6094
6048
6053
6057
6054
6058
6059
6060
6061
6062
6063
6064
6065
6066
6067
6068
6069
6070
6071
6072
6073
6074
6075
6076
6077
6078
6079
6080
6081
6082
6083
6084
6085
6086
6088
6087
6089
6090
6091
6092
6093
6095
6096
6097
6098
6099
6100
6101
6102
6103
8958
6104
8959
6105
6106
8881
6107
8882
6108
6109
6110
6111
6112
6113
6114
6115
6116
6117
6118
6119
6120
6121
6124
6122
6125
6123
6126
6127
6130
6128
6131
6129
6132
6133
6136
6134
6137
6135
6138
6139
6142
6140
6143
6141
6144
6145
6148
6146
6149
6147
6150
6151
6229
6152
6230
6153
6154
6415
6155
6416
6156
6417
6157
6158
6159
6160
6161
6162
6163
6164
6165
6166
6231
6167
6168
6171
6172
6173
6174
6175
6176
6177
6178
6179
6180
6183
6184
6185
6187
6186
6188
6189
6190
6191
6192
6193
9416
6194
9417
6195
6196
6232
6197
6233
6198
9418
6199
9419
6200
9420
6201
6202
6203
6204
6205
6289
6206
6290
6207
6208
6209
6210
6211
6212
6247
6213
6214
6215
6216
6217
6218
6292
6219
6220
6250
6221
6251
6222
6223
6295
6224
6296
6225
6234
6226
6227
6228
6235
6236
6237
6238
6241
6239
6242
6240
6243
6244
6406
6245
6407
6246
6248
6252
6249
6253
6254
6255
6256
6257
6298
6258
6259
6260
6261
6408
6262
6263
6264
6265
6266
6430
6267
6268
6269
6270
6271
6272
6273
6274
6301
6275
6302
6276
6277
6278
6279
6280
6281
6282
6283
6284
6285
6286
6287
6291
6288
6293
6297
6294
6299
6303
6300
6304
6305
6306
6307
6308
6309
6310
6311
6312
6313
6316
6314
6317
6315
6318
6319
6322
6320
6323
6321
6324
6328
6325
6329
6326
6330
6327
6331
6332
6334
6333
6335
6336
6337
6787
6338
6788
6339
6340
6341
6342
6343
6344
10373
6345
10374
6346
10375
6347
6349
6348
6350
6351
6352
6353
10390
6354
6355
10391
6356
10392
6357
6358
6359
6360
6361
6362
6364
6365
6366
6367
6368
6370
6369
6371
8960
6372
6373
6376
6374
6377
6375
6378
6379
6382
6380
6383
6381
6384
6385
6388
6386
6389
6387
6390
6391
6394
6392
6395
6393
6396
6397
6398
6399
6400
6401
6402
6403
9527
6404
9528
6405
6409
6412
6410
6413
6411
6414
6418
6421
6419
6422
6420
6423
6424
6425
6426
6427
6428
9581
6429
6431
6432
6433
6434
6435
6436
6439
6437
6440
6438
6441
6442
6443
6445
6444
6446
6447
6448
6449
6450
6451
9485
6452
9486
6453
6454
9513
6455
9514
6456
9515
6457
9516
6458
9517
6459
6460
6461
6462
6463
6464
6465
9487
6466
9488
6467
9489
6468
6469
6470
6471
6472
6473
6474
6475
6476
6574
6477
6478
6479
6480
6481
6482
6483
6484
6485
6486
6487
9556
6488
9557
6489
6490
6491
6492
6493
6494
6495
6496
10422
6497
10423
6498
6499
6500
6501
6502
6503
6504
6505
6625
6506
6626
6507
6508
6509
6510
6511
6512
6513
6514
6515
6516
6517
6518
6628
6519
6520
6631
6521
6632
6522
6523
6524
6525
6526
6527
10417
6528
10418
6529
10419
6532
6530
6533
6531
6534
6535
6538
6536
6539
6537
6540
6544
6541
6545
6542
6546
6543
6547
6548
10398
6549
10399
6550
10400
6553
6551
6554
6552
6555
6556
6559
6557
6560
6558
6561
6562
6565
6563
6566
6564
6567
6568
10409
6569
10410
6570
10411
6575
6571
6576
6572
6573
10424
6577
6578
6579
6580
6581
6583
6582
6584
6585
6586
6587
6589
6590
6591
6592
6593
6594
6595
9505
6596
9506
6597
9507
6598
9508
6599
9509
6600
6601
9529
6602
6603
6604
6607
6605
6608
6606
6609
6610
6613
6611
6614
6612
6615
9582
6616
9583
6617
6618
9558
6619
6620
6621
6622
6623
6624
6627
6629
6633
6630
6634
6847
6635
6848
6636
6637
9567
6638
9568
6639
6640
6682
6641
6683
6642
6643
6644
6645
6646
9601
6647
9602
6648
9603
6649
9604
6650
9605
6651
6652
9569
6653
9570
6654
6655
6679
6656
6680
6657
6658
6659
6660
6661
6662
6663
6664
10440
6665
10441
6666
6667
6668
6669
6670
6671
6672
6673
6676
6674
6677
6675
6678
6681
6684
6685
6823
6686
6824
6687
6688
6689
6690
6825
6691
8756
6692
8757
6693
6694
6695
6696
6701
6697
6702
6698
6699
6707
6703
6708
6704
6705
6713
6709
6714
6710
6711
6720
6715
6716
6717
9980
6721
6722
6754
6723
6724
6725
6727
6726
6728
6729
6730
6731
6733
6732
6734
6735
6736
6737
6739
6738
6740
6741
6742
6743
6745
6744
6746
6747
6748
6749
10427
6750
6751
6752
6753
6755
6756
6757
6758
6760
6759
6761
6762
6763
6764
6874
6765
6772
6766
6773
6767
6774
6768
6769
6770
6771
6775
6776
6777
6778
6779
6780
6781
6782
6784
6783
6785
6789
6786
6790
6791
6792
6793
6794
6868
6795
6796
6797
6798
6799
6800
6801
6802
6803
6804
6805
6806
6807
6808
6809
6810
6811
6812
6813
6814
6859
6815
6860
6816
6817
6818
6819
6820
6821
10001
6822
6826
6827
6828
6829
6830
6831
6832
8758
6833
6834
6835
6836
6837
6838
8742
6839
8743
6840
6841
8744
6842
8745
6843
8746
6844
6845
6849
10442
6850
6851
6852
6853
10428
6854
10429
6855
6856
6861
6857
6858
6862
10435
6863
10436
6864
10437
6865
6901
6866
6902
6867
6869
6870
6871
6872
6873
6875
6876
6877
6878
6879
6880
6881
6882
6883
6884
6885
6886
6887
6888
6889
6890
6891
6892
6893
6894
6895
6896
6897
6898
6899
6900
6903
6904
6905
6906
6907
10002
6908
10003
6909
6910
6911
6912
6913
6973
6914
6974
6915
6916
10006
6917
10007
6918
10008
6919
10009
6920
10010
6921
6922
6976
6923
6977
6924
6925
6926
6927
6928
6929
6930
6931
6932
6933
6934
6935
6936
6937
6938
6939
6940
6941
6943
6942
6944
6945
6946
6947
6948
6949
6979
6950
6980
6951
6981
6952
6953
6954
6955
6956
6957
6958
6959
6960
6961
6962
6963
6964
6965
6966
6967
6968
6969
6970
6971
6972
6975
6978
6982
6983
6984
6985
6986
6987
6988
6989
6990
6991
6992
6993
6997
6994
6998
6995
6999
6996
7000
7001
7002
7003
7006
7004
7007
7005
7008
7009
7010
7011
7012
7015
7013
7016
7014
7017
7018
7019
7020
7021
7022
7024
7023
7025
7026
7027
7028
7029
7030
7031
7032
7033
7034
7035
7036
7037
7038
7039
7040
7047
7048
7049
7050
7051
7052
7053
7054
7055
7056
7057
7058
7059
7060
7061
7062
7063
7064
7065
7066
7067
7068
7069
7070
7071
7072
7073
7074
7075
7076
7077
7143
7078
7144
7079
7080
7140
7081
7141
7082
7083
7104
7084
7105
7085
7086
7087
7088
7089
7090
7091
7092
7134
7093
7135
7094
7095
7101
7096
7102
7097
7103
7098
7099
7100
7106
7107
7108
7110
7109
7111
7112
7113
7114
7285
7115
7116
7117
7118
7119
7173
7120
7174
7121
7122
7123
7124
7125
7126
7127
7128
7282
7129
7283
7130
7136
7131
7132
7133
7142
7137
7138
7139
7145
7146
7147
7149
7148
7150
7151
7152
7286
7153
7287
7154
7155
7608
7156
7609
7157
7610
7158
7159
7160
7161
7162
7163
7164
7165
7167
7166
7168
7169
7170
7171
7288
7172
7175
7176
7202
7177
7203
7178
7179
7199
7180
7200
7181
7182
7185
7183
7186
7184
7187
7191
7192
7193
7279
7194
7280
7195
7201
7196
7197
7198
7204
7205
7206
7207
7208
7209
7210
7211
7212
7213
7214
7281
7215
7216
7217
7218
7219
7220
7221
7222
7223
7224
7614
7225
7615
7226
7616
7227
7228
7229
7230
7231
7232
7233
7234
7235
7236
7237
7238
7239
7276
7240
7241
7242
7243
7244
7245
7247
7246
7248
7249
7250
7251
7256
7252
7257
7258
7261
7259
7262
7260
7263
7264
7270
7265
7271
7266
7272
7267
7268
7269
7277
7273
7278
7274
7275
7284
7289
7290
7291
7292
7293
7297
7298
7299
7300
7301
7302
7303
7304
7305
7306
7307
7308
7309
7310
7311
7312
7313
7314
7517
7315
7518
7316
7317
7318
7319
7320
7321
7322
7323
7324
7325
7326
7327
7328
7329
7330
7331
7332
7333
7334
7335
7336
7337
7338
7339
7514
7340
7341
7342
7343
7347
7348
7349
7350
7351
7352
7353
7354
7355
7356
7357
7358
7359
7360
7361
7362
7363
7364
7402
7365
7403
7366
7367
7368
7369
7370
7371
7373
7372
7374
7375
7376
7377
7379
7378
7380
7381
7382
7383
7385
7384
7386
7387
7388
7397
7389
7398
7390
7391
7392
7393
7399
7404
7400
7401
7405
7406
7407
7408
7409
7411
7410
7412
7413
7414
7415
7416
7417
7418
7419
7420
7455
7421
7456
7422
7457
7423
7424
7425
7426
7427
7428
7432
7429
7433
7430
7434
7431
7435
7436
7438
7437
7439
7440
7441
7442
7443
7444
7445
7446
7452
7453
7454
7458
7511
7459
7512
7460
7461
7464
7462
7465
7463
7466
7467
7468
7469
7470
7471
7472
7473
7508
7474
7509
7475
7510
7476
7477
7478
7479
7480
7481
7482
7483
7484
7485
7486
7487
7488
7489
7490
7491
7492
7505
7493
7494
7495
7496
7497
7498
7503
7499
7504
7506
7507
7513
7515
7519
7516
7520
7521
7522
7528
7605
7529
7606
7530
7531
7532
7534
7533
7535
7536
7537
7538
7539
7540
7541
7543
7542
7544
7545
7546
7547
7548
7549
7550
7551
7552
7553
7554
7555
7556
7557
7607
7558
7559
7560
7561
7562
7563
7564
7565
7566
7567
7568
7569
7570
7571
7572
7573
7574
7575
7576
7577
7578
7579
7580
7581
7582
7583
7584
7585
7586
7587
7591
7592
7593
7594
7595
7596
7597
7598
7599
7600
7601
7602
7603
7638
7604
7611
7612
7613
7617
7641
7618
7642
7619
7620
7621
7626
7622
7623
7682
7624
7683
7625
7627
7628
7629
7630
7635
7631
7636
7632
7637
7633
7639
7640
7644
7645
7647
7646
7648
7649
7650
7651
7653
7652
7654
7655
7656
7657
7659
7658
7660
7661
7662
7663
7665
7664
7666
7667
7671
7672
7673
7674
7676
7679
7677
7680
7678
7681
7684
7685
7688
7686
7689
7687
7690
7691
7694
7692
7696
7693
7695
7697
7698
7699
7700
7701
7715
7702
7703
7704
7705
7706
7707
7708
7709
7727
7710
7728
7711
7717
7712
7716
7713
7714
7718
7721
7719
7720
7722
7723
7724
7725
7729
7726
7730
7731
7732
7733
7736
7734
7735
7737
7738
7739
7742
7740
7741
7743
7744
7745
7746
7747
7748
7749
7750
7751
7821
7752
7753
7754
7760
7755
7761
7756
7762
7765
7763
7764
7766
7767
7822
7768
7769
7823
7770
7771
7774
7772
7773
7775
7777
7776
7778
7779
7780
7781
7782
7783
7784
7785
7786
7797
7787
7788
7792
7793
7794
7795
7796
7798
7799
7800
7801
7802
7803
7804
7805
7806
7807
7808
7809
7810
7812
7811
7813
7814
7815
7816
7817
7818
7819
7820
7824
7825
7826
7830
7831
7832
7834
7833
7835
7836
7837
7839
7840
7838
7841
7842
7843
7844
7845
7846
7850
7851
7852
7853
7854
7855
7856
7857
7858
7859
7860
7861
7862
7863
7864
7865
7866
7867
7868
7869
7870
7871
7872
7873
7874
7875
7876
7877
7878
7879
7880
7881
7882
7883
7884
7885
7886
7887
7888
7889
7890
7891
7892
7893
7894
7895
7896
7897
7898
7899
7900
7903
7901
7904
7902
7905
7906
9043
7907
9044
7908
9045
7909
7912
7910
7913
7911
7914
7915
7939
7916
7940
7917
7918
7919
7920
7921
9032
7922
9033
7923
7924
9034
7925
7926
7927
7928
7929
7930
7931
7942
7932
7933
7934
7936
7935
7937
7941
7938
7943
7944
7945
7946
7947
7948
7949
9182
7950
9132
7951
9133
7952
9134
7953
9135
7954
9136
7955
7956
7957
7958
7959
7960
7966
7961
7967
7962
7968
7963
7964
7965
7969
7972
7970
7973
7971
7974
7975
7976
7977
7978
7979
7980
7981
11045
7982
11046
7983
11047
7984
11048
7985
11049
7986
7987
7988
7989
7990
11086
7991
11087
7992
7993
11088
7994
11089
7995
11090
7996
7997
7998
7999
8000
8006
8007
8008
8009
8010
8011
8012
8013
8014
8015
8016
8017
8018
8019
8020
8021
8022
8023
8024
8025
8070
8026
8071
8027
8028
8029
8030
8031
8032
8079
8033
8034
8035
8036
8037
8038
8039
8040
8041
8042
8043
8044
8064
8045
8046
8047
8048
8049
8050
8052
8053
11925
8054
11926
8055
11927
8056
8085
8057
8058
8061
8059
8062
8060
8063
8065
8066
8067
8072
8068
8069
8073
8074
8075
8076
8077
8078
8080
8081
8082
8083
8084
8086
8087
8088
8089
8374
8090
8091
8092
8093
8094
8095
8096
8097
8098
8099
8100
8101
8102
8103
8104
8105
8106
8107
8108
8109
8110
8111
8112
8113
8114
8115
8116
8117
8121
8122
8123
8124
8371
8125
8126
8127
8128
8129
8130
8131
8132
8133
8134
8135
8136
8137
8138
8139
8140
8141
8142
8143
8144
8145
8146
8147
8148
8149
8150
8151
8152
8153
8154
8155
8156
8368
8157
8369
8158
8159
8160
8161
8162
8163
8164
8165
8166
8167
8168
8169
8170
8171
8172
8173
8174
8175
8176
8177
8178
8179
8180
8181
8182
8183
8184
8185
8186
8187
8188
8189
8365
8190
8366
8191
8192
8193
8194
8195
8196
8197
8198
8199
8200
8201
8202
8203
8204
8205
8206
8207
8208
8209
8210
8211
8212
8213
8214
8215
8216
8217
8218
8219
8220
8221
8222
8362
8223
8363
8224
8225
8226
8227
8228
8229
8230
8231
8232
8233
8234
8235
8236
8237
8238
8239
8240
8241
8242
8243
8244
8245
8246
8247
8248
8249
8250
8251
8252
8253
8254
8255
8359
8256
8360
8257
8258
8259
8260
8261
8262
8263
8264
8265
8266
8267
8268
8269
8270
8271
8272
8273
8274
8275
8276
8277
8278
8279
8280
8281
8282
8283
8284
8288
8289
8290
8291
8356
8292
8293
8296
8294
8297
8295
8298
8299
11806
8300
11807
8301
8302
8303
8304
8305
8306
11723
8307
11724
8308
11725
8309
8311
8310
8312
8313
8314
8315
8317
8316
8318
8319
8320
8321
11679
8322
11680
8323
11681
8324
8326
8325
8327
8328
8329
8330
8332
8331
8333
8334
8335
8336
11638
8337
11639
8338
11640
8339
8341
8340
8342
8343
8344
8350
8345
8351
8346
8352
8347
8348
8349
8353
8357
8354
8358
8355
8361
8364
8367
8370
8372
8375
8373
8376
8377
8378
8379
8380
8381
8382
8383
8384
11554
8385
8386
8387
8388
8389
8390
8391
8392
8393
8394
8395
9231
8396
9232
8397
8398
8399
8400
8401
8402
11963
8403
11555
8404
11556
8405
8406
8410
8411
8412
8413
8414
8415
8416
8417
8418
8419
8420
9233
8421
9234
8422
9235
8423
8424
8425
8426
8427
8428
8429
11964
8430
11965
8431
11966
8432
11967
8433
8434
8435
8436
8437
8438
8439
8440
8441
8442
8443
8444
8445
8446
8447
8448
8449
8450
8451
8452
8453
8454
9612
8455
9613
8456
8457
8458
8459
8460
8461
8462
8463
8464
8465
8466
8467
8468
8469
8470
8471
8472
11432
8473
11433
8474
8475
8476
8477
9614
8478
9615
8479
9616
8480
8481
8482
8483
8484
8485
8486
8487
8488
8489
8490
8491
8492
8493
11980
8494
11981
8495
8496
11434
8497
8498
8499
8500
8501
8505
8506
8507
8508
8509
8510
8511
8512
8513
8514
8515
8516
8517
8518
8519
11982
8520
11983
8521
11984
8522
8523
8524
8525
8526
8527
8528
8529
8530
8531
8532
8533
8534
8535
8536
8537
8538
8539
8540
8541
8543
8542
8544
8545
8546
9315
8547
9316
8548
9317
8549
9318
8550
9319
8551
8552
8553
8554
8555
8556
8557
8558
8559
8560
8564
11361
8565
8566
8567
8569
8568
8570
8571
8572
8573
9659
8574
9660
8575
9661
8576
9662
8577
9663
8578
8579
8580
8581
8582
12018
8583
8584
11362
8585
11363
8586
8587
8588
8589
8590
8591
8592
8593
8594
8595
8596
8597
8598
8599
8600
8601
8602
8603
8604
8605
9375
8606
9376
8607
9377
8608
9378
8609
9379
12019
8610
12020
8611
8612
8613
8614
8615
8616
8617
8618
8619
8620
8621
8622
8623
8624
8625
8626
8627
8628
8629
8630
8631
8632
8633
8634
8635
9679
8636
9680
8637
8638
8639
8640
8641
8642
8643
8644
8645
8646
8647
8648
8649
8653
11263
8654
8655
8656
8657
8658
8659
8660
9681
8661
9682
8662
9683
8663
8664
8665
8666
8667
8668
8669
8670
8671
12038
8672
8673
11264
8674
11265
8675
8676
8677
8678
8679
8680
8681
8682
8683
8684
8685
8686
8687
8688
8689
8690
8691
8692
8693
8694
9433
8695
9434
8696
9435
8697
9436
8698
9437
12039
8699
12040
8700
8701
8702
8703
8704
8705
8706
8727
8707
8728
8708
8709
8710
8711
8712
8713
8714
8715
8716
8717
8718
8719
8720
8721
8722
8723
8724
8725
8726
8729
8730
8731
8732
8733
8734
8735
8736
8737
8738
8739
11201
8740
11202
8741
8747
8748
8749
8750
8751
8752
8753
8754
8755
8759
8760
8761
8762
8763
8764
8765
8767
8766
8768
8769
8770
8771
8772
8773
8774
8775
8776
8777
8779
8778
8780
8781
8782
8783
12150
8784
11203
8785
11204
8786
11205
8787
8788
8789
8790
8791
8792
8793
8794
8795
8796
8797
8798
8799
8800
8801
8802
8803
8804
8805
8806
8807
8808
8809
8810
8811
8812
8813
8814
8815
8816
8817
12151
8818
12152
8819
12153
8820
8821
8822
8823
8824
8825
8826
8827
8828
8829
8830
8831
8832
8833
8834
8835
8836
8837
8838
8839
8840
8841
8842
8883
8843
8844
8845
8846
8848
8847
8849
8850
8851
12154
8852
8853
8854
8855
8856
8857
8858
8859
8860
8861
8862
8863
11148
8864
11149
8865
8866
8867
8868
8869
8870
8871
8872
8873
8874
8875
8876
8877
8878
8879
8880
8884
8885
8886
8887
8888
8889
8890
8891
8892
8893
8894
8895
8896
8897
8898
11150
8899
8900
8901
8902
8903
8904
8905
8906
8907
8908
8909
8910
8911
8912
8913
8914
8915
8916
8917
8918
8961
8919
8962
8920
8921
8922
8923
8924
8925
8926
8927
8928
8929
8930
8931
8932
12155
8933
8934
8935
8936
8937
8938
8939
8940
8941
8942
8943
8944
8945
8946
8947
8948
8949
8950
8951
8952
8953
8954
8955
8956
8957
8963
8964
8965
12156
8966
12157
8967
8968
8969
8970
8971
8972
8973
8974
8975
8976
8977
8978
8979
8980
8981
8982
8983
8984
8985
8986
8987
8988
8989
8990
8991
8992
8993
8994
8995
8996
8997
8998
8999
9000
9001
9002
9003
9004
9005
9006
9007
9008
9009
9010
9011
9012
9013
9014
9015
9016
9017
9018
9019
9020
9021
9023
9022
9024
9025
9026
9027
9028
9029
9030
9031
9035
9036
9037
9038
9039
9040
9041
9042
9046
9047
9048
9049
9050
9052
9051
9053
9054
9055
12103
9056
9057
9058
9059
9060
9061
9062
9063
9064
9065
9066
9067
9068
9069
9070
9071
9072
9073
9074
9075
9076
9077
9078
9079
9080
12104
9081
12105
9082
9083
9084
9085
9086
9087
9088
9089
9090
9091
9092
9093
9094
9095
9096
9097
9098
9099
9100
9101
9102
9103
9104
9105
9106
9107
9108
9109
9110
9111
9112
9149
9113
9114
9115
9116
9117
9118
9119
9120
9121
9122
9123
9124
9126
9125
9127
9128
9129
9130
9131
9137
9140
9138
9141
9139
9142
9143
9152
9144
9153
9145
9146
9147
9148
9150
9154
9151
9155
9156
9157
9158
9159
9161
9160
9162
9163
9164
9183
9165
9184
9166
9167
9168
11615
9169
11616
9170
11617
9171
11618
9172
11619
9173
9174
9175
9176
9177
9178
9179
9180
9185
9187
9188
11601
9189
11602
9190
11603
9191
11604
9192
11605
9193
9194
9201
9202
9203
9204
9205
9206
9207
9208
9209
9210
9211
9212
9213
9214
9215
9216
9217
9218
9219
9220
9257
9221
9222
9223
9224
9225
9263
9226
9264
9227
9228
9229
9230
9236
9237
9238
9239
9240
9269
9241
9242
9243
9244
9245
9251
9246
9252
9247
9253
9248
9249
9250
9258
9254
9259
9255
9256
9260
9261
9265
9262
9270
9271
9272
9273
9274
9275
9280
9276
9281
9282
9283
9284
9285
9286
9288
9287
9289
9290
9291
9292
9293
9294
9295
9296
9297
9298
9299
9300
9301
9302
9303
9304
9305
9306
9307
9308
9309
9641
9310
9642
9311
9312
9313
9314
9320
9321
9647
9322
9323
9324
9325
9326
9327
9328
9334
9335
9336
9337
9338
9339
9340
9341
9653
9342
9343
9344
9345
9346
9347
9348
9349
9350
9650
9351
9352
9353
9354
9355
9356
9357
9358
9656
9359
9657
9360
9361
9362
9363
9369
9664
9370
9665
9371
9372
9373
9374
9380
9381
9382
9383
9384
9385
9386
9387
9388
9389
9667
9390
9668
9391
9392
9393
9394
9395
9396
9397
9398
9670
9399
9671
9400
9401
9402
9403
9404
9405
9406
9407
9676
9408
9677
9409
9410
9411
9412
9413
9414
9415
9421
9422
9444
9423
9445
9424
9446
9425
9426
9427
9684
9428
9685
9429
9430
9431
9432
9438
9439
9440
9441
9442
9443
9447
9449
9690
9450
9691
9451
9452
9453
9454
9455
9456
9457
9458
9687
9459
9688
9460
9461
9462
9463
9464
9465
9466
9467
9693
9468
9694
9469
9470
9471
9472
9473
9474
9475
9476
9696
9477
9697
9478
9479
9480
9481
9482
9483
9484
9490
9491
9492
9493
9494
9495
9496
9497
9705
9498
9499
9500
9501
9502
9503
9504
9510
9511
9512
9518
9711
9519
9712
9520
9521
9522
9523
9524
9525
9526
9530
9708
9531
9532
9533
9534
9535
9536
9537
9538
9539
9714
9540
9541
9542
9543
9544
9545
9546
9547
9717
9548
9718
9549
9550
9551
9552
9553
9554
9555
9559
9720
9560
9561
9562
9563
9564
9565
9566
9572
9573
9574
9575
9576
9577
9578
9726
9579
9727
9580
9584
9585
9586
9587
9588
9589
9590
9591
9592
9593
9594
9595
9596
9606
9597
9598
9599
9607
9608
9609
9732
9610
9733
9611
9617
9618
9619
9620
9621
9622
9623
9624
9626
9625
9627
9628
9629
9630
9631
9632
9633
9634
9635
9636
9637
9638
9639
9643
9640
9644
9645
9654
9646
9648
9651
9649
9652
9655
9658
9666
9669
9672
9673
9674
9686
9675
9678
9689
9692
9695
9698
9699
9700
9706
9701
9702
9703
9709
9704
9707
9710
9713
9715
9721
9716
9719
9722
9723
9724
9729
9725
9728
9730
9731
9734
9735
9736
9737
9738
9739
9740
9741
9742
9743
9744
9745
9746
9747
9748
9749
9750
9751
9752
9753
9754
9755
9756
9757
9758
9759
9760
9761
9762
9763
9764
9765
9766
9768
9767
9769
9770
9771
9772
9773
9774
9775
9776
9777
9778
9779
9780
9781
9782
9783
9784
9785
9786
9787
9788
9789
9790
9791
9792
9793
9794
9795
9796
9797
9798
9799
9800
9801
9802
9803
9804
9805
9806
9807
9808
9809
9810
9811
9812
9813
9814
9815
9816
9817
9818
9819
9820
9821
9822
9823
9824
9825
9826
9827
9828
9829
9830
9831
9832
9833
9834
9835
9836
9837
9838
9839
9840
9841
9842
9843
9844
9845
9846
9847
9848
9849
9850
9851
9852
9853
9854
9855
9856
9857
9858
9859
9860
9861
9862
9863
9864
9865
9866
9867
9868
9869
9870
9876
9871
9877
9872
9873
9874
9875
9878
9879
9880
9881
9882
9883
9884
9885
9886
9887
9888
9889
9890
9891
9892
9893
9894
9895
9896
9897
9898
9899
9900
9901
9902
9903
9904
9905
9906
9907
9908
9909
9910
9911
9912
9913
9914
9915
9916
9917
9918
9919
9920
9921
9922
9923
9924
9925
9926
9927
9928
9929
9930
9931
9932
9933
9934
9935
9936
9937
9938
9939
9940
9941
9942
9943
9944
9945
9946
9947
9948
9949
10247
9950
9951
9952
9953
9959
9960
9961
9965
9966
9967
9968
9969
9973
9974
9975
9976
9977
9981
9982
9983
9984
9985
9986
9987
9988
9989
9990
9991
9992
9993
9994
9995
10205
9996
10206
9997
9998
9999
10000
10004
10005
10011
10012
10013
10014
10015
10016
10017
10018
10019
10020
10021
10022
10023
10024
10025
10026
10027
10028
10029
10248
10030
10249
10031
10032
10033
10034
10035
10036
10037
10038
10039
10040
10041
10042
10043
10044
10045
10046
10047
10048
10049
10050
10051
10052
10053
10054
10055
10056
10057
10058
10059
10060
10062
10061
10063
10064
10065
10066
10067
10068
10250
10069
10251
10070
10071
10072
10073
10074
10075
10076
10077
10078
10079
10080
10081
10082
10083
10084
10133
10085
10086
10087
10089
10088
10090
10091
10092
10093
10253
10094
10095
10096
10097
10098
10099
10100
10101
10102
10103
10104
10105
10106
10107
10108
10109
10110
10134
10111
10135
10112
10113
10114
10115
10116
10117
10118
10124
10125
10126
10127
10256
10128
10257
10129
10130
10131
10132
10136
10138
10139
10140
10141
10259
10142
10260
10143
10144
10145
10146
10147
10148
10149
10150
10151
10152
10153
10154
10155
10156
10157
10158
10159
10160
10161
10162
10163
10164
10168
10169
10170
10262
10171
10263
10172
10173
10174
10175
10179
10181
10180
10182
10183
10184
10185
10186
10187
10188
10265
10189
10190
10268
10191
10269
10192
10193
10194
10195
10196
10197
10198
10199
10271
10200
10272
10201
10202
10203
10204
10207
10208
10209
10210
10211
10212
10213
10214
10215
10216
10217
10218
10219
10220
10221
10222
10223
10224
10225
10226
10227
10228
10229
10230
10231
10232
10233
10234
10235
10236
10237
10238
10239
10240
10241
10242
10243
10244
10245
10246
10252
10254
10261
10255
10258
10264
10266
10273
10267
10270
10274
10275
10276
10277
10278
10279
10280
10281
10282
10283
10284
10286
10285
10287
10288
10289
10290
10291
10292
10293
10294
10295
10296
10297
10298
10299
10300
10301
10302
10303
10304
10305
10306
10307
10308
10309
10310
10311
10312
10313
10314
10315
10316
10317
10318
10319
10320
10321
10322
10323
10324
10325
10326
10327
10328
10329
10330
10331
10332
10334
10333
10335
10336
10337
10338
10339
10340
10341
10342
10343
10344
10345
10346
10347
10348
10349
10350
10351
10352
10353
10354
10355
10356
10357
10358
10359
10360
10361
10362
10363
10364
10365
10366
10367
10368
10369
10370
10371
10372
10376
10393
10377
10378
10379
10380
10381
10382
10383
10384
10385
10386
10387
10388
10395
10389
10394
10396
10397
10401
10403
10402
10404
10405
10406
10407
10408
10412
10413
10414
10415
10416
10420
10421
10425
10426
10430
10443
10431
10432
10433
10434
10438
10439
10444
10445
10446
10447
10448
10449
10450
10451
10452
10453
10454
10455
10456
10457
10499
10458
10500
10459
10460
10523
10461
10524
10462
10463
10464
10465
10466
10467
10468
10469
10470
10471
10472
10541
10473
10542
10474
10475
10476
10565
10477
10478
10479
10480
10481
10482
10483
10484
10485
10486
10487
10511
10488
10512
10489
10490
10553
10491
10554
10492
10493
10494
10495
10496
10497
10498
10501
10502
10503
10504
10505
10506
10507
10508
10509
10513
10510
10514
10515
10516
10517
10518
10520
10519
10521
10525
10522
10526
10527
10528
10529
10530
10531
10532
10533
10534
10535
10536
10537
10538
10539
10543
10540
10544
10545
10546
10547
10548
10550
10549
10551
10555
10552
10556
10559
10557
10560
10558
10561
10562
10563
10566
10564
10567
10568
10569
10570
10571
10572
10574
10573
10575
10576
10577
10578
10579
10580
10581
10582
10583
10584
10585
10586
10587
10588
10589
10590
10591
10592
10593
10594
10595
10596
10598
10597
10599
10600
10601
10602
10603
10604
10605
10606
10607
10608
10616
10609
10610
10611
10612
10613
10614
10615
10617
10618
10619
10620
10622
10621
10623
10624
10625
10626
10627
10628
10629
10630
10631
10632
10633
10634
10635
10636
10637
10638
10639
10640
10641
10642
10643
10644
10646
10645
10647
10648
10649
10650
10651
10652
10653
10654
10655
10656
10657
10658
10659
10660
10661
10662
10663
10664
10665
10666
10667
10668
10669
10670
10671
10672
10673
10674
10675
10676
10677
10678
10679
10680
10681
10682
10683
10684
10685
10686
10687
10688
10689
10690
10691
10692
10694
10693
10695
10696
10697
10698
10699
10700
10701
10702
10703
10704
10705
10706
10707
10708
10709
10710
10711
10712
10713
10714
10715
10716
10717
10718
10719
10720
10721
10722
10723
10724
10725
10726
10727
10728
10729
10730
10731
10732
10733
10734
10735
10736
10737
10739
10738
10740
10741
10742
10743
10745
10744
10746
10747
10748
10749
10751
10750
10752
10753
10754
10757
10755
10758
10756
10759
10760
10769
10761
10770
10762
10763
10764
10765
10766
10767
10768
10771
10772
10773
10774
10775
10776
10778
10777
10779
10781
10782
10783
10784
10785
10787
10786
10788
10789
10790
10791
10799
10792
10793
10794
10795
10796
10805
10797
10806
10798
10800
10801
10802
10803
10811
10804
10807
10808
10817
10809
10818
10810
10812
10813
10814
10815
10816
10819
10820
10821
10822
10823
10824
10826
10825
10827
10829
10830
10831
10832
10833
10835
10834
10836
10837
10838
10839
10847
10840
10841
10842
10843
10844
10853
10845
10854
10846
10848
10849
10850
10851
10859
10852
10855
10856
10865
10857
10866
10858
10860
10861
10862
10863
10864
10867
10868
10869
10870
10871
10872
10874
10873
10875
10877
10878
10879
10880
10881
10883
10882
10884
10885
10886
10887
10889
10888
10890
10891
10892
10893
10895
10894
10896
10897
10898
10899
10901
10900
10902
10903
10904
10905
10907
10906
10908
10909
10910
10911
10913
10912
10914
10915
10916
10917
10943
10918
10919
10920
10921
10922
10923
10925
10924
10926
10927
10928
10929
10931
10930
10932
10933
10934
10935
10937
10936
10938
10939
10940
10941
11003
10942
10944
10945
10946
10947
10949
10948
10950
10951
10952
10953
10955
10954
10956
10957
10958
10959
10961
10960
10962
10963
10964
10965
10967
10966
10968
10969
10970
10971
10973
10972
10974
10975
10976
10977
10979
10978
10980
10981
10982
10983
10985
10984
10986
10987
10988
10989
10991
10990
10992
10993
10994
10995
10997
10996
10998
10999
11000
11001
11033
11002
11004
11005
11006
11007
11009
11008
11010
11011
11012
11013
11015
11014
11016
11017
11018
11019
11021
11020
11022
11023
11024
11025
11027
11026
11028
11029
11030
11031
11032
11034
11035
11036
11037
11038
11039
11040
11041
11042
11043
11050
11051
11052
11053
11054
11055
11056
11057
11058
11059
11060
11061
11062
11063
11064
11065
11066
11067
11068
11097
11069
11098
11070
11071
11072
11073
11074
11075
11103
11076
11077
11078
11079
11080
11081
11094
11082
11083
11084
11085
11095
11091
11096
11092
11093
11099
11100
11101
11104
11102
11105
11106
11107
11108
11109
11110
11111
11112
11113
11114
11115
11116
11117
11118
11119
11120
11121
11122
11123
11124
11125
11126
11127
11128
11129
11130
11131
11132
11133
11134
11135
11136
11137
11138
11139
11140
11141
11142
11143
11144
11145
11146
11147
11151
11152
11153
11154
11155
11156
11157
11158
11159
11160
11161
11162
11168
11163
11169
11164
11170
11165
11166
11167
11171
11172
11173
11174
11175
11176
11177
11178
11179
11180
11181
11182
11183
11184
11185
11186
11187
11188
11189
11190
11191
11192
11193
11194
11195
11196
11197
11198
11199
11200
11206
11207
11208
11209
11210
11212
11211
11213
11214
11215
11216
11217
11218
11221
11219
11222
11220
11223
11224
11225
11226
11227
11228
11229
11230
11231
11232
11233
11234
11235
11236
11237
11238
11239
11240
11241
11242
11243
11244
11245
11246
11247
11248
11249
11250
11251
11252
11253
11254
11255
11256
11257
11258
11259
11260
11261
11266
11262
11267
11268
11313
11269
11314
11270
11271
11272
11273
11274
11275
11276
11277
11278
11279
11280
11281
11282
11283
11284
11285
11286
11287
11288
11289
11290
11291
11292
11293
11294
11295
11296
11297
11298
11299
11319
11300
11301
11302
11303
11304
11305
11306
11315
11307
11308
11309
11310
11311
11312
11316
11317
11320
11318
11321
11322
11323
11324
11325
11326
11327
11328
11329
11330
11331
11332
11333
11334
11335
11336
11337
11338
11339
11340
11341
11342
11343
11344
11345
11346
11347
11348
11349
11350
11352
11351
11353
11354
11355
11356
11357
11358
11359
11360
11364
11365
11366
11367
11368
11369
11370
11371
11372
11373
11374
11375
11376
11377
11378
11379
11380
11381
11382
11383
11384
11385
11386
11387
11390
11388
11391
11389
11392
11393
11394
11395
11396
11397
11398
11399
11400
11401
11402
11403
11404
11405
11406
11407
11408
11409
11410
11411
11412
11413
11414
11415
11416
11417
11418
11419
11420
11421
11422
11423
11424
11425
11426
11427
11428
11429
11435
11430
11436
11431
11437
11491
11438
11492
11439
11440
11441
11442
11443
11444
11445
11446
11447
11448
11449
11450
11451
11452
11453
11454
11455
11456
11457
11458
11459
11460
11461
11462
11463
11464
11465
11466
11467
11468
11473
11469
11474
11470
11475
11471
11472
11476
11477
11478
11479
11480
11481
11482
11483
11484
11485
11493
11486
11487
11488
11489
11490
11494
11495
11496
11497
11498
11499
11500
11501
11503
11502
11504
11505
11506
11507
11508
11509
11510
11511
11512
11513
11514
11515
11516
11517
11518
11519
11520
11521
11522
11523
11524
11525
11526
11527
11528
11529
11530
11531
11532
11533
11536
11534
11537
11535
11538
11539
11540
11541
11542
11543
11544
11545
11546
11547
11548
11549
11550
11551
11552
11553
11557
11559
11558
11560
11561
11562
11563
11564
11565
11566
11567
11568
11569
11570
11571
11572
11573
11574
11575
11576
11577
11578
11579
11580
11581
11988
11582
11583
11586
11584
11587
11585
11588
11589
11590
11591
11592
11593
11594
11595
11596
11597
11598
11599
11600
11606
11607
11609
11608
11610
11611
11612
11613
11614
11623
11620
11624
11621
11625
11622
11626
11627
11629
11628
11630
11631
11632
12106
11633
12107
11634
11635
11641
11636
11642
11637
11643
11658
11644
11659
11645
11646
11647
11648
11649
11650
11651
11652
11660
11653
11654
11655
11656
11657
11661
11662
11663
11664
11665
11666
11667
11668
11669
11670
11671
11672
11673
11936
11674
11937
11675
11676
11677
11678
11682
11684
11683
11685
11686
11687
11688
11689
11690
11691
11692
11693
11694
11695
11696
11697
11698
11699
11700
11701
11702
11703
11704
11705
11706
11933
11707
11708
11711
11709
11712
11710
11713
11714
11715
11716
11717
11718
11719
11720
11726
11721
11727
11722
11728
11731
11729
11732
11730
11733
11734
11735
11736
11737
11738
11739
11740
11741
11742
11743
11744
11745
11746
11884
11747
11885
11748
11749
11750
11751
11752
11753
11754
11755
11756
11757
11758
11759
11760
11761
11762
11763
11764
11765
11766
11767
11768
11769
11770
11771
11772
11773
11774
11881
11775
11808
11776
11777
11778
11779
11780
11781
11782
11783
11784
11785
11786
11787
11788
11789
11790
11791
11792
11793
11794
11795
11796
11797
11798
11799
11800
11838
11801
11839
11802
11803
11804
11805
11809
11810
11811
11812
11813
11814
11815
11816
11817
11818
11819
11820
11821
11822
11823
11824
11825
11826
11827
11828
11829
11830
11835
11831
11836
11832
11837
11833
11834
11840
11854
11841
11842
11843
11844
11845
11846
11882
11847
11883
11848
11849
11855
11858
11856
11859
11857
11860
11861
11864
11862
11865
11863
11866
11867
11868
11869
11870
11871
11893
11872
11878
11890
11879
11891
11880
11886
11892
11887
11905
11888
11906
11889
11894
11895
11896
11897
11898
11907
11899
11911
11900
11912
11901
11913
11934
11902
11935
11903
11904
11908
11909
11910
11919
11920
11921
11922
11928
11923
11929
11924
11930
11931
11932
11938
11939
11940
11941
11942
11943
11944
11945
11946
11947
11948
11949
11950
11989
11951
11990
11952
11953
11954
11955
11956
11957
11958
11959
11960
11961
11962
11968
11969
11971
11970
11972
11973
11974
11975
11976
11977
11978
11979
11985
11986
11987
11991
12012
11992
12013
11993
11994
11997
11995
11998
11996
11999
12000
12001
12002
12003
12004
12005
12014
12006
12007
12008
12009
12010
12011
12015
12016
12017
12021
12022
12023
12024
12025
12026
12027
12028
12029
12030
12055
12031
12032
12033
12034
12035
12036
12037
12041
12052
12042
12043
12049
12044
12050
12045
12051
12046
12047
12048
12053
12056
12054
12057
12058
12061
12059
12062
12060
12063
12064
12065
12066
12067
12068
12073
12069
12070
12094
12071
12095
12072
12074
12075
12076
12077
12078
12082
12079
12083
12080
12084
12081
12085
12086
12087
12088
12091
12089
12092
12090
12093
12096
12100
12097
12101
12098
12102
12099
12108
12109
12110
12111
12112
12114
12113
12115
12116
12117
12118
12119
12120
12121
12123
12122
12124
12125
12126
12127
12128
12129
12130
12131
12132
12135
12133
12136
12134
12137
12138
12139
12140
12141
12142
12143
12144
12145
12146
12147
12148
12149
12158
12160
12159
12161
12162
12163
12164
12165
12166
12167
12168
12169
12170
