0
1
2
3
4
5
6
7
9
10
11
14
15
17
16
25
18
22
19
60
20
21
24
26
178
27
229
28
29
30
31
32
38
33
34
35
36
37
82
39
164
41
50
173
42
264
318
48
51
236
53
55
61
69
70
71
73
80
449
74
76
78
83
90
91
94
96
97
98
294
99
100
103
104
108
109
113
116
118
121
122
124
126
133
137
150
143
656
248
470
655
355
149
151
152
197
316
154
155
157
158
160
161
163
166
168
317
169
170
175
177
179
190
180
181
183
184
185
273
187
188
189
194
191
193
195
196
198
200
213
224
227
228
230
276
232
233
234
239
254
706
240
241
244
678
246
247
249
251
253
256
279
261
262
342
265
271
272
275
277
278
280
281
290
305
282
283
284
425
285
286
287
521
288
472
291
292
293
295
296
297
298
299
300
301
302
303
304
306
307
308
309
310
312
313
315
319
664
321
320
322
368
323
324
325
329
402
326
327
328
330
334
335
336
341
340
343
344
345
346
354
349
367
348
350
351
643
711
356
357
510
359
360
361
782
365
369
370
378
385
401
497
397
398
399
400
403
699
419
420
432
434
740
438
455
453
466
468
480
494
498
482
483
484
486
487
489
490
495
597
493
499
500
502
504
505
507
508
512
644
513
520
522
523
524
548
525
534
533
538
546
544
554
556
582
564
570
571
572
577
578
579
583
584
585
586
588
589
591
791
592
593
601
602
604
605
609
610
611
613
625
614
615
617
620
619
784
621
628
629
645
648
649
650
652
657
660
661
662
663
669
671
682
676
677
679
680
681
683
689
693
694
695
701
703
704
709
714
715
717
718
719
720
721
723
727
728
731
741
748
749
752
756
757
758
759
760
762
763
771
773
776
777
780
786
787
788
789
792
824
793
800
801
806
809
812
814
815
820
822
827
828
829
830
831
832
856
833
834
841
844
845
846
849
853
857
860
861
863
864
875
876
