875
860
857
853
841
834
806
793
792
789
788
786
784
781
780
777
776
773
772
771
769
763
759
740
734
727
720
716
714
711
690
682
671
667
664
663
660
657
656
655
654
644
629
627
620
617
614
611
609
608
604
602
601
597
589
583
571
564
556
538
525
524
522
521
520
512
509
508
507
506
504
499
498
490
486
483
482
470
861
464
455
846
449
438
420
402
2
399
369
368
760
363
359
356
752
355
345
741
344
342
341
336
335
332
329
328
327
723
326
722
325
324
719
322
718
321
717
320
715
318
316
709
312
706
309
705
308
307
703
306
701
304
700
303
699
302
299
695
298
689
292
290
683
286
681
284
680
283
679
282
678
281
278
276
273
669
272
662
265
661
264
262
261
254
650
253
249
246
241
240
239
635
238
624
227
190
189
582
185
184
580
183
378
578
181
178
572
175
370
570
173
367
170
169
758
361
164
757
360
163
161
749
352
155
748
351
154
350
153
348
548
151
546
149
340
143
731
334
534
137
694
297
497
100
193
96
191
291
94
385
585
188
288
91
584
187
487
90
864
70
354
554
157
60
349
152
849
452
55
844
50
236
833
39
832
38
831
434
37
677
280
480
83
133
233
830
36
179
279
876
82
432
35
828
34
177
277
80
827
33
229
32
625
228
31
822
425
28
820
26
863
466
69
22
315
118
815
21
20
313
513
116
813
19
812
18
17
310
510
113
213
16
61
808
14
10
301
501
104
4
401
801
7
809
15
271
74
27
645
248
845
51
1
398
122
819
25
593
196
693
296
99
523
126
29
547
150
53
500
103
800
403
6
762
365
168
468
71
818
24
48
592
195
295
495
98
198
305
108
11
591
194
294
494
97
197
0
