21361
21359
21358
21354
21351
21349
21348
21346
21345
21343
21342
21339
21337
21336
21333
21331
21329
21328
21327
21325
21324
21323
21322
21321
21319
21312
21310
21309
21307
21304
21302
21301
21298
21296
21294
21291
21286
21285
21283
21282
21281
21277
21276
21275
21273
21272
21271
21263
21262
21261
21254
21253
21247
21246
21244
21242
21241
21238
21232
21229
21228
21227
21223
21221
21220
21219
21217
21216
21215
21214
21213
21212
21208
21207
21206
21204
21201
21198
21197
21196
21195
21193
21191
21190
21189
21188
21187
21186
21185
21183
21181
21179
21175
21174
21173
21172
21171
21170
21168
21166
21165
21164
21163
21162
21161
21160
21158
21156
21155
21153
21152
21151
21150
21149
21148
21147
21146
21143
21142
21140
21139
21138
21136
21125
21123
21122
21120
21119
21118
21114
21113
21112
21109
21106
21105
21093
21092
21090
21089
21087
21086
21084
21078
21077
21076
21072
21071
21068
21065
21064
21063
21055
21032
21024
21009
21007
21006
20992
20983
20978
20975
20963
20955
20951
20950
20947
20940
20937
20929
20925
20921
20915
20900
20894
20888
20884
20876
20875
20872
20871
20864
20861
20857
20853
20844
20835
20819
20794
20793
20784
20781
20780
20778
20775
20768
20758
20754
20753
20744
20741
20736
20732
20729
20707
20705
20703
20700
20698
20681
20680
20675
20672
20669
20665
20662
20654
20653
20652
20649
20644
20639
20635
20626
20623
20618
20616
20611
20602
20590
20588
20587
20586
20585
20584
20583
20581
20578
20576
20567
20565
20562
20559
20541
20540
20538
20535
20532
20528
20523
20521
20517
20516
20515
20513
20500
20480
20462
20461
20451
20447
20442
20438
20430
20419
20415
20410
20409
20399
20394
20390
20386
20384
20380
20366
20342
20339
20338
20332
20326
20317
20315
20312
20311
20309
20289
20286
20274
20272
20270
20266
20265
20251
20245
20242
20239
20235
20225
20224
20223
20215
20203
20191
20189
20184
20183
20178
20175
20172
20166
20163
20155
20150
20147
20146
20144
20141
20138
20126
20125
20110
20109
20100
20098
20095
20093
20086
20082
20076
20070
20061
20045
20040
20032
20030
20022
20005
20001
19993
19987
19982
19980
19973
19967
19966
19963
19956
19941
19939
19935
19925
19922
19914
19913
19901
19900
19899
19884
19883
19882
19879
19874
19871
19847
19844
19835
19834
19823
19822
19802
19786
19783
19769
19766
19760
19758
19753
19752
19741
19738
19723
19722
19702
19700
19687
19685
19681
19678
19675
19671
19660
19645
19643
19642
19641
19639
19636
19631
19628
19623
19617
19615
19609
19601
19589
19587
19576
19570
19552
19532
19522
19504
19499
19496
19491
19486
19479
19477
19472
19465
19461
19453
19450
19446
19426
19401
19381
19367
19358
19357
19343
19340
19339
19330
19321
19303
19297
19294
19290
19285
19277
19271
19269
19267
19266
19265
19243
19235
19232
19221
19215
19195
19190
19180
19168
19165
19152
19148
19142
19140
19136
19130
19096
19093
19092
19086
19077
19069
19060
19052
19042
19041
19032
19022
19015
19014
19007
19005
19002
19001
18996
18995
18991
18975
18968
18961
18946
18944
18939
18928
18927
18904
18899
18896
18889
18884
18872
18868
18867
18862
18860
18854
18852
18835
18826
18821
18809
18783
18782
18781
18776
18775
18769
18762
18755
18746
18744
18733
18730
18722
18721
18718
18713
18693
18689
18678
18676
18669
18655
18650
18641
18638
18628
18625
18624
18621
18612
18610
18608
18607
18604
18603
18600
18597
18589
18588
18582
18580
18578
18574
18571
18564
18550
18547
18543
18539
18530
18527
18516
18502
18497
18489
18486
18484
18479
18478
18457
18456
18441
18440
18436
18435
18429
18422
18413
18392
18386
18375
18374
18364
18350
18339
18332
18328
18324
18309
18307
18302
18298
18294
18286
18277
18271
18270
18268
18265
18261
18260
18257
18231
18222
18212
18210
18202
18198
18196
18188
18185
18183
18178
18172
18167
18166
18165
18155
18152
18144
18140
18139
18137
18135
18133
18132
18128
18124
18122
18120
18115
18109
18107
18104
18103
18093
18069
18067
18065
18061
18054
18051
18050
18048
18046
18044
18034
18018
18014
18011
18008
18006
18003
18002
17992
17990
17982
17975
17969
17949
17946
17924
17917
17915
17912
17902
17901
17893
17892
17883
17879
17873
17871
17861
17858
17851
17850
17844
17842
17832
17829
17819
17818
17813
17811
17794
17792
17782
17774
17762
17757
17751
17734
17726
17725
17720
17719
17699
17697
17694
17693
17681
17672
17663
17662
17634
17632
17624
17622
17615
17614
17612
17609
17603
17591
17578
17565
17557
17555
17551
17550
17548
17544
17542
17541
17534
17528
17525
17522
17519
17518
17511
17503
17496
17491
17490
17489
17485
17440
17439
17435
17431
17429
17427
17425
17409
17407
17404
17387
17383
17379
17374
17369
17368
17367
17366
17363
17361
17358
17355
17346
17340
17336
17334
17332
17330
17328
17321
17318
17312
17310
17309
17305
17296
17294
17292
17290
17287
17280
17268
17261
17258
17257
17248
17239
17230
17228
17227
17219
17213
17211
17209
17207
17203
17200
17199
17194
17188
17175
17174
17171
17151
17148
17144
17133
17132
17124
17122
17115
17113
17110
17109
17102
17098
17091
17084
17077
17076
17062
17040
17035
17029
17026
17024
17019
17014
16998
16995
16992
16989
16985
16981
16977
16976
16964
16963
16960
16953
16944
16943
16941
16939
16927
16921
16918
16913
16891
16889
16886
16885
16877
16873
16870
16864
16861
16847
16838
16836
16834
16828
16826
16823
16811
16808
16803
16798
16791
16779
16771
16765
16762
16761
16760
16758
16751
16750
16749
16741
16740
16739
16729
16727
16725
16719
16718
16707
16704
16703
16699
16696
16683
16680
16677
16674
16667
16665
16664
16660
16653
16651
16646
16645
16644
16641
16627
16626
16625
16624
16622
16615
16605
16600
16593
16589
16587
16586
16585
16567
16564
16560
16555
16543
16542
16532
16529
16526
16525
16515
16506
16503
16501
16486
16478
16476
16472
16471
16469
16467
16455
16437
16432
16425
16419
16416
16411
16407
16406
16404
16402
16401
16396
16393
16389
16388
16387
16378
16368
16363
16361
16355
16351
16342
16340
16337
16328
16326
16323
16322
16320
16309
16307
16302
16298
16291
16289
16278
16257
16254
16246
16245
16244
16240
16228
16220
16211
16205
16198
16183
16177
16169
16163
16162
16154
16153
16148
16133
16113
16109
16103
16102
16072
16069
16067
16061
16059
16052
16049
16031
16026
16023
16022
16017
16011
16010
15997
15996
15990
15989
15987
15978
15976
15975
15969
15967
15963
15956
15952
15950
15922
15907
15898
15895
15890
15888
15877
15857
15856
15848
15840
15827
15822
15804
15786
15779
15765
15764
15763
15762
15761
15758
15753
15738
15736
15734
15733
15731
15724
15719
15718
15708
15706
15705
15701
15694
15686
15656
15652
15641
15639
15637
15635
15632
15629
15626
15616
15615
15594
15588
15583
15576
15569
15560
15539
15522
15515
15514
15512
15509
15497
15490
15487
15483
15475
15471
15468
15463
15461
15458
15455
15442
15441
15424
15422
15415
15405
15404
15394
15385
15384
15382
15377
15373
15372
15371
15368
15363
15356
15352
15351
15346
15343
15341
15336
15335
15332
15318
15315
15308
15307
15305
15299
15295
15294
15290
15288
15286
15283
15280
15276
15275
15272
15268
15265
15253
15237
15235
15230
15223
15216
15212
15197
15195
15189
15186
15164
15142
15140
15133
15123
15122
15112
15091
15089
15087
15067
15055
15049
15036
15034
15031
15025
15019
15010
15008
14998
14991
14985
14983
14982
14975
14967
14961
14955
14952
14948
14938
14936
14935
14930
14926
14924
14918
14917
14914
14913
14905
14899
14896
14890
14888
14879
14877
14874
14869
14867
14853
14843
14837
14835
14828
14826
14825
14817
14815
14806
14802
14793
14791
14789
14787
14783
14777
14776
14765
14758
14754
14747
14746
14741
14739
14735
14727
14726
14718
14715
14712
14708
14707
14694
14693
14687
14686
14679
14677
14662
14658
14654
14646
14634
14620
14606
14600
14588
14583
14572
14567
14566
14559
14558
14555
14535
14534
14526
14517
14514
14500
14496
14495
14494
14486
14479
14478
14477
14435
14432
14420
14419
14416
14409
14398
14396
14394
14388
14384
14369
14367
14365
14351
14344
14343
14341
14320
14313
14312
14310
14306
14304
14293
14285
14276
14260
14253
14239
14234
14231
14228
14227
14218
14211
14200
14197
14193
14192
14186
14180
14168
14162
14161
14160
14159
14156
14155
14153
14151
14150
14140
14137
14125
14122
14118
14113
14112
14105
14102
14099
14089
14087
14078
14077
14070
14068
14067
14066
14060
14055
14053
14041
14038
14033
14032
14031
14030
14023
14018
14016
14013
14012
14007
14004
14003
13976
13962
13959
13958
13951
13949
13946
13943
13930
13927
13919
13918
13913
13912
13905
13899
13897
13891
13885
13881
13870
13867
13858
13856
13838
13835
13830
13827
13825
13813
13798
13790
13789
13787
13786
13784
13780
13779
13777
13769
13763
13756
13749
13730
13724
13722
13716
13713
13707
13697
13692
13681
13676
13670
13666
13661
13657
13646
13637
13630
13623
13619
13614
13605
13602
13600
13599
13594
13590
13587
13585
13583
13576
13572
13561
13557
13549
13546
13543
13540
13537
13533
13532
13529
13527
13515
13506
13500
13486
13482
13478
13477
13474
13473
13462
13452
13441
13437
13430
13429
13424
13420
13419
13416
13409
13406
13397
13392
13389
13387
13382
13380
13377
13373
13361
13354
13353
13346
13344
13339
13334
13330
13318
13317
13316
13311
13304
13301
13296
13291
13290
13289
13286
13285
13280
13268
13267
13263
13238
13237
13235
13220
13214
13212
13211
13203
13196
13193
13184
13175
13167
13153
13151
13136
13124
13121
13120
13102
13083
13078
13076
13072
13071
13062
13056
13053
13052
13047
13046
13044
13043
13039
13036
13035
13020
13019
13018
13016
13014
13008
12998
12990
12978
12970
12963
12961
12950
12949
12946
12936
12916
12909
12905
12878
12877
12873
12872
12866
12861
12857
12855
12854
12853
12852
12851
12850
12848
12847
12845
12844
12840
12839
12838
12837
12836
12835
12834
12831
12830
12828
12827
12824
12821
12820
12819
12816
12815
12808
12807
12805
12804
12802
12800
12799
12798
12797
12796
12795
12794
12793
12792
12790
12789
12788
12787
12786
12785
12781
12778
12776
12774
12772
12770
12769
12766
12765
12760
12757
12756
12755
12754
12748
12747
12746
12745
12744
12739
12737
12736
12735
12733
12732
12731
12730
12729
12728
12727
12726
12725
12724
12723
12721
12720
12719
12718
12717
12716
12715
12714
12712
12711
12710
12708
12707
12706
12705
12703
12702
12701
12699
12697
12694
12692
12691
12688
12687
12685
12684
12683
12682
12681
12680
12678
12677
12676
12673
12671
12669
12668
12667
12665
12664
12659
12656
12653
12650
12649
12648
12647
12644
12643
12642
12641
12640
12639
12638
12636
12634
12633
12631
12630
12629
12628
12627
12626
12625
12623
12622
12620
12619
12618
12615
12612
12611
12609
12607
12606
12604
12601
12599
12597
12596
12595
12593
12592
12591
12590
12588
12587
12586
12584
12583
12582
12579
12577
12576
12575
12574
12573
12572
12571
12570
12569
12568
12567
12564
12562
12561
12560
12556
12555
12554
12553
12549
12548
12545
12544
12543
12541
12539
12538
12537
12535
12533
12531
12530
12527
12525
12524
12521
12519
12517
12514
12513
12511
12510
12509
12507
12506
12505
12504
12503
12502
12500
12498
12496
12495
12493
12491
12490
12485
12484
12483
12482
12480
12477
12476
12475
12474
12473
12465
12464
12462
12461
12460
12458
12456
12455
12453
12452
12451
12450
12449
12445
12443
12440
12438
12436
12434
12433
12432
12431
12430
12429
12427
12425
12423
12422
12421
12420
12418
12416
12415
12413
12411
12410
12409
12407
12406
12404
12403
12401
12400
12397
12395
12394
12392
12391
12388
12386
12385
12384
12383
12382
12381
12379
12378
12377
12376
12375
12372
12370
12367
12366
12362
12361
12360
12359
12357
12356
12355
12353
12352
12351
12347
12346
12345
12344
12342
12341
12340
12337
12334
12332
12329
12327
12326
12325
12324
12323
12319
12317
12315
12314
12313
12311
12309
12306
12304
12303
12301
12300
12299
12298
12297
12295
12294
12293
12292
12290
12289
12288
12286
12282
12281
12279
12278
12277
12275
12272
12271
12270
12269
12267
12265
12264
12263
12261
12260
12259
12255
12254
12253
12252
12251
12250
12249
12248
12245
12243
12242
12240
12236
12234
12232
12230
12229
12227
12226
12225
12223
12222
12221
12217
12216
12212
12209
12208
12207
12206
12205
12202
12200
12199
12198
12196
12195
12194
12193
12192
12191
12190
12189
12188
12186
12184
12183
12182
12181
12180
12179
12175
12174
12172
12171
12170
12169
12167
12166
12165
12162
12161
12159
12158
12156
12155
12154
12153
12152
12151
12150
12149
12148
12146
12145
12144
12143
12141
12140
12139
12136
12134
12133
12132
12130
12127
12125
12124
12123
12122
12119
12118
12114
12110
12109
12103
12102
12101
12100
12098
12097
12096
12094
12093
12090
12088
12087
12086
12085
12083
12080
12079
12078
12077
12076
12075
12073
12070
12069
12068
12066
12064
12061
12060
12058
12057
12056
12055
12053
12052
12051
12050
12048
12047
12044
12043
12042
12041
12039
12038
12036
12034
12033
12032
12031
12029
12028
12027
12026
12024
12023
12021
12020
12019
12018
12013
12012
12011
12010
12009
12008
12007
12006
12005
12004
12001
12000
11999
11995
11993
11992
11991
11990
11989
11987
11984
11981
11979
11975
11974
11972
11971
11969
11966
11965
11964
11963
11962
11955
11954
11953
11951
11949
11948
11946
11945
11942
11938
11937
11936
11935
11932
11931
11930
11926
11924
11923
11921
11919
11917
11916
11913
11912
11911
11909
11906
11904
11903
11902
11901
11898
11897
11896
11894
11893
11891
11890
11889
11888
11887
11886
11885
11883
11881
11880
11879
11878
11877
11876
11873
11869
11865
11864
11863
11862
11856
11855
11851
11849
11848
11845
11844
11842
11841
11840
11838
11837
11835
11833
11831
11830
11826
11824
11823
11821
11815
11814
11813
11811
11807
11803
11801
11799
11798
11796
11795
11794
11793
11792
11790
11788
11787
11785
11783
11782
11781
11780
11779
11778
11777
11775
11773
11770
11769
11768
11767
11766
11765
11762
11759
11758
11756
11753
11752
11751
11750
11749
11747
11746
11743
11742
11740
11739
11738
11736
11735
11732
11730
11727
11726
11725
11723
11722
11721
11720
11719
11718
11715
11713
11712
11711
11709
11708
11706
11705
11704
11703
11700
11698
11697
11696
11695
11694
11693
11692
11690
11689
11686
11685
11684
11683
11682
11679
11678
11677
11676
11675
11674
11672
11671
11670
11667
11666
11663
11660
11657
11656
11655
11654
11653
11652
11650
11649
11648
11647
11646
11645
11642
11640
11639
11638
11637
11636
11635
11634
11633
11632
11630
11629
11628
11626
11625
11623
11622
11620
11619
11618
11617
11616
11615
11612
11611
11610
11609
11608
11607
11605
11601
11595
11594
11590
11587
11585
11584
11581
11580
11579
11578
11577
11572
11566
11565
11560
11558
11557
11556
11555
11554
11553
11552
11546
11544
11543
11540
11539
11538
11533
11531
11530
11527
11525
11524
11523
11522
11521
11519
11518
11516
11515
11514
11513
11510
11509
11507
11505
11504
11503
11502
11501
11498
11497
11495
11493
11492
11491
11490
11489
11488
11487
11486
11485
11484
11483
11482
11481
11480
11479
11478
11476
11474
11473
11472
11470
11468
11467
11466
11464
11463
11461
11458
11457
11456
11455
11454
11453
11452
11448
11447
11446
11443
11442
11441
11438
11435
11434
11431
11430
11429
11428
11426
11425
11424
11422
11421
11420
11418
11417
11415
11414
11413
11411
11410
11408
11406
11405
11402
11400
11395
11394
11392
11391
11389
11387
11384
11382
11379
11378
11374
11372
11369
11366
11365
11363
11361
11360
11359
11354
11352
11351
11350
11349
11348
11347
11345
11343
11342
11341
11337
11334
11333
11332
11330
11329
11327
11325
11324
11322
11321
11318
11317
11315
11314
11311
11310
11307
11305
11302
11301
11299
11298
11297
11294
11293
11291
11287
11286
11284
11283
11282
11281
11280
11278
11275
11274
11272
11271
11270
11269
11268
11267
11266
11265
11263
11260
11259
11255
11254
11253
11251
11250
11249
11247
11246
11245
11244
11243
11242
11241
11240
11239
11236
11235
11232
11231
11230
11229
11228
11227
11226
11225
11223
11222
11221
11220
11219
11218
11217
11216
11214
11213
11211
11210
11209
11206
11205
11204
11203
11202
11201
11200
11197
11194
11193
11191
11189
11187
11186
11185
11184
11182
11181
11176
11175
11174
11173
11170
11169
11167
11166
11165
11163
11162
11159
11158
11156
11152
11150
11149
11148
11147
11144
11139
11134
11132
11128
11127
11125
11123
11122
11121
11120
11118
11117
11115
11114
11111
11109
11108
11107
11106
11101
11100
11099
11098
11097
11096
11095
11094
11093
11092
11091
11089
11088
11087
11084
11083
11082
11081
11080
11079
11077
11075
11074
11071
11070
11069
11068
11067
11064
11062
11061
11058
11057
11055
11054
11052
11051
11050
11046
11044
11042
11041
11039
11037
11034
11033
11032
11030
11028
11027
11025
11023
11022
11021
11017
11016
11015
11014
11013
11012
11011
11009
11005
11004
11003
11001
10999
10998
10997
10996
10992
10990
10987
10986
10985
10984
10983
10982
10981
10980
10979
10977
10976
10975
10974
10972
10971
10969
10968
10967
10966
10964
10963
10962
10961
10959
10958
10956
10954
10952
10951
10949
10948
10944
10943
10934
10932
10931
10930
10929
10928
10927
10926
10924
10922
10921
10917
10916
10915
10914
10913
10909
10908
10905
10904
10903
10902
10901
10900
10898
10896
10895
10894
10893
10892
10890
10889
10885
10884
10883
10882
10881
10880
10879
10877
10876
10875
10874
10873
10872
10871
10869
10867
10865
10864
10861
10860
10858
10857
10854
10852
10849
10848
10847
10846
10845
10844
10843
10842
10840
10839
10838
10837
10835
10834
10833
10832
10831
10830
10829
10828
10826
10825
10824
10822
10821
10820
10819
10817
10815
10814
10813
10811
10809
10807
10805
10804
10803
10802
10801
10800
10799
10798
10796
10794
10793
10790
10788
10787
10786
10785
10784
10783
10782
10781
10779
10775
10774
10772
10768
10767
10766
10765
10762
10760
10759
10758
10757
10756
10754
10753
10751
10750
10749
10747
10744
10743
10742
10741
10739
10738
10737
10734
10731
10730
10726
10725
10723
10722
10721
10720
10719
10716
10715
10714
10713
10711
10710
10709
10708
10706
10705
10704
10703
10700
10698
10696
10695
10692
10691
10690
10689
10687
10686
10685
10684
10683
10682
10681
10680
10679
10678
10677
10676
10675
10674
10673
10672
10671
10670
10669
10668
10667
10666
10665
10664
10663
10662
10661
10659
10658
10657
10656
10655
10653
10652
10651
10650
10649
10647
10646
10645
10644
10643
10639
10638
10636
10634
10633
10631
10628
10627
10626
10625
10624
10623
10621
10620
10619
10617
10612
10611
10609
10607
10605
10603
10601
10599
10596
10595
10592
10591
10590
10589
10588
10587
10586
10585
10583
10582
10578
10577
10574
10573
10572
10569
10566
10565
10564
10563
10562
10560
10559
10558
10557
10555
10554
10553
10552
10549
10548
10545
10542
10540
10539
10537
10534
10533
10530
10529
10528
10526
10523
10521
10520
10519
10518
10516
10515
10514
10513
10512
10508
10507
10506
10505
10501
10494
10493
10492
10491
10489
10486
10485
10484
10483
10482
10481
10479
10478
10477
10476
10475
10472
10470
10469
10468
10467
10466
10465
10464
10463
10461
10460
10459
10458
10457
10456
10455
10454
10453
10452
10451
10450
10449
10448
10447
10446
10445
10444
10442
10438
10436
10435
10433
10432
10431
10430
10429
10427
10426
10425
10422
10421
10420
10416
10414
10413
10412
10410
10409
10408
10403
10402
10401
10399
10396
10395
10390
10389
10388
10387
10385
10384
10382
10381
10379
10378
10377
10375
10374
10372
10371
10370
10369
10367
10366
10363
10361
10360
10358
10357
10355
10353
10352
10351
10349
10347
10343
10342
10340
10336
10335
10334
10333
10332
10330
10329
10327
10324
10323
10322
10321
10319
10315
10312
10310
10309
10306
10302
10299
10298
10296
10294
10289
10288
10287
10286
10285
10283
10281
10280
10279
10276
10275
10274
10273
10272
10271
10270
10269
10268
10267
10266
10264
10263
10262
10260
10259
10258
10256
10253
10251
10248
10247
10245
10243
10242
10241
10240
10238
10236
10232
10229
10228
10224
10221
10217
10215
10213
10212
10211
10210
10209
10207
10206
10205
10203
10199
10198
10197
10191
10190
10187
10186
10185
10181
10179
10178
10175
10174
10171
10170
10167
10164
10163
10162
10161
10155
10153
10151
10150
10149
10148
10146
10141
10140
10139
10138
10137
10136
10135
10134
10133
10132
10131
10130
10128
10127
10126
10125
10124
10122
10121
10120
10119
10118
10117
10116
10114
10112
10111
10110
10109
10108
10107
10106
10103
10102
10101
10100
10099
10098
10097
10096
10094
10090
10089
10088
10087
10086
10085
10083
10080
10079
10076
10075
10074
10073
10070
10066
10062
10061
10060
10058
10055
10054
10053
10052
10050
10049
10048
10046
10045
10044
10041
10036
10035
10034
10033
10032
10030
10028
10027
10026
10025
10023
10022
10020
10016
10015
10014
10013
10012
10011
10009
10008
10006
10004
10003
10001
10000
9998
9997
9996
9995
9994
9992
9990
9988
9987
9984
9982
9981
9980
9979
9978
9977
9976
9973
9972
9971
9970
9967
9963
9962
9959
9958
9956
9955
9954
9953
9952
9949
9948
9945
9944
9943
9939
9937
9936
9935
9934
9930
9929
9928
9927
9926
9925
9924
9920
9919
9916
9914
9913
9912
9910
9908
9907
9902
9900
9895
9894
9893
9892
9890
9886
9885
9884
9883
9880
9879
9878
9875
9874
9871
9868
9867
9864
9863
9862
9861
9860
9859
9858
9857
9856
9854
9853
9852
9851
9849
9847
9846
9845
9843
9842
9840
9839
9837
9836
9835
9834
9833
9832
9831
9828
9827
9826
9825
9823
9822
9819
9818
9816
9815
9814
9813
9812
9810
9809
9808
9807
9805
9804
9802
9800
9799
9798
9795
9793
9792
9788
9784
9782
9781
9780
9779
9777
9774
9773
9772
9771
9768
9767
9766
9765
9763
9762
9761
9759
9756
9755
9754
9753
9750
9748
9746
9745
9744
9742
9741
9740
9739
9738
9736
9735
9733
9732
9729
9727
9726
9725
9724
9723
9722
9718
9717
9711
9710
9709
9708
9707
9706
9705
9704
9702
9701
9700
9699
9697
9696
9694
9693
9691
9687
9686
9685
9683
9682
9681
9679
9676
9674
9670
9669
9668
9667
9663
9662
9659
9656
9655
9654
9650
9646
9640
9638
9637
9636
9635
9634
9633
9632
9630
9629
9628
9627
9624
9623
9622
9621
9618
9617
9615
9614
9612
9611
9610
9609
9606
9602
9601
9600
9598
9597
9596
9594
9592
9590
9589
9588
9586
9585
9584
9583
9581
9580
9576
9571
9570
9569
9568
9567
9566
9565
9564
9563
9560
9559
9558
9557
9554
9553
9550
9549
9548
9547
9545
9543
9541
9539
9538
9537
9536
9532
9528
9526
9525
9524
9523
9521
9520
9519
9517
9515
9513
9512
9511
9507
9506
9505
9504
9503
9502
9501
9500
9499
9497
9496
9495
9494
9493
9492
9491
9490
9488
9487
9485
9484
9483
9479
9476
9475
9470
9469
9466
9463
9461
9460
9458
9456
9454
9452
9445
9444
9438
9425
9424
9416
9409
9408
9369
9366
9365
9355
9337
9335
9333
9331
9330
9329
9322
9321
9315
9308
9306
9305
9299
9292
9287
9286
9276
9274
9273
9272
9269
9262
9259
9254
9252
9249
9246
9233
9230
9224
9221
9218
9217
9214
9209
9194
9180
9178
9172
9162
9160
9156
9151
9144
9143
9137
9128
9104
9100
9098
9085
9083
9082
9080
9071
9069
9065
9058
9055
9051
9046
9043
9034
9031
9029
9026
9024
9023
9010
9009
9002
8998
8993
8990
8983
8981
8976
8973
8969
8961
8953
8952
8949
8945
8941
8940
8939
8924
8919
8915
8914
8909
8908
8905
8903
8901
8899
8894
8893
8890
8886
8883
8875
8873
8872
8867
8863
8862
8856
8854
8852
8851
8849
8848
8840
8836
8834
8833
8832
8818
8812
8805
8803
8792
8791
8789
8785
8783
8782
8770
8765
8764
8763
8758
8757
8754
8753
8740
8732
8730
8727
8724
8721
8710
8708
8706
8702
8701
8699
8694
8690
8680
8675
8666
8657
8655
8651
8646
8635
8623
8621
8620
8617
8609
8604
8593
8592
8586
8578
8576
8574
8567
8559
8553
8549
8543
8536
8535
8532
8531
8529
8523
8520
8516
8503
8500
8498
8494
8492
8488
8485
8481
8473
8469
8467
8464
8460
8458
8456
8450
8449
8445
8442
8437
8434
8416
8403
8396
8393
8383
8380
8374
8370
8361
8359
8357
8355
8351
8345
8344
8340
8336
8333
8330
8328
8326
8315
8314
8309
8307
8303
8298
8297
8294
8292
8291
8288
8286
8283
8280
8279
8276
8275
8271
8269
8262
8261
8256
8255
8247
8245
8238
8232
8231
8230
8226
8225
8222
8218
8214
8212
8211
21060
8207
21059
8206
21041
8188
21039
8186
8174
8170
8169
8168
8163
21001
8148
8144
20993
8140
8133
20984
8131
20979
8126
8123
8111
8103
8101
20949
8096
20942
8089
8085
8083
20917
8064
8063
20907
8054
8045
8042
8024
8021
8020
20866
8013
20863
8010
20860
8007
20856
8003
20848
7995
20843
7990
20841
7988
20837
7984
7977
7974
7962
20809
7956
20805
7952
7942
7937
7935
20786
7933
20774
7921
20772
7919
20770
7917
7916
7912
20752
7899
20739
7886
7881
20731
7878
20727
7874
20722
7869
20718
7865
20714
7861
7855
7853
7844
20691
7838
7835
7834
7825
7820
20671
7818
7807
7795
20636
7783
20621
7768
7761
7760
7752
20601
7748
20598
7745
20589
7736
7729
20580
7727
7724
20574
7721
7718
7705
7693
7690
7686
20534
7681
7680
7677
20526
7673
20520
7667
7645
7639
20491
7638
7636
20488
7635
20487
7634
20479
7626
20476
7623
7621
7619
7613
7601
7591
20439
7586
7584
7581
7580
20428
7575
7572
20424
7571
20421
7568
20420
7567
7544
20382
7529
7526
7520
20370
7517
7514
7511
7509
7507
20358
7505
20351
7498
20350
7497
20348
7495
7487
7483
20333
7480
7477
20324
7471
20320
7467
20318
7465
7463
7453
7449
20297
7444
7442
7438
7435
7428
20279
7426
20271
7418
7410
20259
7406
7403
7402
20248
7395
20246
7393
7387
7384
20232
7379
7377
7376
20219
7366
7358
20210
7357
7355
7354
20201
7348
20200
7347
7345
7337
20179
7326
7324
7318
20170
7317
7305
7304
20153
7300
20151
7298
7292
20143
7290
20134
7281
7275
7265
20113
7260
20108
7255
20105
7252
20102
7249
7238
7234
7231
20078
7225
7216
7214
7206
7205
7201
20051
7198
7191
7183
20035
7182
7173
7171
7170
20021
7168
20020
7167
7162
7158
7155
7151
19998
7145
7141
7122
19961
7108
7107
7105
19955
7102
7101
19950
7097
7095
7093
7083
7074
7068
7065
19915
7062
7054
19903
7050
7045
19894
7041
19873
7020
19857
7004
7002
6998
19850
6997
19843
6990
19841
6988
19840
6987
19837
6984
19827
6974
6966
19818
6965
6960
19810
6957
19808
6955
19803
6950
6945
19795
6942
19794
6941
19791
6938
6935
6929
19775
6922
19765
6912
6911
6910
19739
6886
6879
19725
6872
6864
19712
6859
6857
6854
19706
6853
19703
6850
6846
6839
6836
19688
6835
6826
19673
6820
6806
19658
6805
19656
6803
19635
6782
19633
6780
19632
6779
6776
19624
6771
6761
6760
19605
6752
19604
6751
19596
6743
19591
6738
6721
6719
6704
6692
6689
6688
19537
6684
6670
19521
6668
6658
6657
6644
19495
6642
19493
6640
6639
19483
6630
6628
6621
6620
6615
6614
19466
6613
19464
6611
19460
6607
19457
6604
19456
6603
6595
19445
6592
6588
6587
6586
19437
6584
6582
6576
6575
19419
6566
19418
6565
6558
19408
6555
19399
6546
6543
19391
6538
6531
6519
6518
19370
6517
6513
6478
19318
6465
6460
6458
6446
19298
6445
6440
19287
6434
6429
6426
19276
6423
19275
6422
19273
6420
19272
6419
6417
19268
6415
6411
19263
6410
6409
6408
6407
19258
6405
19257
6404
6402
19254
6401
6400
19251
6398
6396
6395
19247
6394
6392
6389
6388
19240
6387
19239
6386
6384
19236
6383
6380
19230
6377
19229
6376
19228
6375
19227
6374
6373
6372
19224
6371
6370
6369
19218
6365
19216
6363
6361
6360
19211
6358
6357
6355
6353
6351
6350
19202
6349
19199
6346
6345
6344
19194
6341
19192
6339
6338
6335
6334
6333
6332
19184
6331
6330
6329
6328
19178
6325
19176
6323
19175
6322
19174
6321
19173
6320
6319
19171
6318
6317
19167
6314
6313
6311
6309
19161
6308
6307
6306
6305
19157
6304
6303
19155
6302
19154
6301
19153
6300
6298
19150
6297
6296
6294
19145
6292
19139
6286
6285
6284
6282
6281
6280
19132
6279
6278
6276
19128
6275
6274
6272
6271
6270
19122
6269
19120
6267
6266
6265
6264
19115
6262
6261
19113
6260
19111
6258
6256
19108
6255
19107
6254
19105
6252
6251
19103
6250
19101
6248
6247
6246
6245
19097
6244
19095
6242
19094
6241
19090
6237
19089
6236
19088
6235
6234
6232
6231
19083
6230
19082
6229
6227
6225
6222
6221
6220
19072
6219
6218
19070
6217
6215
19067
6214
6213
19065
6212
6211
6210
19062
6209
6208
19059
6206
19058
6205
19057
6204
6203
19055
6202
6201
19053
6200
19051
6198
6197
6196
6195
6194
19046
6193
6192
6191
6190
19039
6186
6185
6184
6182
6181
6180
6178
6176
6175
6174
19026
6173
19025
6172
19024
6171
6170
6168
19020
6167
6165
19016
6163
6159
6158
6157
6156
6155
6153
6151
19003
6150
6147
6146
18998
6145
18997
6144
18994
6141
6137
18989
6136
6134
6133
18985
6132
18984
6131
6130
6128
6124
6121
18973
6120
18972
6119
6114
18965
6112
18964
6111
6110
6109
18960
6107
18959
6106
18958
6105
6104
6103
18955
6102
6101
6100
6099
18951
6098
6097
18947
6094
6092
18943
6090
18941
6088
18940
6087
18938
6085
18937
6084
18936
6083
18934
6081
6080
18932
6079
6078
18930
6077
18929
6076
6073
6072
18924
6071
6070
6068
6067
18918
6065
6064
6063
6061
6059
18910
6057
18909
6056
6054
6053
6048
18897
6044
6041
6040
6039
6038
18890
6037
6035
6033
6032
6029
6028
6027
6025
18877
6024
6022
6021
6020
18871
6018
18870
6017
18869
6016
18865
6012
6011
18863
6010
18861
6008
6006
18858
6005
6004
6003
6002
6000
18851
5998
18850
5997
5996
5994
18845
5992
18844
5991
5989
18841
5988
18838
5985
18837
5984
5983
18833
5980
5978
18829
5976
5975
5974
5972
18824
5971
5970
5967
18819
5966
18818
5965
5963
5962
18814
5961
18812
5959
18811
5958
5957
5955
18807
5954
5952
5951
5950
18802
5949
18801
5948
18799
5946
5945
18797
5944
18795
5942
5941
5940
5939
18791
5938
5937
18789
5936
5935
5934
5933
5932
18784
5931
18780
5927
18779
5926
5925
5924
5921
18771
5918
5915
5914
5913
18765
5912
18764
5911
5910
5908
18760
5907
5906
5905
18757
5904
5901
18751
5898
18750
5897
18749
5896
18748
5895
18747
5894
5892
18743
5890
18742
5889
18741
5888
5885
18737
5884
18736
5883
5882
18732
5879
18728
5875
18727
5874
18726
5873
18725
5872
18724
5871
5870
5866
5864
18716
5863
18715
5862
5861
18712
5859
5858
5856
18708
5855
18707
5854
18705
5852
5851
5849
5848
5847
18699
5846
18698
5845
5844
5843
5842
18694
5841
18692
5839
5838
18690
5837
18688
5835
18687
5834
5832
18684
5831
5830
5829
5828
18680
5827
18679
5826
18677
5824
5822
18674
5821
18673
5820
18672
5819
18671
5818
18668
5815
5814
18666
5813
18663
5810
5809
5808
5806
5805
18656
5803
18654
5801
5800
18652
5799
5798
18649
5796
18648
5795
5794
18646
5793
5792
18644
5791
18643
5790
18642
5789
18640
5787
5786
18637
5784
5783
5782
18634
5781
18633
5780
5779
5778
5777
18629
5776
5774
18626
5773
5770
18622
5769
5767
5764
18614
5761
18611
5758
5756
18606
5753
5752
18602
5749
5748
18598
5745
18596
5743
18595
5742
5741
5739
5738
18590
5737
18587
5734
18586
5733
18585
5732
18584
5731
18583
5730
18581
5728
5726
5723
18575
5722
18573
5720
18572
5719
5717
18569
5716
18568
5715
5714
18566
5713
18562
5709
5708
18559
5706
18558
5705
5704
5703
18555
5702
5701
18549
5696
18548
5695
18546
5693
5692
5689
5688
5685
5684
5682
18534
5681
5680
5678
5676
5675
18526
5673
5672
5671
18523
5670
5669
18520
5667
18519
5666
18518
5665
18517
5664
5661
18513
5660
18512
5659
5656
5655
18507
5654
5653
5652
18504
5651
18503
5650
5646
18498
5645
18496
5643
18495
5642
18493
5640
18492
5639
18491
5638
18490
5637
5635
5634
18485
5632
5630
5628
18480
5627
5623
5622
18474
5621
18473
5620
18472
5619
5618
5617
5616
5615
18466
5613
18465
5612
5611
18462
5609
18461
5608
5607
18459
5606
5605
18455
5602
18454
5601
5600
18451
5598
18450
5597
5595
18447
5594
18445
5592
18443
5590
5589
18439
5586
18438
5585
18437
5584
18434
5581
18432
5579
5578
18430
5577
5575
5574
5573
18425
5572
18423
5570
18421
5568
18420
5567
18418
5565
18417
5564
18416
5563
18415
5562
5561
18412
5559
18411
5558
5556
5555
5554
18406
5553
5552
18404
5551
5550
5549
5548
5546
5545
5543
18395
5542
5541
18391
5538
5537
5535
18387
5534
5532
5531
5530
18382
5529
5528
18380
5527
5526
5525
18377
5524
18373
5520
5518
18370
5517
18369
5516
18368
5515
5514
18366
5513
18365
5512
18363
5510
18360
5507
5504
5503
18355
5502
18354
5501
5499
5498
5494
18346
5493
5492
5490
18341
5488
5487
5485
18337
5484
18336
5483
5482
5481
18333
5480
5478
18330
5477
5476
5474
5473
18325
5472
5470
5468
18320
5467
5466
18318
5465
18316
5463
5462
5460
18312
5459
5458
5457
18308
5455
18306
5453
5452
5450
5448
5447
5446
5444
18296
5443
5440
5439
5438
5437
5436
5435
5434
5432
18284
5431
5430
5429
18281
5428
18280
5427
5426
18278
5425
18276
5423
18275
5422
5421
5420
5419
5414
5413
5411
5410
5409
5406
18258
5405
18256
5403
18255
5402
5401
5400
18252
5399
18251
5398
18250
5397
5396
5395
5394
18246
5393
5392
18244
5391
5389
18241
5388
5387
18238
5385
5384
5383
5381
18233
5380
18232
5379
5377
18229
5376
5372
5371
18223
5370
5368
5366
18218
5365
18217
5364
18215
5362
5361
18213
5360
18209
5356
18208
5355
18207
5354
18206
5353
18205
5352
18204
5351
18201
5348
18200
5347
18197
5344
18195
5342
5341
18193
5340
5339
5338
18190
5337
18189
5336
18187
5334
5333
5331
5329
5328
5327
18179
5326
18177
5324
18175
5322
5321
5320
5318
18170
5317
5316
5315
5311
5310
18162
5309
5308
5307
5306
5305
18157
5304
18156
5303
5301
5300
5297
5296
5295
5294
5292
5290
5289
18141
5288
5285
5283
5281
18131
5278
18130
5277
5276
5274
18126
5273
5270
5268
18119
5266
5265
18116
5263
5260
18112
5259
18111
5258
5257
18108
5255
18106
5253
18105
5252
18102
5249
5248
18100
5247
5246
5245
5244
18096
5243
5242
5241
5239
5238
18090
5237
5236
5235
5233
18085
5232
5231
5229
5228
5227
5226
5225
5224
18076
5223
18075
5222
18074
5221
5220
5219
5218
5217
18068
5215
5211
5210
18062
5209
5207
5206
18058
5205
18057
5204
18056
5203
5202
5199
5196
5194
5192
18042
5189
5186
5184
18036
5183
18035
5182
18033
5180
5179
18031
5178
18029
5176
5175
5174
5172
18021
5168
18020
5167
5166
5164
5163
5162
5160
5159
5157
18009
5156
5152
5151
18001
5148
5147
17998
5145
5143
17995
5142
5140
5138
17988
5135
5134
5133
17985
5132
5131
17983
5130
17979
5126
17978
5125
5124
5123
5121
5120
5119
5118
5115
17966
5113
5112
17962
5109
5108
5107
5106
5105
5104
5102
17954
5101
5100
17952
5099
5098
5097
5095
5092
17942
5089
5088
5087
17939
5086
17938
5085
17936
5083
5082
5081
5080
5079
5078
17930
5077
5076
5075
17927
5074
5073
5072
5070
17921
5068
17920
5067
5065
17916
5063
5061
17913
5060
17911
5058
5057
5056
5055
17907
5054
17906
5053
17905
5052
17904
5051
5050
5047
5044
5043
17895
5042
5041
17891
5038
17890
5037
5035
17887
5034
17886
5033
17885
5032
5031
5029
5028
17880
5027
17877
5024
17876
5023
5022
17874
5021
5017
17869
5016
5015
17866
5013
5010
5009
17860
5007
5006
17857
5004
5003
17855
5002
5001
17853
5000
17852
4999
17849
4996
17848
4995
17847
4994
4993
17841
4988
4987
17839
4986
17838
4985
4984
17836
4983
17835
4982
4981
17831
4978
17830
4977
17827
4974
17826
4973
17824
4971
17823
4970
4969
17821
4968
4967
17817
4964
17816
4963
17815
4962
17814
4961
17812
4959
4957
17809
4956
4955
17807
4954
17806
4953
17805
4952
17804
4951
17803
4950
4949
17801
4948
4947
4945
4944
4943
17795
4942
4940
4938
17789
4936
4935
17787
4934
4933
17785
4932
4931
17783
4930
17781
4928
4927
4926
4925
4924
4922
4920
17772
4919
4918
17770
4917
17769
4916
4915
4913
17765
4912
17764
4911
4908
4907
17759
4906
4903
17754
4901
17753
4900
17752
4899
17750
4897
4896
4895
17747
4894
17746
4893
17745
4892
17744
4891
4890
17742
4889
17740
4887
17739
4886
17737
4884
17736
4883
4879
4878
4877
4875
4874
17724
4871
17723
4870
17722
4869
17718
4865
17717
4864
17716
4863
4862
17714
4861
17712
4859
4857
4856
17708
4855
17707
4854
4853
4852
17704
4851
4850
17702
4849
4848
4847
4845
4843
4842
4839
4838
4837
4836
4835
17687
4834
4833
17685
4832
17683
4830
17682
4829
17679
4826
4825
4824
4822
4821
4820
4818
4816
4815
4813
17665
4812
17664
4811
4808
17660
4807
4806
4805
17657
4804
4803
4801
4800
4799
17651
4798
17650
4797
17649
4796
4795
4794
17646
4793
4792
17644
4791
4789
4788
4787
17639
4786
17637
4784
17636
4783
4782
17633
4780
4778
17629
4776
17628
4775
17626
4773
17625
4772
4768
4767
17619
4766
17618
4765
17617
4764
4760
17611
4758
4757
17607
4754
17606
4753
17605
4752
17600
4747
17599
4746
17598
4745
17597
4744
17596
4743
4742
4741
17593
4740
4739
17590
4737
4735
4734
17586
4733
17585
4732
17581
4728
17580
4727
4726
17577
4724
17576
4723
17575
4722
17574
4721
17573
4720
17571
4718
4716
4715
4714
17566
4713
4710
17562
4709
17561
4708
4707
4706
17558
4705
17556
4703
17554
4701
17552
4699
17547
4694
17545
4692
17543
4690
17535
4682
4680
4679
17531
4678
17530
4677
4674
4673
17523
4670
17521
4668
17520
4667
17517
4664
17516
4663
4662
4661
17513
4660
17510
4657
4656
4655
4651
17501
4648
4647
17499
4646
4644
17495
4642
17494
4641
17493
4640
17492
4639
17488
4635
4634
4629
17481
4628
4626
17473
4620
4617
4616
17465
4612
17463
4610
17460
4607
17456
4603
17455
4602
17453
4600
17444
4591
4589
4584
17434
4581
4580
4577
17421
4568
4550
4543
4536
4527
17371
4518
4512
4511
17362
4509
4503
17354
4501
4500
17347
4494
17343
4490
17323
4470
17316
4463
4462
17308
4455
17302
4449
4446
17281
4428
4420
4416
17263
4410
4409
4401
17244
4391
17241
4388
17236
4383
4382
4381
17233
4380
4378
17221
4368
17216
4363
17215
4362
4357
4349
4348
17197
4344
17179
4326
17170
4317
4313
4311
4309
4308
17155
4302
17154
4301
4299
17149
4296
4287
4284
4277
17116
4263
17112
4259
17108
4255
17106
4253
4244
17094
4241
17090
4237
4235
4226
4220
17070
4217
17063
4210
17058
4205
17041
4188
17038
4185
17037
4184
17028
4175
4172
4169
17016
4163
17012
4159
4158
17007
4154
17001
4148
16993
4140
4137
16987
4134
4130
16982
4129
4127
4119
16966
4113
16961
4108
16959
4106
16952
4099
16940
4087
16935
4082
4080
16925
4072
4067
4066
4063
4057
4054
16900
4047
4046
4042
16887
4034
4031
16878
4025
16866
4013
16860
4007
16849
3996
16841
3988
16833
3980
16827
3974
3969
3965
16806
3953
16802
3949
16797
3944
3941
3940
16790
3937
3935
16786
3933
16780
3927
16776
3923
16775
3922
16764
3911
3910
3904
3899
3895
16746
3893
3889
16736
3883
3882
16732
3879
16730
3877
16728
3875
3856
16700
3847
16697
3844
16695
3842
3836
16688
3835
16685
3832
16682
3829
16681
3828
3823
3817
16655
3802
3787
16639
3786
3784
3780
16631
3778
16623
3770
16619
3766
3759
3756
3748
16595
3742
16594
3741
16592
3739
3737
3730
3727
16576
3723
16557
3704
3703
3696
3694
3693
3692
16537
3684
16533
3680
16521
3668
16520
3667
16514
3661
16511
3658
3654
16504
3651
3646
16494
3641
16493
3640
16492
3639
3636
16488
3635
3632
3630
16482
3629
16474
3621
16470
3617
3613
3608
3598
3592
16441
3588
3587
16438
3585
16429
3576
3570
3564
3562
16414
3561
16413
3560
16399
3546
3544
3542
16386
3533
16379
3526
3520
16370
3517
16369
3516
16356
3503
16347
3494
16339
3486
3474
3452
16293
3440
16292
3439
3428
3426
16277
3424
16275
3422
3412
3410
16260
3407
3406
16256
3403
16255
3402
16250
3397
3396
3395
3394
16239
3386
3385
3370
16222
3369
16221
3368
16219
3366
16217
3364
16213
3360
16210
3357
3355
16200
3347
3344
3340
3337
16173
3320
16166
3313
16164
3311
3299
16149
3296
3286
3268
3266
16112
3259
3255
3251
3247
3242
16093
3240
16081
3228
16080
3227
3222
16060
3207
3205
3204
16054
3201
16051
3198
16050
3197
16047
3194
3192
3190
16042
3189
16041
3188
3187
16039
3186
3185
3184
3183
3182
16034
3181
16033
3180
16032
3179
16029
3176
16028
3175
3174
3171
3168
3167
3166
3165
3163
3162
16014
3161
3160
3159
3156
16008
3155
16007
3154
3152
16004
3151
16002
3149
3148
3147
15999
3146
3145
3142
3141
15993
3140
15992
3139
15991
3138
3135
15986
3133
3132
15984
3131
15982
3129
15981
3128
15980
3127
15979
3126
15977
3124
15974
3121
15973
3120
3119
3118
15968
3115
3112
15964
3111
3109
3108
3106
15958
3105
15957
3104
15954
3101
3100
3098
15949
3096
3095
15946
3093
15945
3092
3091
15943
3090
3089
3088
15940
3087
15938
3085
3084
3083
15935
3082
15934
3081
15933
3080
3079
15931
3078
3076
15928
3075
15927
3074
15926
3073
3072
15924
3071
15923
3070
15921
3068
15920
3067
15919
3066
15918
3065
3064
15916
3063
15915
3062
3061
9481
15913
3060
9480
3059
15910
3057
15906
3053
9472
15904
3051
9471
3050
3047
9467
3046
15897
3044
9464
15896
3043
9462
15894
3041
9459
15891
3038
9457
15889
3036
9453
3032
9451
3030
9450
15882
3029
9449
15881
3028
3027
9447
15879
3026
15878
3025
9443
3022
3021
9441
15873
3020
3019
9439
15871
3018
9437
3016
3015
9435
3014
15866
3013
15865
3012
9432
3011
15862
3009
9429
3008
3007
9427
3006
9426
3005
9423
3002
3001
3000
2999
9419
15851
2998
15850
2997
9417
15849
2996
9415
15847
2994
9414
15846
2993
2992
9412
15844
2991
2990
9410
15842
2989
2986
9406
15838
2985
9405
15837
2984
9403
2982
9402
2981
9401
15833
2980
15832
2979
9399
2978
9398
15830
2977
9397
15829
2976
9394
2973
9393
15825
2972
9392
2971
9391
15823
2970
9389
15821
2968
15820
2967
9387
2966
2965
9385
15817
2964
9383
15815
2962
9382
2961
9381
2960
2959
9379
15811
2958
9378
15810
2957
9377
15809
2956
9376
15808
2955
9375
2954
2953
9373
2952
15803
2950
9370
15802
2949
2947
9367
2946
9364
15796
2943
2942
9362
15794
2941
9361
15793
2940
9360
15792
2939
2938
9358
15790
2937
2936
15788
2935
9353
15785
2932
9352
2931
9351
2930
9350
15782
2929
9349
15781
2928
9348
15780
2927
9345
2924
15776
2923
15775
2922
2921
9341
15773
2920
9340
15772
2919
2918
9338
15770
2917
9336
2915
9334
2913
9328
2907
9327
15759
2906
15757
2904
2903
2902
2899
9319
15751
2898
9318
15750
2897
9317
15749
2896
2895
9314
2893
9313
2892
9312
2891
9311
2890
9310
15742
2889
9309
15741
2888
9307
2886
2882
9300
15732
2879
9298
15730
2877
15729
2876
15728
2875
2874
9294
15726
2873
15725
2872
9291
2870
9290
2869
9289
15721
2868
9288
15720
2867
9285
2864
9284
15716
2863
9283
15715
2862
9282
15714
2861
9281
15713
2860
15712
2859
15711
2858
2857
9277
2856
15707
2854
9271
2850
15702
2849
9268
15700
2847
9267
15699
2846
9266
15698
2845
9265
2844
9264
2843
9263
15695
2842
2840
9260
15692
2839
15690
2837
15689
2836
9256
15688
2835
2834
9253
2832
9251
15683
2830
2829
9247
15679
2826
2824
9244
2823
9243
2822
9241
15673
2820
2819
9239
2818
9238
15670
2817
9237
2816
2813
9232
15664
2811
9231
15663
2810
9229
2808
9228
15660
2807
15659
2806
9226
15658
2805
9225
15657
2804
9223
15655
2802
9222
2801
9219
2798
2795
9215
15647
2794
9213
15645
2792
2790
9210
15642
2789
9208
2787
9206
15638
2785
15636
2783
9202
15634
2781
9201
2780
9199
2778
2777
9196
15628
2775
9195
2774
9192
2771
9191
2770
9190
2769
9189
2768
9188
15620
2767
15619
2766
9186
2765
15617
2764
9182
2761
2760
9179
15611
2758
15609
2756
9176
15608
2755
15607
2754
9174
2753
15605
2752
2750
9170
15602
2749
9169
2748
9168
15600
2747
9167
2746
9166
2745
15597
2744
9164
15596
2743
15595
2742
9161
15593
2740
9159
15591
2738
9158
2737
9157
2736
9155
15587
2734
9154
2733
9153
15585
2732
9152
15584
2731
9150
15582
2729
9149
15581
2728
9148
2727
9147
15579
2726
9146
15578
2725
9145
15577
2724
9142
2721
9141
15573
2720
9140
2719
9139
15571
2718
15570
2717
9136
15568
2715
15567
2714
9134
2713
2712
9132
15564
2711
15563
2710
9130
15562
2709
15559
2706
9126
15558
2705
2704
9124
2703
15555
2702
2701
9121
2700
2699
9119
2698
15550
2697
9117
15549
2696
15548
2695
15547
2694
9113
2692
2691
2690
9110
2689
15541
2688
9108
2687
9106
15538
2685
15537
2684
9103
15535
2682
15534
2681
2680
9099
2678
15529
2676
9096
15528
2675
15527
2674
9094
15526
2673
15525
2672
9092
2671
15523
2670
9089
2668
15520
2667
9087
15519
2666
9086
15518
2665
9084
2663
9081
15513
2660
9079
2658
9078
2657
9076
2655
9075
15507
2654
9074
15506
2653
9073
15505
2652
9072
2651
9070
15502
2649
9068
2647
15499
2646
9066
15498
2645
9064
2643
15494
2641
9061
2640
2639
9059
2638
9057
2636
9056
2635
15486
2633
9053
2632
2631
9050
2629
9049
2628
15480
2627
2626
9045
2624
15476
2623
2621
2620
9038
2617
9037
15469
2616
2614
9033
15465
2612
9032
15464
2611
9030
15462
2609
9027
2606
9025
2604
2600
9020
15452
2599
2598
2597
9017
2596
15448
2595
15447
2594
9014
2593
15445
2592
9012
2591
2587
15439
2586
9006
15438
2585
9005
2584
2583
9003
2582
2580
9000
2579
2578
8997
15429
2576
8996
2575
2574
8994
15426
2573
8989
2568
2567
15419
2566
15418
2565
2564
8984
15416
2563
15414
2561
15412
2559
15411
2558
8978
15410
2557
2556
2554
8974
15406
2553
8971
15403
2550
2549
8968
2547
8967
2546
8966
15398
2545
15397
2544
8964
15396
2543
8963
2542
8960
15392
2539
8959
15391
2538
2537
2536
2535
8955
2534
8954
15386
2533
8951
2530
8948
15380
2527
8947
2526
8946
2525
2523
15375
2522
8942
15374
2521
15370
2517
15369
2516
15366
2513
15365
2512
8932
2511
8930
2509
15361
2508
15360
2507
15359
2506
8926
15358
2505
8925
15357
2504
8923
2502
8922
15354
2501
2500
2497
8917
2496
8916
15348
2495
8913
2492
8912
15344
2491
8910
2489
8907
15339
2486
8906
2485
15334
2481
8898
15330
2477
15329
2476
8896
2475
8892
15324
2471
15323
2470
15320
2467
15317
2464
8884
15316
2463
15314
2461
2460
8880
15312
2459
15311
2458
8878
15310
2457
2453
15303
2450
15302
2449
8869
2448
8868
2447
15297
2444
8864
2443
2440
8860
2439
8859
15291
2438
8857
15289
2436
8855
15287
2434
15285
2432
2425
2424
15274
2421
2420
8839
15271
2418
2417
15269
2416
2414
2410
8830
15262
2409
8828
15260
2407
8827
15259
2406
8826
2405
8825
15257
2404
8824
15256
2403
8823
15255
2402
8822
15254
2401
2399
15251
2398
15249
2396
2395
15247
2394
15246
2393
8813
15245
2392
8811
15243
2390
8810
15242
2389
2388
2387
15239
2386
8806
15238
2385
8804
15236
2383
2381
15233
2380
2379
8799
15231
2378
8797
2376
8796
15228
2375
15227
2374
8794
15226
2373
8793
15225
2372
8790
2369
8788
2367
15219
2366
8786
2365
8781
2360
2358
8778
15210
2357
2356
8776
15208
2355
8775
15207
2354
2353
8773
15205
2352
8772
15204
2351
2350
8769
2348
2347
8767
2346
2345
8762
2341
15193
2340
2339
15191
2338
8756
15188
2335
2334
2331
8751
15183
2330
8749
15181
2328
8748
15180
2327
8747
15179
2326
8746
2325
8745
15177
2324
15176
2323
15175
2322
8742
15174
2321
8741
15173
2320
8739
2318
8738
2317
8737
15169
2316
2315
8735
15167
2314
15166
2313
8733
2312
8731
2310
8729
2308
8728
15160
2307
8725
2304
15155
2302
8722
15154
2301
8720
2299
2298
8718
15150
2297
8716
15148
2295
8715
15147
2294
2293
8713
2292
8712
15144
2291
8711
2290
15141
2288
2283
8698
2277
8697
15129
2276
8692
2271
8671
15103
2250
8665
2244
8650
2229
8647
15079
2226
2223
15075
2222
8642
15074
2221
8638
15070
2217
8632
15064
2211
8627
15059
2206
8606
15038
2185
15033
2180
8595
15027
2174
8594
15026
2173
8589
15021
2168
15016
2163
15003
2150
8563
2142
2141
8557
14989
2136
8556
14988
2135
8554
14986
2133
8552
14984
2131
8547
14979
2126
8545
14977
2124
8542
2121
8539
14971
2118
2105
8519
14951
2098
14950
2097
2090
14941
2088
8507
2086
8499
2078
8495
2074
8483
14915
2062
14908
2055
14898
2045
8461
14893
2040
8455
2034
8454
2033
8451
2030
8444
2023
8443
14875
2022
8436
14868
2015
8433
14865
2012
8432
14864
2011
8428
14860
2007
8423
14855
2002
1996
8413
1992
8407
1986
8402
14834
1981
8400
14832
1979
8391
1970
8387
1966
8379
1958
8377
1956
1955
14805
1952
8368
1947
8358
14790
1937
8349
1928
14780
1927
8341
1920
8335
1914
8332
14764
1911
8331
14763
1910
8318
1897
8316
14748
1895
14733
1880
8299
14731
1878
8289
14721
1868
8285
1864
1860
8267
1846
8265
14697
1844
14680
1827
8243
1822
8241
14673
1820
8239
14671
1818
8237
14669
1816
1815
14659
1806
1802
8221
14653
1800
8217
14649
1796
14648
1795
1789
8209
1788
1787
8204
14636
1783
21054
8201
14633
1780
8200
14632
1779
21045
8192
14624
1771
14621
1768
8185
14617
1764
21037
8184
14616
1763
14615
1762
8181
14613
1760
1758
1754
8173
14605
1752
14604
1751
14594
1741
21012
8159
1738
14587
1734
8152
14584
1731
8143
14575
1722
14571
1718
14560
1707
8116
14548
1695
8115
1694
8081
14513
1660
8075
14507
1654
20927
8074
14506
1653
1649
8066
1645
8057
14489
1636
20908
8055
1634
20896
8043
14475
1622
1617
8037
14469
1616
1610
14458
1605
14455
1602
1598
1596
20869
8016
1595
1594
20865
8012
14444
1591
14443
1590
20862
8009
1588
14440
1587
20859
8006
14438
1585
1583
8002
1581
1580
7999
14431
1578
20851
7998
14430
1577
7997
14429
1576
20849
7996
14428
1575
7993
14425
1572
20845
7992
14424
1571
1570
1568
7986
1565
1564
7983
14415
1562
14414
1561
7981
14413
1560
1559
7979
1558
20831
7978
1557
7976
14408
1555
20828
7975
14407
1554
7973
1552
20825
7972
14404
1551
14403
1550
20823
7970
14402
1549
20822
7969
1548
1547
20820
7967
14399
1546
7965
14397
1544
7963
14395
1542
7961
14393
1540
7960
14392
1539
7959
14391
1538
7958
1537
1536
20808
7955
14387
1534
7953
14385
1532
20804
7951
14383
1530
14382
1529
20802
7949
14381
1528
7948
1527
20800
7947
1526
20799
7946
1525
20798
7945
14377
1524
1523
20796
7943
14375
1522
1520
1519
7939
14371
1518
14370
1517
7936
14368
1515
20787
7934
1513
7932
14364
1511
14363
1510
20783
7930
14362
1509
7929
1508
14360
1507
14359
1506
7926
1505
7924
1503
20776
7923
14355
1502
14354
1501
20773
7920
14352
1499
20771
7918
14350
1497
14347
1494
20767
7914
1493
7913
1492
7910
1489
20761
7908
14340
1487
7907
1486
7906
14338
1485
20757
7904
14336
1483
7903
1482
7902
1481
14333
1480
1479
20751
7898
14330
1477
14329
1476
1475
7895
14327
1474
7894
14326
1473
7893
14325
1472
20745
7892
14324
1471
1470
7890
14322
1469
20742
7889
1468
7887
14319
1466
7884
1463
14315
1462
7882
14314
1461
20730
7877
14309
1456
1455
20728
7875
14307
1454
20726
7873
1452
7871
14303
1450
7870
14302
1449
20721
7868
14300
1447
7867
14299
1446
20719
7866
14298
1445
20717
7864
1443
7863
1442
7862
1441
20713
7860
1439
7859
14291
1438
7858
14290
1437
7857
14289
1436
20709
7856
14288
1435
1433
14284
1431
17486
4633
20704
7851
1430
4631
7849
1428
17483
4630
20701
7848
1427
4627
1424
4625
7843
1422
17477
4624
20695
7842
14274
1421
4623
7841
14273
1420
17475
4622
7840
1419
4621
7839
14271
1418
7837
1416
4618
1415
17467
4614
14264
1411
17466
4613
20684
7831
1410
4611
20682
7829
1408
17462
4609
14259
1406
4608
7826
14258
1405
17459
4606
14256
1403
4605
7823
14255
1402
17457
4604
1401
4601
1398
4599
14249
1396
4598
14248
1395
17450
4597
14247
1394
17449
4596
20667
7814
1393
4595
20666
7813
1392
17447
4594
14244
1391
17446
4593
14243
1390
4592
20663
7810
1389
17443
4590
20661
7808
1387
7806
14238
1385
20657
7804
14236
1383
4585
20656
7803
14235
1382
17436
4583
14233
1380
14232
1379
4579
7797
1376
1373
17428
4575
1372
20645
7792
14224
1371
14223
1370
20643
7790
14222
1369
17424
4571
7789
14221
1368
4570
7788
14220
1367
17422
4569
7787
14219
1366
17420
4567
20638
7785
1364
4566
7784
1363
4564
14214
1361
4563
20634
7781
14213
1360
17415
4562
7780
14212
1359
17413
4560
20631
7778
1357
17412
4559
20630
7777
14209
1356
1355
4557
20628
7775
14207
1354
20627
7774
14206
1353
1352
20625
7772
14204
1351
17406
4553
14203
1350
17405
4552
14202
1349
7769
14201
1348
17402
4549
7767
14199
1346
17401
4548
14198
1345
4546
20617
7764
1343
17398
4545
14195
1342
4544
20615
7762
1341
4541
7759
14191
1338
4540
1337
7757
14189
1336
4538
20609
7756
14188
1335
4537
14187
1334
20606
7753
14185
1332
4533
7751
14183
1330
7750
1329
4531
1328
4529
14179
1326
17381
4528
20599
7746
1325
20597
7744
14176
1323
17378
4525
20596
7743
1322
4524
20595
7742
1321
17376
4523
7741
14173
1320
17375
4522
7740
14172
1319
20592
7739
14171
1318
4520
20591
7738
1317
17372
4519
14169
1316
17370
4517
14167
1314
1313
1311
14163
1310
14158
1305
4507
14157
1304
17357
4504
7722
14154
1301
1299
4499
14149
1296
17351
4498
20569
7716
1295
4497
7715
14147
1294
17349
4496
1293
17348
4495
14145
1292
7711
14143
1290
4492
7710
14142
1289
4491
1288
14139
1286
4488
1285
4486
14136
1283
17338
4485
7703
14135
1282
17337
4484
20555
7702
14134
1281
14133
1280
17335
4482
20553
7700
14132
1279
20552
7699
14131
1278
17333
4480
7698
14130
1277
7697
14129
1276
4478
20549
7696
1275
7695
1274
4476
7694
14126
1273
17327
4474
20545
7692
1271
4473
7691
1270
4471
7689
1268
1266
14117
1264
1263
20536
7683
1262
14114
1261
17314
4461
1258
17313
4460
7678
14110
1257
17311
4458
14108
1255
1254
1253
17307
4454
7672
14104
1251
17306
4453
7671
14103
1250
17304
4451
7669
14101
1248
17303
4450
1247
1245
17300
4447
20518
7665
14097
1244
4445
14095
1242
17297
4444
1241
17295
4442
1239
20512
7659
14091
1238
7658
1237
4438
7656
1235
17289
4436
7654
14086
1233
17288
4435
7653
1232
7652
1231
4433
7651
14083
1230
17285
4432
7650
14082
1229
20502
7649
14081
1228
4430
1227
1226
20497
7644
1223
4425
20496
7643
14075
1222
17277
4424
7642
1221
4423
1220
17275
4422
20493
7640
1219
17272
4419
7637
1216
20486
7633
14065
1212
4414
14064
1211
17266
4413
20484
7631
1210
1209
4411
7629
14061
1208
4407
7625
1204
4406
14056
1203
20475
7622
1201
17255
4402
7620
14052
1199
17253
4400
20471
7618
14050
1197
7617
14049
1196
4398
20469
7616
1195
17250
4397
20468
7615
14047
1194
17249
4396
7614
14046
1193
4394
7612
14044
1191
4393
14043
1190
7610
14042
1189
17243
4390
14040
1187
4389
20460
7607
1186
17240
4387
1184
1183
4385
7603
1182
4384
7602
1181
4379
20450
7597
14029
1176
7595
1174
1173
20446
7593
1172
14024
1171
4372
7590
14022
1169
17224
4371
1168
4370
20441
7588
1167
4369
7587
1166
17220
4367
14017
1164
17218
4365
14015
1162
4364
20435
7582
1161
4361
20432
7579
1158
1157
4359
14009
1156
20429
7576
14008
1155
20427
7574
14006
1153
20426
7573
1152
17205
4352
7570
14002
1149
4351
20422
7569
14001
1148
13997
1144
20417
7564
1143
4345
13995
1142
4343
20414
7561
1140
17195
4342
7560
1139
20412
7559
1138
4340
20411
7558
1137
1136
17191
4338
13988
1135
7555
1134
4336
7554
13986
1133
20406
7553
1132
17187
4334
20405
7552
13984
1131
7551
13983
1130
4332
20403
7550
13982
1129
7549
1128
17183
4330
7548
1127
17176
4323
13973
1120
20393
7540
1119
17167
4314
7532
13964
1111
4300
20371
7518
1097
7516
13948
1095
4283
7501
1080
4281
20352
7499
1078
17120
4267
13917
1064
17089
4236
7454
13886
1033
17083
4230
7448
1027
7443
13875
1022
20294
7441
1020
17074
4221
7439
13871
1018
4219
20290
7437
1016
1015
1006
4207
20278
7425
13857
1004
17057
4204
20275
7422
13854
1001
17056
4203
1000
4199
13849
996
17051
4198
20269
7416
13848
995
4194
13844
991
4193
20264
7411
13843
990
4191
7409
13841
988
4190
13840
987
20257
7404
13836
983
17036
4183
7401
980
20253
7400
13832
979
971
13821
968
17020
4167
20238
7385
964
17018
4165
20236
7383
13815
962
17010
4157
20228
7375
13807
954
17008
4155
20226
7373
13805
952
13802
949
7363
942
4144
13794
941
16994
4141
13791
938
7343
13775
922
16975
4122
20193
7340
13772
919
4121
13771
918
16970
4117
7335
13767
914
7328
13760
907
13757
904
16951
4098
7316
895
16950
4097
7315
894
4096
20167
7314
13746
893
16946
4093
890
4092
13742
889
16936
4083
7301
13733
880
7283
862
4056
7274
13706
853
16905
4052
20123
7270
13702
849
16901
4048
7266
13698
845
20115
7262
841
16892
4039
13689
836
13674
821
4019
20090
7237
816
13658
805
16858
4005
802
4004
20075
7222
801
4002
13652
799
4001
20072
7219
13651
798
16853
4000
20071
7218
13650
797
16852
3999
13649
796
3997
7215
13647
794
3995
7213
13645
792
7212
13644
791
20064
7211
13643
790
3992
20063
7210
13642
789
16844
3991
7209
788
3990
13640
787
16842
3989
20060
7207
13639
786
16839
3986
7204
13636
783
7203
13635
782
3984
7202
13634
781
16835
3982
779
13631
778
16832
3979
20050
7197
776
3978
7196
13628
775
16830
3977
13627
774
16829
3976
20047
7194
13626
773
7193
772
3972
7190
769
3971
13621
768
7188
13620
767
13618
765
3967
7185
764
7184
763
16816
3963
20034
7181
13613
760
16815
3962
7180
759
16814
3961
13611
758
16813
3960
20031
7178
13610
757
16812
3959
756
7176
13608
755
3957
7175
754
3956
20027
7174
13606
753
16807
3954
20025
7172
13604
751
16804
3951
13601
748
16801
3948
7166
13598
745
16800
3947
20018
7165
13597
744
3946
7164
743
7163
13595
742
16796
3943
740
16795
3942
7160
739
16792
3939
7157
13589
736
20009
7156
735
16789
3936
7154
13586
733
3934
13584
731
16785
3932
729
3931
7149
13581
728
16783
3930
727
16782
3929
7147
726
16781
3928
7146
13578
725
7143
13575
722
3924
721
3921
7139
13571
718
16773
3920
19991
7138
717
3919
7137
716
19989
7136
13568
715
16770
3917
714
16769
3916
713
16768
3915
7133
13565
712
16767
3914
7132
711
3913
19984
7131
710
19983
7130
709
706
13558
705
3906
13556
703
7123
702
16756
3903
19974
7121
700
16755
3902
13552
699
3901
19972
7119
698
3900
7118
13550
697
19969
7116
695
13547
694
16747
3894
7112
691
8707
2286
16745
3892
13542
689
16744
3891
19962
7109
688
2282
19959
7106
13538
685
13536
683
15132
2279
16738
3885
682
8696
2275
16734
3881
13531
678
2274
16733
3880
7098
13530
677
2272
16731
3878
7096
675
19947
7094
13526
673
8689
2268
7092
671
15120
2267
16726
3873
13523
670
15119
2266
19943
7090
13522
669
2265
7089
668
16723
3870
13520
667
8684
15116
2263
16722
3869
19940
7087
13519
666
8683
2262
13518
665
15114
2261
3867
7085
664
15113
2260
19937
7084
663
8679
2258
661
8678
15110
2257
3863
19934
7081
13513
660
8677
2256
3862
7080
659
2255
19932
7079
658
3860
19931
7078
13510
657
8674
2253
656
15105
2252
16711
3858
7076
13508
655
2251
654
8670
2249
3855
7073
13505
652
15101
2248
651
8668
15100
2247
3853
19924
7071
650
8667
2246
3852
7070
649
13501
648
8664
2243
19920
7067
646
2242
19919
7066
13498
645
8661
15093
2240
19917
7064
13496
643
15092
2239
642
2237
13493
640
3841
19912
7059
638
3840
7058
13490
637
8654
2233
16692
3839
7057
636
8653
2232
7056
13488
635
8652
15084
2231
16690
3837
19908
7055
13487
634
2228
16687
3834
13484
631
15080
2227
3833
7051
13483
630
19902
7049
13481
628
8645
15077
2224
13480
627
8641
15073
2220
16679
3826
13476
623
8640
15072
2219
3825
7043
622
2216
16675
3822
619
8636
2215
7039
13471
618
16673
3820
7038
13470
617
16672
3819
7037
616
15065
2212
16671
3818
19889
7036
13468
615
8631
2210
16669
3816
7034
613
8630
15062
2209
19886
7033
612
8629
15061
2208
19885
7032
13464
611
8628
15060
2207
3813
13463
610
8626
2205
13461
608
8625
2204
16663
3810
607
8624
15056
2203
3809
7027
13459
606
3808
605
2201
7025
604
7024
13456
603
3805
19876
7023
602
8619
15051
2198
16657
3804
7022
601
8618
15050
2197
16656
3803
13453
600
8616
15048
2195
16654
3801
7019
13451
598
8615
15047
2194
13450
597
8614
15046
2193
16652
3799
7017
596
8613
15045
2192
19869
7016
595
15044
2191
16650
3797
7015
594
8611
2190
3796
19867
7014
13446
593
8610
15042
2189
3795
19866
7013
13445
592
7012
591
8608
2187
19864
7011
13443
590
8607
15039
2186
7010
13442
589
8605
2184
3790
19861
7008
13440
587
3789
19860
7007
586
8603
2182
19859
7006
585
8600
2179
3785
7003
582
8598
2177
3783
13433
580
8597
15029
2176
19853
7000
13432
579
2175
13431
578
16630
3777
6995
13427
574
8591
15023
2170
3776
573
8590
15022
2169
16628
3775
6993
13425
572
8588
15020
2167
13423
570
19842
6989
568
8583
15015
2162
3768
6986
13418
565
8582
2161
16620
3767
6985
13417
564
3765
19836
6983
13415
562
15011
2158
16617
3764
13414
561
16616
3763
13413
560
8577
15009
2156
6980
559
3761
19832
6979
558
8575
2154
16613
3760
557
8573
2152
6976
13408
555
8572
2151
19828
6975
13407
554
8570
15002
2149
16608
3755
6973
552
8569
2148
3754
551
13402
549
14992
2139
6963
13395
542
3744
19815
6962
13394
541
13384
531
8540
14972
2119
3725
13375
522
14969
2116
19793
6940
13372
519
16574
3721
518
14957
2104
16563
3710
6928
507
3708
505
8522
2101
19778
6925
504
8513
2092
3698
13348
495
16550
3697
19768
6915
494
3683
6901
13333
480
8480
2059
16518
3665
6883
462
8478
14910
2057
3663
460
2051
16510
3657
6875
13307
454
8471
14903
2050
3656
6874
13306
453
3652
449
8463
14895
2042
6866
445
8459
14891
2038
16497
3644
19715
6862
441
8452
14884
2031
3637
6855
434
14872
2019
19696
6843
422
8439
2018
3624
19695
6842
421
16473
3620
19691
6838
13270
417
6837
13269
416
8420
14852
1999
16458
3605
6823
402
8419
1998
3604
13254
401
16454
3601
13251
398
1994
3600
397
14846
1993
3599
19670
6817
13249
396
14844
1991
3597
13247
394
3596
6814
13246
393
8410
1989
3595
392
8409
14841
1988
16447
3594
6812
13244
391
14840
1987
6811
390
8406
14838
1985
13241
388
16443
3590
19661
6808
13240
387
8404
1983
386
14833
1980
3586
383
8399
14831
1978
19655
6802
13234
381
8398
14830
1977
16436
3583
6801
13233
380
14829
1976
16435
3582
19653
6800
13232
379
19652
6799
13231
378
8395
1974
16433
3580
377
13229
376
16431
3578
6796
375
8392
14824
1971
16430
3577
6795
13227
374
8390
1969
3575
19646
6793
372
8389
14821
1968
13224
371
14820
1967
6791
13223
370
14818
1965
3571
368
8384
1963
16422
3569
6787
13219
366
3568
365
8382
1961
3567
13217
364
14813
1960
19637
6784
363
16418
3565
362
1957
6781
360
3559
19630
6777
356
1951
3557
13207
354
8371
1950
16409
3556
19627
6774
13206
353
3555
19626
6773
352
14801
1948
6772
13204
351
14799
1946
3552
349
1945
6769
348
8365
14797
1944
19621
6768
13200
347
14796
1943
6767
13199
346
19619
6766
13198
345
14794
1941
16400
3547
6765
344
8360
14792
1939
6763
13195
342
14788
1935
3541
19612
6759
338
19611
6758
13190
337
8354
14786
1933
16392
3539
6757
13189
336
1932
16391
3538
13188
335
8352
14784
1931
16390
3537
13187
334
19607
6754
333
1929
19606
6753
13185
332
17182
4329
20400
7547
13979
1126
8347
1926
16385
3532
6750
13182
329
1125
1925
16384
3531
19602
6749
13181
328
4327
7545
13977
1124
3530
13180
327
3529
19600
6747
13179
326
4325
7543
1122
14775
1922
3528
325
17177
4324
7542
13974
1121
8342
14774
1921
16380
3527
324
8339
1918
16377
3524
6742
321
4320
1117
14770
1917
320
4319
13969
1116
8337
14769
1916
16375
3522
6740
319
7536
1115
3521
13171
318
4316
7534
13966
1113
8334
14766
1913
6737
13169
316
17168
4315
1112
16371
3518
315
19586
6733
312
1908
16367
3514
6732
13164
311
17163
4310
13960
1107
310
8327
14759
1906
16365
3512
6730
309
3511
19582
6729
308
4307
20378
7525
13957
1104
8325
14757
1904
6728
13160
307
17159
4306
7524
13956
1103
8324
14756
1903
3509
6727
306
7523
1102
14755
1902
6726
13158
305
17157
4304
7522
1101
16360
3507
19578
6725
13157
304
17156
4303
20374
7521
13953
1100
14753
1900
16359
3506
6724
13156
303
3505
13155
302
1898
19575
6722
13154
301
1896
6720
299
7515
13947
1094
3500
19571
6718
297
3499
296
1092
1892
6716
295
4294
7512
1091
8312
14744
1891
3497
6715
13147
294
14743
1890
16349
3496
19567
6714
293
17145
4292
13942
1089
14742
1889
16348
3495
6713
13145
292
4290
7508
13940
1087
8308
1887
16346
3493
19564
6711
290
16345
3492
19563
6710
289
17141
4288
7506
1085
1885
16344
3491
19562
6709
13141
288
14737
1884
16343
3490
19561
6708
287
7504
1083
1883
6707
286
17138
4285
20356
7503
1082
6706
285
8302
14734
1881
19558
6705
13137
284
17135
4282
1079
8300
14732
1879
6703
282
13133
280
16335
3482
6700
13132
279
17131
4278
7496
13928
1075
14728
1875
3481
13131
278
16333
3480
6698
277
17129
4276
20347
7494
13926
1073
3479
276
16318
3465
6683
13115
262
20331
7478
13910
1057
14710
1857
16316
3463
6681
260
20325
7472
1051
8272
1851
16310
3457
6675
13107
254
6674
13106
253
8263
1842
3448
245
1838
3444
19515
6662
241
4234
7452
13884
1031
8252
14684
1831
16290
3437
19508
6655
13087
234
17075
4222
20293
7440
13872
1019
14672
1819
222
1814
3420
217
17069
4216
13866
1013
14666
1813
16272
3419
19490
6637
216
14660
1807
16266
3413
6631
13063
210
17055
4202
7420
13852
999
14652
1799
3405
13055
202
13851
998
8219
1798
6622
13054
201
4197
20268
7415
13847
994
8215
1794
16253
3400
6618
13050
197
4196
20267
7414
13846
993
6617
196
4195
13845
992
1792
3398
19469
6616
13048
195
17042
4189
986
19463
6610
13042
189
6609
188
20258
7405
13837
984
21058
8205
14637
1784
13040
187
8203
1782
16241
3388
13038
185
6605
184
20252
7399
13831
978
8199
14631
1778
6602
13034
181
8198
1777
3383
19454
6601
180
4179
7397
13829
976
21050
8197
14629
1776
3382
179
17031
4178
20249
7396
13828
975
21049
8196
1775
3381
6599
178
8195
1774
16233
3380
6598
13030
177
7394
13826
973
1773
13029
176
21046
8193
14625
1772
16231
3378
175
7391
13823
970
21044
8191
14623
1770
16229
3376
19447
6594
13026
173
14622
1769
13025
172
17023
4170
20241
7388
967
3373
6591
13023
170
21040
8187
14619
1766
3372
19443
6590
13022
169
4168
965
16224
3371
6589
13021
168
4164
961
21035
8182
14614
1761
6585
13017
164
17015
4162
20233
7380
13812
959
8180
14612
1759
16218
3365
6583
13015
162
17013
4160
7378
13810
957
21031
8178
14610
1757
3363
6581
160
21030
8177
14609
1756
16215
3362
19433
6580
159
3361
19432
6579
13011
158
7374
13806
953
3359
13009
156
15000
2147
16606
3753
19824
6971
13403
550
17006
4153
950
14603
1750
153
3751
13401
548
6572
13004
151
8565
2144
16603
3750
6968
547
17003
4150
20221
7368
13800
947
19424
6571
13003
150
8564
2143
3749
6967
546
17002
4149
13799
946
21020
8167
14599
1746
149
14598
1745
3351
19422
6569
13001
148
4147
20218
7365
13797
944
21018
8165
14597
1744
3350
19421
6568
13000
147
8561
2140
6964
13396
543
16999
4146
20217
7364
13796
943
8164
1743
16202
3349
6567
12999
146
8558
2137
6961
13393
540
4143
7361
13793
940
21014
8161
1740
3346
6564
143
13792
939
21013
8160
14592
1739
19416
6563
142
8555
2134
6958
537
14590
1737
16196
3343
6561
12993
140
8157
1736
16195
3342
19413
6560
139
16591
3738
19809
6956
13388
535
4138
20209
7356
13788
935
16194
3341
138
6954
533
16192
3339
19410
6557
12989
136
3735
6953
13385
532
4135
13785
932
1732
3338
12988
135
8548
14980
2127
530
4133
20204
7351
930
3336
19407
6554
133
13782
929
8150
14582
1729
16188
3335
12985
132
8546
14978
2125
16584
3731
528
4131
7349
13781
928
8149
1728
3334
131
3333
6551
12983
130
513
7334
13766
913
3319
19390
6537
12969
116
3705
6923
13355
502
20176
7323
13755
902
16161
3308
6526
105
8517
14949
2096
6920
13352
499
4102
899
8120
14552
1699
3305
6523
12955
102
16554
3701
19772
6919
498
898
20972
8119
14551
1698
16157
3304
6522
12954
101
8514
14946
2093
3699
13349
496
20970
8117
14549
1696
3302
6520
99
8510
2089
492
16948
4095
892
20966
8113
14545
1692
3298
12948
95
16947
4094
7312
13744
891
8112
14544
1691
3297
6515
12947
94
16544
3691
13341
488
20162
7309
13741
888
20962
8109
1688
16147
3294
19365
6512
12944
91
14937
2084
6908
13340
487
7308
13740
887
20961
8108
1687
3293
19364
6511
90
16942
4089
20160
7307
886
19363
6510
12942
89
16541
3688
485
7306
13738
885
1685
16144
3291
12941
88
8502
14934
2081
16540
3687
13337
484
14537
1684
3290
19361
6508
87
16539
3686
13336
483
20957
8104
1683
16142
3289
19360
6507
12939
86
16538
3685
19756
6903
13335
482
4085
882
16141
3288
6506
85
4084
881
84
16535
3682
13332
479
14532
1679
16138
3285
6503
82
8496
14928
2075
16534
3681
13331
478
20152
7299
13731
878
8099
1678
3284
12934
81
14530
1677
3283
6501
12933
80
19750
6897
13329
476
4079
13729
876
3282
19353
6500
12932
79
4275
20346
7493
1072
1872
3478
19549
6696
13128
275
14925
2072
16531
3678
6896
475
20149
7296
13728
875
16134
3281
6499
78
17127
4274
20345
7492
13924
1071
3477
19548
6695
274
3677
19748
6895
13327
474
4077
20148
7295
13727
874
1674
19351
6498
12930
77
4273
7491
1070
3476
6694
13126
273
8491
2070
6894
473
4076
873
3279
6497
76
17125
4272
7490
13922
1069
14722
1869
6693
13125
272
8490
2069
16528
3675
19746
6893
13325
472
13725
872
8093
1672
3278
6496
12928
75
2068
16527
3674
19745
6892
471
1671
3277
12927
74
17123
4270
7488
1067
13123
270
19744
6891
13323
470
16926
4073
870
20944
8091
14523
1670
16129
3276
12926
73
8287
14719
1866
16325
3472
6690
13122
269
19743
6890
13322
469
1669
3275
19346
6493
12925
72
16524
3671
468
16924
4071
20142
7289
13721
868
16127
3274
6492
71
16523
3670
13320
467
13720
867
20941
8088
1667
19344
6491
70
4266
20337
7484
13916
1063
1863
19540
6687
13119
266
8484
14916
2063
3669
466
16922
4069
20140
7287
866
1666
3272
12922
69
3468
13118
265
20139
7286
13718
865
20939
8086
14518
1665
3271
68
4264
13914
1061
8282
14714
1861
13117
264
16123
3270
12920
67
1663
16122
3269
12919
66
20328
7475
1054
3460
13110
257
8475
14907
2054
3660
6878
13310
457
20131
7278
13710
857
20931
8078
14510
1657
3263
19334
6481
12913
60
4252
7470
13902
1049
8270
14702
1849
6673
13105
252
8470
2049
452
4055
852
8073
14505
1652
16111
3258
6476
12908
55
17101
4248
7466
13898
1045
14698
1845
16304
3451
248
16904
4051
7269
13701
848
20922
8069
14501
1648
3254
6472
51
4246
1043
14696
1843
13099
246
3649
6867
13299
446
7267
13699
846
8067
1646
6470
49
16300
3447
6665
244
8462
2041
3647
13297
444
20918
8065
1644
47
17096
4243
7461
1040
3446
19517
6664
243
19320
6467
12899
46
4242
1039
1839
19516
6663
13095
242
3645
6863
13295
442
20116
7263
842
3248
6466
12898
45
4240
1037
1837
16296
3443
6661
13093
240
3643
19714
6861
13293
440
4043
7261
840
1640
3246
6464
43
17092
4239
1036
1836
16295
3442
6660
13092
239
8457
2036
3642
6860
13292
439
8060
1639
3245
6463
42
13888
1035
13091
238
4041
7259
13691
838
14491
1638
16097
3244
6462
12894
41
16893
4040
7258
13690
837
8058
14490
1637
3243
12893
40
8253
14685
1832
13088
235
8453
14885
2032
6856
435
13688
835
1635
16094
3241
19312
6459
12891
38
4233
20304
7451
13883
1030
1830
6654
233
833
16092
3239
19310
6457
36
17085
4232
7450
13882
1029
8250
1829
16288
3435
6653
13085
232
4035
7253
13685
832
20906
8053
14485
1632
3238
19309
6456
12888
35
1828
16287
3434
13084
231
16487
3634
6852
431
20905
8052
1631
3237
6455
12887
34
16581
3728
13378
525
20199
7346
13778
925
8146
14578
1725
16184
3331
6549
12981
128
4228
20299
7446
1025
14678
1825
16284
3431
6649
13081
228
8446
2025
3631
13281
428
20902
8049
14481
1628
16087
3234
12884
31
4028
7246
13678
825
12881
28
7342
13774
921
20995
8142
14574
1721
16180
3327
6545
12977
124
14674
1821
16280
3427
19498
6645
13077
224
16480
3627
6845
13277
424
16880
4027
13677
824
3230
27
16973
4120
13770
917
1717
3323
12973
120
3423
13073
220
14870
2017
19694
6841
13273
420
4023
20094
7241
13673
820
14473
1620
12876
23
8534
14966
2113
16572
3719
19790
6937
13369
516
20990
8137
14569
1716
16175
3322
19393
6540
119
16475
3622
19693
6840
13272
419
16875
4022
13672
819
16078
3225
6443
12875
22
14965
2112
16571
3718
6936
13368
515
16971
4118
13768
915
8136
14568
1715
3321
12971
118
16874
4021
7239
13671
818
1618
3224
21
8530
2109
13365
512
16968
4115
912
16171
3318
19389
6536
12968
115
17068
4215
1012
8233
14665
1812
19489
6636
13068
215
16871
4018
13668
815
20889
8036
14468
1615
3221
6439
12871
18
2107
3713
19784
6931
13363
510
19387
6534
12966
113
4213
20284
7431
13863
1010
16269
3416
6634
13066
213
14863
2010
13266
413
8034
1613
12869
16
8277
14709
1856
3462
6680
259
14909
2056
13312
459
13712
859
8080
1659
16118
3265
62
8527
14959
2106
13362
509
16965
4112
13762
909
14562
1709
16168
3315
6533
112
4212
20283
7430
1009
3415
212
8430
14862
2009
3615
19686
6833
13265
412
812
20886
8033
14465
1612
3218
6436
15
7474
13906
1053
8274
1853
3459
19530
6677
13109
256
8474
14906
2053
16512
3659
6877
13309
456
16912
4059
7277
13709
856
20930
8077
1656
16115
3262
19333
6480
12912
59
8524
14956
2103
3709
13359
506
16962
4109
20180
7327
13759
906
6530
12962
109
8427
14859
2006
16465
3612
19683
6830
409
4012
7230
13662
809
20883
8030
1609
6433
12865
12
8273
1852
3458
19529
6676
13108
255
16911
4058
20129
7276
13708
855
14508
1655
16114
3261
19332
6479
12911
58
3411
13061
208
8426
2005
16464
3611
6829
408
1608
12864
11
8448
14880
2027
19704
6851
430
20104
7251
13683
830
1630
16089
3236
6454
33
8425
14857
2004
3610
407
16863
4010
7228
13660
807
14460
1607
3213
19284
6431
10
14976
2123
16582
3729
6947
13379
526
21000
8147
1726
16185
3332
6550
12982
129
7447
1026
16285
3432
6650
13082
229
20103
7250
829
8050
14482
1629
3235
19306
6453
12885
32
14953
2100
16559
3706
6924
503
20977
8124
1703
6527
12959
106
14656
1803
3409
19480
6627
13059
206
2003
16462
3609
6827
406
4009
20080
7227
806
20880
8027
1606
3212
6430
12862
9
8145
1724
127
4227
7445
1024
6648
227
4030
20101
7248
827
1627
3233
6451
12883
30
17104
4251
13901
1048
6672
13104
251
14504
1651
3257
54
4104
13754
901
1701
16160
3307
12957
104
8422
14854
2001
13257
404
8025
1604
16063
3210
19281
6428
7
1058
16317
3464
19535
6682
13114
261
8479
2058
16517
3664
6882
13314
461
16917
4064
20135
7282
861
16120
3267
12917
64
6932
511
16967
4114
20185
7332
13764
911
14564
1711
16170
3317
6535
12967
114
4214
13864
1011
3417
19488
6635
13067
214
814
16073
3220
6438
17
8541
14973
2120
6944
523
13776
923
3329
19400
6547
126
8244
14676
1823
16282
3429
19500
6647
226
13679
826
16085
3232
29
17103
4250
1047
8268
14700
1847
19524
6671
13103
250
6871
13303
450
7271
13703
850
19327
6474
53
16956
4103
7321
900
20974
8121
1700
16159
3306
6524
103
3606
403
4006
7224
13656
803
16062
3209
19280
6427
12859
6
17111
4258
13908
1055
16314
3461
13111
258
4061
20132
7279
13711
858
16117
3264
19335
6482
61
20182
7329
13761
908
8129
14561
1708
19385
6532
12964
111
4211
20282
7429
1008
14661
1808
3414
6632
211
8429
14861
2008
13264
411
16867
4014
20085
7232
811
20885
8032
14464
1611
3217
19288
6435
14
7341
13773
920
20994
8141
1720
16179
3326
6544
12976
123
14873
2020
16479
3626
6844
13276
423
14476
1623
19300
6447
12879
26
8465
2044
6868
447
16903
4050
7268
13700
847
12903
50
16553
3700
19771
6918
497
20971
8118
14550
1697
16156
3303
100
3603
400
4003
13653
800
3
