0
1
2
3
4
5
6
7
8
9
10
11
12
13
14
15
16
17
18
20
21
22
23
24
25
26
27
28
29
30
31
32
33
34
35
36
37
38
39
40
41
42
43
44
45
46
47
48
49
50
51
52
53
54
55
56
57
58
59
60
61
62
63
64
65
66
67
68
69
70
71
72
73
74
75
76
77
78
79
80
81
82
83
84
85
86
87
88
89
90
91
92
93
94
95
96
97
98
99
100
101
102
103
104
105
106
112
107
108
109
110
111
113
114
115
116
117
118
119
120
121
122
123
124
125
126
127
128
129
130
131
132
133
134
135
136
137
138
139
1929
140
141
142
143
144
145
146
147
148
149
150
151
152
153
154
306
156
157
158
159
160
161
162
163
164
165
166
167
168
169
170
171
172
173
174
175
176
177
178
179
180
181
182
183
184
185
186
187
188
189
190
191
192
193
194
195
196
197
198
199
200
201
202
203
204
205
206
207
208
209
210
211
212
213
214
215
216
217
218
219
220
221
222
223
224
421
225
226
227
228
229
230
231
232
233
234
235
236
237
238
239
240
241
242
2031
243
244
245
246
247
248
249
250
251
252
253
254
255
256
257
258
259
260
261
262
263
264
265
266
267
268
269
270
271
272
273
274
275
276
277
278
279
280
1392
282
283
284
503
1866
285
286
287
288
289
290
291
292
293
294
295
296
297
298
299
4095
301
302
303
304
305
307
308
309
310
311
312
313
16195
315
316
317
318
319
320
321
322
323
324
345
325
326
327
386
328
957
329
330
2189
332
3090
333
334
335
336
337
338
339
340
341
342
343
344
346
347
348
349
350
351
352
353
354
355
356
357
763
359
360
361
362
363
364
365
366
367
368
369
370
371
372
373
374
2633
375
376
377
378
379
380
381
382
383
384
385
387
388
389
390
391
392
393
394
395
396
397
7348
398
399
400
401
1092
402
403
404
405
406
407
408
409
410
411
412
413
414
415
416
417
418
419
420
422
423
424
425
426
427
428
429
430
431
432
433
434
435
436
437
438
439
440
441
442
6920
444
445
446
447
448
449
450
451
452
453
454
455
456
4815
457
458
459
460
461
462
3592
463
464
9982
465
466
467
468
469
470
471
472
473
474
475
476
477
478
479
480
481
482
483
3146
484
485
486
487
488
489
1900
490
491
492
493
494
495
1281
496
1683
497
498
499
971
500
501
502
504
505
506
507
508
509
510
511
512
513
514
515
516
517
518
519
520
521
522
523
524
525
526
527
528
529
530
531
532
533
534
535
536
537
538
539
540
541
542
543
544
545
546
547
548
549
550
551
552
553
554
555
556
557
558
559
560
561
562
563
564
565
566
567
940
568
12006
4092
570
571
572
573
574
575
576
577
578
579
580
6540
581
582
583
584
6971
585
586
587
588
589
590
591
592
593
594
595
596
597
598
599
600
601
602
603
604
605
606
607
608
609
610
611
612
613
614
615
1262
616
617
618
619
620
621
11062
622
623
624
625
626
627
628
629
630
631
632
633
634
4919
635
636
1181
637
638
639
640
641
642
643
645
646
647
648
649
650
651
652
653
654
655
656
657
658
659
660
661
662
1508
663
664
665
666
667
668
669
670
671
672
673
674
675
676
677
678
679
680
681
682
683
684
685
686
687
688
689
690
691
692
693
694
695
696
697
698
699
700
701
702
703
704
705
706
707
708
709
710
711
712
713
714
715
716
717
718
826
719
720
721
722
723
724
725
726
727
728
729
7518
730
731
732
733
2252
735
736
737
4131
738
739
740
741
742
743
744
745
748
749
750
751
8241
752
1321
753
754
755
756
1708
757
758
759
760
761
762
3741
764
765
766
767
768
769
770
991
771
5080
772
773
774
775
776
777
778
4379
779
780
781
782
783
784
785
6355
786
787
788
789
790
791
792
5885
793
794
795
796
797
798
799
800
801
802
803
804
805
806
807
808
809
810
811
812
813
814
815
816
817
818
819
820
821
1618
822
823
824
825
827
828
829
830
831
832
833
834
835
836
837
838
839
840
841
842
843
844
845
846
1441
847
2345
848
849
850
851
852
853
854
855
856
857
1216
858
859
860
861
862
863
864
865
866
867
868
7784
870
871
872
873
874
875
876
877
878
879
880
881
882
883
884
1137
885
886
2961
887
888
889
890
891
892
893
894
895
896
897
898
899
900
901
902
903
904
905
906
907
908
909
910
911
912
913
914
915
916
917
1071
918
919
920
921
922
923
924
925
926
927
928
929
930
931
932
933
934
935
936
937
938
939
941
1383
942
943
944
6234
945
946
947
948
949
950
951
952
953
954
5354
955
956
958
959
960
961
962
963
964
965
966
4084
967
968
969
970
972
973
974
975
976
977
978
979
980
981
982
983
1717
984
985
986
987
988
989
990
992
993
994
995
996
997
998
999
1000
1001
1003
1004
1005
1006
1007
1008
1009
1010
1011
1012
1013
1014
1015
1016
4825
1017
1018
1019
1020
13212
1022
1023
1024
1025
1026
1027
1028
1029
1030
1031
1032
1033
1034
1035
1036
1037
1038
1039
1040
1041
1042
1043
1044
1045
1046
1047
1048
1049
1050
1051
1052
1053
1054
1055
1056
1057
1058
1059
1060
1061
1062
1063
2190
1064
1065
1401
1066
1067
1068
1069
1070
1072
1073
1074
2168
1075
1076
1077
1078
1079
1631
1080
1081
1082
1083
1084
1085
3565
1086
1087
1088
1089
1090
1091
1093
1094
1095
1096
1097
1098
6203
1443
1100
1101
1102
1103
1316
1104
1105
1106
1107
1108
1109
1110
1111
1112
1113
1114
2358
2655
1115
1116
1204
1117
1118
1119
1120
1121
1122
1123
11244
1124
1125
1126
6893
1127
1128
1129
1130
1131
1132
1133
1134
1135
1136
1138
1139
1140
1141
1142
1143
1144
1145
1146
1147
6375
1148
1149
1150
1151
1493
1152
1153
1154
1155
1156
1157
1158
1538
1159
1160
1161
1162
1163
1164
1165
1166
1167
1168
1169
1170
1171
1172
1173
1174
5612
1175
1176
1263
1177
1178
1179
1180
1182
1183
1184
1185
1186
5530
1187
1188
1189
1190
1191
1192
2276
1193
1194
1195
1196
1197
1198
1199
1200
1201
1202
1203
1205
1206
1207
1208
1209
1210
1211
1212
1213
1214
1215
1217
1218
1219
1220
1221
1222
1223
1224
1225
1226
1227
1228
1229
1230
1231
1387
1232
1233
1234
1235
1236
1237
1238
1239
1240
1241
2179
1242
1244
1245
1246
1247
1248
1249
1250
1251
1252
1253
1254
1255
1256
1257
1258
1259
1260
3601
1261
1264
1265
1266
1267
1268
1269
1270
1271
1272
1273
1274
1275
1276
1277
1278
1279
1280
1282
1283
1284
4157
1285
1286
6595
1287
1288
1289
1290
1291
1292
1293
1294
1295
1296
1297
1298
1299
1300
1301
1302
1303
1304
1305
1306
1308
1309
1310
1311
1312
1313
1314
1315
1317
1318
1319
1320
4381
1322
1323
1324
1325
1326
1327
1328
1329
1330
1331
1769
1332
4800
1333
1334
1335
1336
9976
1337
1338
1339
1340
1341
1342
1343
1344
1345
1346
1348
1349
1350
1351
1352
1353
1354
1355
2668
1356
1357
1358
1359
1360
1361
1362
3075
1363
1364
1365
1366
1367
1368
1369
1370
1371
1372
1373
1374
1375
1376
1377
1378
1379
1380
5529
1382
1384
1385
1386
1388
1389
1390
1391
1393
1663
1394
1395
1396
1397
1398
1399
5235
1400
1402
1403
1404
1405
3696
1406
1407
1408
1409
1410
1577
1853
1411
1412
1413
1414
1415
1416
1417
1418
1419
1420
1421
1422
1423
1424
1425
1426
1427
2701
1428
1430
1454
1431
1432
1433
1434
1435
1436
1437
1438
1439
4453
1440
1442
1444
1445
1446
1447
3799
1448
1449
1450
1451
1452
2808
1453
1455
1456
10363
1457
1458
10107
1459
2459
1460
1461
1462
1610
1463
1464
1465
1743
1466
1467
1468
1469
1470
1471
1472
1473
1474
1475
1476
1477
1478
1479
1480
1481
1482
1632
1483
1484
4606
1485
1486
1487
1488
1489
5709
1491
1492
2667
1494
1740
1495
1496
1497
1498
1499
1500
1501
1502
2414
7151
1503
1504
1505
1506
1507
1509
1510
1511
1512
1513
1514
1515
1516
1517
1518
1519
1520
6197
1521
1522
1523
1524
1525
1526
2624
1527
1528
1529
1530
1531
1532
1533
1534
1535
1536
1537
1539
1540
1541
1542
1543
3272
1544
1545
1546
1547
1548
1549
1550
1551
1552
1553
1554
1555
1556
1557
1558
1559
1560
1561
1562
1563
1564
1565
1566
1567
1568
1569
1570
1571
1572
1573
1574
1575
1576
1578
1579
1580
1581
1582
1583
1584
2322
1585
1586
1587
1588
1589
1590
1591
1592
1593
1594
1595
1596
1597
1598
1599
1600
1601
1602
1603
1604
1605
1606
1607
1608
6757
1609
1611
1623
1718
1612
1613
1614
1615
1616
2227
1617
1679
1619
1620
1621
1622
1625
1626
1627
1628
1629
1630
1633
1634
1635
1825
1636
1637
1638
1639
1640
1641
1642
1643
1644
1645
1646
1933
7032
1647
1648
1649
1651
1652
1653
1654
1655
1656
1657
3321
1658
1659
2182
1660
1661
1662
1664
1665
1666
1667
1669
1670
1671
1672
1673
1674
1675
9307
1676
1677
1678
1680
1681
1682
1684
1685
4357
1686
3784
1687
1688
1689
1690
1691
6722
1692
1693
4083
1694
1695
1696
1927
1697
1698
2631
1699
1700
3681
9676
1701
4890
1702
1703
1704
1705
1706
1707
1709
1710
1711
1712
1714
7396
1715
1716
1719
1720
1721
1722
1723
1724
1725
1726
1727
1728
1729
1730
1731
4536
1732
1733
1734
1735
1736
1737
1738
1739
1741
1742
1744
1745
1746
2219
1747
1748
1749
1750
1751
1752
1753
2292
1754
2106
1756
1757
1758
4288
1759
1760
1761
1762
1763
1764
1765
1766
1767
1768
1770
1771
1772
1773
1774
1775
1776
1777
1778
1779
1780
1781
1782
4424
1783
1784
9265
1785
1786
1787
1788
1789
1790
1791
1792
1794
1795
1796
2798
1797
1798
1799
1800
2162
1802
1803
1805
1806
1807
1808
1809
1810
1812
1813
1814
1815
1816
1817
1818
1819
1820
1821
1822
1823
5556
1824
1826
1827
1828
1829
1830
1831
1832
1833
1834
1835
3185
1836
1837
1838
7230
1839
1840
9683
1841
1842
1843
1844
1845
1846
1847
1848
1849
1851
1852
1854
1855
1856
8478
10256
1857
1858
1859
1860
1861
1862
1863
1864
1865
1867
1868
1869
1870
1871
1872
1873
1874
1875
1876
1877
1878
1879
1880
4705
1881
2051
1882
1883
1884
1885
10656
1886
1887
1888
1889
1890
1891
1892
1893
1894
1895
1896
1897
1898
1899
2242
1901
1902
1903
1904
1905
1906
1907
1908
1909
1910
1911
2778
1912
1913
1914
1915
10726
1916
1917
1918
1919
1920
1921
1922
1923
1924
1925
1926
1928
1930
1931
1932
1935
1936
1937
1938
2517
1939
1940
1941
1942
1943
1944
1945
1946
2325
1947
1948
1949
1950
1951
1952
1953
1954
1955
1956
2861
1957
1958
9299
1959
1960
1961
1962
1963
1964
1965
1966
1967
1968
1969
1970
1971
3106
6033
1972
1973
1974
1975
1976
1977
1978
1979
1980
1981
2360
1982
1983
6124
1985
1986
2616
2653
2775
1987
1988
1989
1990
2150
1991
1992
2890
1993
1994
1995
1996
1997
1998
1999
2000
2001
2002
2003
2004
2005
2006
4647
2007
2008
2009
2553
2010
2011
2012
2013
6296
2014
2015
2016
2017
5870
2018
2019
2020
3954
2022
2023
2698
2024
2025
2026
2027
2028
2029
2030
2032
2033
2034
2035
2036
2037
2038
2039
2040
2041
2042
2043
2044
2045
4235
2046
2047
2048
2049
2050
2052
2053
2054
2055
2056
4871
2057
2058
2059
2061
2233
2062
2063
5912
2064
2065
2067
3070
2068
2069
2070
2071
2315
2072
2073
2074
2075
2076
2077
2078
2079
2080
2081
2082
2083
2084
2085
2086
5875
2087
2088
2089
2090
2091
2092
2093
2094
2096
2097
2098
2099
2100
2101
2102
2103
2104
2105
2107
2108
2109
2110
2405
2111
2112
2113
2579
2114
2115
2539
2794
2863
2116
2117
2118
2119
2120
2121
2719
2122
2123
2124
2125
2126
2127
2128
2129
2130
3091
2131
2132
2133
4332
2134
9378
2135
2136
2137
2138
2139
2140
2141
2142
2143
2144
2145
2146
2147
3963
2148
2149
2151
2152
2153
2154
2156
2157
2158
2159
2160
2161
2163
2164
2165
2166
2167
2169
2170
2171
2172
2173
2174
2175
2176
2177
2178
2398
2180
2181
2183
2899
2184
2185
2186
2187
2188
2191
2192
2193
2194
2195
2196
2197
2198
2199
3971
2200
2201
2202
2203
2204
2205
2206
2207
2208
2209
2210
2211
2212
4313
2213
8347
2215
2216
2217
2220
2221
2222
2223
2224
2225
2226
2228
2229
4607
2230
2231
2232
8167
2234
6463
2236
2237
2238
2239
2240
2241
2243
2244
5050
2245
2246
2247
2248
2249
2250
2251
2253
2254
5324
2255
2256
2257
2258
2259
2260
2261
2262
2263
2264
2265
2266
2267
2268
2269
2270
2271
4193
2272
2273
3343
2274
2275
2277
2278
2279
2280
2281
2282
2283
11649
2286
2287
2288
2289
2290
2291
2293
2294
2295
2296
2297
2298
2299
2300
2301
2302
2303
2304
2305
2306
2307
2308
2309
2310
3020
2312
2313
2314
2316
2317
2318
2319
2320
2321
2323
2324
2326
2327
2328
2329
2330
2331
2332
2333
2334
2849
2335
2336
2337
2338
5248
2339
2340
2341
2342
2343
5962
2344
2346
2347
2348
2349
2350
2672
2351
2352
2353
2354
2355
2356
5383
2357
8878
2361
2362
2363
2364
2365
2366
2367
2368
2369
2370
2371
2372
2373
2374
2375
2376
2377
2378
2379
2380
2381
2382
2383
2384
2385
2386
5355
2387
2801
2388
2389
2390
2391
2392
2393
2394
2395
2396
2397
2399
2400
2401
2402
2403
2404
2406
2407
2408
2409
2410
2411
2412
16665
2415
2416
2417
2418
3412
2419
2420
2421
4896
2422
2423
2424
2425
2426
2427
2428
2429
2431
2432
2433
7602
2434
2435
2436
2437
3378
2438
2439
2440
2441
2442
2443
7057
2444
11636
2445
15195
2447
2448
2449
2450
2451
2452
2453
2454
2455
2456
2457
2458
2460
2461
2462
2463
2464
2465
2466
2467
2468
2469
2470
2471
2472
7306
2474
2475
2476
3317
4870
2477
2478
2479
2480
2481
2482
2483
3699
2484
2485
2486
2487
2488
2489
2490
2491
2492
2493
2494
2495
2496
2497
2499
2500
2501
2502
10426
2504
2505
2506
3340
2507
2508
2509
2510
4864
2511
3089
3422
2512
2513
2514
2515
2516
2518
2519
2520
2521
2522
4154
2523
2524
5166
2525
2526
2527
2528
10705
2529
2530
5514
2532
2533
2534
2535
2536
2537
2538
10347
15354
2540
2541
2542
2543
2544
2545
2546
2547
2548
2549
2550
2551
2552
2554
2555
2556
2557
2558
2559
2560
2561
2562
2813
2563
2564
2565
2566
2567
2568
2569
2570
6733
11955
2571
2572
2573
2574
2575
2576
2577
2578
2580
2581
2582
2583
2584
2585
2586
2587
2654
2589
2590
2591
2592
2593
2594
2595
2596
2597
2903
2598
2599
3351
2600
2601
2602
2603
2604
10646
2606
2607
2609
8456
2610
2611
2612
2613
2614
2615
2617
8049
2618
2619
2620
2621
9863
2622
2623
2625
2626
2627
2628
2629
2632
2634
2635
2636
2637
2638
2639
2640
2641
2642
2643
2645
2646
2647
2648
2649
2650
2651
2652
2656
2657
2658
2659
2660
2661
2662
2663
2664
2665
2666
2669
2670
2671
2673
2674
2675
2676
2678
2679
2680
2681
2682
2684
2685
2686
2687
2688
2689
5242
2690
2691
2692
2693
2694
2695
2696
5182
2697
2699
2700
2702
2703
2704
2705
2706
2707
2708
2709
2710
2711
2712
2713
2714
2715
2716
2717
2718
2720
2721
5426
14126
2724
2725
2726
2727
2728
2729
2731
2732
2733
2734
2735
2736
2737
2738
2739
2740
2741
2742
2743
2744
2745
2746
2747
2748
2749
3079
2750
2751
2752
2753
2754
2755
2756
2757
7406
9741
2758
2759
2760
2761
2823
10409
2762
2763
2764
2765
2766
2767
2768
2769
2770
2771
3424
6114
2772
9622
2774
2776
2777
2780
2781
2782
2783
2784
2785
2786
2787
2788
2789
2790
2791
2832
2792
2793
14956
2795
2796
2797
2799
5770
2800
2802
2803
2804
2805
3761
2806
3764
3885
5364
2807
7332
2810
2811
2812
2814
2815
2816
2817
2818
2819
2820
2821
2822
2824
3509
2826
2827
2828
2829
2830
3414
2831
2833
2834
2835
2836
2837
2838
2839
2840
2841
4601
2842
2843
2844
2845
2846
3480
5028
2847
5701
2848
2850
2851
2852
2853
2854
2855
2856
2857
2858
2859
2860
2862
2864
2865
2866
2867
2868
2869
2870
6915
15026
2871
2872
2873
2874
2875
6008
2876
2877
2878
2879
2880
2881
2882
2883
2884
2885
2886
2887
2888
2889
2891
2892
2893
2894
2895
2896
2897
3028
2898
2900
2901
2902
2904
2906
2907
2908
2909
3371
2910
2911
3336
2912
2913
2914
2915
2916
2917
6891
7197
2918
2919
2920
2921
2922
2923
2924
2925
18260
2927
2928
2929
2930
2931
2932
2933
2934
2935
3478
5196
2936
2937
2938
2939
2940
2941
2942
2943
2944
2945
2946
2947
2948
2949
2950
2951
3521
2952
2953
2954
2955
2956
2957
2958
2959
2960
2962
11189
2964
2965
2966
3349
2967
4205
2968
2969
3036
2970
2971
2972
2973
2974
2975
2976
2977
2978
2979
2980
2981
2982
14530
2983
2984
3080
2985
2986
2987
2988
2989
2990
2991
2992
5015
5792
2993
2994
2995
2996
3261
2997
2998
2999
3000
3001
3002
3003
8443
3004
3005
3006
3007
3008
3009
3010
8196
8407
3011
3012
3013
3014
3015
3016
3017
3018
3019
3021
3022
3024
3025
3026
3027
3029
3030
3032
3033
3035
3037
3038
3039
7317
3040
3041
3042
5978
3043
3044
3045
3046
3047
3048
4361
3049
3050
3051
3053
3054
3055
3056
3057
3058
3059
3060
3061
3062
3063
3064
3065
3066
3067
7549
3068
3069
3071
3072
3073
3074
3076
3077
3078
3081
3082
3083
3084
3085
10689
3086
3246
3087
3088
3092
9948
10627
3093
3094
3095
5863
3096
3098
3099
3100
3101
3104
3105
17304
3108
3109
3110
3111
3112
3114
3115
3116
3117
3118
3119
4950
3120
3121
3122
3124
3125
3126
3127
3128
3765
3129
9023
3130
3131
3132
3133
3134
4709
5659
3135
14794
3137
3138
3139
3140
3141
3142
3143
3144
3145
3147
3148
3149
3150
3151
3152
3153
3154
3155
3156
3157
3158
3159
3160
3161
3162
3163
7181
3164
3165
3166
3167
3168
3169
3170
3171
3172
20141
3174
3175
3176
3177
4791
6363
3178
3179
3180
3181
3182
3183
8713
3184
3415
3186
3189
3218
3187
3188
3276
3190
8316
3191
3192
3193
3194
3195
3196
3197
4409
3198
3199
7511
3200
3201
4970
3202
3203
4648
3204
3205
3206
3207
3208
3209
3210
3211
3212
3213
6097
3214
3215
4488
5838
3216
3217
3219
3220
3221
3222
7305
3224
3225
3226
3227
8345
3228
3230
3231
3232
3233
3234
3235
3236
3237
3238
3239
4837
3240
3241
3242
3243
3244
3245
3247
3248
8494
3250
3251
3252
3253
3254
3255
3256
3257
3258
3259
3260
3262
3263
3264
3265
3266
3267
3268
3269
3270
4579
3271
3273
3274
3275
3277
3931
5457
8302
9150
3278
3279
3280
3281
3282
3671
3283
3284
3285
3286
3287
3288
3289
3290
3291
3292
3293
3294
7665
3295
3296
3297
3298
3299
3300
3301
3302
3303
3304
3305
3306
3977
3307
3308
3309
3310
3311
3312
3313
3314
3315
3316
3318
3319
3320
3322
3323
3324
3325
3326
3327
6551
3631
3329
3330
3331
3332
3333
3334
3335
3337
4406
3338
3339
3341
6071
3342
3344
3345
3346
3677
3347
3348
3350
3352
3353
8010
3355
3356
3606
3357
3358
3359
3360
3361
3362
3363
3364
3365
3366
3367
3368
3369
6512
3370
3372
3373
3374
3375
3376
3377
3379
3380
3381
3382
3383
3384
3385
3386
3387
3388
3389
3390
3391
16688
3392
3393
3394
3395
3396
3397
3398
3399
3400
3402
3538
3403
3404
9152
3405
3406
3407
3408
3409
3410
3411
3413
3416
3417
3419
3420
3421
3423
3425
3426
3427
3428
3429
3430
3431
3432
3433
3434
3435
3436
4414
3437
3438
3439
3440
3441
3442
3443
3444
9195
3445
5031
3446
3447
3448
3449
3450
3451
3452
3453
6094
3454
3455
5510
3456
3457
3458
3459
3460
3461
3462
3463
3464
3465
3466
3467
3713
3468
15679
4290
3471
3472
3473
3474
3476
3911
3477
3479
3481
3482
10088
3483
3484
3485
3486
5004
9364
3488
3489
3490
3491
3492
3493
3494
3495
3496
3497
3498
3499
3500
3501
3502
3503
3504
3505
3506
3507
3508
3510
3511
3512
3513
3514
3982
9925
3515
3516
3517
3518
3519
3520
3522
3523
3524
7000
8419
3525
3526
3527
3528
3529
4590
3530
3531
3532
3533
3535
14298
3537
8653
3539
3540
3541
3542
3543
3544
3545
3546
3547
3548
3549
3550
3551
3552
3553
3554
3555
4798
3556
3557
3558
3559
3639
3560
3561
3562
3563
3564
3566
3567
3568
3569
3570
5095
3571
3572
11101
3575
3576
3577
3578
3579
3580
3581
3582
3583
3584
3585
3586
3587
3588
3589
3590
3591
11684
3594
3595
3596
3597
3598
3599
3600
3602
3603
3604
3605
8710
10120
3607
3608
3609
3610
3611
3612
3613
3615
3616
6862
3617
3618
3619
4462
3620
3621
3622
6198
3623
3624
9523
3625
3626
3627
3628
3629
3630
3632
3633
3634
10087
3635
3636
3637
3638
3640
6302
3641
3642
3643
4234
3644
3645
3646
3647
3648
3649
3650
3651
3652
3653
3654
3655
4720
7073
3656
3657
3658
3659
3660
3661
3662
3663
3664
3665
3666
3667
3668
3669
3670
3672
3673
3674
3675
3676
3678
3679
5309
3680
3682
3683
3684
3685
3686
3687
3688
3689
3690
3691
3692
3693
3694
3695
3697
3698
3700
5470
5988
3701
19300
8212
3703
3704
3705
3706
11044
3707
3708
3709
3710
9252
3712
7275
3714
3715
3716
3717
3718
3719
3720
3721
3722
3723
3724
3725
3726
3727
3728
3729
3730
3731
3732
3733
3734
3735
3736
3737
3738
3739
3740
3742
5278
9130
3743
3744
3745
3746
3747
3748
3749
3750
3751
3752
3949
3753
3754
3755
3756
3757
3758
3759
3760
14636
3762
3763
3766
3767
3768
3769
3770
3771
15683
3774
3775
3776
3777
3778
3779
3780
3782
3783
3785
3862
3786
5308
3787
3788
3789
4326
3790
3791
3792
3793
3794
3795
3796
3797
3798
10054
3801
3802
3803
3804
6248
3805
3806
3807
3808
5948
3809
3810
3811
4879
3812
3813
3814
4504
3815
3816
4276
3817
3818
3819
3820
3821
3822
3823
3824
3825
3826
3827
3828
3829
9836
3830
3831
3832
3833
3834
3835
3836
3837
6000
3838
3839
3840
3841
3842
3843
3844
3845
3846
3847
3848
3849
3850
3851
3852
3853
3854
3855
5983
3856
3857
3858
3859
3860
3861
3863
3865
3866
3867
3868
3869
3870
3871
3873
3874
3875
3876
3877
3878
3879
3880
3881
3882
3883
3884
3886
3887
8165
9179
11348
18044
3889
3891
3892
3893
5790
3894
3895
3897
3898
3899
3900
3901
3902
3903
3904
3905
3906
3907
3908
3909
3910
10624
3912
4460
6527
3913
3914
3915
3916
3917
3918
3919
6321
3920
3921
4752
3922
3923
3924
4391
6710
3925
4568
3926
3927
3928
3929
3930
3932
3933
3934
3935
3936
3937
3938
3939
3940
3941
4869
3942
3943
3944
3945
3946
3947
3948
3951
3952
5088
6387
3953
3955
3956
3957
3958
3959
3960
3961
3962
3964
3965
11120
3966
3967
3968
3969
3972
3974
4799
3975
3976
4430
3978
3979
3980
7446
3983
3984
3986
3988
3989
3990
3991
3992
16120
3993
3994
3995
8191
3996
3997
3998
3999
4000
4001
4002
4003
4004
4005
4006
4007
12066
4009
4010
4011
4012
4025
4013
4014
4015
4017
4018
4019
4158
4020
4021
4022
4023
4024
4027
4028
4029
4030
4031
4032
15958
4034
4035
4036
4037
4038
4039
19082
4040
4041
4042
4043
4044
4045
4046
4047
4048
4049
4050
4051
4052
6545
4053
4054
4055
6683
4056
4057
4058
4059
4060
4061
4062
4063
4064
4065
4066
4458
4067
4068
4069
19722
4071
4072
4073
4895
4075
4076
4077
10432
4079
4080
4081
4082
4085
9061
4086
4087
4088
6857
11446
4089
4090
13169
4093
9837
4094
4096
4097
4098
4099
4100
4101
4102
4103
4104
7818
4105
4106
4107
4108
4109
4110
19235
4112
4522
4113
4114
4115
4116
4117
4118
4119
4120
4121
4122
4123
4124
5215
4125
4126
4127
4128
4129
4130
4132
4133
4134
4135
16462
4136
4137
4138
4139
4140
4141
4142
4143
4144
4145
4146
4147
4148
4149
4150
4151
4152
4153
4155
4156
4159
4160
4161
4162
4163
4164
4165
4940
4166
4167
8548
6353
4169
4170
4171
4172
4173
4174
4175
4176
4177
4178
4179
4180
4181
4182
4183
4184
4185
15332
4187
4188
4189
13203
4190
6067
4191
4192
4194
4195
4196
4197
4198
4199
11266
4200
4201
5634
4202
4899
4203
6980
4204
4206
4207
4842
4208
5387
4209
4210
4211
4212
4213
6851
4214
5954
4215
4216
4217
4218
4219
4220
4221
4722
4222
4223
4226
4227
4228
4229
4835
4230
6361
4231
4232
9439
4233
4236
4237
4239
4603
4240
4241
4242
4243
4244
4245
4246
4247
4248
8536
4249
4782
4250
4251
4252
4253
4254
4255
12592
4257
4258
4259
4260
4261
4262
4263
4264
4265
8268
4266
4267
4268
10224
4269
4270
4271
4272
4273
4274
4275
4277
4278
4279
7395
4281
4282
4283
4284
4285
4286
4287
4291
4978
4292
4293
4294
11533
4296
4298
4299
4300
4301
10163
4302
4303
4304
4524
4306
4307
4308
4309
11525
4310
4311
5086
8519
4312
4314
4315
4316
4317
6011
4318
4319
4320
4321
5288
4323
4324
4325
4327
4328
4329
4330
4410
4333
4334
4335
4336
4337
4338
4339
4340
4341
4342
4343
4344
4345
4347
4348
4349
4350
4351
4352
4354
10574
4359
4360
4362
4363
4364
4365
4952
4367
4368
4369
4370
4371
4372
4374
4375
4376
7871
4377
4378
4380
4382
4383
4384
4385
4386
4387
4388
4389
4390
4392
4393
4394
4395
4396
4397
4398
4399
5444
4400
9761
4401
4402
19885
4405
4407
4408
4411
7780
4413
8395
4415
4891
10472
4416
4417
4418
4419
4420
4421
4422
8543
9153
4423
4425
4426
4427
4428
4429
4667
4432
4433
4434
4435
4436
4437
4438
4439
4440
4441
4442
4443
4444
4445
4446
4447
4449
4450
4451
4452
4454
4455
4456
4457
4459
4461
5232
5483
4463
4464
4465
4466
4467
4468
4469
4470
4471
4472
4473
4474
4475
5791
4476
4477
4478
4479
4480
4482
4483
4484
4485
5058
4486
4487
4489
4490
4491
8275
4492
4494
4495
4496
4497
4498
4499
4500
4501
4502
4503
4505
4506
5515
4507
4508
10457
4509
4510
5316
4511
4512
4513
4514
4517
5043
4518
8433
4519
4520
13730
4521
4523
4525
8574
4526
4527
4528
5933
4529
4530
4531
4532
4533
6674
4535
5239
4537
4538
4539
4540
4541
5615
4542
4543
4544
4545
4546
16646
4547
4548
4549
4550
4551
4552
4553
4554
12949
4555
4556
4557
10895
4558
7304
4559
4560
4561
5776
4562
4563
4564
4565
4566
4567
4569
4570
4571
7838
4572
4573
4574
4575
4576
4577
4578
4580
4581
4582
4583
4584
5554
4585
4586
4587
4588
4589
4591
4592
4593
4594
4595
4596
4597
4598
4599
4600
4602
4604
4605
4608
4609
4610
4611
4744
4612
4613
4614
4616
4617
4618
4619
4620
4621
4622
4623
4624
4625
4626
7211
4627
4628
4629
4630
4631
4632
4633
4634
4635
5460
4636
4637
4638
4639
4640
4641
4642
4643
4644
4646
4649
16878
4651
4652
4653
8727
9025
4654
4655
4656
4657
4658
4659
4660
9659
4661
4662
14914
4663
6773
4664
5937
4665
4666
7451
4668
8603
4669
5926
4670
4671
4672
4673
4674
4675
9614
4676
4677
4678
4679
8203
4680
4681
4682
4683
4684
4685
4686
4687
4688
4689
4690
4691
4692
4693
4694
4695
10164
4697
9086
11544
4699
4701
4702
4703
4704
4706
4707
4708
4710
4711
5224
4713
4714
4715
4716
4717
4718
4719
4721
4723
4724
4725
4726
4727
4728
4729
4730
4731
4732
4733
4734
4735
4737
4738
4739
4740
4741
4742
4743
6987
4745
4746
4747
4748
4749
4750
4751
4753
4754
4755
4756
4757
4758
4759
4760
4761
4762
4763
4764
4765
4766
5168
11400
4767
4768
4769
12433
4770
6319
4771
4772
4773
4774
4775
4776
4777
4778
4779
4780
16849
4783
5104
4784
4785
6520
6878
4786
4787
4788
4789
4790
4792
4793
4794
4795
4796
4797
4801
4802
4803
4804
4805
4807
4806
6120
4808
15804
4810
4811
4812
4813
4814
4816
4817
4818
4819
4820
4821
4822
4823
4824
4826
4829
4830
4831
4832
4833
4834
4836
4838
4839
4843
4844
4845
8279
4846
4847
4848
4849
14780
4850
4851
4852
4853
4854
4855
4856
4857
12606
4859
4860
4861
8450
4862
6246
4863
4865
4866
4867
4868
17510
5132
4873
4874
4875
4876
4877
4878
4880
4881
4882
4883
4884
4885
4886
4887
4888
4889
4892
10446
4893
4894
4897
4898
4900
4901
5391
4902
4903
4904
4905
4906
4907
4908
4909
8578
8997
4910
4911
4912
4913
4914
4915
4916
4917
4918
4920
4921
4922
4923
4924
4925
4926
4927
4928
4929
4930
4931
4932
4933
4934
4935
4936
4938
8797
4939
4942
4943
4944
4945
12236
4947
4948
4949
4951
4953
4954
4955
4956
4957
4958
4959
7472
4960
4961
4962
9360
4963
4964
4965
4966
4967
4968
4969
4971
4973
4974
8728
4977
4979
4981
4982
4983
4984
5174
4985
4986
4987
4988
4989
18275
4991
4992
4993
4994
4995
4996
4997
4998
4999
5000
5001
5002
5003
5005
5006
5007
11096
5008
5009
5010
12122
5011
9260
5012
5013
5014
5053
5016
5017
5018
6829
5019
5020
5021
5022
5023
5024
5025
5026
5027
5029
5030
5482
5032
5033
5034
5035
5036
5037
5038
6988
5039
5040
5041
5042
5044
5045
5046
5047
5048
5049
5051
5052
5054
5055
5056
5057
5059
5060
5061
5062
5063
5064
6020
5065
5066
5067
5068
6763
6826
7176
5069
6791
9218
5070
5071
5072
5642
5073
5108
5074
7012
5075
5076
5077
5078
5079
5081
5082
5083
5084
5085
5087
5089
5090
6386
5091
5092
15657
5093
5094
5096
5097
5098
5099
5100
5101
5102
11855
5105
5106
5107
5109
6752
5111
5112
5113
5114
10447
5115
5116
5118
5119
5120
5121
5334
5122
5123
5124
5125
5126
5127
9663
5129
5130
5131
5133
5134
6286
5135
5137
5138
14796
5140
5141
5142
5143
5144
5145
5146
5147
5148
5149
5150
5151
5152
5154
5155
5351
5156
5157
5158
5159
5160
9362
5161
5162
5163
5164
5165
5167
5169
5170
5171
5463
5172
6270
10739
5175
5176
5177
5178
5179
5180
5181
6303
5183
5184
5185
7740
5186
5187
5188
5189
12202
5191
7564
12509
5192
5193
5194
5195
12970
5199
6131
12077
17263
5200
5201
5202
5203
5204
5205
5206
5207
5208
5209
5210
5211
5212
5213
5214
11425
5216
5217
5218
5219
5220
5221
5222
5223
5225
5226
5227
5228
5229
5230
5231
5233
5234
5236
5237
5238
5240
5241
5243
5244
5245
5246
5247
5258
5249
5250
8806
5251
5252
5253
5254
5255
5256
5257
5259
5260
11578
5261
5262
5263
5264
5265
5266
6965
5267
5268
5269
5270
5271
5272
5273
5274
5276
5277
6591
5280
5281
5282
5283
6761
5284
5285
5286
5287
5289
11565
5290
5680
5292
5317
5294
5295
5914
5296
5297
5299
5300
5301
5302
5303
5304
6389
6558
6653
7405
5305
7172
5306
5307
7856
5310
5311
5312
5314
5315
5318
6201
5319
5320
5321
5322
5326
5327
5328
5329
5330
5331
21041
5333
5335
5336
5337
5338
5339
5340
5341
5342
5343
5344
5345
5346
5347
5348
5349
15375
5350
5352
5353
5356
5537
5357
5358
5359
5360
9157
5361
5362
5363
5901
5365
5366
5367
5368
6090
13986
5369
5370
5371
5372
5373
5374
5375
5376
5377
5378
5379
5380
5381
14832
5384
5385
5386
5388
5389
14156
5390
5392
5393
5394
5395
5396
5474
5397
5398
5562
5399
5400
6507
8205
5401
5402
6695
5403
5404
5405
5406
5408
5409
5410
5411
5412
5413
5414
5415
5417
5418
5419
5420
6380
5421
5422
5423
5424
5425
5427
5428
5429
5430
5431
13267
5432
5434
5435
5436
5437
5438
5439
5440
5441
5442
5443
5445
5446
5447
5720
5448
9251
5449
5450
5451
5452
5453
5455
5456
5458
5459
5462
5464
5465
5466
5467
5468
5469
9191
5472
5473
5475
5476
5477
5478
5479
5480
5481
5484
5485
5486
5487
5488
5489
5490
5491
5492
5493
5494
5495
15547
5496
5497
5498
5499
5500
5501
5502
5503
5504
5505
5507
5508
5509
5511
5512
5513
5516
5517
5518
5520
5521
5522
5523
5524
5525
5526
5527
5528
5531
7299
5532
5533
5534
5535
5536
5538
5539
5540
5541
5542
5543
5544
5545
5546
5548
5549
5550
5551
5552
5553
5555
5557
5558
5559
8178
5560
5561
5563
5564
5565
5566
5567
5568
5569
5570
5571
5572
5573
5574
5575
5576
5577
5578
5579
5580
5581
5582
5583
5584
5598
5585
5586
10141
5587
5588
5589
5590
5591
5592
5593
5594
5595
5596
5597
5599
5600
5601
5602
5604
7496
5605
5606
5607
5608
5609
5610
5611
5613
5614
5616
5617
5618
5619
5620
5621
5622
5623
5624
5625
5626
5627
5628
8701
5630
5631
5632
5633
5635
5636
5637
5638
5639
5640
5643
8930
5644
5645
5646
5648
15991
5650
5651
5652
5653
5654
10526
5655
5656
5657
5660
5661
5663
5664
5665
5666
9225
5667
5668
5669
5670
5671
5672
5673
5674
5675
5676
5678
5679
6711
5681
5682
5683
5684
5685
5686
5777
8558
5687
5688
5689
5690
10319
5692
5693
5694
5695
5696
5697
5698
5699
5700
5702
5703
5704
5705
5706
13406
5708
5710
5712
5713
5714
5715
5716
5717
6963
5718
14758
5719
5722
5723
5724
5726
19002
5728
13266
5729
5730
5731
5732
5733
5734
5735
5736
5737
5738
5739
5740
5741
5742
5743
5744
5745
5746
5747
5748
5749
5750
5751
5752
5753
5755
5756
9283
5757
5758
5759
5760
5761
5762
5763
5764
7379
5765
5837
5766
5767
5768
5769
5771
12103
5772
9559
5773
5774
7355
12514
5775
5778
5779
5780
5781
5782
5783
5784
5785
5786
5787
10133
5788
5789
5793
5794
5795
5796
5797
5798
5799
5800
5801
5802
5803
5804
5805
5806
10022
5807
5808
5809
6493
5810
5811
5812
5813
5814
5815
5816
5817
5818
5819
5820
5821
5822
5823
5824
5825
5826
5827
5828
5829
5830
5831
5832
5833
5834
5835
6903
5836
5839
5840
5841
5842
5911
6105
5843
5844
5845
5846
5847
5848
5849
5850
5851
5852
5854
5855
5856
5857
5858
5859
5860
5861
6006
5862
5864
5865
5866
17040
5867
5869
5871
5872
5873
10690
5874
5876
6252
7388
12723
5879
5880
5881
5882
5883
5884
7282
13531
5888
5889
5890
5891
5892
17211
5894
10831
16080
5895
5896
5897
5898
5899
5900
10981
5903
5904
5905
5906
5907
5908
5909
5910
5913
5915
5916
5917
5918
5919
5921
13407
5923
5924
5925
5927
5929
5931
5932
5934
5935
5936
5938
5939
5940
5941
5942
9819
5943
5944
5945
5946
6549
5947
5949
5950
5951
5952
5953
5955
5957
5958
5959
15729
5961
5963
14368
5965
5966
5967
5969
5970
5971
5972
5974
5975
5976
5979
5980
8245
21301
5984
5985
7757
5986
5987
5989
5990
5991
5992
5993
5994
5995
5996
5997
5998
5999
17622
6002
6003
6004
6005
11610
11623
6009
6010
6012
8133
6013
6014
6024
6016
6017
6018
6019
6021
6022
6023
6025
6026
6027
6028
6029
6030
6281
6032
6034
10833
6035
6036
6037
6038
6039
6040
6242
6041
21283
15647
6044
12376
19920
6046
6047
6048
6049
6050
6052
6053
6054
6055
15056
6056
6057
12372
6058
6059
6060
6061
6062
6063
7626
6064
6065
6066
6068
10634
6070
6072
6073
6074
6076
6077
6078
6079
6080
6081
6083
6084
6085
6086
11302
6087
6088
6400
7889
6089
6091
6092
6093
6095
6098
6099
6100
6101
6102
6103
6104
6106
6107
6108
6109
6110
6111
6112
6113
6115
6116
6117
6118
6119
6121
9393
6123
6125
6126
6127
6128
6129
6130
6132
6133
6134
14149
6136
6137
6138
15641
6140
6141
6142
6143
6144
6145
6146
6147
6148
17902
20961
6149
6150
6151
6152
6153
17013
6155
6156
12281
6157
6158
6159
6160
6162
6163
6164
6165
6166
6167
6168
6169
6170
6171
6172
6173
6174
9160
6175
6176
6178
6179
6180
7450
6181
6182
6183
6184
6185
6186
8261
6187
11780
6188
6189
6190
6191
6192
6193
6194
6195
6196
6923
6200
6202
6204
8239
6205
6206
6207
6208
6209
6210
6211
6212
6213
6214
6215
6216
6217
6218
6219
6220
6221
7475
7715
6222
6223
12200
6224
6225
6226
6227
6229
6230
6713
8452
6231
6232
20337
7571
7610
6235
8859
6236
6237
10986
14893
6239
6240
6241
7671
6243
9403
6244
6245
6247
6249
6250
9810
11017
6251
6253
6254
13417
6255
6256
6257
6258
11650
6259
6260
6261
6262
6264
6265
6267
6268
6269
6271
6272
6273
6274
7341
6275
8244
10904
6276
6277
6278
6279
6280
6282
15877
6283
6284
6285
6288
6289
6290
6291
6292
6301
11750
6293
6294
6295
10954
6297
6298
10999
6299
6300
6304
6305
6306
6307
6308
6309
6311
10453
6312
6313
6314
6315
6316
6317
6318
6780
10909
6320
6322
6323
6325
6327
6328
6329
7058
6330
6331
6332
6333
6334
6335
6336
6338
6339
12797
6340
6341
7354
9381
6344
6345
6346
6347
6349
6350
7498
6351
6354
6356
6357
6358
8093
9459
17523
6360
8169
6362
6364
6365
6368
6369
6370
6371
6372
6373
6374
6376
6377
7096
6379
15992
6382
6383
6384
6385
6388
7002
6392
16022
6393
6394
6395
6396
6397
6398
6399
6401
6402
13473
6403
6404
6405
6406
6407
6408
6409
6534
6410
6411
6412
16063
6415
6416
6417
6418
6419
6420
6421
6422
6874
6423
6424
6425
6426
6427
6428
6429
6430
6431
6459
6433
6434
7401
6435
6436
15243
6438
6439
12824
6440
6441
6442
6443
6444
6445
8416
6446
6447
6449
6450
6451
6453
6454
6455
9214
6456
6457
6458
6460
6461
6462
7366
6464
6465
6466
6467
6469
19192
6470
6471
6759
8994
6472
6473
6474
6475
6476
6477
6478
6479
6480
6481
6482
8465
6483
6484
6485
20446
6488
6489
6490
6491
6492
6494
11204
6495
6496
6497
6498
6499
6500
6501
19211
6503
10534
6504
17112
6506
6508
6510
6511
6912
6513
6514
6515
6517
6518
6519
6522
6523
6524
6525
6526
6528
6529
7863
6530
7315
6531
6532
6940
7218
6533
7963
8531
6535
6536
6537
6538
6541
6542
6543
6895
6544
6546
6547
6548
6550
6553
6554
6555
6628
6556
6557
6559
6560
6561
12873
6563
6564
6565
6566
6567
6568
6860
6569
6570
7441
6571
6572
6573
6574
6575
6576
6577
6578
6579
6580
6581
7753
8030
8143
8618
6582
6583
6681
6737
6584
6585
6586
6587
6588
6589
6590
6592
6593
6594
6596
9768
6597
6598
6599
6600
6601
6602
6603
6604
6605
6606
6607
12948
6608
6609
6610
6611
6612
6613
6614
6615
6616
6617
6618
6619
6620
6621
6622
6623
6624
6626
6627
6630
6631
6632
7607
6633
6634
6635
6636
6637
8454
6639
7574
7619
6640
6642
14042
6643
6644
6645
6646
6647
6648
6649
6650
6651
6652
6654
6655
6656
6657
6658
6659
6803
7529
6660
6661
6662
6663
9777
6664
6665
14312
17866
6668
6669
6670
6671
6672
7255
6673
6675
6676
6677
13484
15701
7559
6679
6680
6682
6684
13233
16478
6686
6687
6688
6689
6690
6691
6692
6693
6694
6696
6698
6697
6699
6700
6701
15829
6702
6703
6704
6705
6706
6707
6708
6712
6714
10639
6715
6716
10788
6717
6718
6719
6720
6721
6723
6724
6725
6726
6727
6728
6729
6730
6731
6732
6734
6735
6738
6739
6740
6741
6742
10030
11893
6743
6744
6746
10685
6747
6748
6749
6750
9992
10459
6751
6753
6754
17609
18801
6758
6760
17558
6762
17230
6765
10197
6766
6767
6768
6769
14702
9972
11333
6771
11069
15265
16874
6772
6774
6775
6776
6777
6778
6779
6781
6782
6783
6784
6787
6789
6792
6793
6795
6796
6797
6798
6799
6800
6801
6802
6805
6806
15204
6807
6808
18930
6811
6812
6813
8470
6814
9151
13349
6815
16200
6818
6820
6821
6924
10463
6822
13241
6823
6824
7443
16775
6827
8813
6830
6832
6833
6834
6835
6836
6837
6838
6839
6840
6841
6842
6843
7253
6844
6845
6846
6848
6849
6850
6852
6853
6854
6855
6856
6858
6859
6861
6863
6864
10883
6865
6866
6867
6868
14615
6870
6871
6872
6873
6875
6876
6877
6879
6881
16512
6882
6883
6884
6885
8287
6886
9633
6887
6888
6889
6890
9959
6892
6894
6896
6897
13790
6898
6899
6900
6901
8215
6902
6904
6905
6906
6907
6908
6910
6911
7639
11467
6913
6914
6916
6917
6918
10974
6919
6921
6922
7112
6925
6926
6928
6929
6930
6931
6932
6933
6934
6935
6936
12541
6937
6938
6939
6941
6942
13713
6944
6945
6946
6947
6948
6950
6951
6952
6953
6954
6955
6956
7043
8864
6957
9766
6958
6959
6960
6961
6962
8237
6964
6966
6967
6968
6969
6972
6973
6974
9443
6975
6976
6977
10670
6978
6979
6981
6982
6983
6984
6985
6986
6989
6990
6991
6992
6993
6994
6995
6996
6997
6998
6999
9155
7003
7004
7005
7006
7007
7008
7009
7010
7011
7013
7014
7015
7016
7017
7018
7210
7019
7020
7022
7023
7024
7953
7025
7027
7030
7031
7033
7034
7035
7036
7037
7038
7039
7040
7041
7042
7044
7045
7048
7049
7050
7051
7052
10691
7054
7055
11566
7056
7059
7060
7061
7062
7064
7065
7066
7067
7068
7069
7070
7071
12676
7072
7074
7076
7077
7078
7079
7080
7081
7082
7083
7084
7085
7087
7089
9113
7090
7092
7093
7094
7095
7097
7098
7099
7100
7101
7102
7103
7104
7105
8539
7106
7107
7108
7109
7110
7111
7113
7114
7115
7116
7117
7118
7119
9292
10929
16620
7122
7121
7123
7124
7126
7127
7128
15302
7130
8069
7131
7132
7133
7134
7135
7136
7137
7138
7139
7287
7140
7141
7142
7143
7145
7146
7147
7148
7149
7153
8697
7154
7155
7156
7622
7157
7158
7160
7161
9753
15312
7162
7163
7164
7165
7166
7167
7168
7170
7171
7173
7174
7680
7175
7178
15761
8159
7180
7182
7183
7184
7185
7186
7187
7188
9781
7189
7190
7191
7192
7193
7194
7195
7196
7198
7199
7200
7201
7202
7203
7204
7205
7206
7207
8836
7208
7209
7212
7678
7213
7214
7215
7216
7217
7219
7220
7221
7222
7223
7224
7225
7226
7862
7227
7228
7229
7231
7232
16993
7233
9169
9298
7234
7235
7236
7237
7238
7239
7240
7241
7242
7243
7245
11181
7246
16828
7247
7248
7249
7250
7251
13331
7252
7254
7257
7258
7259
7260
7261
7855
7262
7263
7264
7265
7266
7267
7268
9871
7269
7270
7271
7273
7274
7277
7278
7279
7280
7281
7283
7286
7288
7289
7290
7291
7292
7295
7296
7297
7428
7298
7300
7301
7303
7307
7308
7309
7312
8434
9202
7313
7314
7316
7318
7319
7321
7322
7323
7324
7326
7327
7328
7329
7330
7331
7334
7335
7336
7337
7338
7339
7340
7342
7343
7344
7345
7346
7347
7349
7350
7351
7352
7356
7357
7358
7359
13157
7364
7361
7362
7363
7365
13441
7367
9424
7368
7369
7370
13784
7373
7374
7375
7376
7377
7378
10003
11232
7380
7381
7669
7382
7383
7384
7385
7386
7387
7389
17277
7390
7391
7392
7393
7394
7397
12916
7398
8073
7399
7400
7402
7403
7404
7407
7409
7410
7411
9987
7412
11677
7414
7415
9369
9745
14031
7416
10340
7417
8330
8594
7418
7419
7420
11246
7421
7422
7423
7424
7493
7425
7426
7427
11953
7429
7430
8149
13377
7431
7433
7434
7435
7437
7438
7439
7440
7442
7444
7445
7447
7448
7449
7452
7453
7454
7455
8379
7457
7458
7459
7461
7462
7463
7464
7465
7466
7467
9585
7468
7470
7471
7473
9864
7474
7476
7477
13327
7478
13488
7480
7481
8034
7482
7483
7484
7485
13756
7487
8185
8852
7488
13442
7490
7491
7492
7494
9700
7495
7497
7499
7500
7501
7502
7503
7504
7505
7506
7507
7508
7509
7510
8219
7512
7513
7514
7515
7516
7517
7519
7520
7521
7522
7523
12502
7524
7525
7526
7527
17170
7530
7531
8277
8684
7532
7533
9284
7534
7535
7536
10264
7538
7540
7541
7542
7543
7544
7545
7546
7547
10478
7548
8638
7550
7551
7552
7553
7554
7555
11639
7557
7558
7560
9782
7561
10130
7565
7566
7567
7568
7569
7570
7572
7573
7575
7576
7578
8615
7579
7580
7581
7582
7583
7584
7585
7586
7587
7588
7589
7590
7591
7592
7593
7594
7595
7597
12098
7598
7599
7600
7601
10872
7603
7604
7605
7606
11509
7608
7609
7612
7613
7614
7615
7616
7617
7618
7620
7621
7623
7624
7625
7627
8629
7629
7630
7631
7632
7633
7634
7635
8981
7636
7637
7638
10430
10667
7640
19623
7642
7643
7644
7645
7646
7647
7648
7649
10353
7650
7651
7652
7653
7654
7655
7656
7657
9146
7658
7659
7660
7661
7662
20348
7664
7666
7667
7668
17089
7672
7673
7674
7675
7677
7679
7681
7682
7683
7686
7687
7688
7689
7690
7691
7692
7693
7694
7695
7696
7697
7698
7699
7700
7701
7702
7703
7704
7705
7706
7707
9958
7710
7711
7713
7714
7716
7717
7718
7719
7720
7721
7722
7723
7724
12032
7726
7727
7728
7729
14464
7730
7732
10450
7733
7734
7741
10759
20825
7736
7737
7738
7739
7742
14562
7743
7744
7745
7746
7748
7749
7750
7751
7752
7754
7755
7756
11497
7758
9545
10844
7759
7760
7761
7762
7763
7764
7765
7766
7767
7768
7769
7770
12760
7771
7772
9536
7773
7774
12787
7775
7776
7777
9853
7778
7779
7781
9589
7782
7783
7785
12255
7786
7787
7788
7789
7790
7791
7792
7793
7795
19591
7796
7797
7798
7800
7801
7802
7803
7804
7805
7806
7807
7808
7809
7810
7812
7813
7814
19993
7817
7820
7821
7822
8137
8910
7823
7824
7825
7826
14731
7828
7829
7830
8960
7831
7832
13254
7834
7835
7837
7839
7840
7841
7842
7843
7844
7845
7846
10589
7848
7849
8546
9154
7850
8423
7851
7852
7853
7854
9592
7857
7858
9017
7859
12038
7860
7861
7864
7865
7866
7867
7868
7869
7870
9149
7943
7873
7874
7875
7876
7877
7878
7880
7881
7882
7883
7884
7885
7886
7887
7888
7890
10709
7891
7892
7893
7894
7896
7897
7898
12401
7899
10455
7901
7902
8635
7903
7904
7905
7906
7907
7908
7910
11995
7912
7913
10001
7914
10652
16188
7916
8033
7917
7918
8577
12988
7919
7920
7921
12710
7922
7923
7924
7926
7928
7929
7930
9110
7932
7933
8451
7934
7935
7936
7937
7938
7939
7940
7941
7942
7944
7945
11027
7946
9158
7947
7948
7949
13232
7951
13828
7952
7954
7955
7956
7957
7958
9638
7959
7960
8112
7961
7962
7965
11282
7966
7967
7969
8168
8822
7970
7971
7972
7973
7974
7975
7976
7977
7978
7979
8547
7981
7983
7984
7985
7986
7988
7990
7991
7992
7993
7995
7996
7997
7998
7999
8000
8001
8002
8003
8004
8005
8006
8007
8011
8012
10680
8013
8014
8016
8017
8018
8019
8020
8021
8022
13195
8024
8025
8026
8027
8029
8555
8032
8035
8036
8037
16531
8040
8041
8042
8043
8044
8045
8046
8047
8048
8050
8051
8052
8053
15973
8054
8055
8056
8057
8058
8059
8060
8062
8063
8064
8065
8066
8067
8070
8072
8074
8075
8076
8077
14024
8078
8079
8080
8081
8083
8146
8084
8085
8086
8087
8088
8089
8090
8091
8092
8094
9466
8096
8097
13043
8099
8100
8101
8914
13924
8102
8103
8104
10094
8106
8107
8108
10838
14873
8109
12941
8111
8114
8115
8116
8117
15448
8118
8119
8351
8696
8120
8121
8123
8124
12716
8126
8127
8129
8130
8131
8132
8134
8135
8136
8138
8139
8140
8141
8142
8144
8145
8147
8148
8753
8150
8152
8153
8154
8155
8157
8158
8160
8161
8163
8164
8166
8170
8171
8172
8173
8174
8175
8176
8177
8179
8180
8181
8182
8183
8184
8186
8187
8188
8189
8190
8192
8193
8194
8195
8197
8198
8199
8200
8201
13093
20110
8204
8206
8340
8207
8208
8209
8210
8211
8213
8214
15219
8216
8217
8218
8221
8222
8225
8226
8230
8231
8232
8233
8234
8235
8236
15938
8238
8242
8243
8246
8247
15597
16615
16913
8249
8250
8251
8252
8253
9977
8255
8256
8257
8258
14969
8262
8263
8264
8265
8267
8269
8270
8271
8272
8273
8274
11095
8276
8278
8280
8281
8282
8283
8284
8285
8286
8288
8289
8290
8291
8292
8293
8294
8295
8296
12483
8297
8557
8298
8299
8300
8301
8303
8304
8307
8308
8309
8310
8311
8312
8313
8314
8315
8317
8320
16553
8322
10990
8324
8325
8326
8327
8328
8329
8331
8332
8333
8355
11605
8334
8335
8336
8337
8338
8339
8341
8342
8343
8344
8346
8348
9145
12345
8349
8350
8352
8354
8357
8358
8359
8360
16603
8361
8364
10743
11159
8365
8366
8367
8368
8369
8370
13599
8371
8372
8374
17449
8375
8376
8377
8444
10679
12576
8378
8380
8381
8382
8383
8384
8385
8386
8387
8389
8390
8391
9686
8392
8393
8394
8396
8397
8398
8399
8400
8401
8402
8403
8404
8406
8408
8409
9329
8410
8413
8414
8415
10840
8420
17764
8422
8425
8426
13341
8427
8428
8429
8430
8431
8432
8435
8436
8437
8438
8439
8440
12221
8441
8442
8445
8446
8447
8448
8449
8453
8455
8457
8458
8459
8460
11502
8461
8462
8463
8464
8586
8466
8467
8468
8469
8471
8473
8474
8475
8476
14476
8479
8480
14468
8481
17785
8483
8484
8485
8486
8487
8488
17995
8490
8491
8492
8493
8495
8496
8497
8498
8499
8500
8502
8503
8513
8505
8507
8508
9290
8509
8510
8511
8512
8514
8515
8516
8517
8518
8520
8521
8522
8523
8524
9336
8526
8527
8528
8529
8530
8532
8533
8534
8535
8537
8538
8941
8973
13882
8540
8541
11214
8542
8544
8545
17530
8551
8552
8553
11580
8554
8556
8559
8560
8561
8562
8563
8565
9833
8730
10577
8567
8569
8570
9338
18435
8572
8573
8575
8576
8581
8582
8583
8584
18466
18502
8588
8589
8590
8591
11924
11938
8592
8593
13382
8595
8737
9576
8596
8597
8598
17915
8600
15424
8601
8604
8605
8607
8608
8609
8610
8611
8612
8613
8614
9147
8616
8617
11013
8619
8620
8621
12267
8622
8623
8963
8624
8625
8626
8627
8628
8630
8631
8632
8633
8634
8636
8637
8639
8640
8641
8642
8643
11039
8644
8645
8646
8647
8648
8650
8651
10140
8652
8654
8655
8656
8657
8658
14285
8659
8660
8661
8662
10631
12911
8664
8665
8666
8667
8917
8668
8669
8670
8671
8672
8673
8674
8675
8676
8677
8678
8679
8680
8681
8682
8683
8685
8686
8687
12875
8689
8690
8691
8692
8693
8694
8695
8698
9134
13643
8699
13630
8702
8703
8704
11201
8706
8707
8708
8709
9286
9497
8711
8712
8715
8716
14673
8718
8719
8720
8721
8722
8723
8724
8725
8726
8729
8731
8732
10452
10460
8733
10754
8735
8736
8738
8739
9615
10722
8740
8741
8742
8743
8745
8746
8747
8748
8749
8751
17633
9306
8754
8755
8756
8757
13017
8758
11156
8759
14086
8760
8762
8763
8764
10100
8765
8766
8767
8768
8769
8770
8772
8773
8774
8775
8776
8777
8778
8779
8780
8781
9092
10276
8782
8783
8784
8785
8786
9799
8789
8790
8791
8792
8793
8794
8796
8798
8799
8800
8801
8803
8804
8805
8809
8810
8811
8812
8814
8815
8816
8818
8821
8823
8824
8825
8826
8827
8828
8829
8830
8831
8832
8833
18021
8837
8838
8839
8840
8844
8845
8846
8847
11781
8848
8849
8850
8851
8853
8854
8855
8856
8857
8858
8860
8862
8863
8866
10683
8867
8868
8869
9383
8871
8872
8873
8874
8875
8876
16959
8879
11350
8880
8882
8883
8884
8885
8886
8887
8890
8892
8893
8894
8896
8898
8905
8899
11788
8901
18677
8902
8903
8904
8906
8907
8908
8909
13646
8912
20022
8913
8915
8916
8918
8919
8954
8921
8922
8923
8924
8925
8926
8927
14561
17002
8929
8933
8934
8935
8936
8937
8939
8940
8942
8943
8944
8945
8946
8947
8948
8949
8951
11342
13154
8952
14619
8953
8955
8956
8957
8958
8959
8961
8964
8965
8966
8967
8968
8969
8971
8972
8974
12181
8976
8977
8978
8979
8980
8983
8984
8987
8988
8989
8990
21286
8992
8993
8995
8996
8998
8999
9000
9001
9002
9003
9004
9005
9006
9008
11435
9009
9010
9011
9117
9012
9013
9014
9015
18276
9016
9018
9020
9021
9022
9070
9024
9026
9027
9029
9030
9031
9032
9033
9034
9035
9037
9229
12259
12289
9038
9039
9040
12018
9042
9043
9044
9045
10312
9046
18871
20767
9049
9050
9051
9053
9055
9056
9057
9058
9059
9062
9064
9065
9066
9067
12048
9068
9069
9071
9072
9073
11987
9074
11766
9075
9076
9077
12946
9078
16900
9079
9080
9081
10572
9082
9083
12840
9084
9085
9087
13741
9088
9089
9090
9094
9093
9095
9096
17250
9097
9098
9099
9100
12705
9101
9103
9104
9106
9107
9108
9109
9111
9112
9114
9115
9118
9119
9120
9121
9123
9124
9125
10966
9126
16847
9127
9128
13620
9129
9131
9132
9133
9135
9136
9137
9138
9139
9140
9141
9231
9142
9143
9144
9148
9156
9159
9161
9162
9164
9382
9166
9167
9168
9170
9172
9174
19621
9176
9178
9180
9181
10131
10270
9182
9183
9185
9565
9186
9187
9188
9189
9190
9194
9196
9198
9199
9200
9201
9203
9204
9205
9206
9208
9209
9213
9215
10075
9216
9217
9219
9220
9221
9222
9223
9224
9226
9228
9230
9232
9233
9234
9235
14603
9236
9237
9238
9239
9240
9241
9242
9243
9244
9246
9247
12270
9248
9249
9250
9253
9254
9255
9256
10512
9258
9259
9261
9262
9263
9264
9266
9267
11926
9268
9271
9272
9273
9274
9275
9276
9277
9278
9279
16540
9280
11863
9281
9282
9285
9287
9288
9289
9291
9293
9294
9295
9296
9300
9301
9302
9303
9304
9305
9308
9609
10117
9309
9310
9311
9312
9313
9314
9315
9316
9317
10427
9318
9319
10650
9321
9322
9323
9325
9327
9328
9330
9331
9332
9333
9334
9335
9337
10802
13336
9340
10826
9341
15764
10633
9345
9349
9350
9351
9352
9441
11622
9353
9354
9355
9356
9357
9358
9359
9361
9363
9365
9366
9367
9370
9371
9372
9373
9375
9376
9377
9379
21093
19330
9385
9386
9469
9387
16557
9389
9390
9391
9392
9394
9395
9397
9398
9399
9400
10138
9402
9524
9405
9406
12855
9407
9408
9409
9410
9412
9414
9415
9417
9418
9419
14937
9422
9423
9425
9426
9427
9428
9429
9431
9432
9434
9435
9436
9437
10783
9438
12766
9442
9444
9445
9447
9448
9449
9598
9450
9451
9452
9453
9454
9455
9456
14438
9457
9458
9460
9461
9462
13053
9463
9464
9467
13052
9468
9470
9471
9472
9473
9474
15015
9475
9476
9478
9479
9480
9481
9483
9484
9485
9487
9488
13486
19025
9490
9491
9492
9493
9494
9495
9496
9498
9499
9500
9501
9502
9503
9504
9505
9506
9507
9509
9510
9511
9512
9514
9515
9771
9517
9518
12963
9519
9520
9521
9522
9525
9526
9527
9528
9971
9529
18604
9530
9531
9532
9533
11798
9537
12300
9538
9539
9540
9541
9543
9544
14161
9547
9548
9549
9550
9551
9553
9554
21162
9556
9557
9558
9560
9563
9564
9566
9567
9568
9569
9570
9571
9573
9575
9580
9581
9582
9583
9584
9886
9586
9587
9588
9590
14309
9594
13640
9595
9596
9597
9599
9600
9912
9601
9602
10015
9605
19670
9608
9610
9611
9612
9613
9616
9617
9618
9621
9623
9624
9667
9625
9626
9627
9628
9629
9630
11777
9631
9632
9634
9635
9636
9637
9640
9641
9643
9644
9646
9647
9649
9650
9653
9654
9655
9656
9657
9658
9660
9661
9662
9664
9665
9666
9668
9669
9670
9671
19453
9673
9674
9978
9678
14799
9679
9680
9681
9682
9685
9687
9689
20175
9691
9693
9694
9695
9953
9696
9697
16337
9698
9699
9701
9702
9703
9704
9705
9706
9707
13908
9708
9709
9710
9711
13683
9715
9716
14367
9717
9718
11216
9721
9722
9723
9724
9725
9726
9727
9729
9730
9731
11410
9732
9733
9734
9735
9767
9736
9738
9740
9742
9743
9744
10830
9746
16744
9748
9750
9751
9752
9754
9755
9756
9758
9759
9762
9763
9764
9765
9769
13848
9772
9773
9774
9776
9778
9779
9780
10900
9783
17074
9784
10908
9786
9787
9788
9792
15077
9793
9794
9795
9796
9797
14443
9798
9800
10079
9801
9802
9804
9805
9807
9808
9809
9812
9813
9814
9815
9816
9817
9818
9820
9821
9822
9823
9824
16253
9825
9826
9827
9828
9829
12061
9831
9832
9834
9835
10825
9838
9839
9840
11712
12954
13679
12774
9842
9843
9845
9846
9847
9848
9849
9850
9851
9852
9939
9854
9855
9856
9857
9858
9859
9860
9861
10997
9862
9865
13518
9866
9867
9868
9870
9872
16692
9874
9875
9876
9877
9878
9879
9880
10902
9881
17759
9882
9883
9884
9885
9887
9888
9889
9890
9891
9893
9894
9895
9896
9898
19285
9900
9901
9902
13087
12888
9907
9908
9909
9910
9911
9913
12665
9914
13050
12688
9916
9917
13731
9918
9919
9920
19464
9923
9924
9927
9928
9929
9930
10296
9931
9932
9933
9934
9935
9936
9937
9938
9940
9941
10626
9943
9944
12277
9945
9946
13760
9947
9949
9950
9952
9954
9955
9956
14903
9962
9963
9964
9966
11790
9967
9970
9973
9974
9975
9979
9980
9981
9983
9984
9985
9986
9988
9989
9990
9994
9995
9996
9997
9998
10000
10002
10004
10006
17171
10008
10009
10011
10012
10013
10014
10016
10019
10020
14787
10023
18441
10024
10025
10548
10881
10026
10027
10028
11539
10031
10032
10033
10034
10035
10036
10037
10039
10040
10041
10043
10044
10045
10046
10047
10048
12853
10049
10050
10051
10052
10053
10055
13678
10057
10058
10059
10768
10060
10061
10062
10063
18265
10064
18845
20166
10066
10068
10069
10070
13584
10072
10073
10074
10076
10077
10078
10080
10082
10083
10085
10086
10089
10090
10092
10093
10096
10097
10098
10099
10101
10102
10103
10445
10105
10106
10108
20134
16574
10110
10111
10112
10113
10114
10116
13433
10118
10302
10119
10121
10122
12145
10123
15728
10124
10125
10126
10127
12573
10128
10762
10129
10132
10134
10212
10135
10136
10137
10139
10142
10143
15487
10144
10145
10146
10148
10149
10150
10151
10152
10153
10155
11301
10157
14916
10160
10161
10162
10167
14874
19447
10168
10169
10170
10171
10172
10173
10174
10175
10176
10178
10179
10180
10181
10182
11966
10185
14567
10186
10187
10189
10190
10191
10194
10198
13251
10199
10200
10201
19558
10203
10205
10206
10207
14209
10209
13476
10211
10214
10215
10217
10609
17585
11648
11739
10221
14002
10225
10226
10228
10229
10232
15046
20552
15882
10235
10236
10237
10238
10240
10241
11540
10242
10243
10244
10245
18807
10247
10248
10250
10251
10253
10254
10255
10257
10259
10260
10262
10263
10265
10266
14249
10267
10268
10269
10271
10272
10273
10274
10275
10278
10279
10280
10281
10282
10283
10284
10285
10286
10657
10287
10288
10289
11617
16768
17133
10293
10294
10295
16400
17466
20297
10298
10299
10303
10304
10305
11889
10306
14719
10307
10308
12029
10309
10310
10311
10313
20232
10315
10316
10318
10638
10321
10323
10324
19639
15713
10327
10329
10330
10331
11284
10332
10333
10334
10335
10336
14983
12535
10339
10342
10343
10344
14066
11635
10349
10351
10352
11067
10628
10355
11590
10356
10357
10358
10360
12807
10361
10422
17310
10365
10366
10369
10370
10371
10372
14365
10374
10375
17890
10377
10378
10379
10381
10382
10384
15073
12913
17111
10387
10388
10389
10390
10391
10394
10395
11470
10396
10398
10399
10401
10402
10403
20951
10408
11848
13292
10410
10411
10412
10413
10414
10416
12745
10417
10418
13926
10420
10421
10424
10425
10429
10431
10433
19624
12134
10435
10436
16625
10438
10439
13054
10441
10896
10442
17007
10444
10448
17405
10451
10454
10456
10458
10461
10462
10464
10465
10466
10467
10468
14227
10469
10470
12757
10474
10475
10476
10477
10479
10481
10482
10483
10484
10485
10486
10487
10488
10489
10491
15513
10493
10494
10495
10497
10498
10499
10500
10501
10502
10505
15257
10506
10507
10508
15197
10510
10513
10734
10514
10515
10516
10518
10519
10520
10521
10523
10524
10525
15820
15823
10528
10529
15581
10530
10531
10532
10533
10537
10538
10539
10540
10542
10543
17982
10545
10546
10547
10549
13200
10551
10552
10553
10555
10554
10556
10557
10558
10559
10560
18860
10562
10563
16092
10564
10565
10566
10567
10569
10571
10573
10576
10578
20347
10580
10581
10582
10583
13571
10584
10585
14185
10586
13132
10587
10588
10590
10591
10592
10593
11503
10594
10595
10596
10597
10598
10599
10601
10602
10603
10666
10604
10605
10607
15526
13277
10611
10612
10614
10616
10617
10620
10621
10622
10623
10625
11984
12816
10630
10636
10637
14192
10641
11638
10643
10644
10645
10647
10648
10649
10651
10653
10654
10658
10659
13550
10661
10662
10663
10664
10665
10668
10669
10671
10675
13019
10672
10673
10674
10676
10677
10678
10681
10682
10684
10751
10686
10687
10688
10692
10694
10695
10696
17831
10697
10698
12622
10700
10701
10703
10704
10706
10707
11281
10708
10710
10711
10712
13897
10713
10714
10715
10716
10717
10718
10719
10720
10721
10723
20326
10729
12587
10730
10731
10735
10737
10738
10740
10741
10742
10744
10746
10747
10748
10749
10750
10752
13628
10753
10756
10757
10758
10760
10761
10764
10765
10766
10767
18862
19611
17135
20226
12582
10771
10772
10773
10774
11387
14370
10775
10776
12588
10778
10779
10780
10781
10782
10784
10785
13234
10786
10787
15862
10790
10791
10792
10793
10794
10795
10796
10798
10799
10800
10801
12796
10803
10804
10805
10807
10808
10809
10810
10811
10812
10813
10814
10815
10816
10817
10818
10819
10820
10821
10822
10823
10824
19835
10828
10829
10832
10834
10835
10837
10839
10841
12516
14300
10842
10843
10845
10846
10847
10848
10849
10851
10852
10853
10854
16539
10856
10857
10858
10860
10861
10862
10863
10864
10865
10866
10867
14984
10869
10870
10871
10873
10874
10875
10876
10877
10878
10879
10880
10882
10884
10885
10886
10887
10889
10890
10891
15307
10892
10893
10894
19540
10898
10899
10901
10903
10905
13269
10907
10912
10913
11226
10914
10915
10916
14631
10921
10922
10923
10924
10925
10926
10927
10928
10930
10931
10932
10933
10934
10935
10936
14784
10938
10939
10940
10941
10943
10944
10945
19772
10947
10948
10949
10950
10951
10952
10955
10956
10957
10958
10959
10960
10961
10962
10963
10964
10965
10967
10968
11709
10969
11736
10971
10972
10973
10975
10976
14766
10977
10980
10982
10983
10984
10985
10987
13322
10991
10992
10993
20595
10995
10996
10998
11001
11002
11003
11004
11005
16936
11008
11009
12857
11011
11012
11014
11015
11016
11018
11019
11020
11021
11022
11023
12443
13044
13418
11024
11025
11026
11028
11029
11030
11031
11032
11033
11034
20135
15021
11036
11037
11040
11041
11042
11046
11047
11117
11048
11049
11579
12132
11050
11051
11052
11053
11054
11055
15116
17615
11057
11058
11059
11061
11064
11066
11068
11070
11071
11072
11073
11074
16345
11076
11077
11079
11080
11081
11082
11083
11084
11085
11086
11087
11088
11089
11090
11091
11092
11093
11094
11097
12303
13008
11098
11099
11100
11103
11105
11106
11107
11108
11109
11110
11823
11982
11111
11112
11113
11114
11115
11116
11118
11119
11121
11122
11123
11125
12727
11126
11127
11128
11765
11129
11131
12555
11132
11133
11134
20242
11136
11139
14496
11142
11143
11144
11146
11147
11148
11149
11150
16802
11152
13722
11154
11155
11157
11158
12505
11160
12586
11162
11163
11164
11165
11166
11167
11168
11169
11170
15262
18144
20151
11172
18572
11173
11174
11175
11176
11178
11182
11184
11185
11186
11187
11190
11191
11193
11501
11694
12094
11194
11196
11197
11690
11198
11200
11202
11203
11205
11206
11207
11208
11209
11210
11211
11213
11217
11218
11219
11220
11221
11222
11223
11224
11225
11227
11821
11228
11229
11230
11231
11233
11234
11235
11236
12429
11238
11239
11240
11241
11242
11243
11245
11247
11248
11249
11250
11251
11252
11253
11254
11255
11256
11257
11258
11259
11260
12885
11261
14104
11262
11263
11265
11267
11268
11269
11270
11272
11274
11275
11276
11278
11317
11280
11283
11285
11286
11287
15341
17880
11289
11291
11292
11293
11294
16952
18100
12746
15064
11297
11298
11299
12192
11303
11304
11305
11307
16901
11309
11310
11311
11312
11313
11314
11315
18455
11318
18725
15049
11321
11322
11324
11325
11327
11328
11329
11330
11331
12306
11332
11334
11335
11336
12677
11337
19652
17104
11339
12367
14710
11341
11343
11345
11347
11349
11351
11352
11353
11354
19224
11358
11359
11360
11361
11363
11364
11365
11366
11369
11370
11372
11374
11375
11376
11378
11379
11380
18106
11486
11382
11383
11384
11386
11388
13712
11389
11390
11391
11392
11393
11394
11395
13798
11398
11402
11403
11405
11682
11406
11408
11409
11411
11413
11414
11415
11416
11417
11418
16527
19433
11419
11420
11421
12249
11424
11426
11428
11429
11430
11431
11434
11436
11438
11747
11440
11441
11442
11443
11445
11725
13432
11447
11448
19060
11450
12626
11452
11453
11454
11455
11456
11457
11458
11459
11461
11462
11463
11464
11465
11466
11468
11471
11472
11473
11474
11475
11476
11478
11479
15673
11480
11646
11481
11482
11483
11484
13117
11488
11489
11490
11491
11492
11493
11495
14313
11498
20153
12195
11504
12639
11505
11506
11507
11508
11510
14117
11511
11512
11513
11514
11515
12340
11516
11518
11519
11520
11521
13461
11522
11524
11526
14624
11527
11530
11531
11679
11534
19935
11537
11538
18474
11543
11545
11546
11547
11548
11549
11550
11551
11552
11553
11554
11555
11556
11557
11558
11560
11562
11563
18417
11568
17577
15173
11570
11571
13744
17817
11572
11573
11575
11576
11577
11581
11582
14977
21310
11584
11585
11586
12715
11587
19393
14837
11592
13238
11593
11594
11595
11598
20148
11599
11600
11601
16697
11606
11607
11608
11640
11609
11611
11612
11615
11616
20837
11619
11620
11621
11624
11625
11626
13969
14201
11628
11629
11630
13788
11631
11632
11633
11634
11637
11641
11671
14384
11642
11643
11645
11647
13902
11652
11653
11654
11655
11657
11660
11661
11662
11663
11665
11666
11667
11668
11669
11670
11672
12076
11674
14354
11675
11676
11678
11681
11683
11735
11685
11686
11687
11689
11691
11692
11693
13611
11695
11696
11697
11698
11700
11701
11732
11703
11704
11705
11706
11707
11708
12000
11711
11713
11714
11715
12245
11718
11719
11720
11721
12564
11722
11723
11724
16497
11726
11727
11731
11733
11737
11740
12644
11741
11742
11743
11745
11746
11748
11749
12279
11752
13188
11753
11754
11755
11756
11757
11758
11759
11760
11762
15023
11767
11768
11769
11770
11772
11887
11773
11774
11775
11776
11778
11779
11782
11783
11785
11786
11787
11791
11792
11793
11794
11795
11796
11799
11800
11801
16525
11803
11804
12730
11806
11807
20705
11809
11810
11811
11812
11813
11814
11815
12920
11818
11819
11820
11822
11824
11826
11827
11828
11830
12507
11833
17783
11834
11835
11837
12360
11838
11839
11840
11841
11842
17446
11844
12455
11845
11846
11849
12139
11851
11853
11856
11857
19139
11859
11860
11862
11864
11865
11866
11868
11869
11870
11871
11873
19130
14578
11876
11877
11878
11879
11880
11881
11883
11884
11885
11886
11888
12579
11890
11891
12993
18001
20432
11894
11895
11896
11897
11898
11902
11903
11904
14830
11906
11907
11908
11909
15658
16791
11912
11913
11914
11916
11917
11918
11919
15497
11920
11921
11922
11923
18642
11928
11929
11930
11931
11932
11935
11936
12169
11937
11941
11942
11944
12073
11945
11946
11948
11949
11950
11951
11954
11959
20438
11962
14862
11963
13196
11964
11965
13462
11967
11968
11969
11971
11972
11973
11974
11975
11977
11979
11981
11983
11985
18486
11988
11989
11990
11991
11992
11993
15636
11998
11999
12001
12002
12003
12004
12005
12504
12007
12008
12009
12010
12011
12012
13480
12013
12016
12017
12019
12020
12021
12022
12023
12024
12309
14081
12026
14829
12027
12031
12033
12034
12035
12036
12037
12039
12041
12042
12043
12044
12045
12047
12049
12050
12051
12052
12053
21000
21158
12055
12056
12057
12058
12060
12063
12064
12065
12068
16480
12070
12075
12079
12080
14571
12082
12083
12085
12086
12087
12088
12090
12091
12093
13568
12096
12097
12099
12100
12101
12102
12105
12106
12107
12108
12109
12110
12111
14350
15821
16482
18364
12114
12118
12119
12120
12121
12123
13337
12125
12126
12127
12130
12133
18818
14976
12136
14153
12141
12142
12143
12144
12530
12146
12147
12148
12149
12150
12151
12152
14030
12154
12155
12156
12158
12159
12160
12161
12186
12162
12163
12164
12175
12165
12167
12170
12171
12173
12174
12176
12178
12179
12180
12182
12183
12184
12187
12188
12189
12190
12191
12193
12194
12196
12197
12198
12199
12201
12203
12204
12205
12206
12207
12208
12209
12212
12215
12216
12513
12217
12218
12219
15652
12220
12222
12223
12224
12225
15452
12226
12227
12228
12229
12230
14559
12232
12234
12237
12238
12239
12240
12241
12242
12243
18033
12246
12248
12250
12251
12629
12252
12253
12254
12257
12258
12260
12261
12263
12264
12269
12272
12275
12278
21291
12282
15838
12283
12286
15471
12288
12290
13293
12292
12294
12295
12296
12297
12298
12299
12301
12302
12304
12305
17491
12310
12313
12314
12315
18998
13359
12317
12318
12319
12320
12322
12323
12324
12325
12326
12327
12329
12330
13111
12332
13450
12333
12334
12335
12337
12338
12341
12342
12343
12344
12346
12347
12351
12352
12353
12355
12601
12618
12356
12357
12359
12361
12362
19479
12366
12369
12370
17051
12374
12375
12377
12378
12379
12381
12382
12383
12384
12385
12386
13947
16229
12388
18167
19529
12391
12392
12394
12395
12397
12398
12400
12403
12404
12799
12405
12406
12407
12409
13107
17124
12411
12412
12413
12748
12414
12415
12416
12417
12418
12419
17366
12420
12421
12432
12422
12423
12425
12426
12427
12430
12431
12434
12436
12438
12439
12440
12441
12442
12444
12445
12446
12447
18610
12448
12731
12449
12450
12452
12453
12456
12457
12458
12460
12461
12462
12463
12464
12465
12467
12468
16039
12469
12471
12472
12798
12473
18782
12475
12476
12477
12478
12479
15237
12480
12481
12482
12484
12485
12487
12489
12490
14089
12491
12493
12494
16664
12495
12496
12497
12498
13401
12500
12501
12503
12506
20257
19790
21030
12510
12511
12517
12518
12519
12520
12521
12687
12524
12526
12527
12528
14033
12531
13805
18116
12533
12536
12537
12538
12539
12543
12544
12545
17203
12546
12548
12549
12553
12554
17292
12557
12559
12560
12561
13451
12562
20751
12566
12567
12568
12569
12570
12572
12574
12575
12577
12578
12580
12581
12583
12584
12585
12589
12590
12591
12593
12594
12596
12597
12599
12602
12604
12631
12605
12607
12608
12609
19309
12611
12612
12614
13167
13843
12615
12616
12617
12619
12620
12621
12623
12624
12625
12627
12628
12630
16589
12632
12633
12634
12638
12640
13270
12641
12642
12643
12645
12646
12647
12648
12650
12927
12652
12653
12655
12656
12989
12658
12659
12660
12661
12662
12664
17361
12667
12668
12669
20258
12671
12673
12675
12678
12680
12681
12682
12683
12684
12685
12691
12692
12694
15692
19641
14722
12697
12698
12699
12700
12701
12702
12703
12706
12707
12708
12711
13014
12712
12713
12714
12717
12718
12719
12720
12721
14260
12722
12724
12725
12726
12728
12729
12733
15514
12735
12736
12737
12738
12739
12742
12744
12747
13815
19014
12754
12755
12834
14669
12756
12759
16581
12763
13581
12765
12768
12769
13729
12772
17199
12776
12777
12778
12779
16976
12781
12782
14594
12785
12786
12788
12789
12790
12792
12793
12794
12795
12800
12801
12802
12803
12804
12805
12808
12810
12811
12813
12814
12815
12818
12819
12820
12821
12823
12825
12827
12828
12830
12831
12832
12836
12837
12838
12839
12844
12845
14375
19860
12848
12849
12850
12851
12852
12854
20411
12856
17092
12861
12862
12863
12864
12865
12869
12871
12872
12874
12876
12877
12878
14831
12879
12881
13056
18566
12883
16280
12884
12886
12887
12889
12890
12891
13837
12892
12893
12894
12897
12898
12899
12901
12902
12903
12905
12909
12912
12917
12919
12921
12922
12925
12926
12928
12930
12932
20927
12933
12934
12935
12936
12937
12939
12942
16343
12945
12947
12950
12951
12953
12955
12957
12959
12960
12961
12962
12964
12965
12966
12967
12968
12969
12971
12973
12975
12976
12977
12978
12979
13660
12980
12981
12982
12983
12985
12986
12999
12987
12990
13578
19746
12991
12994
12995
12996
12997
12998
13000
13001
13003
13004
13005
13006
13007
13009
13429
13011
13012
13015
13016
13018
13020
13021
13022
13076
13023
15377
16010
13025
13026
13027
15725
13122
13029
13030
13033
13372
13034
19446
13035
13036
13038
13039
13040
13041
13042
13046
13047
13048
18583
13055
13650
13057
13059
19358
13061
13062
13785
13066
13067
13068
13069
15412
13070
13071
13072
13075
13077
13653
13078
13080
13081
13082
13083
13084
13085
13088
13090
13091
13092
13095
13097
15283
13099
14833
13102
13103
13104
13105
13674
13106
21032
13109
13110
13114
13115
13118
13119
13120
13589
13121
13123
13124
13125
13126
15415
13129
13130
13131
15594
13134
15065
13136
13137
13138
13139
13141
13142
13143
13144
13145
15320
13147
13148
16414
13150
13151
13152
13153
13830
15329
16443
16630
13155
13156
13158
13159
13160
13161
13162
13163
13171
13174
13175
13176
13179
13180
13181
13182
13183
13184
16147
13185
17769
13187
13189
13190
13191
13193
13194
13197
13199
13202
13204
13206
13207
13208
13209
13211
13214
13216
13217
13219
13220
13221
13223
13224
17586
13226
13227
13228
13229
17719
13231
13235
13237
13239
13240
15934
13243
13244
13246
13247
13248
13249
13252
13253
13258
13260
13261
13263
13264
13265
13268
13272
13273
16517
13276
13280
13281
13285
13286
13287
13289
13290
13291
13295
13296
13297
13977
13299
13301
13303
13304
13306
13307
13309
13310
13311
13312
13313
13339
13314
13316
13317
13318
13320
13321
13323
13324
13325
13329
13330
13332
13333
13334
13335
13338
13340
13344
13345
13346
13347
13348
13351
13352
13353
16256
13354
13355
13356
13361
13362
13363
13365
13368
13369
13371
13373
18597
20665
13374
13375
19111
13378
13380
13381
13383
16559
13385
13386
13387
13388
17387
13389
13391
13392
13393
14566
13394
13395
13396
13397
13437
13398
13402
13403
14325
13404
13405
13408
13409
18278
16627
13413
13414
13415
13424
13416
13419
13420
13487
14097
13421
13423
18307
13425
13427
14131
13431
15247
13434
13435
13767
16555
13438
13439
13440
13443
13444
13445
13446
18195
19899
13453
13454
13455
14741
13456
13458
13459
13460
13463
13466
13467
13468
13469
13470
13471
13474
13477
13478
13481
13482
13483
13489
13490
13493
13494
14646
15038
13495
13496
13497
14698
13498
13499
13500
13501
13502
13504
13749
13505
13506
13509
15464
13510
16755
17628
13513
16870
13515
13516
13517
13519
13520
14204
13522
13523
13763
13525
13526
13527
13528
13529
13530
13532
13533
13536
13537
13538
13539
13540
13542
13544
13545
13546
13547
13548
13549
13551
13552
13553
13554
13556
13557
13558
13561
13562
13565
13569
13570
13572
13573
13574
13575
13576
13583
13585
13586
13587
13588
15188
13594
13597
13598
13600
13601
13602
13623
19070
13603
13604
13605
13606
13608
13610
13612
13613
13614
13615
13616
13618
13619
13621
13624
13626
13627
13631
13632
13633
13634
13635
13636
13637
13638
13639
13642
13644
13645
13647
13648
13649
13652
13655
13656
13657
13658
13659
13661
13662
13957
14748
13665
13666
13668
13769
13669
13670
13671
13672
13673
13676
13677
15179
13680
13681
13684
13685
13688
13689
13690
13691
13692
13693
13695
16800
20962
13698
13699
13700
13701
13702
13703
13704
18018
20713
13706
13707
13709
13714
13716
13720
13721
20930
13724
13725
13727
13728
18539
13733
13734
14038
19432
13737
13738
13739
13740
13742
15952
13745
13746
13777
13753
13754
13755
13757
13759
13761
15921
17289
18555
13765
13766
14137
13768
13770
13771
13772
13773
18200
13774
13775
13776
13778
13779
13780
13781
13782
13783
14658
13787
13789
13791
13792
13793
13794
13796
17745
13797
13799
15144
13800
14043
13801
13802
13804
13806
13807
13808
13810
13811
13812
13813
13814
13816
20317
14413
13821
13822
13823
13824
13825
13826
13827
13829
13831
13835
13836
13838
13840
13841
13844
13845
13846
13847
14609
13849
13850
13851
15129
13852
17531
13854
16429
13856
13857
13858
13859
14505
13863
13864
13865
13866
13867
13868
13870
13871
13873
13875
18437
13881
15595
13883
13884
13885
16650
13888
13890
13891
13892
13894
17221
18884
13896
13898
13899
13900
13901
13905
13906
13910
13912
13913
13914
13915
13916
13917
13918
13919
13920
13921
13922
13923
15609
17362
13925
13927
17280
13928
13930
13935
13940
13941
14162
13942
13943
13945
16198
13946
15429
13948
13949
13951
13952
13953
13955
13956
13958
13959
13960
13962
13964
13966
13967
13972
13973
13974
13976
16052
13979
15290
13981
13982
13983
13984
13985
13988
17116
19229
13990
13991
19391
13993
13994
13995
16034
13997
13998
13999
14000
14001
14003
14007
14008
14009
14011
14012
14013
14517
14015
14016
14017
14018
14019
14022
14023
14026
14029
14032
14034
14036
14037
17177
14040
14041
17031
20152
14044
14046
19280
14047
14048
14049
14050
14053
14056
14057
14343
14058
14060
14061
14062
14064
14065
14067
14068
20587
14070
14072
14073
14074
14075
14076
14077
14078
14079
14080
14082
14085
14087
14091
14095
14096
14099
18585
14102
14103
14105
14107
14108
14110
14112
14113
14118
14119
14120
14122
14125
14128
14129
14130
14132
14133
14134
14135
14136
14139
14500
14514
14140
18940
20770
14141
14142
14143
14144
14145
15044
14147
14150
14151
14155
14157
14158
14159
14160
14163
14165
14167
14168
14169
14170
14171
14172
14173
14174
14176
14178
14179
14180
15895
14181
18218
14183
14184
14186
14187
14188
14189
14190
17148
14193
14195
14197
14198
15280
14200
17804
14202
14203
14205
14206
14207
14210
14211
14212
14213
14214
14216
14234
14218
14219
14220
14222
14223
14224
16925
14226
17545
14228
14230
14232
14233
14235
14236
14238
14239
14240
14243
14244
20742
14247
14248
17183
19980
14252
14253
14254
14255
14256
14258
16455
14261
16239
16411
17541
14264
14265
14266
14270
14271
14273
14274
16103
14276
14278
14284
14288
14289
14291
14293
14700
18246
14295
14296
14299
15559
14302
14303
14304
14306
14307
14308
14310
14311
14314
14315
14316
14319
14320
14321
14338
14322
14324
14326
14327
14328
14329
14330
14332
14333
14334
14336
14341
14342
14344
14345
14347
14351
15468
14352
14353
14355
14356
14359
14360
14362
14363
14369
14371
14377
14378
14379
14381
14382
14383
14385
14386
16221
14387
14388
14390
14391
14392
14393
14394
14395
14396
14397
19922
14399
14715
20150
14402
14403
14404
14405
14406
14407
14408
14409
14410
14411
14414
14415
14416
14419
14420
14421
14423
14424
14425
14428
14429
14430
14431
14432
14433
14435
16002
18179
14437
17486
14440
14441
14444
14446
14449
15830
14451
14452
19153
14453
14455
14456
14458
14459
16041
17233
19564
14460
14462
14465
14466
14469
14470
14471
14472
14473
14475
15689
14478
14479
14481
14482
15999
14485
14486
14487
14489
14490
14494
14495
14497
15933
15950
14501
14503
20844
14506
14507
14508
14510
14512
14513
14516
14518
14519
20272
14521
14523
14524
19360
14526
14527
14531
14534
14535
14537
14539
15346
14543
14544
15596
14545
14548
18946
16213
14550
14551
14552
14555
14557
14558
14560
18493
14564
14565
14568
14569
14570
14572
14574
14575
14579
14581
14582
14583
14584
14586
14587
14588
14589
14590
14592
14597
14598
14599
14600
14601
14604
14605
14606
15564
14610
14612
14613
14614
14616
14617
14618
14620
20223
14622
16696
14623
14625
14626
14627
19247
14629
14630
14632
14633
14634
14635
14637
14638
14639
14640
14641
15726
14643
15945
14648
14650
14652
14653
14654
14655
14656
14657
14660
14661
14662
14664
14665
20393
15817
15363
14670
14671
14672
14674
14675
14676
14677
14678
14679
14884
14680
14681
15469
14684
14685
14686
14690
14691
14693
14694
14696
14697
15963
14701
14707
14709
14711
14713
14717
14721
14723
14726
14727
14732
14733
14734
14735
20493
14739
14742
14860
14743
14744
14746
14747
20536
14753
14754
14755
14756
14757
17042
14761
14762
14763
14764
14765
14769
14770
14772
14774
14775
14776
14777
14782
14783
14786
14788
14789
14790
14791
14793
14798
14800
14801
14802
14804
14805
14806
14812
14813
14815
14817
14818
14820
14821
17893
14824
14825
14826
14827
14828
14834
14835
14836
16385
14838
16205
14840
14841
14843
14844
14845
14846
16153
14850
14852
14853
14854
14855
14856
14857
14859
14861
14863
14864
14865
18562
14867
14868
14869
14870
14872
14877
14879
19168
14880
18809
14885
14886
14887
14888
14889
14890
14891
14892
14895
14896
19132
14899
14900
14901
14902
14904
14905
14906
14907
14908
14909
14913
14915
14918
20848
14921
14924
14925
14927
14928
14930
14931
14933
14934
14936
14938
15811
14939
14940
14941
14943
14945
14946
14948
14949
16369
14951
14952
14953
16250
14955
14957
21242
14963
14964
14965
14966
14967
21060
14971
14972
14973
14974
14978
14980
14981
15954
14982
14985
14986
14988
14989
16115
14991
19016
14996
14998
14999
15000
15001
15002
15003
15005
15009
15010
15011
15013
15253
15016
15019
15020
15022
15025
15027
15029
15030
15922
15031
15033
15034
15039
15040
15042
15043
15045
18975
19844
15050
15051
15053
19653
15055
15057
15059
15782
15060
15061
15062
15067
15068
15069
15070
15072
15074
15075
15076
15079
15080
15084
15086
15087
15089
15090
15091
15092
15093
15096
20040
20534
15097
15098
15100
15101
15102
15103
15105
15106
15107
15110
15111
15112
15113
15114
15119
15122
15123
15124
15125
15128
17754
15550
15132
15133
15134
18298
15135
19847
20129
15138
15139
15548
15140
15141
15142
15146
15850
15147
15148
15150
15151
15154
16078
15156
15160
15163
15164
15166
15167
15168
15169
15175
15176
16333
15181
15183
19461
15187
15189
15191
17163
17309
15201
15205
15207
15208
15210
15212
18074
15215
16946
17010
18654
20695
21189
15220
17826
15223
15225
15226
15227
15228
15230
15231
15232
15233
15235
15236
15238
15239
15240
15241
16220
19658
15242
15244
15245
15246
15248
15249
17138
15251
20585
15254
15255
15256
15258
15259
15260
15261
15266
15268
15269
15271
15272
15274
15275
15276
15278
15279
17617
15282
15285
15286
15287
15288
15289
15291
15293
15294
15295
15639
15299
15414
16887
17481
18175
15305
15306
15591
15310
15311
15314
15315
15316
15317
15318
15567
15322
15323
15324
15325
15330
15577
15331
15334
15336
21253
15339
15340
15344
15345
15347
15348
15351
15352
15458
17660
15355
15356
15358
15359
15360
15361
21351
15365
15366
15368
15369
15370
15371
16727
15372
15373
15374
17015
18485
15380
15382
15383
16094
15384
15385
15386
15390
15392
15393
15394
15396
15397
16963
15398
15403
16144
15404
15405
16033
15407
15410
16312
16488
15411
15416
15418
15419
15420
15421
15425
15426
15427
15428
18951
15434
15436
15439
16388
15441
15990
15442
15443
15445
15447
15450
15453
15454
16738
19522
18003
15457
15461
15462
15463
15465
15467
15470
17141
15475
15476
15477
15480
15986
15483
15485
15486
15488
15964
15979
15490
15491
15492
15494
18051
15495
15496
15502
20675
15620
15504
16401
15505
15506
16677
15507
15509
15512
15516
15518
15519
15520
15522
15525
15527
15528
15532
15534
15535
16656
19884
15537
15538
15539
15541
21018
15546
15549
15553
15555
15558
15560
15561
15562
15563
15565
16880
15568
15569
15570
15571
15572
15573
15574
15575
15584
15576
15579
15580
15582
15583
15587
15588
15593
15599
15603
16926
15607
15608
15610
17576
18130
15611
20131
15615
15616
15617
15619
15622
16628
15626
15628
15629
15632
15637
15638
15645
15646
16947
15655
15656
16425
16813
21012
15660
20315
15662
18096
15663
15664
15665
15670
15671
15674
15676
16739
15681
15686
15690
15691
15694
15695
15698
17707
15699
15700
17023
15704
15705
15706
15707
18105
15709
15711
17712
15712
15714
15715
15716
15719
15721
15722
15723
15730
15731
15732
18198
15733
15734
15736
15737
15738
15741
15742
15744
15745
15746
20598
15747
15751
15753
15754
20636
15758
15759
15762
15763
15765
15766
15770
15771
15772
15773
15775
15776
16111
19275
15779
15780
15781
15783
15785
15786
17096
15788
15789
15790
15791
15793
15794
15795
15796
15798
15802
15803
15806
15808
15809
15810
17026
15815
15907
15822
15827
15825
15826
19889
21309
17912
15832
15833
15834
15837
16811
17714
15839
15840
15842
15843
15844
15846
15847
15848
15849
15851
20771
15856
15857
15865
15866
15867
15871
15872
15873
15875
15878
15879
15881
18776
15885
15888
15889
15890
16511
15891
15894
15896
15897
15899
15900
15902
15904
19931
15906
15910
15911
15913
15915
17634
15918
15919
15920
15923
16764
15924
17300
15926
15927
15931
15935
15936
18189
17876
15940
17566
15943
15944
15946
15949
15953
15956
15957
15961
15966
15967
15968
15969
19058
15972
15974
15975
15976
15977
15978
16458
15980
15981
15982
20071
15984
15985
15987
15989
15993
15994
15995
15996
15997
18406
16001
16003
17739
16007
16008
16011
16335
21142
18354
16014
16017
19867
16024
16025
16026
19258
16029
16031
16032
16035
16040
16042
16045
16046
16047
16048
16049
16050
16051
16055
16057
16059
16060
16061
19195
16064
16065
16067
16070
16071
16072
16073
18937
16076
16081
16082
16083
20939
21207
17176
16085
16087
16088
17962
16089
16091
20064
16093
21055
16097
16102
16109
16112
16114
16116
16117
16118
16968
16121
16669
16122
16123
16127
16129
16130
16132
16163
16134
16138
18156
16141
16363
16142
16143
21092
16148
16149
16152
16154
16156
16157
16159
16160
16161
16162
16164
17938
16166
16167
16169
16171
16173
16174
16175
19991
16179
16180
16182
16183
16185
17019
16187
16189
17618
16190
16501
16194
16196
17303
16199
17459
16204
16206
16210
17717
19199
16212
16215
16216
16217
16218
16219
16222
16224
16228
16230
16231
16233
16235
16240
16241
16243
16244
16246
16247
16422
16254
16255
16257
16258
16259
16260
16263
16265
20728
16266
16269
20123
16272
16273
16275
16276
16277
16278
16282
16283
16284
16285
18596
16287
16288
16289
16290
16291
17412
16292
16293
16295
16296
16323
17699
16300
18454
16302
16303
16304
16306
16307
16593
16310
16313
16315
16316
16317
16318
16319
16320
16322
16325
16326
16328
16329
20915
16338
16339
19007
16344
16346
16348
16349
16350
16351
16354
16355
16356
16357
16358
16359
16360
16361
16362
16364
16365
16367
16368
16370
16371
16373
16374
16375
16377
21050
16380
16384
16386
16387
16389
16390
16391
16392
16393
16398
16399
16403
16406
16409
16413
16418
16419
16420
17818
16423
16844
16430
16431
16432
16433
16435
16436
16437
16740
16903
17952
16447
17220
16453
16479
16454
16464
16466
16470
16472
16473
16474
16475
16476
16481
16966
16486
17020
20900
16490
16493
16494
16503
16504
16506
16508
16510
16514
16515
16516
16518
16520
16523
16524
16526
16528
16529
18746
16532
16533
16534
16535
16538
16541
16542
16543
16544
16546
16547
16548
16549
16552
16554
16556
16999
16560
16561
16562
16563
16571
16572
16576
16578
16582
16584
16585
17726
16586
16587
16590
17892
16591
16592
16595
20983
16598
17415
16600
16604
16606
16607
16608
16609
16610
16611
16613
16616
16617
16619
16622
16623
17371
18611
16626
16631
16632
16634
16639
16641
16643
16645
16647
16648
16651
16652
16653
16654
19758
16655
16657
16660
16662
16815
16667
16668
16671
16674
16675
16678
16679
16680
16682
16683
18069
16685
16689
16690
16695
18736
16699
16700
16701
16703
16812
16705
16707
16711
19857
16717
16718
16719
16721
16722
18006
16725
16726
16728
16730
16731
16732
16733
16734
16736
16741
16746
16747
16749
16751
20045
16753
19483
19984
16756
20338
16758
16760
16761
16765
16905
16767
16769
16770
16771
16773
16776
16826
16853
16779
16780
16781
16782
16783
16785
16787
16790
16792
16793
16797
16798
17835
20680
20798
16801
16804
21148
16806
16808
16810
16836
16814
16816
16820
16821
16823
16824
16827
16829
16833
16835
16838
16839
20417
16842
21304
16848
16852
16858
20535
16859
16861
16863
16864
20496
16871
19917
16884
16885
18056
16893
21325
19824
16898
16904
16906
16907
21185
17205
16911
16912
16914
16917
16918
16921
17253
16924
16927
16928
16933
16935
16937
16940
16941
16942
16944
16945
16948
20461
16956
16957
16961
16964
16965
16967
16970
16971
16972
19003
16973
16974
16975
16977
16981
16982
16984
16985
18523
17287
17450
18271
16987
16988
16991
17083
16992
16994
16995
16998
17001
17003
17005
17006
17012
17016
17017
17018
17024
17028
17029
17030
17035
17036
21160
17041
17571
17049
17050
17887
17054
17055
17058
17062
17063
17068
17069
17070
17075
17076
17084
17085
17086
17088
17090
17091
17098
20076
17102
17108
17109
17110
17113
17115
17117
17120
18680
17122
17427
17125
17127
17130
17131
17134
17137
17139
17143
17146
17150
18412
17151
17154
17155
17156
17157
19161
17159
19827
17162
17166
17167
17174
17175
17179
17180
17181
17182
17186
17187
17188
18826
17191
17193
18638
17194
17195
17197
17200
17204
17207
17208
17209
17805
17214
17216
17217
17218
17219
17224
17227
17651
17228
17724
17257
20841
17234
17236
17240
17241
17244
17245
17248
17249
17251
17255
17256
17258
19005
20304
17261
17265
17268
17271
17272
17279
17284
17285
21151
21171
17288
17290
17294
17295
17297
17302
17305
17306
17877
17311
17312
17313
17316
17317
20366
18302
17322
17323
17324
17327
17328
17330
18625
17332
17333
17334
17336
17337
17343
17346
17348
17351
17354
17357
17360
17363
18355
17367
17368
17369
17370
17372
17373
17374
17375
20761
17378
17379
17381
17383
17389
20845
17393
17394
17396
17397
17400
17401
17402
17404
17406
17409
17413
17414
17416
17419
17424
17425
17428
17430
20820
17432
17434
17435
17439
17440
17442
17444
17445
20937
20146
17455
17456
17457
17462
17463
17464
19656
20138
17467
17468
17469
17473
17474
17475
17476
17477
17478
17479
20356
17482
17484
17487
17488
17490
17493
17495
17496
17498
17499
17503
21246
17513
17515
17517
17518
17522
17524
20358
17532
17533
17534
17535
18649
17543
17548
17551
17552
17553
17557
19703
17562
17565
17574
17575
17578
17580
17583
17591
17592
17593
17596
17599
17600
17603
17605
18965
18547
17607
17619
17621
17624
17626
17627
17629
17632
17637
17639
18626
17641
17644
17645
17646
20940
19869
17648
17649
18011
20370
17653
17657
17662
17663
17664
17665
19973
17668
17672
21323
17676
18941
17679
17681
17683
17689
17692
17693
17694
17697
17702
17716
17718
17720
17722
17723
17731
17733
17734
17736
17737
17740
17741
20100
17744
17747
17750
20210
20241
17752
17753
17757
17765
17766
17770
17772
17774
17777
17782
17784
20447
17787
17789
17793
17794
17795
17796
17799
17801
17803
17806
17807
17809
17810
17811
17812
17813
17814
17815
17821
17823
17824
20406
17827
20729
17832
18705
17836
21150
17838
17839
17841
17844
17848
17851
18133
17853
19972
17855
17857
17858
18733
17863
17867
17869
17871
20293
17872
17873
17875
17879
17881
17882
17883
17884
17885
17895
17899
17904
17905
17906
17907
17913
17916
17917
19874
17924
17925
17929
17930
17936
17939
17946
17949
17950
18422
17957
18742
17961
17964
17966
17969
17975
17979
18519
17981
17983
17985
17986
17988
17989
17990
17993
17994
18002
18004
18007
19832
18014
18017
18019
18022
18212
18027
20596
18029
19387
20294
18122
18034
18035
18036
19103
18041
18042
21254
18046
18048
18053
18054
19067
18059
18061
18062
18063
18065
20597
18068
18268
18076
20108
18081
18082
18085
20266
18090
18091
18095
19688
21146
18102
18103
18104
18107
18108
18109
18111
18112
18115
18119
18120
18121
18128
18131
18132
18137
19472
18139
18140
19454
18256
18154
18155
18157
18161
18163
18165
19150
18166
18169
18170
18172
18177
18178
19695
18183
18185
18188
18190
18193
18196
18197
18201
18204
18205
18206
18207
18209
18210
18213
18221
18223
18229
20576
18232
18233
18237
18238
18242
18984
18245
18251
18252
18255
18257
18266
18267
18270
18274
18277
19268
18281
18283
18284
18289
18292
18294
18295
18296
21140
18303
18305
18306
18309
18724
18312
18314
18318
18320
21172
18324
18325
18326
18327
18330
18333
18337
18339
18346
18350
18352
18356
18358
18360
20592
18363
18365
18368
18676
18369
18370
18371
18375
18377
18380
18389
18391
18392
19596
20176
18872
19128
18408
18411
18574
18413
18421
18423
19361
18430
18549
18434
18436
18439
18440
18445
18450
18453
18457
18461
18462
18472
18473
18478
18479
18480
18488
18489
18490
18491
21106
18496
18497
20700
18499
20778
20949
18503
18504
20518
18507
18508
19407
18512
18513
20512
18516
18517
18526
18528
18530
18669
18536
18543
18545
18548
18558
18559
21186
20869
18567
18650
18569
18575
18578
18579
18580
20714
18581
18584
18587
18589
18590
18595
18600
18602
18603
18606
18608
18612
18614
18841
18621
18622
18624
19982
18628
20707
19636
18634
18637
18640
18641
18643
20384
18645
18648
18655
18656
18659
18661
18662
18663
21228
18672
18666
21187
18668
18671
18673
18675
18678
18684
18689
18690
18692
18693
18703
18708
18712
18909
18713
18714
18715
19333
18716
18718
18719
18721
18727
18728
18737
18741
19077
18744
18747
18750
18753
18757
18758
18760
18764
18765
18766
18767
18769
18774
18775
18779
18781
18784
18789
18791
18794
18799
18802
18812
18813
18814
18819
18820
18827
18829
18833
18835
18837
18844
20615
18850
18851
18854
18858
18861
18865
18867
18868
18869
18877
18886
18889
18890
18891
18897
18899
18904
18911
18915
18918
18924
18928
20644
18932
18933
19240
18936
18938
18939
18942
18943
20090
18947
20390
18952
18954
18961
18964
18969
18971
18972
18973
21014
18985
18994
18995
18996
18997
19001
19008
19022
19024
19026
19028
19031
19032
20717
19039
19046
19048
19051
20209
19052
19053
19055
19327
19062
19065
19069
19072
19076
19086
19088
19090
19093
19094
19097
19105
19107
19112
19113
19115
20545
19117
19122
19126
19127
19129
19136
19144
19152
19155
19834
19803
19165
19171
19173
19174
19175
19180
19181
19194
20394
19202
19213
19215
20082
19218
19230
19232
19234
20185
19239
19242
19243
20581
20144
19263
19265
19267
19269
19271
21120
19288
19303
20378
19306
19307
19308
19310
19311
19312
19320
19322
19343
19344
19332
19337
19339
19340
19346
19351
19355
19363
19364
21058
19368
19370
19372
19377
19379
19381
19382
19504
19390
19399
19410
19411
20469
19416
20984
19421
19422
19423
19424
19426
19429
19434
19437
19441
19443
19445
19455
20709
19463
19465
19466
19467
19469
19480
19488
19489
19490
20051
19496
19508
20809
19516
19528
19537
20691
19539
19542
20484
19549
19550
19561
19566
19567
19574
19575
19576
19582
19585
19586
19587
19589
20018
19598
19601
19602
19604
19605
19607
19704
19615
19616
19617
19627
19631
19632
19634
20415
19643
20752
19661
19667
19671
19673
19681
19686
19687
19691
19693
19711
19712
20352
19723
20412
20080
19744
19747
19752
20098
19912
20032
19774
19784
19788
20428
19802
19804
19809
19811
20638
19823
19828
19836
19838
19841
19843
20500
19861
19873
20072
21337
19883
19886
19894
19901
19908
20102
21188
19932
19937
19939
19941
19943
19947
19951
19956
19957
19959
19963
19966
19981
19983
19986
19987
19994
19996
20001
20005
20034
20035
20042
20047
21262
20944
20061
20075
20088
20094
20101
20104
20105
20113
20115
20116
20125
20126
20130
20137
20139
20140
20142
20143
20147
20155
20471
20163
20774
20170
20173
21087
20182
20183
20191
20216
20553
20234
20236
20249
20497
20251
20252
20430
20264
20265
21065
20523
20268
20274
20286
21339
20296
20299
20301
20588
20320
20386
20409
20410
20414
20502
20431
20435
21071
20439
20442
20444
20468
20479
21271
20515
20517
20520
20977
20528
20532
20540
20541
20559
20562
20567
20578
20586
20589
20591
20599
20606
21114
20611
20617
21216
20628
21174
20637
21112
20643
20648
20653
20654
20656
20657
20659
20669
20662
20666
20670
20673
20676
20698
20701
20704
20708
20711
20721
20787
20731
20739
21164
20757
20758
20773
20780
20783
20796
20799
21336
21232
20828
20831
20847
20851
20855
20856
21229
20866
20875
20880
20883
20885
20888
20889
20905
20908
20926
20941
20942
21156
20957
20978
20995
21035
21016
21031
21053
21068
21089
21108
21118
21125
21138
21149
21241
21161
21204
21165
21173
21179
21190
21191
21201
21219
21275
21220
21312
