20544
20543
20542
20541
20540
20539
20538
20537
20536
20535
20534
20531
20530
20529
20527
20526
20525
20524
20523
20522
20521
20520
20519
20518
20517
20515
20513
20512
20510
20509
20508
20504
20503
20501
20499
20498
20497
20496
20495
20494
20493
20492
20491
20490
20489
20487
20486
20484
20483
20482
20481
20479
20477
20476
20475
20474
20472
20469
20467
20466
20465
20464
20463
20461
20459
20458
20457
20456
20455
20454
20453
20452
20451
20450
20447
20446
20445
20444
20443
20442
20441
20439
20437
20435
20434
20433
20430
20427
20425
20424
20423
20422
20421
20420
20419
20418
20417
20416
20415
20414
20413
20411
20410
20408
20406
20404
20403
20401
20399
20397
20396
20395
20391
20390
20388
20387
20386
20385
20384
20383
20381
20380
20379
20378
20377
20376
20375
20374
20373
20368
20367
20366
20365
20364
20363
20362
20361
20360
20359
20358
20357
20356
20355
20354
20353
20352
20351
20350
20349
20346
20345
20344
20343
20342
20341
20340
20339
20338
20337
20336
20335
20332
20330
20328
20327
20326
20322
20320
20318
20317
20316
20313
20311
20309
20308
20307
20304
20303
20302
20301
20299
20298
20296
20295
20294
20293
20292
20291
20290
20288
20287
20286
20285
20284
20283
20282
20280
20279
20278
20277
20276
20275
20274
20273
20272
20271
20270
20269
20268
20267
20266
20265
20264
20263
20262
20261
20260
20259
20258
20257
20256
20255
20254
20253
20252
20251
20250
20249
20248
20246
20244
20243
20241
20236
20235
20234
20232
20231
20229
20228
20227
20226
20225
20224
20223
20222
20221
20220
20219
20218
20217
20216
20215
20214
20213
20212
20211
20210
20209
20208
20207
20206
20205
20204
20203
20202
20201
20200
20199
20198
20197
20196
20195
20194
20193
20192
20191
20190
20189
20188
20187
20186
20185
20184
20183
20182
20181
20180
20179
20178
20177
20176
20175
20174
20173
20172
20171
20170
20169
20166
20164
20163
20161
20160
20159
20158
20157
20156
20155
20154
20153
20152
20151
20150
20149
20148
20146
20145
20144
20143
20142
20141
20140
20139
20138
20137
20136
20135
20134
20127
20126
20125
20123
20119
20118
20117
20116
20115
20114
20113
20112
20111
20108
20107
20105
20104
20103
20102
20101
20100
20099
20098
20097
20096
20095
20094
20093
20092
20091
20090
20089
20088
20087
20086
20085
20084
20083
20082
20081
20080
20079
20078
20077
20076
20075
20074
20073
20072
20071
20070
20069
20068
20067
20066
20065
20064
20063
20062
20061
20060
20059
20058
20057
20056
20055
20054
20053
20052
20051
20050
20049
20048
20047
20046
20045
20041
20040
20037
20036
20035
20034
20033
20032
20031
20030
20029
20028
20027
20026
20025
20024
20023
20022
20021
20020
20019
20018
20017
20016
20015
20014
20013
20012
20011
20010
20009
20008
20007
20006
20005
20004
20003
20002
20001
20000
19999
19998
19997
19996
19995
19994
19986
19983
19982
19981
19980
19979
19978
19977
19976
19975
19974
19973
19972
19971
19970
19969
19968
19967
19966
19965
19964
19963
19962
19961
19960
19959
19958
19957
19956
19955
19954
19953
19952
19951
19950
19949
19948
19947
19946
19945
19944
19943
19942
19941
19940
19939
19938
19937
19936
19935
19934
19933
19932
19931
19930
19929
19928
19927
19926
19925
19924
19923
19922
19921
19920
19919
19918
19917
19916
19915
19914
19913
19912
19911
19910
19909
19908
19907
19906
19905
19903
19902
19901
19900
19899
19898
19897
19896
19895
19894
19893
19891
19890
19889
19888
19886
19885
19883
19882
19881
19880
19879
19878
19877
19876
19875
19874
19873
19872
19871
19870
19869
19868
19867
19866
19865
19864
19863
19854
19852
19850
19848
19847
19846
19844
19843
19842
19841
19840
19839
19838
19837
19836
19835
19833
19832
19831
19830
19829
19828
19827
19826
19825
19824
19823
19822
19821
19820
19819
19818
19817
19816
19815
19814
19813
19812
19811
19810
19809
19808
19807
19806
19805
19804
19803
19802
19801
19800
19799
19798
19797
19796
19795
19794
19792
19781
19780
19779
19778
19777
19776
19775
19774
19773
19772
19771
19769
19768
19767
19766
19765
19764
19763
19762
19761
19760
19759
19758
19757
19756
19755
19754
19753
19752
19751
19750
19749
19748
19747
19746
19745
19744
19743
19742
19741
19740
19739
19738
19737
19736
19735
19734
19732
19731
19730
19729
19728
19727
19726
19725
19724
19723
19722
19721
19720
19719
19718
19717
19716
19715
19714
19713
19712
19711
19710
19709
19708
19707
19706
19704
19703
19702
19701
19700
19699
19698
19697
19696
19695
19694
19693
19692
19691
19690
19689
19688
19687
19682
19681
19679
19678
19677
19676
19674
19673
19672
19671
19670
19666
19665
19662
19661
19660
19659
19658
19657
19656
19655
19654
19653
19652
19651
19650
19649
19648
19647
19646
19645
19644
19643
19642
19641
19640
19639
19638
19637
19636
19635
19634
19633
19632
19631
19630
19629
19628
19627
19626
19625
19624
19623
19622
19621
19620
19619
19618
19617
19616
19615
19614
19613
19612
19611
19609
19608
19607
19606
19605
19604
19603
19602
19601
19600
19599
19598
19597
19596
19595
19594
19593
19592
19591
19590
19589
19588
19583
19582
19581
19580
19579
19578
19577
19576
19575
19574
19573
19572
19571
19570
19569
19568
19567
19566
19563
19562
19561
19559
19558
19557
19556
19555
19554
19553
19552
19551
19550
19549
19548
19547
19546
19545
19544
19543
19542
19541
19540
19539
19538
19537
19536
19535
19534
19533
19532
19531
19530
19529
19528
19527
19526
19525
19523
19522
19521
19520
19519
19518
19517
19516
19515
19514
19513
19512
19511
19510
19509
19508
19507
19506
19505
19504
19503
19502
19501
19500
19499
19498
19497
19496
19495
19494
19493
19492
19491
19490
19489
19488
19487
19486
19485
19484
19482
19471
19469
19468
19467
19466
19463
19460
19459
19457
19456
19455
19454
19453
19452
19451
19450
19449
19448
19447
19446
19445
19444
19443
19442
19441
19440
19439
19438
19437
19436
19435
19434
19433
19432
19431
19430
19429
19428
19427
19426
19425
19424
19423
19422
19421
19420
19419
19418
19417
19416
19415
19414
19413
19412
19411
19410
19409
19408
19407
19406
19405
19404
19403
19402
19401
19400
19399
19398
19397
19396
19395
19394
19393
19392
19391
19390
19389
19388
19387
19386
19385
19384
19383
19382
19381
19364
19363
19362
19361
19360
19359
19358
19357
19356
19355
19354
19353
19352
19351
19350
19349
19348
19347
19346
19345
19344
19343
19342
19341
19340
19339
19338
19337
19336
19335
19334
19333
19332
19331
19330
19329
19328
19327
19326
19325
19324
19323
19322
19321
19320
19319
19318
19316
19315
19314
19313
19312
19311
19309
19308
19307
19306
19305
19304
19303
19302
19301
19300
19299
19298
19297
19296
19295
19294
19292
19291
19290
19289
19288
19287
19286
19285
19284
19283
19282
19281
19280
19279
19267
19266
19265
19264
19263
19262
19261
19260
19259
19258
19257
19256
19255
19254
19253
19251
19250
19249
19248
19247
19246
19245
19244
19243
19242
19241
19240
19239
19238
19237
19236
19235
19234
19233
19232
19231
19230
19229
19228
19227
19226
19225
19224
19223
19222
19221
19219
19217
19216
19215
19214
19213
19212
19211
19210
19209
19208
19207
19206
19205
19204
19203
19201
19200
19199
19198
19197
19196
19195
19194
19192
19191
19190
19189
19188
19187
19186
19185
19184
19183
19182
19181
19180
19179
19178
19177
19166
19165
19163
19161
19160
19159
19158
19157
19155
19154
19153
19152
19151
19150
19149
19148
19147
19146
19145
19144
19143
19142
19141
19140
19139
19138
19137
19136
19135
19134
19133
19132
19131
19130
19129
19128
19127
19126
19125
19124
19123
19122
19121
19120
19119
19118
19117
19116
19115
19114
19113
19112
19111
19109
19108
19107
19106
19105
19104
19103
19102
19101
19100
19099
19098
19097
19096
19095
19094
19093
19092
19091
19090
19089
19088
19087
19086
19085
19084
19083
19082
19081
19080
19079
19078
19077
19076
19075
19074
19073
19071
19069
19068
19067
19066
19053
19052
19051
19050
19049
19048
19047
19046
19044
19043
19042
19041
19040
19039
19038
19037
19036
19035
19034
19033
19032
19031
19030
19029
19028
19027
19026
19025
19024
19023
19022
19021
19020
19019
19018
19017
19016
19015
19014
19013
19012
19011
19010
19007
19006
19005
19004
19003
19002
19001
19000
18999
18998
18997
18996
18994
18993
18992
18991
18990
18989
18988
18987
18985
18983
18982
18981
18980
18979
18978
18977
18976
18974
18973
18972
18971
18958
18957
18956
18952
18951
18949
18948
18947
18945
18944
18943
18942
18941
18940
18939
18938
18937
18936
18935
18934
18933
18932
18931
18930
18928
18927
18926
18925
18924
18923
18922
18921
18920
18919
18918
18917
18916
18915
18914
18913
18912
18911
18910
18909
18908
18907
18904
18903
18902
18900
18899
18898
18897
18896
18895
18894
18893
18892
18891
18890
18889
18888
18887
18886
18885
18884
18883
18882
18881
18879
18878
18877
18876
18875
18874
18873
18872
18870
18869
18868
18854
18852
18851
18850
18849
18848
18847
18846
18845
18844
18843
18842
18841
18840
18839
18838
18837
18836
18835
18834
18833
18832
18831
18830
18829
18828
18827
18826
18825
18824
18823
18822
18821
18820
18819
18818
18817
18816
18815
18814
18813
18812
18811
18810
18809
18808
18807
18806
18805
18804
18802
18801
18800
18799
18798
18796
18794
18793
18792
18791
18790
18789
18788
18787
18786
18785
18784
18783
18782
18780
18779
18778
18777
18776
18775
18774
18773
18772
18771
18770
18769
18768
18767
18766
18765
18764
18756
18755
18754
18753
18752
18751
18750
18749
18748
18747
18746
18745
18744
18743
18742
18740
18739
18738
18736
18735
18734
18733
18732
18731
18730
18729
18728
18727
18726
18725
18724
18723
18722
18720
18719
18718
18717
18716
18715
18714
18713
18712
18711
18709
18708
18707
18706
18705
18704
18703
18702
18701
18700
18699
18697
18696
18684
18683
18681
18677
18674
18673
18672
18671
18670
18669
18668
18667
18666
18665
18664
18663
18661
18660
18659
18658
18657
18656
18655
18654
18653
18652
18651
18650
18649
18647
18646
18644
18641
18638
18637
18636
18635
18634
18633
18632
18631
18630
18629
18628
18627
18626
18625
18624
18623
18622
18621
18620
18619
18618
18617
18616
18615
18612
18611
18610
18609
18608
18607
18605
18604
18603
18602
18601
18600
18599
18598
18597
18595
18594
18592
18591
18590
18589
18588
18586
18582
18581
18580
18579
18578
18577
18576
18574
18573
18572
18571
18570
18569
18568
18567
18566
18565
18564
18563
18562
18561
18560
18559
18558
18557
18556
18555
18554
18553
18552
18551
18550
18549
18548
18547
18546
18545
18544
18543
18542
18541
18540
18539
18538
18537
18536
18535
18534
18533
18531
18530
18529
18528
18527
18526
18525
18524
18523
18522
18521
18520
18519
18517
18516
18514
18513
18511
18510
18508
18506
18505
18504
18503
18502
18500
18499
18498
18497
18496
18494
18492
18490
18485
18480
18477
18475
18474
18473
18472
18471
18470
18469
18468
18467
18466
18465
18464
18463
18462
18461
18460
18459
18458
18457
18456
18455
18454
18453
18452
18451
18450
18449
18448
18447
18446
18445
18444
18443
18442
18441
18440
18439
18438
18437
18436
18435
18434
18433
18432
18431
18430
18429
18428
18426
18425
18424
18423
18422
18421
18420
18419
18418
18417
18416
18415
18414
18412
18410
18408
18407
18406
18405
18404
18402
18401
18400
18399
18398
18397
18396
18395
18394
18393
18392
18391
18390
18389
18388
18387
18385
18384
18383
18382
18381
18380
18379
18378
18377
18376
18375
18373
18372
18371
18370
18369
18367
18366
18365
18364
18363
18362
18361
18360
18359
18358
18357
18356
18355
18354
18353
18352
18351
18350
18349
18348
18347
18346
18345
18344
18343
18342
18341
18340
18339
18338
18337
18336
18334
18333
18332
18331
18330
18329
18328
18327
18326
18325
18324
18323
18322
18321
18320
18319
18318
18317
18316
18315
18314
18313
18312
18311
18310
18309
18307
18306
18305
18298
18297
18296
18295
18294
18292
18291
18290
18289
18288
18287
18286
18285
18284
18283
18282
18281
18280
18279
18278
18277
18276
18275
18273
18272
18270
18269
18267
18262
18259
18258
18257
18256
18255
18254
18253
18252
18251
18250
18249
18248
18247
18246
18245
18243
18242
18241
18240
18237
18236
18233
18232
18231
18228
18227
18226
18225
18224
18223
18222
18221
18220
18219
18218
18217
18216
18215
18213
18212
18211
18210
18209
18208
18207
18206
18205
18204
18203
18202
18201
18200
18199
18198
18197
18196
18194
18193
18192
18191
18190
18189
18188
18187
18186
18185
18184
18183
18182
18181
18180
18179
18178
18177
18176
18175
18174
18173
18172
18171
18170
18169
18168
18167
18166
18165
18164
18163
18162
18161
18159
18157
18156
18155
18154
18153
18152
18151
18150
18148
18147
18146
18145
18144
18143
18142
18141
18140
18139
18138
18137
18136
18135
18134
18133
18132
18131
18130
18129
18128
18127
18125
18122
18121
18120
18119
18118
18117
18116
18114
18112
18111
18110
18109
18108
18107
18106
18098
18097
18096
18095
18094
18093
18092
18091
18090
18089
18088
18087
18086
18085
18084
18083
18082
18081
18080
18079
18078
18077
18076
18075
18074
18073
18072
18071
18070
18069
18068
18067
18066
18065
18064
18063
18062
18061
18060
18059
18058
18057
18056
18055
18054
18053
18052
18051
18050
18049
18048
18047
18046
18045
18044
18043
18042
18041
18040
18039
18038
18037
18036
18035
18034
18033
18031
18030
18029
18028
18027
18026
18025
18024
18023
18022
18021
18020
18019
18017
18016
18014
18012
18011
18010
18009
18008
18007
18003
18001
17998
17997
17996
17995
17994
17993
17992
17991
17990
17989
17988
17986
17985
17984
17983
17982
17981
17980
17979
17978
17977
17976
17975
17974
17973
17972
17971
17970
17969
17968
17967
17966
17965
17964
17963
17962
17961
17960
17959
17958
17957
17956
17955
17954
17953
17951
17950
17949
17948
17947
17946
17945
17944
17943
17942
17941
17940
17939
17938
17937
17936
17935
17934
17933
17932
17931
17930
17929
17928
17927
17926
17925
17924
17923
17922
17921
17920
17919
17918
17917
17916
17915
17914
17913
17912
17911
17910
17909
17906
17905
17904
17903
17902
17901
17900
17899
17898
17897
17896
17895
17893
17892
17891
17890
17889
17888
17887
17886
17885
17884
17883
17882
17881
17880
17879
17878
17877
17876
17875
17874
17873
17872
17871
17870
17869
17868
17867
17866
17865
17864
17863
17860
17859
17858
17857
17856
17855
17854
17853
17852
17851
17850
17849
17847
17846
17845
17844
17843
17842
17841
17840
17839
17838
17837
17836
17835
17834
17833
17832
17831
17829
17822
17821
17820
17819
17818
17817
17816
17815
17814
17813
17812
17811
17810
17809
17808
17807
17806
17805
17804
17803
17802
17801
17800
17799
17798
17797
17796
17794
17793
17792
17791
17790
17789
17788
17784
17783
17780
17779
17778
17777
17776
17775
17774
17773
17772
17771
17770
17769
17768
17767
17766
17765
17764
17763
17762
17761
17760
17759
17758
17757
17756
17755
17754
17753
17752
17751
17750
17749
17748
17747
17746
17745
17744
17742
17741
17740
17739
17738
17737
17733
17732
17731
17730
17729
17728
17727
17726
17725
17724
17723
17722
17721
17720
17719
17718
17717
17716
17715
17714
17713
17712
17711
17710
17709
17708
17707
17706
17704
17702
17701
17700
17699
17698
17697
17695
17694
17693
17692
17691
17690
17689
17688
17687
17686
17685
17684
17683
17682
17681
17680
17679
17678
17677
17676
17675
17674
17673
17672
17671
17670
17669
17668
17667
17666
17665
17664
17663
17662
17661
17660
17659
17658
17657
17656
17655
17654
17653
17652
17651
17650
17649
17648
17647
17646
17645
17644
17642
17641
17640
17639
17634
17633
17631
17630
17628
17627
17626
17625
17624
17623
17622
17621
17620
17619
17618
17617
17616
17615
17611
17607
17606
17605
17602
17597
17596
17595
17593
17592
17591
17590
17589
17588
17587
17586
17585
17584
17583
17582
17581
17580
17579
17578
17577
17576
17575
17574
17573
17572
17571
17570
17569
17568
17567
17566
17565
17564
17563
17562
17561
17560
17559
17558
17557
17556
17555
17554
17553
17552
17551
17550
17548
17547
17546
17545
17544
17543
17542
17541
17540
17539
17538
17537
17536
17529
17527
17526
17525
17524
17523
17522
17521
17520
17519
17518
17517
17516
17515
17514
17513
17508
17505
17504
17502
17501
17500
17499
17498
17497
17494
17493
17492
17491
17490
17489
17488
17487
17486
17485
17484
17483
17482
17481
17480
17479
17478
17477
17476
17475
17474
17472
17471
17469
17468
17467
17466
17465
17464
17463
17462
17461
17460
17459
17458
17457
17456
17455
17454
17453
17452
17451
17450
17449
17448
17447
17446
17444
17442
17441
17440
17439
17438
17437
17436
17435
17434
17433
17432
17431
17430
17429
17428
17427
17426
17425
17424
17423
17421
17420
17419
17418
17415
17414
17413
17412
17411
17409
17405
17402
17401
17400
17399
17398
17397
17396
17395
17394
17393
17392
17391
17390
17389
17388
17387
17386
17385
17384
17382
17381
17380
17378
17377
17376
17374
17373
17370
17369
17368
17367
17366
17365
17364
17363
17362
17361
17360
17359
17358
17357
17356
17355
17354
17353
17352
17351
17350
17348
17346
17345
17344
17339
17337
17336
17335
17334
17333
17331
17330
17329
17328
17326
17325
17324
17323
17322
17321
17320
17319
17318
17317
17316
17315
17314
17313
17312
17311
17310
17309
17308
17307
17306
17305
17304
17303
17302
17301
17300
17299
17298
17297
17296
17295
17294
17293
17292
17291
17290
17289
17288
17287
17286
17285
17284
17283
17282
17281
17280
17279
17278
17277
17276
17275
17274
17273
17272
17271
17270
17269
17268
17267
17266
17265
17264
17263
17262
17261
17260
17259
17256
17253
17252
17251
17250
17249
17248
17247
17246
17245
17244
17243
17242
17241
17240
17239
17238
17236
17235
17234
17233
17232
17231
17230
17228
17227
17226
17224
17223
17222
17217
17216
17212
17211
17210
17209
17208
17207
17206
17205
17204
17203
17202
17201
17200
17199
17198
17197
17196
17195
17194
17193
17192
17191
17190
17189
17188
17187
17186
17185
17184
17183
17182
17181
17180
17179
17178
17177
17176
17175
17174
17173
17172
17171
17170
17169
17168
17166
17165
17164
17163
17162
17160
17159
17157
17156
17155
17153
17151
17150
17149
17148
17147
17146
17145
17144
17143
17142
17141
17140
17139
17138
17137
17136
17135
17134
17133
17132
17131
17130
17129
17128
17127
17126
17125
17124
17123
17122
17121
17120
17119
17118
17117
17116
17115
17114
17112
17111
17109
17108
17105
17104
17102
17101
17100
17099
17098
17097
17096
17094
17093
17092
17091
17085
17084
17083
17082
17081
17080
17079
17078
17077
17076
17075
17074
17073
17072
17071
17070
17069
17068
17067
17065
17064
17063
17062
17061
17060
17059
17058
17057
17056
17055
17054
17053
17052
17051
17050
17049
17048
17047
17046
17045
17044
17043
17042
17041
17040
17039
17038
17037
17036
17035
17034
17033
17032
17031
17030
17029
17028
17027
17026
17025
17024
17023
17022
17021
17019
17018
17016
17014
17013
17012
17011
17010
17009
17008
17007
17006
17005
17004
17003
17002
17001
17000
16999
16998
16997
16996
16994
16993
16992
16991
16990
16989
16988
16987
16986
16985
16984
16983
16982
16981
16980
16979
16977
16976
16975
16974
16973
16972
16971
16970
16969
16968
16967
16966
16965
16964
16963
16962
16961
16960
16959
16958
16957
16956
16955
16954
16953
16952
16951
16950
16949
16948
16947
16946
16945
16944
16942
16941
16940
16939
16938
16937
16936
16935
16934
16933
16932
16931
16930
16929
16928
16927
16926
16925
16924
16923
16922
16921
16920
16919
16918
16917
16914
16912
16907
16906
16905
16904
16903
16902
16901
16900
16899
16898
16897
16894
16893
16892
16891
16890
16889
16888
16887
16886
16885
16884
16883
16882
16878
16877
16876
16875
16873
16870
16869
16868
16867
16866
16865
16864
16863
16862
16861
16860
16859
16858
16857
16856
16855
16854
16853
16852
16851
16850
16849
16848
16847
16846
16845
16844
16843
16842
16841
16840
16839
16838
16837
16836
16835
16834
16833
16832
16831
16830
16829
16828
16827
16826
16825
16824
16823
16822
16821
16820
16819
16818
16817
16814
16813
16812
16811
16810
16809
16808
16807
16806
16805
16804
16803
16802
16801
16800
16799
16798
16797
16796
16795
16794
16793
16792
16791
16790
16789
16788
16787
16786
16785
16784
16783
16782
16780
16778
16774
16773
16769
16767
16766
16765
16764
16763
16762
16761
16760
16759
16758
16755
16754
16753
16752
16751
16750
16749
16748
16747
16746
16745
16744
16743
16742
16741
16740
16739
16738
16736
16735
16734
16733
16732
16731
16730
16729
16728
16727
16726
16725
16724
16723
16722
16721
16720
16719
16718
16717
16716
16715
16714
16713
16712
16711
16710
16709
16708
16707
16706
16705
16704
16703
16702
16701
16700
16699
16698
16697
16696
16695
16694
16693
16692
16691
16690
16689
16688
16687
16686
16685
16684
16683
16682
16681
16680
16679
16678
16677
16676
16675
16674
16673
16672
16671
16670
16669
16668
16667
16666
16665
16664
16663
16662
16661
16660
16659
16658
16657
16656
16655
16654
16653
16652
16651
16650
16649
16648
16647
16646
16645
16644
16643
16642
16641
16640
16639
16638
16637
16636
16635
16634
16633
16632
16631
16630
16629
16628
16627
16626
16625
16624
16623
16622
16621
16620
16619
16618
16617
16616
16615
16614
16613
16612
16611
16610
16609
16607
16606
16605
16604
16602
16597
16596
16595
16594
16593
16592
16591
16590
16589
16588
16587
16586
16585
16584
16583
16582
16581
16580
16579
16578
16577
16576
16574
16573
16572
16571
16570
16569
16568
16567
16566
16565
16564
16563
16562
16561
16560
16559
16558
16557
16556
16555
16554
16553
16552
16551
16550
16549
16548
16547
16546
16544
16543
16542
16541
16540
16539
16538
16537
16536
16535
16534
16533
16532
16531
16530
16529
16528
16526
16525
16524
16523
16522
16521
16520
16519
16518
16517
16516
16515
16514
16513
16512
16511
16510
16509
16508
16507
16506
16505
16504
16503
16502
16501
16500
16499
16498
16497
16496
16495
16494
16493
16489
16488
16487
16486
16485
16484
16483
16482
16481
16480
16479
16478
16477
16476
16475
16474
16473
16472
16471
16470
16469
16467
16466
16465
16464
16463
16462
16461
16459
16458
16457
16456
16455
16454
16453
16452
16451
16450
16448
16446
16445
16444
16440
16439
16438
16437
16436
16435
16434
16433
16432
16431
16430
16429
16428
16427
16426
16425
16423
16422
16420
16419
16418
16416
16415
16414
16413
16412
16411
16410
16409
16408
16407
16406
16405
16404
16403
16402
16401
16400
16399
16398
16397
16396
16395
16394
16393
16392
16391
16390
16389
16388
16387
16386
16385
16384
16383
16382
16381
16380
16379
16378
16377
16376
16375
16374
16373
16372
16371
16370
16369
16368
16367
16366
16365
16364
16363
16362
16361
16360
16359
16358
16357
16356
16355
16354
16353
16352
16351
16350
16349
16348
16347
16346
16345
16344
16343
16342
16341
16340
16339
16338
16337
16336
16335
16334
16333
16332
16330
16329
16328
16327
16326
16325
16324
16323
16322
16321
16320
16319
16318
16317
16316
16315
16314
16313
16312
16311
16310
16309
16308
16307
16306
16305
16303
16302
16301
16300
16298
16297
16296
16295
16294
16293
16292
16291
16290
16289
16287
16286
16285
16284
16283
16282
16281
16280
16279
16278
16277
16276
16275
16274
16273
16272
16271
16270
16269
16268
16267
16266
16265
16264
16263
16262
16261
16260
16259
16258
16257
16256
16255
16254
16253
16252
16251
16250
16249
16248
16247
16246
16245
16244
16243
16242
16241
16240
16239
16238
16237
16236
16235
16234
16233
16232
16231
16230
16226
16225
16224
16223
16222
16221
16220
16219
16218
16217
16216
16215
16214
16213
16212
16211
16210
16209
16208
16207
16206
16205
16204
16203
16202
16201
16200
16199
16198
16197
16196
16195
16193
16192
16191
16190
16188
16187
16186
16185
16184
16182
16180
16179
16178
16177
16176
16175
16174
16173
16172
16171
16170
16169
16168
16167
16166
16165
16164
16163
16162
16161
16160
16159
16158
16157
16156
16155
16154
16153
16152
16151
16149
16140
16139
16138
16137
16136
16135
16134
16133
16132
16131
16130
16129
16128
16127
16126
16125
16124
16123
16122
16121
16120
16119
16118
16117
16116
16115
16114
16113
16112
16111
16110
16109
16108
16107
16106
16105
16104
16103
16102
16101
16100
16099
16098
16097
16096
16095
16094
16093
16092
16091
16090
16089
16088
16087
16085
16083
16081
16078
16076
16074
16073
16072
16071
16070
16069
16068
16066
16065
16064
16063
16061
16060
16059
16058
16057
16056
16055
16054
16053
16052
16051
16050
16049
16048
16047
16046
16045
16044
16043
16042
16041
16040
16039
16038
16037
16036
16035
16034
16033
16032
16031
16030
16029
16028
16027
16026
16025
16024
16023
16022
16021
16020
16019
16018
16017
16016
16015
16014
16013
16012
16011
16010
16009
16008
16007
16006
16005
16004
16003
16002
16001
16000
15999
15998
15997
15996
15995
15994
15993
15992
15991
15990
15989
15988
15987
15986
15985
15984
15983
15981
15980
15979
15978
15974
15969
15968
15962
15961
15960
15958
15957
15956
15955
15954
15953
15952
15951
15950
15949
15948
15947
15946
15945
15944
15943
15942
15941
15940
15939
15938
15937
15936
15935
15934
15933
15932
15931
15930
15929
15928
15927
15926
15925
15924
15923
15922
15921
15920
15919
15918
15917
15916
15915
15914
15913
15912
15911
15910
15909
15908
15907
15906
15905
15904
15903
15902
15901
15900
15899
15898
15897
15896
15895
15894
15893
15892
15891
15890
15889
15888
15887
15886
15885
15884
15883
15882
15881
15880
15879
15878
15877
15876
15875
15874
15873
15872
15871
15870
15869
15868
15867
15866
15865
15864
15863
15862
15861
15860
15859
15858
15857
15856
15855
15854
15853
15852
15851
15850
15849
15848
15847
15846
15844
15836
15833
15832
15831
15830
15829
15828
15827
15826
15824
15820
15819
15817
15816
15815
15814
15813
15812
15811
15810
15809
15808
15807
15806
15805
15804
15803
15802
15801
15800
15799
15798
15797
15796
15795
15794
15793
15792
15791
15790
15789
15788
15787
15786
15785
15784
15783
15782
15781
15780
15779
15778
15772
15768
15765
15763
15762
15761
15760
15759
15758
15757
15756
15755
15754
15753
15752
15751
15750
15749
15748
15747
15746
15745
15744
15743
15742
15741
15740
15739
15738
15737
15736
15735
15734
15733
15732
15731
15730
15729
15728
15727
15726
15725
15724
15723
15722
15721
15720
15719
15718
15717
15716
15715
15714
15713
15712
15711
15710
15709
15708
15707
15706
15705
15704
15703
15701
15700
15698
15697
15696
15695
15694
15693
15692
15691
15690
15689
15688
15687
15686
15685
15684
15683
15682
15681
15680
15679
15678
15677
15675
15662
15659
15656
15655
15654
15653
15652
15651
15650
15649
15648
15647
15646
15645
15644
15643
15642
15641
15640
15639
15638
15637
15636
15635
15634
15633
15632
15614
15592
15591
15590
15589
15588
15585
15583
15579
15577
15539
15528
15527
15526
15521
15515
15514
15509
15508
15507
15481
15431
15426
15418
15417
15416
15415
15414
15413
15412
15411
15410
15389
15382
15355
15353
15352
15350
15349
15348
15344
15342
15340
15334
15325
15321
15320
15319
15297
15290
15285
15283
15281
15246
15244
15242
15241
15240
15236
15222
15214
15212
15210
15209
15208
15207
15206
15204
15200
15144
15137
15134
15126
15125
15124
15123
15122
15121
15119
15118
15117
15116
15115
15112
15108
15102
15099
15079
15077
15076
15075
15072
15071
15068
15059
15041
15036
15031
15030
15029
15027
15026
15025
15024
15023
15022
15019
15017
15016
14980
14978
14977
14976
14975
14971
14970
14956
14948
14945
14936
14934
14921
14920
14919
14918
14917
14915
14914
14911
14910
14891
14889
14885
14883
14882
14876
14861
14858
14825
14802
14799
14798
14797
14796
14793
14790
14789
14788
14784
14783
14782
14718
14715
14714
14684
14670
14669
14666
14665
14663
14662
14656
14651
14649
14594
14585
14584
14578
14576
14536
14528
14527
14522
14521
14520
14518
14432
14423
14422
14421
14412
14407
14406
14378
14355
14325
14316
14301
14294
14279
14277
14273
14272
14270
14269
14268
14265
14255
14253
14252
14251
14249
14242
14238
14237
14232
14229
14228
14225
14224
14186
14182
14149
14142
14140
14139
14135
14134
14133
14132
14131
14130
14129
14075
14060
14059
14054
14035
14031
14023
14020
14018
14017
14015
14010
13998
13997
13992
13959
13887
13886
13884
13882
13877
13871
13870
13867
13861
13858
13833
13832
13830
13828
13792
13777
13769
13767
13766
13745
13743
13742
13741
13738
13736
13735
13734
13644
13639
13638
13637
13635
13632
13630
13629
13627
13621
13618
13617
13612
13611
13610
13609
13608
13607
13606
13604
13601
13571
13566
13565
13486
13412
13403
13400
13399
13384
13363
13352
13345
13344
13343
13341
13311
13244
13235
13231
13225
13203
13174
13173
13129
13104
13103
13094
13082
13074
13073
13017
12993
12963
12958
12888
12853
12852
12851
12850
12849
12848
12847
12846
12845
12844
12843
12842
12841
12840
12839
12838
12837
12836
12835
12834
12833
12832
12831
12830
12829
12828
12827
12826
12825
12824
12823
12822
12821
12820
12819
12818
12817
12816
12815
12814
12813
12812
12811
12810
12809
12808
12807
12806
12805
12804
12803
12802
12801
12799
12798
12797
12796
12795
12794
12793
12792
12791
12790
12789
12788
12786
12782
12781
12777
12776
12775
12774
12773
12772
12771
12770
12769
12768
12766
12765
12764
12762
12760
12759
12758
12757
12756
12755
12754
12753
12752
12751
12750
12749
12748
12747
12746
12745
12744
12743
12742
12741
12740
12739
12738
12737
12736
12735
12734
12733
12732
12731
12730
12729
12728
12727
12726
12723
12722
12721
12720
12719
12718
12717
12716
12715
12714
12713
12712
12711
12710
12709
12708
12707
12706
12705
12704
12702
12701
12700
12699
12698
12697
12696
12695
12694
12693
12692
12691
12690
12689
12688
12687
12684
12683
12682
12681
12680
12679
12678
12677
12676
12675
12674
12673
12672
12671
12670
12668
12667
12666
12665
12664
12663
12662
12661
12660
12659
12658
12657
12656
12655
12654
12653
12652
12651
12650
12649
12648
12647
12646
12645
12644
12643
12642
12641
12640
12639
12638
12637
12636
12635
12634
12633
12632
12631
12630
12629
12628
12627
12626
12625
12624
12623
12622
12621
12620
12619
12618
12617
12616
12615
12614
12613
12611
12610
12609
12608
12607
12606
12605
12604
12603
12602
12600
12599
12598
12597
12596
12595
12594
12593
12592
12591
12590
12589
12588
12587
12586
12584
12583
12582
12581
12580
12578
12577
12576
12575
12574
12573
12572
12571
12570
12569
12568
12567
12566
12565
12564
12563
12562
12560
12559
12558
12557
12556
12555
12554
12553
12552
12551
12550
12549
12548
12547
12546
12545
12544
12543
12542
12541
12540
12539
12538
12537
12536
12535
12534
12533
12532
12531
12530
12529
12528
12527
12523
12522
12520
12519
12518
12517
12515
12514
12513
12512
12509
12508
12507
12506
12505
12503
12502
12501
12498
12497
12496
12495
12494
12493
12492
12491
12490
12489
12488
12487
12486
12485
12484
12483
12482
12481
12480
12479
12478
12477
12476
12475
12474
12473
12472
12471
12470
12469
12468
12467
12466
12465
12464
12463
12462
12461
12460
12459
12458
12457
12456
12454
12453
12452
12451
12450
12447
12446
12445
12444
12443
12442
12441
12440
12439
12438
12437
12436
12435
12434
12433
12432
12431
12430
12429
12428
12427
12426
12425
12424
12423
12422
12421
12420
12413
12407
12405
12404
12402
12401
12400
12398
12397
12396
12395
12394
12393
12392
12391
12390
12389
12388
12387
12385
12383
12382
12381
12380
12379
12378
12377
12376
12375
12374
12373
12372
12371
12370
12369
12368
12367
12365
12363
12362
12361
12360
12359
12358
12357
12356
12355
12354
12353
12352
12350
12349
12348
12347
12346
12345
12344
12343
12342
12341
12340
12339
12338
12337
12336
12335
12334
12333
12332
12331
12330
12329
12328
12327
12326
12325
12324
12323
12322
12321
12320
12319
12318
12317
12316
12314
12313
12312
12311
12310
12309
12308
12307
12306
12305
12304
12303
12302
12301
12300
12299
12298
12297
12296
12295
12294
12293
12292
12291
12280
12278
12277
12275
12274
12273
12272
12271
12270
12269
12268
12267
12266
12265
12264
12263
12262
12261
12260
12259
12258
12257
12256
12255
12254
12253
12252
12249
12248
12247
12246
12245
12244
12243
12242
12241
12240
12239
12238
12237
12235
12234
12233
12232
12231
12230
12229
12228
12227
12215
12214
12213
12212
12211
12210
12209
12208
12207
12206
12205
12204
12203
12202
12201
12200
12199
12198
12197
12196
12195
12194
12193
12192
12191
12190
12189
12188
12187
12186
12185
12184
12183
12182
12181
12180
12179
12178
12177
12176
12175
12174
12173
12172
12171
12170
12169
12168
12167
12166
12165
12161
12160
12159
12158
12157
12156
12154
12153
12152
12151
12150
12149
12148
12147
12146
12145
12144
12143
12142
12141
12140
12139
12138
12137
12136
12135
12134
12133
12132
12131
12130
12129
12128
12125
12120
12117
12105
12101
12100
12099
12098
12097
12096
12095
12094
12093
12092
12091
12090
12089
12088
12087
12086
12085
12084
12083
12082
12081
12080
12079
12078
12077
12076
12075
12074
12073
12072
12071
12070
12069
12067
12066
12065
12064
12063
12062
12061
12060
12058
12057
12056
12055
12054
12053
12052
12051
12050
12049
12048
12047
12046
12045
12044
12043
12042
12041
12040
12039
12038
12037
12036
12035
12034
12033
12032
12031
12030
12029
12026
12024
12017
12016
12015
12014
12013
12012
12011
12010
12009
12008
12007
12006
12005
12004
12003
12002
12001
12000
11999
11998
11997
11996
11995
11994
11993
11992
11991
11990
11989
11988
11987
11986
11985
11984
11983
11982
11981
11980
11979
11978
11977
11976
11975
11974
11973
11972
11971
11968
11967
11966
11965
11964
11963
11962
11961
11960
11959
11958
11957
11956
11955
11954
11953
11952
11951
11950
11949
11948
11947
11946
11945
11944
11943
11942
11941
11940
11939
11938
11937
11936
11935
11934
11933
11932
11931
11930
11922
11921
11920
11919
11918
11917
11916
11915
11914
11913
11912
11910
11909
11908
11907
11903
11902
11901
11900
11899
11898
11897
11896
11895
11894
11893
11892
11890
11889
11888
11887
11886
11885
11884
11883
11882
11881
11880
11879
11878
11877
11876
11875
11874
11873
11872
11871
11870
11869
11866
11865
11864
11863
11862
11861
11860
11858
11857
11856
11855
11854
11853
11852
11851
11850
11849
11848
11847
11846
11845
11843
11842
11841
11840
11839
11838
11837
11836
11835
11834
11833
11832
11831
11828
11827
11826
11825
11824
11823
11821
11819
11818
11817
11816
11815
11814
11813
11812
11811
11809
11808
11806
11805
11804
11803
11802
11801
11800
11799
11798
11797
11796
11795
11794
11793
11792
11791
11790
11789
11788
11787
11786
11785
11784
11783
11782
11781
11780
11779
11778
11777
11776
11775
11774
11773
11772
11771
11770
11769
11768
11766
11765
11760
11759
11758
11757
11756
11755
11754
11753
11752
11751
11750
11749
11748
11747
11746
11745
11744
11743
11742
11741
11739
11738
11737
11736
11735
11734
11733
11732
11720
11719
11718
11717
11713
11711
11707
11706
11705
11704
11703
11702
11701
11700
11699
11698
11697
11696
11695
11694
11692
11691
11690
11689
11688
11687
11686
11685
11684
11683
11682
11681
11680
11679
11678
11677
11676
11675
11674
11673
11672
11671
11670
11669
11668
11667
11666
11665
11664
11663
11662
11661
11660
11659
11658
11655
11654
11653
11652
11651
11650
11648
11647
11646
11645
11644
11643
11642
11639
11638
11637
11636
11635
11634
11633
11631
11630
11629
11628
11627
11626
11625
11624
11623
11621
11620
11619
11617
11616
11615
11613
11611
11610
11609
11608
11607
11606
11605
11604
11603
11602
11601
11600
11599
11598
11597
11596
11595
11591
11590
11589
11588
11587
11586
11585
11584
11583
11582
11581
11580
11579
11578
11577
11576
11575
11574
11573
11572
11571
11570
11569
11564
11563
11562
11561
11560
11559
11558
11557
11556
11555
11554
11553
11552
11551
11550
11549
11548
11547
11545
11544
11543
11542
11541
11540
11539
11538
11537
11536
11535
11534
11533
11532
11531
11519
11518
11517
11516
11515
11512
11510
11507
11506
11505
11504
11503
11502
11501
11500
11499
11498
11497
11496
11495
11494
11492
11491
11490
11489
11488
11487
11486
11485
11484
11483
11482
11481
11480
11479
11478
11477
11476
11472
11471
11470
11469
11468
11467
11466
11465
11464
11463
11462
11461
11460
11458
11457
11456
11455
11454
11453
11452
11451
11449
11448
11447
11446
11445
11444
11443
11442
11441
11440
11439
11438
11437
11436
11435
11431
11430
11429
11428
11427
11426
11423
11422
11421
11420
11419
11418
11417
11416
11415
11414
11413
11412
11411
11410
11409
11408
11407
11406
11405
11404
11403
11402
11401
11400
11399
11398
11397
11396
11395
11394
11393
11392
11391
11390
11389
11388
11387
11386
11385
11384
11383
11382
11381
11380
11379
11378
11377
11376
11375
11374
11373
11372
11371
11370
11369
11368
11365
11363
11362
11361
11358
11357
11356
11355
11354
11353
11351
11350
11349
11348
11347
11346
11345
11344
11343
11342
11341
11340
11339
11338
11336
11326
11323
11322
11321
11319
11318
11317
11313
11312
11311
11310
11309
11308
11307
11306
11305
11304
11303
11302
11301
11300
11299
11298
11297
11296
11295
11294
11293
11292
11291
11290
11289
11288
11287
11286
11285
11284
11283
11282
11281
11280
11279
11278
11277
11276
11275
11274
11273
11272
11271
11270
11269
11268
11267
11266
11265
11264
11263
11262
11261
11260
11259
11258
11257
11256
11255
11254
11253
11252
11251
11250
11249
11248
11247
11246
11245
11244
11243
11242
11241
11240
11239
11238
11237
11233
11231
11229
11228
11227
11225
11224
11223
11222
11221
11220
11219
11218
11216
11215
11214
11211
11210
11209
11208
11207
11206
11205
11204
11203
11202
11201
11200
11199
11198
11195
11194
11193
11192
11191
11190
11189
11188
11187
11186
11185
11184
11183
11182
11181
11180
11179
11178
11177
11176
11174
11173
11172
11171
11170
11169
11167
11166
11165
11164
11163
11162
11161
11160
11159
11158
11157
11156
11155
11154
11153
11152
11151
11150
11149
11148
11147
11145
11144
11143
11142
11141
11140
11139
11138
11137
11135
11131
11130
11126
11125
11124
11122
11120
11119
11118
11117
11116
11115
11114
11113
11112
11111
11110
11109
11108
11107
11106
11105
11104
11103
11102
11101
11100
11099
11098
11096
11095
11094
11093
11092
11091
11090
11089
11088
11087
11086
11085
11084
11083
11082
11081
11080
11079
11077
11076
11075
11074
11073
11072
11071
11070
11069
11068
11067
11066
11065
11064
11063
11061
11060
11059
11058
11057
11055
11054
11052
11051
11050
11049
11048
11047
11046
11045
11044
11043
11042
11041
11040
11039
11033
11032
11031
11030
11029
11028
11027
11026
11025
11024
11023
11022
11012
11011
11010
11009
11008
11007
11006
11005
11004
11003
11002
11001
11000
10999
10998
10997
10996
10995
10994
10993
10992
10991
10990
10989
10988
10987
10986
10985
10984
10983
10982
10981
10980
10979
10977
10976
10975
10974
10973
10972
10971
10969
10968
10967
10966
10962
10961
10960
10959
10958
10957
10955
10954
10953
10952
10951
10950
10949
10948
10947
10946
10945
10944
10943
10942
10941
10940
10935
10934
10932
10928
10926
10925
10924
10923
10922
10921
10920
10918
10917
10916
10915
10914
10913
10912
10911
10910
10909
10908
10907
10906
10905
10904
10903
10902
10901
10900
10899
10898
10897
10896
10895
10894
10893
10892
10891
10890
10889
10888
10887
10886
10885
10884
10883
10881
10879
10878
10877
10874
10872
10871
10870
10869
10868
10867
10866
10865
10864
10863
10862
10861
10860
10859
10858
10857
10856
10855
10854
10853
10852
10850
10849
10848
10847
10846
10845
10844
10843
10842
10822
10821
10818
10817
10816
10815
10814
10813
10812
10811
10810
10809
10808
10807
10806
10805
10804
10803
10802
10801
10800
10799
10798
10797
10796
10795
10794
10793
10792
10791
10790
10789
10788
10787
10786
10785
10784
10783
10782
10781
10779
10778
10777
10776
10775
10774
10773
10772
10771
10770
10769
10768
10767
10766
10764
10763
10762
10761
10760
10759
10758
10757
10756
10755
10754
10753
10752
10751
10750
10749
10748
10747
10745
10744
10743
10742
10741
10740
10736
10735
10734
10732
10730
10729
10728
10725
10724
10723
10721
10720
10715
10714
10713
10712
10711
10710
10709
10708
10707
10706
10705
10704
10702
10701
10700
10699
10698
10697
10696
10695
10694
10693
10692
10691
10690
10689
10688
10687
10686
10685
10684
10682
10681
10680
10679
10678
10677
10676
10675
10674
10673
10672
10671
10670
10669
10668
10665
10664
10663
10662
10661
10660
10659
10658
10657
10655
10654
10653
10652
10651
10650
10649
10648
10647
10646
10645
10644
10643
10642
10634
10633
10629
10628
10627
10626
10623
10622
10620
10618
10617
10616
10615
10614
10613
10612
10611
10610
10609
10608
10607
10606
10605
10604
10603
10602
10601
10600
10599
10598
10597
10596
10595
10594
10593
10592
10591
10590
10589
10588
10587
10586
10585
10583
10582
10580
10577
10575
10574
10573
10572
10571
10570
10569
10566
10565
10564
10563
10562
10561
10560
10559
10558
10557
10556
10555
10554
10553
10552
10551
10550
10549
10548
10547
10546
10545
10544
10539
10538
10537
10532
10531
10530
10529
10528
10527
10526
10525
10524
10523
10522
10521
10520
10519
10518
10517
10516
10515
10514
10513
10512
10511
10510
10509
10508
10507
10506
10504
10503
10502
10501
10500
10499
10498
10497
10496
10495
10494
10493
10492
10491
10490
10489
10488
10487
10486
10485
10484
10483
10482
10481
10480
10478
10477
10476
10475
10474
10473
10472
10471
10469
10468
10467
10466
10465
10464
10463
10462
10461
10460
10459
10458
10457
10455
10453
10452
10449
10448
10447
10446
10437
10436
10435
10434
10433
10432
10431
10430
10429
10428
10427
10426
10425
10424
10423
10422
10421
10420
10419
10418
10417
10416
10415
10414
10413
10412
10411
10410
10409
10408
10407
10406
10405
10404
10403
10402
10401
10400
10399
10398
10397
10396
10395
10394
10393
10392
10391
10390
10389
10388
10387
10384
10383
10382
10381
10380
10379
10378
10377
10376
10375
10373
10372
10371
10370
10369
10368
10367
10366
10365
10364
10363
10362
10361
10360
10359
10358
10357
10356
10355
10354
10353
10352
10351
10350
10349
10348
10347
10346
10344
10342
10341
10339
10334
10333
10332
10331
10330
10329
10328
10327
10326
10324
10323
10320
10319
10318
10317
10316
10315
10314
10313
10312
10311
10310
10309
10308
10307
10306
10305
10304
10303
10302
10301
10300
10299
10298
10297
10296
10295
10294
10293
10292
10291
10290
10289
10288
10285
10284
10283
10282
10281
10280
10279
10278
10277
10276
10275
10273
10272
10271
10270
10269
10268
10267
10266
10265
10264
10263
10262
10261
10260
10259
10258
10257
10256
10255
10254
10253
10252
10251
10250
10249
10248
10246
10241
10236
10235
10234
10233
10232
10231
10229
10228
10227
10226
10224
10223
10222
10221
10220
10219
10218
10217
10216
10215
10214
10213
10212
10211
10210
10209
10208
10207
10205
10204
10203
10202
10201
10200
10199
10198
10197
10196
10195
10194
10193
10192
10191
10190
10189
10186
10183
10181
10174
10173
10172
10171
10170
10169
10168
10167
10166
10165
10164
10163
10162
10160
10159
10158
10157
10156
10155
10154
10153
10152
10151
10150
10149
10148
10144
10143
10142
10141
10140
10139
10138
10137
10136
10135
10134
10127
10126
10124
10123
10121
10119
10118
10117
10115
10114
10113
10112
10111
10110
10109
10108
10107
10106
10105
10104
10103
10102
10101
10100
10099
10097
10096
10095
10094
10093
10092
10091
10090
10089
10088
10087
10086
10085
10084
10071
10069
10068
10064
10063
10062
10059
10058
10057
10056
10055
10054
10053
10052
10051
10050
10049
10048
10047
10046
10045
10044
10042
10041
10040
10039
10038
10037
10036
10035
10034
10033
10032
10031
10030
10029
10028
10027
10026
10022
10021
10020
10019
10018
10017
10016
10015
10014
10013
10012
10011
10010
10009
10008
10007
10006
10005
10004
10003
10002
10000
9999
9998
9997
9996
9995
9994
9993
9992
9991
9990
9989
9988
9987
9986
9981
9980
9979
9978
9977
9976
9975
9973
9972
9971
9968
9967
9966
9965
9964
9963
9961
9960
9959
9958
9957
9956
9955
9954
9953
9952
9951
9950
9949
9948
9947
9946
9945
9944
9943
9942
9941
9940
9939
9938
9937
9936
9935
9934
9933
9932
9931
9930
9929
9928
9927
9926
9925
9924
9923
9922
9921
9920
9919
9918
9917
9916
9915
9914
9913
9912
9911
9910
9909
9908
9907
9906
9905
9904
9903
9902
9901
9900
9899
9898
9897
9896
9890
9889
9888
9887
9886
9885
9884
9883
9882
9881
9880
9879
9878
9877
9876
9875
9874
9873
9872
9871
9870
9869
9868
9867
9866
9865
9864
9863
9862
9861
9860
9859
9858
9857
9856
9855
9854
9853
9852
9851
9849
9848
9847
9845
9843
9841
9839
9838
9837
9836
9835
9834
9833
9832
9831
9830
9829
9825
9824
9823
9822
9821
9820
9819
9818
9816
9815
9813
9812
9809
9808
9807
9806
9805
9803
9802
9801
9800
9799
9798
9797
9796
9795
9794
9793
9792
9791
9790
9789
9787
9782
9781
9780
9778
9777
9776
9775
9774
9773
9772
9771
9766
9763
9762
9761
9760
9759
9758
9757
9756
9755
9754
9753
9752
9751
9750
9749
9747
9746
9745
9744
9743
9742
9741
9740
9739
9738
9737
9736
9735
9734
9733
9732
9731
9730
9729
9728
9727
9726
9725
9724
9723
9722
9721
9720
9719
9718
9716
9715
9714
9713
9712
9710
9709
9708
9707
9706
9705
9704
9703
9702
9701
9700
9699
9698
9697
9696
9695
9694
9692
9691
9690
9689
9688
9675
9671
9668
9667
9666
9665
9664
9663
9662
9661
9660
9659
9658
9657
9656
9655
9654
9653
9652
9651
9650
9648
9647
9646
9645
9644
9643
9642
9641
9640
9639
9638
9637
9636
9635
9634
9633
9632
9631
9630
9629
9628
9627
9626
9625
9623
9621
9620
9619
9618
9617
9615
9614
9613
9612
9611
9610
9609
9608
9607
9606
9605
9604
9603
9602
9601
9600
9599
9598
9597
9596
9595
9594
9593
9592
9591
9589
9587
9585
9580
9579
9577
9573
9571
9569
9566
9565
9564
9563
9562
9561
9560
9559
9558
9557
9556
9555
9554
9553
9552
9551
9549
9548
9547
9546
9545
9544
9543
9542
9541
9540
9539
9538
9537
9536
9535
9534
9532
9529
9528
9527
9525
9524
9523
9522
9521
9520
9519
9518
9517
9516
9515
9514
9513
9512
9511
9510
9509
9508
9507
9506
9505
9504
9503
9502
9501
9500
9499
9498
9497
9496
9495
9494
9493
9492
9491
9490
9486
9484
9478
9477
9475
9474
9473
9472
9471
9470
9469
9468
9467
9466
9465
9464
9462
9461
9460
9458
9457
9456
9455
9454
9453
9452
9451
9450
9449
9448
9447
9446
9445
9444
9441
9440
9439
9438
9434
9433
9432
9431
9430
9429
9428
9427
9421
9418
9417
9414
9413
9412
9411
9410
9409
9408
9407
9406
9405
9403
9402
9399
9398
9397
9396
9395
9394
9393
9392
9391
9390
9389
9388
9387
9386
9385
9383
9382
9381
9380
9379
9378
9377
9376
9375
9374
9373
9372
9371
9370
9369
9368
9365
9364
9363
9362
9360
9359
9358
9357
9356
9355
9354
9353
9350
9349
9348
9347
9346
9345
9344
9343
9342
9341
9340
9339
9338
9337
9335
9334
9333
9331
9330
9329
9328
9327
9326
9325
9324
9323
9322
9321
9320
9319
9318
9317
9316
9315
9314
9313
9311
9310
9308
9307
9306
9305
9304
9303
9302
9301
9300
9299
9298
9297
9296
9295
9294
9293
9292
9291
9290
9289
9288
9287
9286
9285
9284
9283
9282
9281
9280
9279
9278
9277
9276
9275
9274
9273
9272
9271
9269
9268
9267
9266
9265
9264
9263
9262
9261
9260
9259
9258
9257
9256
9255
9254
9253
9252
9251
9250
9249
9248
9247
9246
9245
9244
9243
9242
9241
9240
9239
9238
9237
9236
9235
9234
9233
9232
9231
9230
9229
9228
9227
9226
9225
9224
9223
9222
9221
9220
9219
9218
9217
9216
9215
9214
9213
9212
9211
9210
9208
9207
9206
9205
9204
9203
9202
9201
9200
9199
9198
9197
9196
9194
9193
9192
9190
9189
9188
9187
9186
9185
9180
9179
9175
9174
9173
9170
9169
9168
9167
9166
9165
9164
9163
9162
9161
9160
9159
9158
9157
9156
9154
9153
9152
9151
9149
9148
9147
9145
9144
9143
9142
9141
9140
9139
9138
9137
9136
9135
9134
9133
9132
9131
9130
9129
9128
9127
9126
9125
9124
9123
9122
9121
9120
9119
9118
9117
9116
9115
9114
9105
9103
9102
9100
9099
9098
9097
9096
9095
9094
9093
9092
9091
9090
9087
9086
9085
9084
9083
9082
9081
9080
9079
9078
9077
9076
9075
9074
9073
9072
9071
9069
9068
9061
9060
9059
9058
9057
9056
9055
9054
9053
9052
9051
9050
9049
9046
9045
9044
9043
9042
9041
9040
9039
9038
9037
9036
9035
9034
9033
9032
9031
9030
9029
9026
9025
9024
9023
9022
9021
9020
9019
9018
9017
9016
9015
9014
9013
9012
9011
9010
9008
9007
9006
9005
9004
9003
9002
9001
9000
8999
8998
8997
8996
8995
8994
8993
8992
8991
8990
8989
8988
8987
8986
8985
8984
8983
8982
8981
8980
8979
8978
8977
8976
8975
8974
8972
8969
8966
8965
8964
8963
8962
8961
8960
8959
8957
8956
8954
8952
8950
8949
8948
8947
8945
8944
8943
8942
8941
8939
8938
8935
8934
8932
8931
8930
8928
8927
8926
8925
8924
8923
8921
8920
8919
8918
8917
8916
8914
8913
8912
8911
8910
8909
8908
8907
8904
8902
8901
8900
8899
8898
8897
8895
8893
8892
8891
8890
8889
8888
8887
8886
8885
8884
8883
8882
8881
8880
8879
8878
8877
8876
8875
8874
8873
8872
8871
8870
8869
8868
8867
8866
8865
8864
8863
8862
8861
8860
8859
8858
8857
8856
8855
8854
8853
8852
8851
8850
8849
8848
8846
8845
8844
8843
8842
8840
8839
8837
8836
8835
8834
8833
8832
8831
8830
8829
8828
8827
8826
8825
8823
8822
8821
8820
8819
8818
8817
8816
8815
8814
8813
8812
8811
8810
8809
8808
8807
8806
8805
8804
8803
8802
8801
8800
8799
8798
8797
8796
8795
8794
8793
8792
8790
8789
8788
8786
8785
8784
8782
8781
8780
8779
8778
8777
8776
8775
8774
8773
8772
8770
8769
8768
8767
8766
8765
8764
8763
8762
8761
8760
8759
8758
8757
8756
8755
8754
8753
8752
8751
8750
8749
8748
8747
8746
8745
8744
8743
8742
8741
8740
8739
8738
8737
8730
8728
8726
8725
8724
8722
8720
8719
8718
8717
8716
8715
8714
8713
8712
8711
8710
8709
8708
8707
8706
8705
8704
8703
8702
8701
8700
8699
8698
8697
8696
8695
8694
8691
8688
8686
8685
8684
8683
8682
8681
8680
8679
8678
8677
8676
8675
8674
8672
8671
8670
8669
8668
8667
8666
8665
8664
8663
8662
8661
8660
8659
8658
8657
8656
8655
8654
8653
8651
8650
8649
8648
8647
8646
8645
8644
8643
8642
8641
8639
8638
8636
8635
8634
8633
8632
8631
8630
8629
8628
8627
8626
8625
8624
8623
8622
8621
8620
8619
8618
8617
8616
8615
8614
8613
8612
8611
8610
8607
8604
8597
8596
8595
8594
8593
8591
8588
8586
8585
8584
8583
8582
8581
8580
8579
8578
8577
8576
8575
8574
8573
8572
8571
8570
8569
8568
8567
8566
8565
8564
8563
8562
8561
8560
8559
8558
8556
8555
8553
8552
8545
8544
8543
8542
8540
8539
8537
8536
8535
8534
8533
8532
8531
8530
8529
8528
8527
8526
8525
8524
8523
8522
8521
8520
8519
8518
8517
8516
8515
8514
8513
8512
8511
8502
8501
8500
8499
8498
8497
8496
8495
8494
8493
8492
8491
8490
8489
8488
8487
8486
8485
8484
8483
8482
8481
8480
8479
8478
8477
8476
8475
8474
8473
8472
8471
8470
8469
8468
8467
8466
8465
8464
8463
8462
8461
8460
8459
8458
8457
8456
8455
8454
8453
8452
8451
8450
8449
8448
8447
8446
8445
8444
8443
8442
8441
8440
8439
8438
8437
8436
8435
8434
8433
8432
8431
8430
8429
8422
8420
8419
8418
8417
8415
8405
8403
8402
8401
8400
8399
8398
8397
8396
8395
8394
8393
8392
8391
8390
8388
8387
8386
8385
8384
8383
8382
8381
8380
8379
8378
8377
8376
8375
8374
8373
8372
8371
8370
8369
8368
8367
8366
8365
8364
8363
8362
8361
8360
8359
8358
8357
8356
8354
8353
8352
8351
8350
8346
8345
8344
8343
8342
8341
8340
8338
8337
8336
8335
8334
8332
8331
8330
8329
8328
8327
8326
8325
8324
8323
8322
8321
8320
8319
8318
8317
8315
8310
8307
8306
8304
8299
8298
8297
8293
8292
8291
8289
8288
8287
8286
8285
8284
8283
8282
8281
8280
8279
8278
8277
8276
8275
8274
8273
8272
8271
8270
8269
8268
8267
8266
8265
8264
8263
8262
8261
8260
8259
8258
8257
8256
8255
8254
8253
8252
8251
8240
8239
8238
8237
8236
8235
8234
8233
8232
8231
8230
8229
8225
8224
8223
8222
8221
8220
8219
8218
8217
8216
8215
8214
8213
8212
8211
8210
8209
8207
8206
8205
8204
8203
8202
8201
8200
8199
8198
8197
8196
8195
8194
8192
8191
8190
8188
8185
8183
8181
8180
8179
8178
8177
8176
8175
8174
8173
8172
8171
8170
8169
8168
8167
8166
8165
8164
8163
8162
8161
8160
8159
8158
8157
8156
8155
8154
8152
8151
8149
8140
8139
8138
8137
8136
8135
8134
8133
8132
8131
8130
8129
8128
8127
8126
8125
8124
8123
8122
8121
8120
8119
8118
8117
8116
8115
8114
8113
8112
8111
8110
8109
8108
8107
8106
8105
8104
8103
8102
8101
8100
8099
8098
8097
8096
8095
8094
8093
8092
8091
8090
8088
8087
8086
8085
8084
8083
8082
8081
8080
8078
8077
8076
8075
8074
8073
8072
8071
8070
8069
8068
8067
8065
8064
8063
8062
8061
8060
8059
8058
8057
8056
8055
8054
8053
8052
8051
8032
8030
8029
8028
8027
8026
8025
8024
8023
8022
8021
8020
8019
8018
8017
8016
8015
8014
8013
8012
8011
8010
8009
8008
8007
8006
8005
8004
8003
8002
8001
8000
7999
7998
7997
7996
7995
7994
7993
7989
7988
7987
7986
7984
7983
7982
7981
7979
7976
7975
7974
7971
7970
7968
7966
7963
7962
7961
7960
7959
7958
7957
7956
7955
7954
7953
7952
7951
7950
7949
7947
7946
7945
7944
7943
7942
7941
7940
7939
7938
7937
7936
7935
7934
7915
7913
7912
7909
7908
7907
7905
7903
7901
7900
7899
7897
7896
7895
7894
7893
7892
7891
7890
7889
7888
7887
7886
7885
7884
7883
7882
7881
7880
7879
7878
7877
7876
7875
7874
7873
7872
7871
7870
7869
7867
7866
7865
7864
7861
7860
7859
7858
7857
7856
7855
7854
7853
7852
7851
7850
7848
7846
7844
7842
7841
7840
7839
7838
7837
7836
7834
7833
7832
7831
7830
7827
7826
7825
7824
7823
7822
7820
7819
7817
7816
7813
7812
7811
7810
7809
7806
7803
7802
7801
7800
7797
7796
7793
7754
7753
7752
7751
7750
7717
7710
7708
7707
7704
7703
7702
7700
7699
7698
7697
7643
7642
7628
7627
7622
7607
7603
7599
7591
7588
7585
7583
7578
7566
7565
7560
7527
7491
7489
7455
7454
7452
7450
7445
7439
7438
7435
7429
7426
7401
7400
7398
7396
7360
7358
7345
7337
7335
7334
7313
7311
7310
7309
7306
7304
7303
7302
7227
7214
7212
7210
7207
7205
7203
7200
7197
7195
7186
7185
7180
7179
7178
7177
7176
7175
7174
7172
7139
7134
7133
7075
7073
6980
6971
6968
6967
6952
6933
6931
6928
6927
6920
6913
6912
6911
6909
6879
6857
6812
6803
6799
6771
6742
6741
6697
6672
6642
6641
6585
6561
6531
6526
6456
6446
6434
6421
6419
6418
6416
6415
6414
6413
6411
6410
6409
6408
6407
6404
6401
6399
6398
6397
6396
6395
6394
6393
6392
6391
6390
6389
6388
6387
6386
6385
6384
6383
6382
6381
6380
6378
6376
6375
6374
6373
6372
6371
6370
6369
6368
6367
6366
6365
6364
6363
6362
6361
6360
6359
6358
6357
6355
6354
6353
6352
6351
6350
6349
6348
6347
6346
6345
6344
6343
6342
6341
6340
6339
6338
6337
6336
6335
6334
6333
6332
6331
6330
6329
6328
6327
6326
6325
6322
6320
6318
6314
6313
6312
6311
6309
6308
6307
6306
6305
6304
6303
6302
6301
6300
6299
6298
6297
6296
6295
6293
6292
6291
6290
6288
6287
6285
6284
6283
6282
6281
6280
6279
6278
6277
6276
6275
6274
6265
6261
6260
6254
6253
6251
6250
6248
6247
6246
6245
6244
6243
6242
6241
6240
6239
6238
6237
6236
6235
6233
6232
6231
6230
6229
6228
6227
6226
6225
6224
6223
6222
6221
6220
6219
6218
6217
6216
6215
6214
6213
6212
6211
6210
6209
6208
6207
6206
6205
6204
6203
6201
6199
6198
6197
6196
6195
6194
6193
6192
6191
6190
6189
6188
6187
6186
6185
6184
6183
6182
6181
6180
6179
6178
6177
6176
6175
6174
6173
6172
6171
6170
6169
6168
6167
6166
6165
6164
6163
6162
6161
6160
6159
6154
6151
6147
6141
6139
6138
6137
6132
6131
6130
6129
6128
6127
6126
6125
6124
6123
6122
6121
6120
6119
6118
6117
6116
6115
6114
6113
6112
6111
6110
6109
6108
6107
6106
6105
6104
6103
6102
6101
6100
6099
6098
6097
6096
6095
6094
6093
6092
6091
6090
6089
6088
6087
6086
6085
6084
6083
6082
6081
6080
6079
6078
6077
6076
6075
6074
6073
6072
6071
6070
6069
6068
6067
6066
6065
6064
6063
6062
6061
6060
6059
6058
6056
6055
6054
6053
6052
6051
6050
6048
6047
6046
6045
6044
6043
6042
6041
6040
6039
6038
6037
6036
6035
6034
6033
6032
6031
6030
6029
6028
6027
6026
6025
6023
6022
6021
6020
6019
6018
6017
6016
6015
6014
6013
6012
6000
5998
5997
5996
5995
5994
5993
5991
5990
5989
5988
5987
5986
5985
5984
5983
5982
5981
5980
5979
5978
5977
5976
5975
5974
5973
5972
5971
5970
5969
5968
5967
5966
5965
5964
5963
5962
5961
5960
5959
5958
5957
5956
5955
5954
5953
5952
5951
5950
5949
5948
5947
5946
5945
5944
5943
5942
5941
5940
5939
5938
5937
5936
5935
5934
5933
5932
5931
5929
5927
5925
5923
5922
5921
5920
5917
5916
5915
5914
5913
5912
5911
5910
5909
5908
5907
5906
5905
5904
5903
5902
5901
5900
5899
5898
5897
5896
5895
5894
5893
5892
5891
5890
5889
5888
5887
5886
5885
5884
5883
5882
5881
5880
5879
5878
5877
5876
5875
5874
5873
5871
5870
5869
5867
5860
5859
5858
5857
5856
5855
5854
5853
5852
5851
5850
5849
5848
5847
5846
5845
5844
5843
5842
5841
5840
5839
5838
5837
5836
5835
5834
5833
5832
5831
5829
5828
5827
5826
5825
5824
5823
5822
5821
5820
5819
5818
5817
5816
5815
5814
5813
5812
5811
5805
5804
5803
5802
5801
5800
5799
5798
5797
5796
5795
5794
5793
5792
5790
5789
5788
5787
5786
5785
5784
5783
5782
5781
5780
5779
5778
5777
5776
5775
5774
5773
5772
5771
5770
5769
5768
5767
5766
5765
5764
5763
5762
5761
5760
5759
5758
5757
5756
5755
5754
5753
5745
5739
5738
5737
5736
5735
5734
5733
5732
5731
5729
5728
5727
5726
5725
5724
5723
5722
5721
5720
5719
5718
5717
5716
5715
5714
5713
5712
5711
5710
5709
5708
5707
5706
5705
5704
5703
5702
5691
5690
5689
5688
5687
5686
5685
5684
5683
5682
5681
5680
5679
5678
5677
5676
5675
5674
5673
5672
5671
5670
5669
5668
5667
5666
5665
5664
5663
5662
5661
5660
5659
5658
5657
5656
5655
5654
5653
5652
5651
5650
5649
5648
5647
5646
5645
5644
5643
5642
5641
5640
5639
5638
5637
5636
5635
5633
5632
5630
5629
5627
5626
5625
5623
5622
5621
5620
5619
5618
5616
5614
5613
5610
5609
5608
5607
5606
5605
5604
5603
5600
5599
5598
5597
5596
5595
5594
5593
5592
5591
5590
5589
5588
5587
5583
5581
5580
5577
5576
5575
5574
5573
5572
5571
5570
5569
5568
5567
5566
5565
5564
5563
5561
5560
5559
5558
5557
5556
5555
5554
5553
5552
5551
5550
5549
5548
5546
5545
5544
5543
5542
5541
5540
5539
5538
5537
5536
5535
5534
5533
5532
5531
5530
5529
5528
5527
5526
5525
5524
5522
5521
5520
5519
5518
5517
5516
5515
5514
5513
5512
5511
5510
5509
5508
5505
5502
5501
5499
5496
5494
5493
5492
5491
5489
5488
5487
5486
5485
5483
5482
5481
5480
5479
5478
5477
5476
5475
5474
5473
5472
5471
5470
5469
5468
5467
5466
5465
5464
5463
5462
5461
5460
5459
5458
5457
5456
5455
5454
5453
5452
5451
5450
5449
5448
5447
5446
5445
5444
5443
5442
5441
5440
5439
5438
5437
5436
5435
5434
5433
5432
5431
5430
5429
5428
5427
5426
5425
5424
5423
5422
5421
5420
5419
5418
5417
5416
5415
5414
5413
5412
5411
5410
5409
5408
5407
5406
5405
5404
5403
5402
5401
5400
5399
5398
5397
5396
5391
5390
5389
5387
5385
5384
5383
5382
5381
5380
5379
5378
5377
5376
5375
5374
5372
5371
5370
5368
5367
5366
5365
5364
5363
5362
5361
5360
5359
5358
5357
5356
5355
5354
5353
5352
5351
5350
5349
5348
5347
5346
5345
5344
5343
5342
5341
5340
5339
5338
5337
5336
5334
5333
5332
5330
5329
5328
5327
5326
5325
5324
5323
5322
5321
5320
5319
5318
5317
5316
5315
5314
5313
5312
5311
5310
5309
5308
5307
5306
5305
5304
5303
5302
5301
5300
5299
5298
5297
5296
5295
5294
5293
5292
5291
5290
5289
5288
5287
5286
5285
5284
5283
5282
5274
5272
5270
5269
5268
5266
5265
5260
5259
5258
5257
5256
5255
5254
5253
5252
5251
5250
5249
5248
5247
5246
5245
5244
5243
5242
5240
5239
5238
5237
5236
5235
5234
5233
5232
5231
5230
5229
5228
5227
5226
5225
5224
5223
5222
5221
5220
5217
5216
5215
5212
5211
5210
5209
5205
5204
5203
5202
5201
5200
5199
5198
5197
5196
5195
5194
5193
5192
5191
5190
5189
5188
5187
5186
5185
5184
5183
5182
5181
5180
5179
5178
5177
5176
5175
5174
5173
5172
5171
5170
5169
5168
5167
5166
5165
5164
5163
5162
5161
5160
5159
5158
5157
5156
5155
5154
5153
5152
5151
5150
5149
5148
5147
5146
5145
5144
5143
5142
5141
5140
5139
5138
5137
5135
5131
5130
5129
5127
5126
5125
5124
5123
5122
5121
5120
5119
5118
5117
5116
5115
5114
5113
5112
5111
5110
5109
5108
5107
5106
5105
5104
5103
5102
5100
5099
5098
5097
5096
5095
5094
5093
5092
5091
5090
5089
5075
5074
5073
5072
5071
5070
5069
5068
5067
5066
5065
5063
5062
5061
5060
5059
5058
5057
5056
5055
5054
5053
5052
5051
5050
5049
5048
5047
5046
5045
5044
5043
5042
5041
5040
5039
5038
5037
5036
5035
5034
5033
5032
5031
5030
5029
5028
5027
5026
5025
5024
5023
5022
5021
5020
5019
5018
5017
5016
5015
5014
5013
5012
5010
5009
5005
5003
5001
4999
4998
4997
4996
4995
4994
4993
4992
4991
4990
4989
4988
4987
4986
4985
4984
4983
4982
4981
4980
4979
4978
4977
4976
4975
4973
4972
4971
4970
4969
4968
4967
4966
4965
4964
4963
4962
4961
4959
4958
4957
4955
4954
4950
4947
4943
4940
4939
4936
4935
4934
4933
4932
4931
4930
4929
4928
4927
4926
4925
4924
4923
4922
4921
4920
4919
4915
4914
4913
4912
4911
4910
4909
4908
4906
4905
4904
4903
4902
4901
4900
4899
4898
4897
4896
4895
4894
4893
4892
4890
4889
4888
4885
4884
4883
4882
4881
4880
4879
4878
4877
4876
4874
4873
4872
4867
4866
4865
4864
4863
4862
4861
4860
4859
4857
4856
4855
4854
4853
4850
4845
4844
4843
4842
4841
4840
4839
4838
4837
4836
4835
4834
4833
4832
4831
4830
4829
4827
4826
4825
4824
4823
4815
4814
4812
4808
4806
4804
4802
4800
4799
4798
4797
4796
4795
4794
4793
4792
4791
4790
4789
4788
4787
4786
4785
4784
4783
4782
4781
4780
4779
4778
4777
4776
4775
4774
4773
4772
4771
4770
4769
4768
4767
4766
4765
4764
4763
4755
4754
4753
4752
4751
4750
4749
4748
4747
4746
4745
4744
4743
4742
4741
4739
4738
4737
4736
4735
4734
4733
4732
4731
4730
4729
4728
4727
4726
4724
4723
4722
4721
4720
4719
4718
4717
4716
4715
4713
4712
4711
4710
4709
4708
4705
4702
4701
4698
4697
4695
4694
4691
4690
4688
4687
4681
4680
4679
4678
4677
4676
4675
4673
4672
4671
4670
4669
4668
4666
4665
4664
4663
4662
4661
4660
4659
4657
4656
4655
4654
4652
4651
4650
4649
4648
4647
4646
4645
4644
4643
4642
4641
4640
4639
4638
4637
4636
4635
4634
4633
4632
4631
4626
4624
4623
4622
4621
4620
4619
4618
4617
4616
4615
4614
4613
4611
4610
4606
4605
4604
4603
4602
4601
4600
4598
4597
4596
4595
4594
4593
4592
4591
4590
4589
4588
4584
4582
4581
4579
4568
4564
4563
4556
4552
4551
4550
4549
4548
4547
4546
4545
4544
4543
4542
4541
4540
4539
4538
4537
4536
4535
4534
4533
4531
4530
4529
4528
4527
4526
4525
4524
4523
4519
4518
4517
4515
4514
4513
4512
4511
4510
4509
4508
4507
4506
4505
4504
4503
4502
4501
4500
4499
4498
4497
4496
4495
4494
4493
4492
4491
4490
4489
4488
4487
4486
4485
4482
4481
4479
4477
4476
4475
4474
4473
4472
4471
4470
4469
4468
4467
4466
4463
4462
4460
4459
4456
4454
4453
4451
4450
4449
4448
4447
4445
4428
4424
4423
4422
4421
4420
4419
4418
4417
4416
4415
4414
4413
4412
4411
4410
4409
4408
4407
4406
4405
4404
4403
4402
4401
4400
4399
4398
4397
4396
4395
4394
4393
4392
4391
4389
4386
4382
4379
4378
4377
4374
4373
4370
4369
4368
4365
4363
4362
4361
4360
4359
4358
4357
4356
4355
4354
4353
4352
4351
4350
4349
4348
4347
4346
4345
4344
4343
4342
4341
4340
4339
4338
4337
4336
4335
4334
4333
4332
4331
4330
4329
4328
4325
4323
4322
4320
4319
4318
4317
4314
4313
4312
4311
4310
4306
4304
4300
4294
4293
4292
4288
4287
4286
4283
4282
4280
4278
4277
4276
4275
4274
4273
4272
4271
4270
4269
4268
4267
4266
4265
4264
4263
4261
4260
4259
4258
4255
4253
4252
4251
4250
4249
4248
4247
4246
4245
4244
4240
4236
4234
4233
4231
4230
4229
4228
4227
4219
4214
4213
4212
4211
4209
4208
4206
4205
4204
4203
4202
4201
4198
4190
4189
4188
4187
4186
4185
4184
4183
4182
4181
4180
4179
4178
4177
4176
4175
4174
4173
4172
4171
4170
4169
4168
4167
4166
4165
4163
4162
4161
4160
4159
4157
4156
4155
4153
4152
4150
4148
4139
4137
4136
4134
4133
4132
4131
4129
4128
4127
4126
4122
4121
4117
4116
4115
4114
4113
4112
4111
4110
4109
4108
4107
4106
4105
4104
4103
4102
4101
4100
4098
4097
4096
4095
4094
4093
4092
4091
4090
4089
4088
4087
4086
4084
4083
4075
4074
4073
4070
4057
4056
4055
4053
4052
4051
4050
4049
4048
4047
4046
4045
4044
4043
4042
4041
4039
4038
4034
4033
4032
4031
4030
4029
4028
4027
4026
4025
4024
4023
4022
4021
4020
4019
4018
4017
4016
4015
4014
4013
4012
4011
4010
4009
4008
4007
4006
4005
4004
4003
4002
4001
4000
3999
3998
3996
3994
3991
3990
3989
3988
3987
3986
3985
3983
3982
3978
3976
3975
3974
3973
3972
3971
3970
3969
3968
3967
3966
3965
3964
3963
3956
3953
3952
3951
3950
3949
3948
3947
3945
3944
3943
3942
3941
3940
3939
3938
3937
3936
3935
3934
3933
3932
3931
3930
3929
3927
3926
3925
3924
3923
3922
3921
3920
3918
3917
3916
3915
3914
3913
3912
3911
3910
3909
3908
3907
3904
3903
3902
3901
3900
3899
3898
3897
3896
3895
3894
3893
3892
3891
3890
3889
3888
3887
3883
3882
3881
3880
3879
3878
3877
3876
3875
3874
3873
3872
3871
3870
3869
3868
3867
3865
3864
3863
3862
3861
3860
3857
3856
3855
3854
3853
3852
3851
3848
3847
3845
3844
3843
3842
3841
3840
3839
3838
3837
3836
3835
3834
3833
3832
3831
3830
3762
3753
3750
3749
3734
3715
3713
3709
3702
3695
3691
3661
3639
3585
3581
3575
3553
3524
3523
3479
3454
3453
3444
3432
3424
3423
3343
3313
3308
3223
3216
3203
3202
3201
3199
3198
3197
3196
3195
3194
3192
3191
3189
3188
3187
3185
3184
3183
3180
3179
3178
3177
3176
3175
3174
3173
3172
3171
3170
3169
3168
3167
3166
3165
3164
3163
3162
3161
3160
3159
3158
3157
3156
3153
3151
3150
3149
3148
3147
3146
3145
3144
3143
3142
3141
3140
3139
3138
3137
3136
3135
3134
3133
3132
3131
3130
3129
3128
3127
3126
3124
3122
3121
3120
3119
3117
3116
3115
3114
3113
3111
3110
3108
3107
3105
3104
3103
3102
3101
3099
3098
3097
3096
3095
3094
3093
3092
3091
3090
3089
3088
3087
3086
3085
3084
3083
3082
3081
3080
3079
3078
3077
3076
3074
3073
3072
3071
3070
3069
3068
3066
3065
3064
3062
3061
3060
3059
3058
3057
3056
3055
3054
3053
3052
3050
3048
3047
3044
3043
3039
3038
3037
3036
3031
3030
3029
3028
3021
3020
3016
3015
3014
3013
3012
3009
3008
3007
3006
3005
3004
3003
3002
3001
3000
2999
2998
2997
2995
2992
2991
2990
2989
2988
2984
2983
2982
2981
2980
2979
2978
2977
2976
2974
2973
2972
2971
2970
2969
2968
2967
2966
2965
2964
2963
2962
2961
2960
2959
2958
2957
2956
2955
2954
2953
2952
2951
2950
2949
2948
2947
2946
2944
2932
2931
2930
2929
2927
2924
2923
2922
2921
2919
2918
2917
2916
2915
2914
2913
2912
2911
2910
2909
2908
2907
2906
2905
2904
2903
2902
2901
2900
2893
2892
2886
2884
2883
2882
2881
2880
2879
2878
2877
2876
2875
2874
2873
2872
2870
2869
2868
2867
2866
2865
2864
2863
2862
2861
2860
2859
2858
2857
2856
2855
2854
2853
2852
2851
2850
2849
2848
2847
2846
2839
2838
2831
2830
2829
2828
2827
2826
2825
2824
2823
2822
2821
2820
2819
2816
2815
2814
2813
2812
2811
2810
2809
2808
2807
2806
2805
2804
2803
2802
2801
2800
2799
2798
2797
2796
2795
2794
2791
2786
2778
15630
2777
15629
2776
15628
2775
15627
2774
15626
2773
15625
2772
15624
2771
15623
2770
15622
2769
15621
2768
15620
2767
15619
2766
15618
2765
15617
2764
15616
2763
15615
2762
15613
2760
15612
2759
15611
2758
15610
2757
15609
2756
15608
2755
15607
2754
15606
2753
15605
2752
15604
2751
15603
2750
15602
2749
15601
2748
15600
2747
15599
2746
15598
2745
15597
2744
2743
15595
2742
15594
2741
15587
2734
2733
15584
2731
15582
2729
15581
2728
15580
2727
15578
2725
15576
2723
15575
2722
15574
2721
15573
2720
15572
2719
15571
2718
2717
2716
15568
2715
15567
2714
2713
2712
2711
15562
2709
15561
2708
15559
2706
2705
2704
2702
15554
2701
15553
2700
2699
15551
2698
2697
2696
2695
2694
15546
2693
15545
2692
15544
2691
15543
2690
15542
2689
15541
2688
15540
2687
15538
2685
15537
2684
15536
2683
15535
2682
15534
2681
15533
2680
15532
2679
15531
2678
15530
2677
15529
2676
15525
2672
15524
2671
15523
2670
15522
2669
15520
2667
15519
2666
15518
2665
15517
2664
15516
2663
15513
2660
15512
2659
15511
2658
15510
2657
2653
15505
2652
15504
2651
15503
2650
15502
2649
15501
2648
15500
2647
15499
2646
15498
2645
15497
2644
15496
2643
15495
2642
15494
2641
15493
2640
15492
2639
15491
2638
15490
2637
15489
2636
15488
2635
15487
2634
2633
15485
2632
15484
2631
15483
2630
15482
2629
15480
2627
15479
2626
15478
2625
15477
2624
15476
2623
15475
2622
15474
2621
15473
2620
2619
15471
2618
15470
2617
15469
2616
15468
2615
2614
2613
2611
2610
2609
2608
2607
2606
2605
2604
2603
15455
2602
15454
2601
15453
2600
15452
2599
15451
2598
15450
2597
15449
2596
2595
15447
2594
15446
2593
15445
2592
2591
2590
2589
2588
15439
2586
15438
2585
15437
2584
15436
2583
15435
2582
15434
2581
15433
2580
15432
2579
15430
2577
15429
2576
15428
2575
2574
2572
15424
2571
15423
2570
15422
2569
15421
2568
15420
2567
15419
2566
15409
2556
15408
2555
15407
2554
15406
2553
15405
2552
15404
2551
15402
2549
15401
2548
2547
15399
2546
2545
15397
2544
2543
15395
2542
15394
2541
15393
2540
15392
2539
15391
2538
15390
2537
15388
2535
15387
2534
15386
2533
15385
2532
15384
2531
15383
2530
15381
2528
15380
2527
15379
2526
15378
2525
15376
2523
15375
2522
15374
2521
15373
2520
15372
2519
15371
2518
15370
2517
15369
2516
15368
2515
15367
2514
15366
2513
2512
2511
15363
2510
2509
2507
2506
2505
15357
2504
2503
2501
15351
2498
15346
2493
2492
2490
2488
15338
2485
15337
2484
15336
2483
15335
2482
15333
2480
15332
2479
15331
2478
15330
2477
15329
2476
15328
2475
15327
2474
15326
2473
15324
2471
15323
2470
2469
15318
2465
15317
2464
15316
2463
15315
2462
15314
2461
15313
2460
15312
2459
15311
2458
15310
2457
15309
2456
15308
2455
15307
2454
15306
2453
15305
2452
15304
2451
2450
15302
2449
15301
2448
2447
15299
2446
15298
2445
15296
2443
15295
2442
15294
2441
15293
2440
15292
2439
15291
2438
15289
2436
15288
2435
15286
2433
15282
2429
15280
2427
15279
2426
2425
15277
2424
2423
15275
2422
2421
15273
2420
15272
2419
15270
2417
15269
2416
2415
15267
2414
2413
15265
2412
2411
15263
2410
2409
15261
2408
2407
15259
2406
2405
2404
2403
2402
2401
2400
2399
2398
15250
2397
15249
2396
15248
2395
15247
2394
15245
2392
15243
2390
2385
15237
2384
15235
2382
15234
2381
15233
2380
15232
2379
15231
2378
15230
2377
15229
2376
15228
2375
15227
2374
15226
2373
15225
2372
15224
2371
15223
2370
15221
2368
15220
2367
15219
2366
15218
2365
15217
2364
15216
2363
15215
2362
15213
2360
15211
2358
15205
2352
15202
2349
2348
2346
15198
2345
2344
2343
15195
2342
2339
15191
2338
15190
2337
2336
15188
2335
2334
15186
2333
2332
2331
15183
2330
15182
2329
2328
15180
2327
15179
2326
15178
2325
2324
2323
2322
2321
15173
2320
15172
2319
15171
2318
15170
2317
15169
2316
15168
2315
15167
2314
15166
2313
15165
2312
15164
2311
15163
2310
15162
2309
15161
2308
2307
2306
2305
2304
2303
15155
2302
2301
15153
2300
2299
15151
2298
2297
15149
2296
15147
2294
2293
15143
2290
2288
2287
15139
2286
2285
2283
2282
15133
2280
15132
2279
15131
2278
15130
2277
15129
2276
15128
2275
15127
2274
15120
2267
15114
2261
15113
2260
15111
2258
15110
2257
15109
2256
15107
2254
15106
2253
15105
2252
15104
2251
15103
2250
15101
2248
15100
2247
15098
2245
15097
2244
2243
15095
2242
2241
15093
2240
2239
15091
2238
15090
2237
2236
2235
2234
2233
15085
2232
2231
15083
2230
2229
15074
2221
15073
2220
15070
2217
15069
2216
15067
2214
2213
15065
2212
2211
15063
2210
2209
15061
2208
15060
2207
15058
2205
2204
2203
2197
2196
15047
2194
15044
2191
15043
2190
2185
15037
2184
2182
2181
2180
15032
2179
2175
15021
2168
15020
2167
15018
2165
2162
15014
2161
15013
2160
15012
2159
15011
2158
15010
2157
15009
2156
15008
2155
15007
2154
15006
2153
15005
2152
15004
2151
15003
2150
15002
2149
15001
2148
15000
2147
2146
2145
14997
2144
14996
2143
14995
2142
14994
2141
14993
2140
14992
2139
14991
2138
14990
2137
14989
2136
14988
2135
14987
2134
14986
2133
14985
2132
14984
2131
14983
2130
14982
2129
14981
2128
14979
2126
14974
2121
14973
2120
14972
2119
14969
2116
14968
2115
14967
2114
14966
2113
14965
2112
14964
2111
14963
2110
14962
2109
14961
2108
14960
2107
14959
2106
14958
2105
14957
2104
14955
2102
14954
2101
14953
2100
14952
2099
14951
2098
14950
2097
14949
2096
14947
2094
14946
2093
2091
2090
14942
2089
14941
2088
14940
2087
2086
14938
2085
2084
2080
2079
14930
2077
14929
2076
14928
2075
14927
2074
2073
14925
2072
14924
2071
14923
2070
14922
2069
14916
2063
14913
2060
14912
2059
14909
2056
14908
2055
14907
2054
14906
2053
14905
2052
14904
2051
14903
2050
14902
2049
14901
2048
14900
2047
14899
2046
14898
2045
14897
2044
14896
2043
14895
2042
14894
2041
14893
2040
14892
2039
14890
2037
14888
2035
14887
2034
14886
2033
14884
2031
14881
2028
14880
2027
14879
2026
14878
2025
14877
2024
14875
2022
14874
2021
14873
2020
2019
14871
2018
14870
2017
14869
2016
14868
2015
14867
2014
14866
2013
2012
14864
2011
14863
2010
14862
2009
14860
2007
14859
2006
14857
2004
14856
2003
14855
2002
14854
2001
14853
2000
14852
1999
14851
1998
14850
1997
14849
1996
14848
1995
14847
1994
14845
1992
1991
14843
1990
1988
1987
1986
14838
1985
1984
14836
1983
1982
1981
14833
1980
14832
1979
1978
14830
1977
1976
14828
1975
14827
1974
14826
1973
1971
1970
1969
14821
1968
14820
1967
14819
1966
14818
1965
14817
1964
14816
1963
14815
1962
14814
1961
14813
1960
14812
1959
14811
1958
14810
1957
14809
1956
14808
1955
1954
14806
1953
14805
1952
14804
1951
14803
1950
14801
1948
14800
1947
14795
1942
14794
1941
14791
1938
1934
1933
14785
1932
14781
1928
14780
1927
14779
1926
14778
1925
14777
1924
14776
1923
14775
1922
14774
1921
14773
1920
14771
1918
14770
1917
14769
1916
14768
1915
14767
1914
14766
1913
14765
1912
14764
1911
14763
1910
14762
1909
14761
1908
14760
1907
14759
1906
14758
1905
14757
1904
14756
1903
14755
1902
14754
1901
14753
1900
14752
1899
14751
1898
14750
1897
14749
1896
14748
1895
14747
1894
1893
1892
1891
1890
14742
1889
1888
14740
1887
1886
1885
1884
14736
1883
14735
1882
1881
1880
1879
14731
1878
14730
1877
14729
1876
14728
1875
14727
1874
14726
1873
14725
1872
14724
1871
14723
1870
14722
1869
14721
1868
14720
1867
1866
14717
1864
14716
1863
14713
1860
14712
1859
14711
1858
14710
1857
14709
1856
14708
1855
14707
1854
14706
1853
14705
1852
14704
1851
14703
1850
14702
1849
14701
1848
14700
1847
14699
1846
14698
1845
14697
1844
14696
1843
14695
1842
14694
1841
14693
1840
14692
1839
14691
1838
14690
1837
14689
1836
14688
1835
14687
1834
1833
1832
14682
1829
1828
14680
1827
14679
1826
1825
14677
1824
14676
1823
14675
1822
14674
1821
14673
1820
14672
1819
14671
1818
14668
1815
14667
1814
14664
1811
14661
1808
14660
1807
14659
1806
14658
1805
14657
1804
14655
1802
14654
1801
14653
1800
14652
1799
14650
1797
14648
1795
14647
1794
14646
1793
14645
1792
14644
1791
1789
1788
14614
1761
14590
1737
14560
1707
14555
1702
14485
1632
14475
1622
14470
1617
1610
1597
1596
14448
1595
14447
1594
1593
1592
14444
1591
14443
1590
14442
1589
14441
1588
14440
1587
14439
1586
14438
1585
14437
1584
14436
1583
14435
1582
14434
1581
14433
1580
14431
1578
1577
14429
1576
14428
1575
14427
1574
14426
1573
14425
1572
14424
1571
14420
1567
14419
1566
14418
1565
14417
1564
1563
14415
1562
14414
1561
14413
1560
14411
1558
14410
1557
14409
1556
14408
1555
14405
1552
14404
1551
14403
1550
14402
1549
14401
1548
14400
1547
14399
1546
14398
1545
14397
1544
14396
1543
14395
1542
14394
1541
14393
1540
14392
1539
14391
1538
14390
1537
14389
1536
14388
1535
14387
1534
14386
1533
14385
1532
14384
1531
14383
1530
14382
1529
14381
1528
14380
1527
14379
1526
14377
1524
14376
1523
14375
1522
14374
1521
14373
1520
14372
1519
14371
1518
14370
1517
1516
1515
1514
1513
1512
1511
1510
1509
1508
14358
1505
14357
1504
14356
1503
14354
1501
14353
1500
14352
1499
14351
1498
14350
1497
14349
1496
14348
1495
1494
14346
1493
14345
1492
14344
1491
14343
1490
14342
1489
14341
1488
14340
1487
14339
1486
14338
1485
14337
1484
14336
1483
14335
1482
14334
1481
14333
1480
14332
1479
14331
1478
14330
1477
14329
1476
14328
1475
1474
14326
1473
14324
1471
14323
1470
14322
1469
14321
1468
14320
1467
14319
1466
14318
1465
14317
1464
14315
1462
14314
1461
14313
1460
14312
1459
14311
1458
1457
14309
1456
14308
1455
1454
14306
1453
14305
1452
14304
1451
14303
1450
14302
1449
14300
1447
14299
1446
14298
1445
14297
1444
14296
1443
14295
1442
14293
1440
14292
1439
14291
1438
14290
1437
14289
1436
14288
1435
14287
1434
14286
1433
14285
1432
14284
1431
14283
1430
14282
1429
14281
1428
14280
1427
14278
1425
14276
1423
14275
1422
14274
1421
14271
1418
14266
1413
1409
1408
1405
1404
14254
1401
14250
1397
14248
1395
14247
1394
14246
1393
14245
1392
14244
1391
14243
1390
14241
1388
14240
1387
14239
1386
14236
1383
14235
1382
14234
1381
14233
1380
7799
14231
1378
7798
14230
1377
7795
14227
1374
7794
14226
1373
14223
1370
7790
1369
7789
14221
1368
7788
14220
1367
7787
14219
1366
14218
1365
7785
14217
1364
7784
14216
1363
7783
14215
1362
7782
14214
1361
7781
14213
1360
14212
1359
7779
14211
1358
7778
14210
1357
7777
14209
1356
7776
14208
1355
7775
14207
1354
7774
14206
1353
1352
7772
14204
1351
14203
1350
14202
1349
1348
7768
14200
1347
7767
14199
1346
1345
7765
14197
1344
7764
14196
1343
7763
1342
7762
14194
1341
7761
14193
1340
7760
14192
1339
7759
1338
7758
14190
1337
7757
14189
1336
7756
14188
1335
7755
14187
1334
7749
1328
7748
1327
7747
1326
7746
1325
7745
1324
7744
1323
7743
14175
1322
7742
14174
1321
7741
14173
1320
7740
14172
1319
7739
14171
1318
7738
14170
1317
7737
14169
1316
7736
14168
1315
7735
1314
7734
1313
7733
14165
1312
7732
14164
1311
7731
1310
7730
14162
1309
7729
14161
1308
7728
14160
1307
7727
1306
7726
1305
7725
1304
7724
1303
7723
1302
7722
14154
1301
7721
14153
1300
7720
14152
1299
7719
14151
1298
7718
14150
1297
7716
14148
1295
7715
14147
1294
7714
14146
1293
7713
14145
1292
7712
14144
1291
7711
14143
1290
7709
1288
7706
14138
1285
7705
14137
1284
7696
14128
1275
7695
14127
1274
7694
14126
1273
7693
14125
1272
7692
14124
1271
7691
14123
1270
14122
1269
7689
14121
1268
7688
14120
1267
7687
14119
1266
7686
14118
1265
7685
14117
1264
7684
14116
1263
7683
14115
1262
7682
1261
7681
14113
1260
7680
14112
1259
7679
14111
1258
7678
1257
7677
14109
1256
7676
14108
1255
7675
14107
1254
7674
14106
1253
7673
14105
1252
7672
14104
1251
14103
1250
14102
1249
7669
14101
1248
7668
1247
7667
1246
7666
1245
1244
7664
1243
1242
14094
1241
7661
1240
1239
14091
1238
7658
14090
1237
7657
14089
1236
14088
1235
14087
1234
14086
1233
14085
1232
14084
1231
14083
1230
14082
1229
14081
1228
1227
14079
1226
14078
1225
7645
14077
1224
14073
1220
1219
7639
1218
7638
14070
1217
7637
14069
1216
7636
14068
1215
7635
14067
1214
7634
14066
1213
7633
14065
1212
7632
14064
1211
7631
14063
1210
7630
14062
1209
7629
14061
1208
7626
14058
1205
7625
14057
1204
7624
14056
1203
7623
14055
1202
7621
14053
1200
7620
14052
1199
14051
1198
7618
1197
7617
14049
1196
7616
14048
1195
7615
14047
1194
7614
14046
1193
7613
14045
1192
7612
14044
1191
7611
14043
1190
7610
14042
1189
7609
14041
1188
7608
14040
1187
7606
14038
1185
14037
1184
7604
14036
1183
7602
14034
1181
7601
14033
1180
7600
14032
1179
7598
14030
1177
7597
14029
1176
7596
14028
1175
7595
14027
1174
7594
14026
1173
7593
14025
1172
7592
14024
1171
14022
1169
7589
14021
1168
7587
14019
1166
7584
14016
1163
7582
14014
1161
7581
14013
1160
7580
14012
1159
7579
14011
1158
7577
14009
1156
7576
14008
1155
7575
14007
1154
7574
1153
7573
14005
1152
7572
14004
1151
7571
14003
1150
14002
1149
14001
1148
7568
14000
1147
7567
13999
1146
7564
13996
1143
13995
1142
7562
13994
1141
7561
13993
1140
7559
13991
1138
7558
13990
1137
7557
13989
1136
7556
13988
1135
7555
13987
1134
7554
1133
7553
13985
1132
7552
13984
1131
7551
13983
1130
7550
13982
1129
7549
13981
1128
7548
13980
1127
7547
13979
1126
7546
13978
1125
13977
1124
7544
13976
1123
13975
1122
7542
13974
1121
13973
1120
7540
13972
1119
13971
1118
7538
13970
1117
7537
13969
1116
7536
13968
1115
13967
1114
7534
1113
7533
13965
1112
7532
13964
1111
7531
13963
1110
7530
13962
1109
7529
13961
1108
13960
1107
13958
1105
13957
1104
7524
13956
1103
13955
1102
13954
1101
13953
1100
13952
1099
13951
1098
13950
1097
13949
1096
7516
13948
1095
7515
13947
1094
13946
1093
13945
1092
13944
1091
7511
13943
1090
13942
1089
7509
13941
1088
13940
1087
7507
13939
1086
13938
1085
13937
1084
13936
1083
13935
1082
13934
1081
13933
1080
7500
13932
1079
7499
13931
1078
13930
1077
7497
13929
1076
7496
13928
1075
13927
1074
7494
13926
1073
7493
1072
7492
1071
7490
1069
7488
1067
7487
1066
7486
1065
1064
7484
1063
7483
1062
7482
13914
1061
7481
1060
7480
13912
1059
7479
13911
1058
7478
13910
1057
7477
13909
1056
7476
1055
7475
13907
1054
7474
13906
1053
7473
1052
7472
13904
1051
7471
1050
7470
1049
7469
13901
1048
7468
13900
1047
7467
13899
1046
7466
13898
1045
13897
1044
7464
13896
1043
7463
13895
1042
7462
13894
1041
7461
13893
1040
7460
13892
1039
7459
13891
1038
7458
13890
1037
7457
13889
1036
7456
13888
1035
7453
13885
1032
13883
1030
7449
13881
1028
7448
13880
1027
7447
13879
1026
7446
13878
1025
7444
13876
1023
7443
13875
1022
7442
13874
1021
7441
13873
1020
7440
13872
1019
7437
13869
1016
7436
13868
1015
7434
13866
1013
7433
13865
1012
7432
13864
1011
7431
13863
1010
7430
13862
1009
7428
13860
1007
7427
13859
1006
7425
13857
1004
7424
13856
1003
7423
13855
1002
7422
13854
1001
7421
1000
7420
13852
999
7419
998
7418
997
7417
13849
996
7416
13848
995
7415
13847
994
7414
13846
993
7413
13845
992
7412
13844
991
7411
13843
990
7410
13842
989
7409
988
7408
13840
987
7407
13839
986
7406
13838
985
7405
13837
984
13836
983
7403
13835
982
7402
13834
981
7399
13831
978
7397
13829
976
7395
13827
974
7394
13826
973
7393
13825
972
7392
13824
971
7391
13823
970
7390
13822
969
7389
13821
968
7388
13820
967
13819
966
13818
965
7385
13817
964
13816
963
7383
13815
962
13814
961
7381
13813
960
13812
959
13811
958
7378
13810
957
13809
956
7376
13808
955
7375
13807
954
7374
13806
953
7373
13805
952
13804
951
13803
950
13802
949
7369
13801
948
13800
947
13799
946
13798
945
13797
944
7364
13796
943
13795
942
7362
13794
941
7361
13793
940
938
7357
936
7356
13788
935
7355
13787
934
7354
13786
933
7353
13785
932
13784
931
7351
13783
930
7350
13782
929
13781
928
7348
13780
927
7347
13779
926
7346
13778
925
7344
13776
923
7343
13775
922
7342
13774
921
7341
13773
920
7340
13772
919
7339
13771
918
7338
13770
917
7336
13768
915
7333
13765
912
7332
13764
911
7331
13763
910
7330
13762
909
908
7328
13760
907
7327
13759
906
7326
13758
905
7325
904
7324
13756
903
7323
13755
902
7322
901
7321
13753
900
7320
13752
899
7319
13751
898
7318
13750
897
7317
896
7316
13748
895
7315
894
7314
13746
893
7312
13744
891
7308
13740
887
7307
13739
886
7305
13737
884
13733
880
7300
13732
879
7299
13731
878
7298
13730
877
7297
13729
876
7296
13728
875
7295
874
7294
13726
873
7293
13725
872
7292
13724
871
7291
13723
870
7290
13722
869
7289
13721
868
7253
13685
832
7243
822
7238
817
7231
810
7218
797
7217
13649
796
7216
795
794
792
7211
790
788
7208
787
783
7202
13634
781
13633
780
13631
778
7196
13628
775
7194
13626
773
7193
13625
772
7192
771
13623
770
13622
769
7188
13620
767
13616
763
7183
13615
762
7182
13614
761
7181
13613
760
7173
13605
752
7171
13603
750
13602
749
13600
747
13599
746
13598
745
13597
744
13596
743
7163
13595
742
13594
741
7161
13593
740
7160
13592
739
7159
13591
738
7158
13590
737
7157
13589
736
7156
13588
735
7155
13587
734
7154
13586
733
7153
13585
732
13584
731
7151
13583
730
7150
13582
729
7149
13581
728
7148
13580
727
7147
13579
726
13578
725
13577
724
7144
13576
723
7143
13575
722
7142
13574
721
7141
13573
720
7140
13572
719
7138
13570
717
7137
13569
716
7136
13568
715
7135
13567
714
7132
13564
711
7131
13563
710
7130
13562
709
7129
13561
708
7128
13560
707
7127
13559
706
7126
13558
705
7125
13557
704
7124
13556
703
7123
13555
702
7122
13554
701
7121
13553
700
7120
13552
699
7119
13551
698
7118
13550
697
7117
13549
696
7116
13548
695
7115
13547
694
7114
13546
693
7113
13545
692
13544
691
7111
13543
690
7110
13542
689
7109
13541
688
7108
13540
687
7107
13539
686
13538
685
7105
13537
684
7104
13536
683
7103
13535
682
7102
13534
681
7101
13533
680
7100
13532
679
7099
13531
678
7098
13530
677
7097
13529
676
7096
13528
675
7095
13527
674
7094
13526
673
7093
13525
672
7092
13524
671
7091
13523
670
7090
13522
669
7089
13521
668
7088
13520
667
7087
13519
666
7086
13518
665
7085
13517
664
13516
663
7083
13515
662
7082
661
7081
660
7080
659
7079
658
7078
657
7077
656
7076
655
7074
653
7072
651
7071
13503
650
7070
13502
649
13501
648
647
13499
646
13498
645
13497
644
643
13495
642
13494
641
13493
640
13492
639
13491
638
7058
13490
637
7057
13489
636
13488
635
7055
13487
634
7053
13485
632
13484
631
7051
13483
630
7050
13482
629
7049
13481
628
7048
13480
627
3829
7047
13479
626
3828
7046
13478
625
3827
13477
624
3826
7044
13476
623
3825
7043
13475
622
7042
13474
621
3823
7041
13473
620
3822
7040
13472
619
3821
7039
13471
618
3820
7038
13470
617
3819
7037
13469
616
7036
13468
615
7035
13467
614
7034
13466
613
7033
13465
612
3814
7032
13464
611
7031
13463
610
7030
13462
609
7029
13461
608
7028
13460
607
7027
13459
606
7026
13458
605
3807
7025
13457
604
3806
7024
13456
603
3805
7023
13455
602
3804
7022
13454
601
3803
7021
13453
600
7020
13452
599
3801
7019
13451
598
3800
7018
13450
597
3799
7017
13449
596
3798
7016
13448
595
7015
13447
594
3796
7014
13446
593
3795
7013
13445
592
3794
7012
13444
591
7011
13443
590
3792
7010
13442
589
3791
7009
13441
588
3790
7008
13440
587
3789
7007
13439
586
3788
7006
13438
585
3787
7005
13437
584
3786
7004
13436
583
3785
7003
582
3784
7002
13434
581
3783
7001
580
3782
7000
13432
579
3781
6999
578
3780
6998
13430
577
3779
6997
576
3778
6996
13428
575
3777
6995
574
3776
6994
573
3775
6993
572
3774
13424
571
3773
6991
570
3772
6990
569
3771
6989
568
3770
6988
567
3769
6987
566
3768
6986
565
3767
6985
564
3766
6984
563
3765
6983
562
3764
6982
561
3763
6981
560
3761
6979
13411
558
3760
6978
13410
557
3759
6977
13409
556
3758
6976
13408
555
3757
6975
13407
554
3756
6974
13406
553
3755
6973
13405
552
3754
6972
13404
551
3752
6970
13402
549
3751
6969
13401
548
3748
6966
13398
545
3747
13397
544
3746
13396
543
3745
13395
542
3744
13394
541
3743
540
3742
6960
13392
539
3741
13391
538
6958
13390
537
536
535
3737
6955
534
3736
6954
13386
533
3735
6953
13385
532
3733
6951
13383
530
3732
6950
13382
529
3731
6949
13381
528
3730
6948
13380
527
3729
6947
13379
526
3728
6946
13378
525
3727
6945
524
3726
13376
523
3725
6943
13375
522
3724
6942
521
6941
13373
520
13372
519
3721
6939
13371
518
3720
6938
13370
517
6937
13369
516
6936
13368
515
6935
514
3716
6934
513
3714
6932
13364
511
6930
509
6929
508
3708
6926
505
3707
6925
504
3706
6924
13356
503
3705
6923
13355
502
6922
13354
501
3703
6921
13353
500
3701
6919
498
3700
6918
497
13349
496
3698
13348
495
3697
6915
13347
494
13346
493
3692
6910
13342
489
3690
6908
13340
487
3689
6907
13339
486
3688
6906
13338
485
3687
6905
13337
484
3686
6904
13336
483
3685
6903
13335
482
3684
6902
13334
481
3683
6901
13333
480
3682
6900
13332
479
3681
6899
478
3680
13330
477
476
13328
475
3677
474
3676
473
3675
13325
472
3674
6892
13324
471
470
3672
13322
469
3671
6889
13321
468
3670
6888
13320
467
6887
466
6886
13318
465
6885
13317
464
6884
13316
463
3665
6883
13315
462
3664
6882
13314
461
3663
6881
13313
460
3662
6880
13312
459
3660
6878
13310
457
3659
6877
13309
456
3658
6876
13308
455
3657
6875
13307
454
3656
6874
453
3655
6873
13305
452
3654
6872
451
3653
13303
450
6870
13302
449
3651
6869
13301
448
3650
6868
13300
447
3649
6867
446
6866
445
3647
6865
444
3646
6864
443
3645
6863
442
6862
441
3643
6861
440
6860
439
6859
438
3640
6858
437
6856
435
3637
6855
434
3636
6854
433
3635
6853
432
3634
6852
431
3633
6851
430
3632
6850
13282
429
3631
6849
428
3630
6848
427
3629
6847
426
3628
6846
13278
425
3627
6845
424
3626
6844
423
3625
6843
422
3624
6842
13274
421
3620
6838
13270
417
6831
13263
410
3600
6818
13250
397
3599
13249
396
6816
13248
395
13247
394
6814
13246
393
13245
392
13243
390
6809
388
3590
6808
13240
387
3589
6807
13239
386
3588
6806
13238
385
3587
6805
13237
384
3586
6804
13236
383
3584
6802
13234
381
3583
6801
13233
380
3582
6800
13232
379
3580
6798
377
3579
6797
13229
376
3578
6796
13228
375
3577
6795
13227
374
3576
13226
373
3574
13224
371
3573
13223
370
3572
13222
369
3571
6789
13221
368
3570
6788
13220
367
3569
6787
13219
366
3568
6786
13218
365
3567
6785
13217
364
3566
6784
13216
363
3565
6783
13215
362
3564
6782
13214
361
3563
6781
13213
360
3562
6780
13212
359
3561
6779
13211
358
3560
6778
13210
357
3559
6777
13209
356
3558
6776
13208
355
3557
6775
13207
354
3556
6774
13206
353
3555
6773
13205
352
3554
6772
13204
351
3552
6770
13202
349
3551
6769
348
3550
6768
347
3549
6767
346
3548
6766
345
3547
6765
344
3546
6764
343
3545
6763
342
3544
6762
341
3543
6761
340
3542
6760
13192
339
3541
6759
13191
338
6758
13190
337
3539
6757
13189
336
3538
6756
13188
335
3537
6755
13187
334
3536
6754
13186
333
3535
6753
13185
332
3534
6752
13184
331
3533
6751
13183
330
3532
6750
13182
329
3531
6749
13181
328
3530
6748
13180
327
3529
6747
326
3528
6746
325
3527
6745
13177
324
3526
6744
13176
323
6743
13175
322
3522
6740
13172
319
3521
6739
13171
318
3520
6738
13170
317
3519
6737
13169
316
3518
6736
13168
315
3517
6735
13167
314
3516
6734
13166
313
3515
6733
13165
312
3514
6732
13164
311
3513
6731
13163
310
3512
6730
13162
309
3511
6729
13161
308
3510
6728
13160
307
3509
6727
13159
306
3508
6726
13158
305
3507
6725
13157
304
3506
6724
13156
303
3505
6723
13155
302
3504
6722
13154
301
3503
13153
300
3502
6720
13152
299
3501
13151
298
3500
13150
297
3499
13149
296
3498
13148
295
3497
6715
13147
294
3496
13146
293
3495
6713
13145
292
3494
6712
13144
291
3493
6711
13143
290
3492
6710
289
3491
6709
13141
288
3490
6708
13140
287
3489
6707
13139
286
3488
6706
13138
285
3487
6705
13137
284
3486
13136
283
3485
6703
13135
282
3484
6702
13134
281
3483
6701
13133
280
6700
13132
279
3481
6699
13131
278
3480
6698
13130
277
3478
6696
13128
275
3477
6695
13127
274
3476
6694
13126
273
6693
13125
272
3474
6692
13124
271
3473
6691
13123
270
13122
269
6689
13121
268
3470
6688
13120
267
6687
13119
266
6686
13118
265
6685
13117
264
6684
13116
263
13115
262
6682
13114
261
13113
260
6680
13112
259
6679
13111
258
3460
6678
13110
257
6677
13109
256
3458
6676
255
3457
6675
254
3456
6674
13106
253
3455
6673
13105
252
3452
6670
13102
249
3451
13101
248
3450
13100
247
3449
13099
246
13098
245
13097
244
3446
13096
243
3445
13095
242
3443
13093
240
3442
13092
239
3441
13091
238
3440
13090
237
3439
13089
236
3438
13088
235
6655
13087
234
3436
6654
13086
233
3435
13085
232
3434
13084
231
3433
6651
13083
230
3431
6649
13081
228
3430
6648
13080
227
3429
6647
13079
226
3428
6646
13078
225
3427
6645
13077
224
3426
6644
13076
223
3425
6643
13075
222
3422
6640
13072
219
3421
13071
218
3420
13070
217
3419
6637
13069
216
3418
6636
13068
215
3417
6635
214
3416
6634
213
3415
13065
212
3414
13064
211
3413
13063
210
3412
13062
209
3411
13061
208
3410
6628
13060
207
3409
6627
13059
206
3400
6618
197
6617
13049
196
6616
195
3397
6615
13047
194
3396
6614
193
6613
192
3394
6612
191
1787
6611
190
1786
3392
6610
13042
189
14638
1785
3391
6609
13041
188
14637
1784
3390
6608
13040
187
14636
1783
6607
13039
186
14635
1782
3388
6606
13038
185
14634
1781
3387
6605
13037
184
14633
1780
3386
6604
13036
183
14632
1779
3385
6603
13035
182
14631
1778
6602
13034
181
14630
1777
6601
13033
180
14629
1776
3382
6600
13032
179
14628
1775
3381
6599
13031
178
14627
1774
3380
6598
13030
177
14626
1773
3379
6597
13029
176
14625
1772
3378
6596
13028
175
14624
1771
3377
6595
13027
174
14623
1770
3376
13026
173
14622
1769
3375
6593
13025
172
14621
1768
3374
6592
13024
171
14620
1767
3373
6591
13023
170
14619
1766
3372
6590
13022
169
1765
3371
6589
13021
168
1764
6588
13020
167
1763
6587
13019
166
14615
1762
6586
13018
165
14613
1760
6584
13016
163
1759
6583
13015
162
1758
6582
13014
161
1757
3363
6581
160
14609
1756
6580
13012
159
1755
6579
13011
158
1754
6578
13010
157
14606
1753
3359
6577
13009
156
1752
6576
155
14604
1751
3357
6575
154
14603
1750
3356
6574
13006
153
14602
1749
3355
6573
13005
152
1748
6572
13004
151
14600
1747
3353
6571
13003
150
14599
1746
3352
6570
13002
149
14598
1745
3351
6569
13001
148
14597
1744
3350
6568
147
14596
1743
3349
6567
146
14595
1742
3348
6566
12998
145
3347
6565
144
14593
1740
3346
6564
12996
143
14592
1739
6563
12995
142
14591
1738
3344
6562
12994
141
14589
1736
3342
6560
12992
139
1735
3341
6559
12991
138
14587
1734
3340
6558
12990
137
14586
1733
3339
6557
136
3338
6556
12988
135
3337
6555
12987
134
14583
1730
3336
6554
12986
133
1729
3335
6553
12985
132
14581
1728
3334
6552
12984
131
14580
1727
3333
6551
130
14579
1726
3332
6550
129
3331
6549
128
14577
1724
3330
6548
127
3329
6547
126
14575
1722
3328
6546
125
1721
3327
6545
12977
124
1720
3326
6544
123
14572
1719
3325
6543
122
1718
3324
6542
121
1717
3323
6541
120
1716
3322
6540
119
1715
3321
6539
118
1714
3320
6538
12970
117
1713
12969
116
1712
3318
12968
115
14564
1711
6535
12967
114
1710
6534
12966
113
14562
1709
3315
6533
12965
112
14561
1708
3314
6532
12964
111
14559
1706
3312
6530
12962
109
14558
1705
3311
6529
108
1704
6528
12960
107
14556
1703
3309
6527
12959
106
14554
1701
3307
6525
12957
104
1700
3306
6524
12956
103
1699
12955
102
14547
1694
3300
12950
97
14546
1693
3299
12949
96
14545
1692
3298
12948
95
14544
1691
3297
6515
12947
94
14543
1690
3296
6514
12946
93
14542
1689
3295
6513
92
14541
1688
3294
6512
12944
91
14540
1687
3293
6511
12943
90
14539
1686
3292
6510
12942
89
14538
1685
3291
6509
12941
88
14537
1684
3290
6508
12940
87
3289
6507
12939
86
14535
1682
3288
6506
12938
85
14534
1681
3287
6505
12937
84
14533
1680
3286
6504
12936
83
14532
1679
3285
6503
12935
82
14531
1678
3284
6502
12934
81
14530
1677
3283
6501
12933
80
14529
1676
3282
6500
12932
79
3281
6499
12931
78
3280
6498
12930
77
14526
1673
3279
6497
12929
76
14525
1672
3278
6496
12928
75
14524
1671
3277
6495
12927
74
14523
1670
6494
12926
73
3275
6493
72
3274
6492
71
13720
867
3273
6491
12923
70
7287
866
14519
1666
3272
6490
12922
69
7286
865
3271
6489
68
7285
13717
864
14517
1664
3270
6488
67
7284
13716
863
14516
1663
3269
6487
12919
66
7283
13715
862
1662
3268
6486
65
7282
861
14514
1661
3267
12917
64
7281
13713
860
14513
1660
3266
12916
63
7280
13712
859
14512
1659
3265
12915
62
7279
13711
858
14511
1658
3264
12914
61
7278
13710
857
14510
1657
12913
60
7277
13709
856
14509
1656
3262
12912
59
7276
13708
855
14508
1655
12911
58
7275
13707
854
14507
1654
12910
57
7274
13706
853
14506
1653
3259
12909
56
13705
852
14505
1652
3258
6476
12908
55
13704
851
14504
1651
3257
6475
54
13703
850
14503
1650
3256
6474
12906
53
7270
13702
849
14502
1649
3255
6473
12905
52
7265
13697
844
14497
1644
6468
12900
47
7264
13696
843
14496
1643
6467
12899
46
7263
842
14495
1642
3248
6466
12898
45
7262
841
14494
1641
12897
44
7261
840
14493
1640
12896
43
7260
839
14492
1639
3245
6463
12895
42
7259
838
14491
1638
6462
12894
41
837
14490
1637
3243
6461
12893
40
13689
836
14489
1636
3242
6460
39
835
14488
1635
3241
6459
12891
38
7255
834
14487
1634
6458
12890
37
7254
13686
833
14486
1633
3239
6457
12889
36
7252
13684
831
14484
1631
3237
6455
12887
34
7251
13683
830
14483
1630
3236
6454
33
7250
13682
829
14482
1629
3235
6453
12885
32
7249
13681
828
14481
1628
3234
6452
31
7248
13680
827
14480
1627
3233
6451
30
7247
13679
826
14479
1626
3232
6450
12882
29
7246
13678
825
14478
1625
3231
6449
28
7245
13677
824
14477
1624
3230
6448
27
3623
6841
13273
420
7241
13673
820
14473
1620
3226
6444
23
3622
6840
13272
419
7240
819
1619
3225
22
3621
6839
13271
418
7239
13671
818
1618
3224
6442
21
3619
6837
13269
416
7237
816
14469
1616
3222
6440
12872
19
3618
6836
13268
415
7236
13668
815
14468
1615
6439
18
3617
6835
13267
414
7235
13667
814
1614
3220
6438
12870
17
3616
6834
13266
413
7234
13666
813
14466
1613
3219
6437
12869
16
3615
6833
13265
412
7233
13665
812
1612
3218
6436
12868
15
6832
13264
411
7232
13664
811
14464
1611
3217
6435
12867
14
3612
6830
409
7230
809
14462
1609
3215
6433
12865
12
3611
6829
13261
408
7229
808
1608
3214
6432
11
6828
13260
407
7228
13660
807
14460
1607
3213
6431
10
6827
13259
406
14459
1606
3212
6430
12862
9
3408
6626
13058
205
6826
13258
405
7226
805
14458
1605
3211
6429
12861
8
3407
13057
204
6825
13257
404
7225
804
1604
12860
7
6624
13056
203
6824
13256
403
7224
803
14456
1603
3209
12859
6
3405
6623
13055
202
3605
6823
13255
402
7223
802
1602
6426
12858
5
7269
13701
848
14501
1648
3254
6472
12904
51
1698
3304
12954
101
3404
6622
201
3604
6822
13254
401
7222
801
1601
6425
12857
4
7244
13676
823
14476
1623
6447
12879
26
7268
13700
847
14500
1647
3253
6471
12903
50
14550
1697
6521
12953
100
3403
6621
200
3603
6821
13253
400
7221
800
1600
12856
3
7267
846
14499
1646
3252
6470
12902
49
1696
3302
6520
12952
99
3402
6620
199
3602
13252
399
7220
799
1599
12855
2
7242
13674
821
14474
1621
3227
24
7266
845
14498
1645
3251
6469
12901
48
1695
3301
6519
12951
98
6619
198
3601
6819
13251
398
7219
13651
798
1598
6422
12854
1
