0
1
2
3
4
5
6
7
8
9
10
11
12
13
14
15
16
17
18
19
20
21
22
23
24
25
26
27
28
29
30
31
32
33
34
35
36
37
38
39
40
41
42
43
44
45
46
47
48
49
50
51
52
53
54
55
56
57
58
59
60
61
62
63
64
65
66
67
68
69
70
71
72
73
74
75
76
77
78
79
80
81
82
83
84
85
86
87
88
89
90
91
92
93
94
95
96
97
98
99
100
101
102
103
104
105
106
107
108
109
110
111
112
113
114
115
116
117
118
119
120
121
122
123
124
125
126
127
128
129
130
131
132
133
134
135
136
137
138
139
140
141
142
143
144
145
146
147
148
149
150
151
152
153
154
155
156
157
158
159
160
161
162
163
164
165
166
167
168
169
170
171
172
173
174
175
176
177
178
179
180
181
182
183
184
185
186
187
188
189
190
191
192
193
194
195
196
197
198
199
200
201
202
203
204
205
206
207
208
209
210
211
212
213
214
215
216
217
218
219
220
221
222
223
224
225
226
227
228
229
230
231
232
233
234
235
236
237
238
239
240
241
242
243
244
245
246
247
248
249
250
251
252
253
254
255
256
257
258
259
260
261
262
263
264
265
266
267
268
269
270
271
272
273
274
275
276
277
278
279
280
281
282
283
284
285
286
287
288
289
290
291
292
293
294
295
296
297
298
299
300
301
302
303
304
305
306
307
308
309
310
311
312
313
314
315
316
317
318
319
320
321
322
323
324
325
326
327
328
329
330
331
332
333
334
335
336
337
338
339
340
341
342
343
344
345
346
347
348
349
350
351
352
353
354
355
356
357
358
359
360
361
362
363
364
365
366
367
368
369
370
371
372
373
374
375
376
377
378
379
380
381
382
383
384
385
386
387
388
389
390
391
392
393
394
395
396
397
398
399
400
401
402
403
404
405
406
407
408
409
410
411
412
413
414
415
416
417
418
419
420
421
422
423
424
425
426
427
428
429
430
431
432
433
434
435
436
437
438
439
440
441
442
443
444
445
446
447
448
449
450
451
452
453
454
455
456
457
458
459
460
461
462
463
464
465
466
467
468
469
470
471
472
473
474
475
476
477
478
479
480
481
482
483
484
485
486
487
488
489
490
491
492
493
494
495
496
497
498
499
500
501
502
503
504
505
506
507
508
509
510
511
512
513
514
515
516
517
518
519
520
521
522
523
524
525
526
527
528
529
530
531
532
533
534
535
536
537
538
539
540
541
542
543
544
545
546
547
548
549
550
551
552
553
554
555
556
557
558
559
560
561
562
563
564
565
566
567
568
569
570
571
572
573
574
575
576
577
578
579
580
581
582
583
584
585
586
587
588
589
590
591
592
593
594
595
596
597
598
599
600
601
602
603
604
605
606
607
608
609
610
611
612
613
614
615
616
617
618
619
620
621
622
623
624
625
626
627
628
629
630
631
632
633
634
635
636
637
638
639
640
641
642
643
644
645
646
647
648
649
650
651
652
653
654
655
656
657
658
659
660
661
662
663
664
665
666
667
668
669
670
671
672
673
674
675
676
677
678
679
680
681
682
683
684
685
686
687
688
689
690
691
692
693
694
695
696
697
698
699
700
701
702
703
704
705
706
707
708
709
710
711
712
713
714
715
716
717
718
719
720
721
722
723
724
725
726
727
728
729
730
731
732
733
734
735
736
737
738
739
740
741
742
743
744
745
746
747
748
749
750
751
752
753
754
755
756
757
758
759
760
761
762
763
764
765
766
767
768
769
770
771
772
773
774
775
776
777
778
779
780
781
782
783
784
785
786
787
788
789
790
791
792
793
794
795
796
797
798
799
800
801
802
803
804
805
806
807
808
809
810
811
812
813
814
815
816
817
818
819
820
821
822
823
824
825
826
827
828
829
830
831
832
833
834
835
836
837
838
839
840
841
842
843
844
845
846
847
848
849
850
851
852
853
854
855
856
857
858
859
860
861
862
863
864
865
866
867
868
869
870
871
872
873
874
875
876
877
878
879
880
881
882
883
884
885
886
887
888
889
890
891
892
893
894
895
896
897
898
899
900
901
902
903
904
905
906
907
908
909
910
911
912
913
914
915
916
917
918
919
920
921
922
923
924
925
926
927
928
929
930
931
932
933
934
935
936
937
938
939
940
941
942
943
944
945
946
947
948
949
950
951
952
953
954
955
956
957
958
959
960
961
962
963
964
965
966
967
968
969
970
971
972
973
974
975
976
977
978
979
980
981
982
983
984
985
986
987
988
989
990
991
992
993
994
995
996
997
998
999
1000
1001
1002
1003
1004
1005
1006
1007
1008
1009
1010
1011
1012
1013
1014
1015
1016
1017
1018
1019
1020
1021
1022
1023
1024
1025
1026
1027
1028
1029
1030
1031
1032
1033
1034
1035
1036
1037
1038
1039
1040
1041
1042
1043
1044
1045
1046
1047
1048
1049
1050
1051
1052
1053
1054
1055
1056
1057
1058
1059
1060
1061
1062
1063
1064
1065
1066
1067
1068
1069
1070
1071
1072
1073
1074
1075
1076
1077
1078
1079
1080
1081
1082
1083
1084
1085
1086
1087
1088
1089
1090
1091
1092
1093
1094
1095
1096
1097
1098
1099
1100
1101
1102
1103
1104
1105
1106
1107
1108
1109
1110
1111
1112
1113
1114
1115
1116
1117
1118
1119
1120
1121
1122
1123
1124
1125
1126
1127
1128
1129
1130
1131
1132
1133
1134
1135
1136
1137
1138
1139
1140
1141
1142
1143
1144
1145
1146
1147
1148
1149
1150
1151
1152
1153
1154
1155
1156
1157
1158
1159
1160
1161
1162
1163
1164
1165
1166
1167
1168
1169
1170
1171
1172
1173
1174
1175
1176
1177
1178
1179
1180
1181
1182
1183
1184
1185
1186
1187
1188
1189
1190
1191
1192
1193
1194
1195
1196
1197
1198
1199
1200
1201
1202
1203
1204
1205
1206
1207
1208
1209
1210
1211
1212
1213
1214
1215
1216
1217
1218
1219
1220
1221
1222
1223
1224
1225
1226
1227
1228
1229
1230
1231
1232
1233
1234
1235
1236
1237
1238
1239
1240
1241
1242
1243
1244
1245
1246
1247
1248
1249
1250
1251
1252
1253
1254
1255
1256
1257
1258
1259
1260
1261
1262
1263
1264
1265
1266
1267
1268
1269
1270
1271
1272
1273
1274
1275
1276
1277
1278
1279
1280
1281
1282
1283
1284
1285
1286
1287
1288
1289
1290
1291
1292
1293
1294
1295
1296
1297
1298
1299
1300
1301
1302
1303
1304
1305
1306
1307
1308
1309
1310
1311
1312
1313
1314
1315
1316
1317
1318
1319
1320
1321
1322
1323
1324
1325
1326
1327
1328
1329
1330
1331
1332
1333
1334
1335
1336
1337
1338
1339
1340
1341
1342
1343
1344
1345
1346
1347
1348
1349
1350
1351
1352
1353
1354
1355
1356
1357
1358
1359
1360
1361
1362
1363
1364
1365
1366
1367
1368
1369
1370
1371
1372
1373
1374
1375
1376
1377
1378
1379
1380
1381
1382
1383
1384
1385
1386
1387
1388
1389
1390
1391
1392
1393
1394
1395
1396
1397
1398
1399
1400
1401
1402
1403
1404
1405
1406
1407
1408
1409
1410
1411
1412
1413
1414
1415
1416
1417
1418
1419
1420
1421
1422
1423
1424
1425
1426
1427
1428
1429
1430
1431
1432
1433
1434
1435
1436
1437
1438
1439
1440
1441
1442
1443
1444
1445
1446
1447
1448
1449
1450
1451
1452
1453
1454
1455
1456
1457
1458
1459
1460
1461
1462
1463
1464
1465
1466
1467
1468
1469
1470
1471
1472
1473
1474
1475
1476
1477
1478
1479
1480
1481
1482
1483
1484
1485
1486
1487
1488
1489
1490
1491
1492
1493
1494
1495
1496
1497
1498
1499
1500
1501
1502
1503
1504
1505
1506
1507
1508
1509
1510
1511
1512
1513
1514
1515
1516
1517
1518
1519
1520
1521
1522
1523
1524
1525
1526
1527
1528
1529
1530
1531
1532
1533
1534
1535
1536
1537
1538
1539
1540
1541
1542
1543
1544
1545
1546
1547
1548
1549
1550
1551
1552
1553
1554
1555
1556
1557
1558
1559
1560
1561
1562
1563
1564
1565
1566
1567
1568
1569
1570
1571
1572
1573
1574
1575
1576
1577
1578
1579
1580
1581
1582
1583
1584
1585
1586
1587
1588
1589
1590
1591
1592
1593
1594
1595
1596
1597
1598
1599
1600
1601
1602
1603
1604
1605
1606
1607
1608
1609
1610
1611
1612
1613
1614
1615
1616
1617
1618
1619
1620
1621
1622
1623
1624
1625
1626
1627
1628
1629
1630
1631
1632
1633
1634
1635
1636
1637
1638
1639
1640
1641
1642
1643
1644
1645
1646
1647
1648
1649
1650
1651
1652
1653
1654
1655
1656
1657
1658
1659
1660
1661
1662
1663
1664
1665
1666
1667
1668
1669
1670
1671
1672
1673
1674
1675
1676
1677
1678
1679
1680
1681
1682
1683
1684
1685
1686
1687
1688
1689
1690
1691
1692
1693
1694
1695
1696
1697
1698
1699
1700
1701
1702
1703
1704
1705
1706
1707
1708
1709
1710
1711
1712
1713
1714
1715
1716
1717
1718
1719
1720
1721
1722
1723
1724
1725
1726
1727
1728
1729
1730
1731
1732
1733
1734
1735
1736
1737
1738
1739
1740
1741
1742
1743
1744
1745
1746
1747
1748
1749
1750
1751
1752
1753
1754
1755
1756
1757
1758
1759
1760
1761
1762
1763
1764
1765
1766
1767
1768
1769
1770
1771
1772
1773
1774
1775
1776
1777
1778
1779
1780
1781
1782
1783
1784
1785
1786
1787
1788
1789
1790
1791
1792
1793
1794
1795
1796
1797
1798
1799
1800
1801
1802
1803
1804
1805
1806
1807
1808
1809
1810
1811
1812
1813
1814
1815
1816
1817
1818
1819
1820
1821
1822
1823
1824
1825
1826
1827
1828
1829
1830
1831
1832
1833
1834
1835
1836
1837
1838
1839
1840
1841
1842
1843
1844
1845
1846
1847
1848
1849
1850
1851
1852
1853
1854
1855
1856
1857
1858
1859
1860
1861
1862
1863
1864
1865
1866
1867
1868
1869
1870
1871
1872
1873
1874
1875
1876
1877
1878
1879
1880
1881
1882
1883
1884
1885
1886
1887
1888
1889
1890
1891
1892
1893
1894
1895
1896
1897
1898
1899
1900
1901
1902
1903
1904
1905
1906
1907
1908
1909
1910
1911
1912
1913
1914
1915
1916
1917
1918
1919
1920
1921
1922
1923
1924
1925
1926
1927
1928
1929
1930
1931
1932
1933
1934
1935
1936
1937
1938
1939
1940
1941
1942
1943
1944
1945
1946
1947
1948
1949
1950
1951
1952
1953
1954
1955
1956
1957
1958
1959
1960
1961
1962
1963
1964
1965
1966
1967
1968
1969
1970
1971
1972
1973
1974
1975
1976
1977
1978
1979
1980
1981
1982
1983
1984
1985
1986
1987
1988
1989
1990
1991
1992
1993
1994
1995
1996
1997
1998
1999
2000
2001
2002
2003
2004
2005
2006
2007
2008
2009
2010
2011
2012
2013
2014
2015
2016
2017
2018
2019
2020
2021
2022
2023
2024
2025
2026
2027
2028
2029
2030
2031
2032
2033
2034
2035
2036
2037
2038
2039
2040
2041
2042
2043
2044
2045
2046
2047
2048
2049
2050
2051
2052
2053
2054
2055
2056
2057
2058
2059
2060
2061
2062
2063
2064
2065
2066
2067
2068
2069
2070
2071
2072
2073
2074
2075
2076
2077
2078
2079
2080
2081
2082
2083
2084
2085
2086
2087
2088
2089
2090
2091
2092
2093
2094
2095
2096
2097
2098
2099
2100
2101
2102
2103
2104
2105
2106
2107
2108
2109
2110
2111
2112
2113
2114
2115
2116
2117
2118
2119
2120
2121
2122
2123
2124
2125
2126
2127
2128
2129
2130
2131
2132
2133
2134
2135
2136
2137
2138
2139
2140
2141
2142
2143
2144
2145
2146
2147
2148
2149
2150
2151
2152
2153
2154
2155
2156
2157
2158
2159
2160
2161
2162
2163
2164
2165
2166
2167
2168
2169
2170
2171
2172
2173
2174
2175
2176
2177
2178
2179
2180
2181
2182
2183
2184
2185
2186
2187
2188
2189
2190
2191
2192
2193
2194
2195
2196
2197
2198
2199
2200
2201
2202
2203
2204
2205
2206
2207
2208
2209
2210
2211
2212
2213
2214
2215
2216
2217
2218
2219
2220
2221
2222
2223
2224
2225
2226
2227
2228
2229
2230
2231
2232
2233
2234
2235
2236
2237
2238
2239
2240
2241
2242
2243
2244
2245
2246
2247
2248
2249
2250
2251
2252
2253
2254
2255
2256
2257
2258
2259
2260
2261
2262
2263
2264
2265
2266
2267
2268
2269
2270
2271
2272
2273
2274
2275
2276
2277
2278
2279
2280
2281
2282
2283
2284
2285
2286
2287
2288
2289
2290
2291
2292
2293
2294
2295
2296
2297
2298
2299
2300
2301
2302
2303
2304
2305
2306
2307
2308
2309
2310
2311
2312
2313
2314
2315
2316
2317
2318
2319
2320
2321
2322
2323
2324
2325
2326
2327
2328
2329
2330
2331
2332
2333
2334
2335
2336
2337
2338
2339
2340
2341
2342
2343
2344
2345
2346
2347
2348
2349
2350
2351
2352
2353
2354
2355
2356
2357
2358
2359
2360
2361
2362
2363
2364
2365
2366
2367
2368
2369
2370
2371
2372
2373
2374
2375
2376
2377
2378
2379
2380
2381
2382
2383
2384
2385
2386
2387
2388
2389
2390
2391
2392
2393
2394
2395
2396
2397
2398
2399
2400
2401
2402
2403
2404
2405
2406
2407
2408
2409
2410
2411
2412
2413
2414
2415
2416
2417
2418
2419
2420
2421
2422
2423
2424
2425
2426
2427
2428
2429
2430
2431
2432
2433
2434
2435
2436
2437
2438
2439
2440
2441
2442
2443
2444
2445
2446
2447
2448
2449
2450
2451
2452
2453
2454
2455
2456
2457
2458
2459
2460
2461
2462
2463
2464
2465
2466
2467
2468
2469
2470
2471
2472
2473
2474
2475
2476
2477
2478
2479
2480
2481
2482
2483
2484
2485
2486
2487
2488
2489
2490
2491
2492
2493
2494
2495
2496
2497
2498
2499
2500
2501
2502
2503
2504
2505
2506
2507
2508
2509
2510
2511
2512
2513
2514
2515
2516
2517
2518
2519
2520
2521
2522
2523
2524
2525
2526
2527
2528
2529
2530
2531
2532
2533
2534
2535
2536
2537
2538
2539
2540
2541
2542
2543
2544
2545
2546
2547
2548
2549
2550
2551
2552
2553
2554
2555
2556
2557
2558
2559
2560
2561
2562
2563
2564
2565
2566
2567
2568
2569
2570
2571
2572
2573
2574
2575
2576
2577
2578
2579
2580
2581
2582
2583
2584
2585
2586
2587
2588
2589
2590
2591
2592
2593
2594
2595
2596
2597
2598
2599
2600
2601
2602
2603
2604
2605
2606
2607
2608
2609
2610
2611
2612
2613
2614
2615
2616
2617
2618
2619
2620
2621
2622
2623
2624
2625
2626
2627
2628
2629
2630
2631
2632
2633
2634
2635
2636
2637
2638
2639
2640
2641
2642
2643
2644
2645
2646
2647
2648
2649
2650
2651
2652
2653
2654
2655
2656
2657
2658
2659
2660
2661
2662
2663
2664
2665
2666
2667
2668
2669
14994
2670
2671
2672
2673
2674
2675
2676
2677
2678
2679
15013
2680
2681
2682
2683
2684
2685
2686
2687
2688
2689
2690
2691
2692
2693
2694
2695
2696
2697
2698
2699
2700
2701
2702
2703
2704
2705
2706
2707
2708
2709
2710
2711
2712
2713
2714
2715
2716
2717
2718
2719
2720
2721
2722
2723
2724
2725
2726
15106
2727
2728
15109
2729
2730
15112
2731
2732
15115
2733
2734
2735
2736
2737
2738
2739
2740
2741
2742
2743
2744
2745
2746
2747
2748
2749
2750
2751
2752
2753
2754
2755
2756
2757
2758
2759
15168
2760
2761
2762
2763
2764
2765
2766
2767
2768
2769
2770
2771
2772
2773
2774
2775
2776
2777
2778
2779
2780
2781
2782
2783
15215
2784
2785
2786
2787
2788
2789
2790
2791
2792
15232
2793
2794
2795
2796
2797
2798
2799
2800
2801
2802
15251
2803
2804
2805
2806
2807
2808
2809
2810
2811
2812
2813
2814
2815
2816
2817
2818
2819
2820
15286
2821
2822
2823
2824
2825
2826
2827
2828
2829
2830
2831
2832
2833
2834
2835
2836
2837
2838
2839
2840
2841
2842
2843
2844
2845
2846
2847
2848
2849
2850
2851
2852
2853
15351
2854
2855
2856
2857
2858
2859
2860
2861
2862
15368
2863
2864
2865
2866
2867
2868
2869
2870
2871
15385
2872
2873
2874
2875
2876
2877
2878
2879
2880
2881
2882
2883
2884
2885
2886
2887
2888
2889
15420
2890
2891
2892
2893
2894
2895
2896
2897
2898
15437
2899
2900
2901
2902
2903
2904
2905
2906
2907
15454
2908
2909
2910
2911
2912
2913
2914
15467
2915
2916
2917
2918
2919
2920
2921
2922
2923
2924
2925
2926
2927
2928
2929
2930
2931
15500
2932
2933
2934
2935
2936
2937
2938
2939
2940
2941
2942
2943
2944
2945
2946
2947
2948
2949
2950
2951
2952
2953
2954
2955
2956
2957
2958
2959
2960
2961
2962
2963
2964
2965
2966
2967
2968
2969
2970
2971
2972
2973
2974
2975
2976
2977
2978
2979
2980
2981
2982
2983
2984
2985
2986
2987
2988
2989
2990
2991
2992
2993
2994
2995
2996
2997
2998
2999
3000
3001
3002
3003
3004
3005
3006
3007
3008
3009
3010
3011
3012
3013
3014
3015
3016
3017
3018
3019
3020
3021
3022
3023
3024
3025
3026
3027
3028
3029
3030
3031
3032
3033
3034
3035
3036
3037
3038
3039
3040
3041
3042
3043
3044
3045
3046
3047
3048
3049
3050
3051
3052
3053
3054
3055
3056
3057
3058
3059
3060
3061
3062
3063
3064
3065
3066
3067
3068
3069
3070
3071
3072
3073
3074
3075
3076
3077
3078
3079
3080
3081
3082
3083
3084
3085
3086
3087
3088
3089
3090
3091
3092
3093
3094
3095
3096
3097
3098
3099
3100
3101
3102
3103
3104
3105
3106
3107
3108
3109
3110
3111
3112
3113
3114
3115
3116
3117
3118
3119
3120
3121
3122
3123
3124
3125
3126
3127
3128
3129
3130
3131
3132
3133
3134
3135
3136
3137
3138
3139
3140
3141
3142
3143
3144
3145
3146
3147
3148
3149
3150
3151
3152
3153
3154
3155
3156
3157
3158
3159
3160
3161
3162
3163
3164
3165
3166
3167
3168
3169
3170
3171
3172
3173
3174
3175
3176
3177
3178
3179
3180
3181
3182
3183
3184
3185
3186
3187
3188
3189
3190
3191
3192
3193
3194
3195
3196
3197
3198
3199
3200
3201
3202
3203
3204
3205
3206
3207
3208
3209
3210
3211
3212
3213
3214
3215
3216
3217
3218
3219
3220
3221
3222
3223
3224
3225
3226
3227
3228
3229
3230
3231
3232
3233
3234
3235
3236
3237
3238
3239
3240
3241
3242
3243
3244
3245
3246
3247
3248
3249
3250
3251
3252
3253
3254
3255
3256
3257
3258
3259
3260
3261
3262
3263
3264
3265
3266
3267
3268
3269
3270
3271
3272
3273
3274
3275
3276
3277
3278
3279
3280
3281
3282
3283
3284
3285
3286
3287
3288
3289
3290
3291
3292
3293
3294
3295
3296
3297
3298
3299
3300
3301
3302
3303
3304
3305
3306
3307
3308
3309
3310
3311
3312
3313
3314
3315
3316
3317
3318
3319
3320
3321
3322
3323
3324
3325
3326
3327
3328
3329
3330
3331
3332
3333
3334
3335
3336
3337
3338
3339
3340
3341
3342
3343
3344
3345
3346
3347
3348
3349
3350
3351
3352
3353
3354
3355
3356
3357
3358
3359
3360
3361
3362
3363
3364
3365
3366
3367
3368
3369
3370
3371
3372
3373
3374
3375
3376
3377
3378
3379
3380
3381
3382
3383
3384
3385
3386
3387
3388
3389
3390
3391
3392
3393
3394
3395
3396
3397
3398
3399
3400
3401
3402
3403
3404
3405
3406
3407
3408
3409
3410
3411
3412
3413
3414
3415
3416
3417
3418
3419
3420
3421
3422
3423
20459
3424
3425
3426
3427
3428
3429
3430
3431
3432
3433
3434
3435
3436
3437
3438
3439
3440
3441
3442
3443
3444
3445
3446
3447
3448
3449
3450
3451
3452
3453
3454
3455
3456
3457
3458
3459
3460
3461
20452
3462
3463
3464
3465
3466
3467
20417
3468
3469
3470
3471
3472
3473
3474
20416
3475
3476
3477
3478
3479
3480
3481
3482
3483
3484
3485
3486
3487
3488
3489
3490
3491
3492
3493
3494
3495
3496
3497
3498
3499
3500
3501
3502
3503
3504
3505
3506
3507
3508
3509
3510
3511
3512
3513
3514
3515
3516
3517
3518
3519
3520
3521
3522
3523
3524
3525
3526
3527
20308
3528
20307
20309
3529
20306
3530
20305
3531
20304
3532
20303
3533
20302
3534
20301
3535
20300
3536
20299
3537
20298
3538
20297
3539
20296
3540
20295
3541
20294
3542
20293
3543
3544
3545
3546
3547
3548
3549
3550
3551
3552
3553
3554
3555
3556
3557
3558
3559
3560
3561
3562
3563
3564
3565
3566
3567
3568
3569
3570
3571
3572
3573
3574
3575
3576
3577
3578
3579
3580
3581
3582
3583
3584
3585
3586
3587
3588
3589
3590
3591
3592
3593
3594
3595
3596
3597
3598
20217
3599
20216
20218
3600
20215
3601
20214
3602
20213
3603
20212
3604
20211
3605
20210
3606
20209
3607
20208
3608
20207
3609
20206
3610
20205
3611
20204
3612
20203
3613
20202
3614
3615
3616
3617
3618
3619
3620
3621
3622
3623
3624
3625
3626
3627
3628
3629
3630
3631
3632
3633
3634
3635
3636
3637
3638
3639
3640
3641
3642
3643
3644
3645
3646
3647
3648
3649
3650
3651
3652
3653
3654
3655
3656
3657
3658
3659
3660
3661
3662
3663
3664
3665
3666
3667
3668
3669
20126
3670
20125
20127
3671
20124
3672
20123
3673
20122
3674
20121
3675
20120
3676
20119
3677
20118
3678
20117
3679
20116
3680
20115
3681
20114
3682
20113
3683
20112
3684
20111
3685
3686
3687
3688
3689
3690
3691
3692
3693
3694
3695
3696
3697
3698
3699
3700
3701
3702
3703
3704
3705
3706
3707
3708
3709
3710
3711
3712
3713
3714
3715
3716
3717
3718
3719
3720
3721
3722
3723
3724
3725
3726
3727
3728
3729
3730
3731
3732
3733
3734
3735
3736
3737
3738
3739
3740
20035
3741
20034
20036
3742
20033
3743
20032
3744
20031
3745
20030
3746
20029
3747
20028
3748
20027
3749
20026
3750
20025
3751
20024
3752
20023
3753
20022
3754
20021
3755
20020
3756
3757
3758
3759
3760
3761
3762
3763
3764
3765
3766
3767
3768
3769
3770
3771
3772
20053
20077
3773
3774
3775
3776
20051
3777
3778
3779
3780
3781
3782
3783
3784
3785
3786
3787
3788
3789
3790
20037
20078
3791
20038
20039
20040
20041
20042
20043
20044
20045
20046
20047
20048
20049
20050
3792
3793
3794
3795
3796
3797
3798
3799
3800
3801
3802
3803
3804
3805
3806
3807
3808
3809
3810
3811
3812
3813
3814
3815
3816
3817
3818
3819
3820
3821
3822
3823
3824
3825
3826
3827
3828
3829
3830
3831
19944
3832
19943
19945
3833
19942
3834
19941
3835
3836
19939
3837
19938
3838
19937
3839
19936
3840
19935
3841
19934
3842
19933
3843
19932
3844
19931
3845
19930
3846
19929
3847
3848
3849
3850
3851
3852
3853
3854
3855
3856
3857
3858
3859
3860
3861
3862
3863
19962
19986
20385
3864
3865
3866
3867
19960
3868
19959
19987
3869
19958
19988
3870
3871
19956
19989
3872
19955
19990
3873
19954
19991
3874
19953
19992
3875
19952
19993
3876
19951
19994
3877
19950
19995
3878
19949
19996
3879
19948
19997
3880
19947
19998
3881
19946
19999
3882
19957
19961
3883
3884
3885
3886
3887
3888
3889
3890
3891
3892
3893
3894
3895
3896
3897
3898
3899
3900
3901
3902
3903
3904
3905
3906
3907
3908
3909
3910
3911
3912
3913
3914
3915
3916
3917
3918
3919
3920
3921
3922
3923
3924
3925
3926
3927
3928
3929
3930
3931
3932
3933
19842
3934
19841
19854
3935
19840
3936
19839
3937
19838
3938
3939
3940
3941
3942
3943
3944
3945
3946
3947
3948
3949
3950
3951
3952
3953
3954
3955
3956
3957
3958
3959
3960
3961
3962
3963
3964
3965
3966
3967
3968
3969
3970
3971
3972
3973
3974
3975
3976
3977
3978
3979
3980
3981
3982
3983
3984
3985
3986
3987
3988
3989
3990
3991
3992
3993
3994
3995
3996
3997
3998
3999
4000
4001
4002
4003
4004
4005
4006
4007
4008
19764
4009
19763
19765
4010
19762
4011
19761
4012
19760
4013
19759
4014
19758
4015
19757
4016
19756
4017
19755
4018
19754
4019
19753
4020
19752
4021
19751
4022
19750
4023
19749
4024
4025
4026
4027
19780
16560
4028
19779
16559
4029
19778
16558
4030
19777
16557
4031
19776
16555
4032
19775
16556
4033
19774
16553
4034
19773
16552
16554
4035
19772
16550
4036
19771
16551
19770
16549
19769
16561
16562
16563
4039
19768
16548
4040
19767
16547
4041
19766
16546
4042
19781
20537
16545
4043
4044
4045
4046
4047
4048
4049
4050
4051
4052
4053
4054
4055
4056
4057
4058
4059
4060
4061
4062
4063
4064
4065
4066
4067
4068
4069
4070
4071
4072
4073
4074
4075
4076
4077
4078
4079
4080
4081
19691
4082
19690
19692
19709
4083
19689
19708
16505
4084
19688
19707
4085
19687
19706
4086
19686
19705
4087
19685
19704
4088
19684
19703
20518
20527
19683
19702
16502
4090
19682
19701
20501
20510
19681
19700
4092
19680
19699
4093
19679
19698
4094
19678
19697
4095
19677
19696
4096
19676
19695
4097
4098
4099
4100
4101
4102
4103
4104
4105
4106
4107
4108
4109
4110
4111
4112
4113
4114
4115
4116
4117
4118
4119
4120
4121
4122
4123
4124
4125
4126
4127
4128
4129
4130
4131
4132
4133
4134
4135
4136
4137
4138
4139
4140
4141
4142
4143
4144
4145
4146
4147
4148
4149
4150
4151
4152
4153
4154
4155
4156
4157
4158
4159
4160
4161
4162
4163
4164
4165
4166
4167
4168
4169
4170
19582
4171
19581
19583
4172
19580
4173
19579
4174
19578
4175
19577
4176
19576
4177
19575
4178
4179
4180
4181
4182
4183
4184
4185
4186
4187
4188
4189
19598
16428
16429
16430
16431
16432
4190
19597
16423
4191
19596
4192
19595
4193
19594
4194
19593
4195
19592
16433
4197
4198
4199
4200
4201
4202
4203
4204
19584
19585
4205
4206
4207
4208
4209
4210
4211
4212
4213
4214
4215
4216
4217
4218
4219
4220
4221
4222
4223
4224
4225
4226
4227
4228
4229
4230
4231
4232
4233
4234
4235
4236
4237
4238
4239
4240
4241
4242
4243
19509
4244
19508
19510
19527
4245
19507
19526
4246
19506
19525
4247
19505
19524
4248
19504
19523
4249
19503
19522
4250
19502
19521
4251
19501
19520
4252
19500
19519
4253
19499
19518
16371
4254
19498
19517
4255
19497
19516
4256
19496
19515
4257
19495
19514
16372
16379
16380
16381
16382
16383
4258
4259
4260
4261
4262
4263
4264
4265
4266
4267
4268
4269
4270
4271
4272
4273
4274
4275
4276
4277
4278
4279
4280
4281
4282
4283
4284
4285
4286
4287
4288
4289
4290
4291
4292
4293
4294
4295
4296
4297
4298
4299
4300
4301
4302
4303
4304
4305
4306
4307
4308
4309
4310
4311
4312
4313
4314
4315
4316
19416
4317
19415
19417
19434
4318
19414
19433
4319
4320
19412
19431
4321
19411
19430
4322
19410
19429
4323
19409
19428
4324
19408
19427
4325
19407
19426
4326
19406
19425
4327
19405
19424
4328
19404
19423
16311
4329
19403
19422
16310
4330
19402
19421
4331
19401
19420
16308
4332
4333
4334
16305
4335
4336
4337
4338
4339
4340
4341
4342
4343
4344
4345
4346
4347
4348
4349
4350
4351
4352
4353
4354
4355
4356
4357
4358
4359
4360
4361
4362
4363
4364
4365
4366
4367
4368
4369
4370
4371
4372
4373
4374
4375
4376
4377
4378
4379
4380
4381
4382
4383
4384
4385
4386
4387
4388
4389
19323
4390
19322
19324
19341
4391
19321
19340
4392
19320
19339
4393
4394
4395
4396
4397
4398
4399
4400
4401
4402
4403
4404
4405
4406
4407
4408
4409
4410
4411
4412
4413
4414
4415
4416
4417
4418
4419
4420
4421
4422
4423
4424
4425
4426
4427
4428
4429
4430
4431
4432
4433
4434
4435
4436
4437
4438
4439
4440
4441
4442
4443
4444
4445
4446
4447
4448
4449
4450
4451
4452
4453
4454
4455
4456
4457
4458
4459
4460
4461
4462
4463
4464
4465
4466
4467
4468
4469
4470
4471
4472
4473
4474
4475
4476
4477
4478
19214
4479
19213
19215
4480
19212
4481
4482
19210
4483
19209
4484
19208
4485
19207
4486
19206
4487
19205
4488
19204
4489
19203
4490
19202
4491
19201
4492
19200
4493
19199
4494
4495
4496
4497
19230
20517
16157
4498
19229
16156
16173
4499
4500
19227
16151
16158
16159
16160
16161
16162
16163
16164
16165
16166
4501
19226
20509
16150
16215
4502
19225
16149
16216
4503
19224
16148
16217
4504
19223
16147
16218
4505
19222
20508
16146
16219
4506
19221
16145
16220
4507
19220
16144
16221
4508
19219
4509
19218
4510
19217
4511
19216
4512
19228
19231
4513
4514
4515
4516
4517
4518
4519
4520
4521
4522
4523
4524
4525
4526
4527
4528
4529
4530
4531
4532
4533
4534
4535
4536
4537
4538
4539
4540
4541
4542
4543
4544
4545
4546
4547
4548
4549
4550
4551
19144
20019
4552
19143
20018
16106
4553
19142
20017
4554
19141
20016
4555
19140
20015
4556
19139
20014
4557
4558
4559
19136
4560
19135
4561
19134
4562
19133
4563
19132
20007
4564
19131
20006
16105
4565
19130
20005
4566
19129
20004
4567
4568
4569
4570
4571
4572
4573
4574
4575
4576
4577
4578
4579
4580
4581
4582
4583
4584
4585
4586
4587
4588
4589
4590
4591
4592
4593
4594
4595
4596
4597
4598
4599
4600
4601
4602
4603
4604
4605
4606
19089
19928
4607
19088
19927
4608
19087
19926
4609
19086
19925
4610
19085
19924
4611
19084
19923
4612
19083
19922
4613
19082
19921
4614
19081
19920
4615
19080
19919
4616
19079
19918
4617
19078
19917
4618
19077
19916
4619
19076
19915
4620
19075
19914
4621
19074
19913
4622
19073
4623
4624
4625
4626
4627
4628
4629
4630
4631
4632
4633
4634
4635
4636
4637
4638
4639
4640
4641
4642
4643
4644
4645
4646
4647
4648
4649
4650
4651
4652
4653
4654
4655
4656
4657
4658
4659
4660
4661
4662
4663
4664
4665
4666
4667
4668
4669
4670
4671
4672
4673
4674
4675
4676
4677
4678
4679
4680
4681
4682
4683
4684
4685
4686
4687
4688
4689
4690
4691
4692
4693
4694
4695
4696
4697
4698
4699
4700
4701
4702
4703
4704
4705
4706
4707
4708
4709
4710
4711
4712
4713
4714
4715
4716
4717
4718
4719
4720
4721
4722
4723
4724
4725
4726
4727
4728
4729
4730
4731
4732
4733
4734
4735
4736
4737
4738
4739
4740
4741
4742
4743
4744
4745
4746
4747
4748
4749
4750
4751
4752
4753
4754
4755
4756
4757
4758
4759
4760
4761
4762
4763
4764
4765
4766
4767
4768
4769
4770
4771
4772
4773
4774
4775
4776
4777
4778
4779
4780
4781
4782
4783
4784
4785
4786
4787
4788
4789
4790
4791
4792
4793
4794
4795
4796
4797
4798
4799
4800
4801
4802
4803
4804
4805
4806
4807
4808
4809
4810
4811
4812
4813
4814
4815
4816
4817
4818
4819
4820
4821
4822
4823
4824
4825
4826
4827
4828
4829
4830
4831
4832
4833
4834
4835
4836
4837
4838
4839
4840
4841
4842
18853
19822
19823
19824
19825
19826
19827
19828
4843
4844
4845
4846
4847
4848
4849
4850
4851
4852
4853
4854
4855
4856
4857
4858
4859
4860
4861
4862
4863
4864
4865
4866
4867
4868
4869
4870
4871
4872
4873
4874
4875
4876
4877
4878
4879
4880
4881
4882
4883
4884
4885
4886
4887
4888
4889
4890
4891
4892
4893
4894
4895
18779
18780
18781
4896
4897
4898
4899
4900
4901
4902
4903
4904
4905
4906
4907
4908
4909
4910
4911
4912
4913
4914
4915
4916
4917
4918
4919
4920
4921
4922
4923
4924
4925
4926
4927
4928
4929
4930
4931
4932
4933
4934
4935
4936
4937
4938
4939
4940
4941
4942
4943
4944
4945
4946
18710
4947
18709
18711
4948
18708
4949
18707
4950
18706
4951
18705
4952
18704
4953
18703
18717
4954
18702
18716
4955
18701
18715
4956
18700
18714
4957
4958
4959
15796
15934
4961
4962
4963
4964
4965
4966
4967
4968
4969
4970
4971
4972
4973
4974
4975
4976
4977
4978
4979
4980
4981
4982
4983
4984
4985
4986
4987
4988
4989
4990
4991
4992
4993
4994
4995
4996
4997
4998
4999
5000
5001
5002
5003
5004
5005
5006
5007
5008
5009
5010
5011
5012
5013
5014
5015
5016
5017
5018
5019
5020
5021
5022
5023
5024
5025
5026
5027
5028
5029
5030
5031
5032
5033
5034
5035
5036
18620
5037
18619
18621
18633
18644
5038
18618
18632
18643
5039
18617
18631
18642
5040
18616
18630
18641
5041
18615
18629
18640
5042
18614
18628
18639
5043
18613
18627
18638
5044
18612
18626
18637
5045
18611
18625
18636
5046
5047
5048
5049
5050
5051
5052
5053
5054
5055
5056
5057
5058
5059
5060
5061
5062
5063
5064
5065
5066
5067
5068
5069
5070
5071
5072
5073
5074
5075
5076
5077
5078
5079
5080
5081
5082
5083
5084
5085
5086
5087
5088
5089
5090
5091
5092
5093
5094
5095
5096
5097
18529
5098
18528
5099
18527
5100
18524
5101
18519
5102
5103
5104
5105
5106
5107
18523
5108
5109
5110
5111
18520
18521
18526
5112
5113
18473
5114
18472
5115
18471
5116
18470
5117
18469
5118
18468
5119
18467
5120
18466
5121
18465
5122
18464
5123
18463
5124
5125
5126
5127
5128
5129
5130
5131
5132
5133
5134
5135
5136
5137
5138
5139
18498
5140
5141
5142
5143
5144
5145
5146
5147
5148
5149
5150
5151
5152
5153
5154
5155
5156
5157
5158
5159
5160
5161
5162
5163
5164
5165
5166
5167
5168
18411
5169
18410
5170
18409
5171
18408
5172
18407
5173
18406
5174
18405
5175
18404
5176
18403
5177
18402
5178
5179
5180
5181
5182
5183
5184
5185
5186
5187
5188
5189
5190
18393
18394
18395
18397
18398
5191
5192
18347
5193
18346
5194
18345
5195
18344
5196
5197
5198
18341
5199
18340
5200
18339
5201
18338
5202
18337
5203
5204
5205
5206
5207
5208
5209
5210
5211
5212
5213
5214
5215
5216
5217
5218
18372
5219
18388
5220
5221
5222
5223
5224
5225
5226
5227
18358
5228
18357
18359
18381
5229
18356
18380
18421
5230
18355
18379
18423
18436
18437
18438
18439
18440
18441
18442
18443
18444
18445
18446
18481
15590
5231
5232
5233
5234
18351
18375
18477
5235
18350
18374
18476
5236
18349
18373
18475
15588
15589
5237
18348
18401
18474
5238
18332
18333
18334
18335
18336
18352
18353
18354
18389
5239
18514
18516
5240
5241
5242
5243
18485
5244
18486
5245
5246
18343
5247
18342
5248
5249
5250
5251
5252
18487
5253
18522
5254
5255
5256
5257
5258
5259
5260
5261
5262
5263
5264
5265
5266
5267
5268
5269
5270
5271
5272
5273
5274
5275
5276
5277
5278
5279
5280
5281
5282
18285
5283
18284
5284
18283
5285
18282
5286
18281
5287
18280
5288
18279
5289
18278
5290
18277
5291
18276
5292
18275
5293
18272
5294
18267
5295
5296
5297
5298
5299
5300
18271
5301
5302
5303
5304
18268
18269
18274
5305
5306
18221
5307
18220
5308
5309
5310
18217
5311
5312
5313
5314
5315
5316
5317
5318
5319
5320
5321
5322
5323
5324
5325
5326
5327
5328
5329
5330
5331
5332
5333
5334
5335
18538
15511
15512
15513
15514
15515
15516
15517
15518
15519
15520
15521
15522
15523
15524
15525
15526
15634
15635
15636
15637
15638
15639
15640
15641
15642
15643
15644
5337
5338
5339
5340
5341
18232
18484
18508
18537
5342
18231
18483
18507
18536
18547
18549
18562
18563
18564
18565
18566
18567
18568
18569
18570
18571
18572
15488
5344
5345
18228
18480
18504
18533
5347
5348
5349
5350
5351
5352
18206
18207
18208
18209
18210
18222
18223
18224
18225
18226
18227
18229
18230
18458
5353
18262
18264
5354
5355
5356
5357
18233
5358
18219
18234
5359
18218
5360
5361
18216
5362
18215
5363
18214
5364
5365
18212
5366
18211
18235
5367
18213
18270
5368
5369
5370
5371
5372
5373
5374
5375
5376
5377
5378
5379
5380
5381
5382
5383
5384
5385
5386
5387
5388
5389
5390
5391
5392
5393
5394
5395
5396
5397
18158
5398
18157
5399
18156
5400
18155
5401
18154
5402
18153
5403
18152
5404
18151
5405
18150
5406
18149
5407
18148
5408
18145
18164
5409
18140
5410
5411
5412
5413
5414
5415
18144
5416
5417
5418
5419
18141
18142
18147
15465
15472
5420
5421
18094
5422
18093
5423
18092
5424
18091
5425
18090
5426
18089
5427
18088
5428
18087
5429
18086
5430
18085
5431
18084
5432
5433
5434
5435
5436
5437
5438
5439
5440
5441
5442
5443
5444
5445
5446
5447
5448
5449
5450
5451
5452
5453
5454
5455
5456
5457
5458
5459
5460
5461
5462
5463
5464
5465
5466
5467
5468
5469
5470
5471
18105
5472
18104
5473
18103
5474
18102
5475
18101
5476
18100
5477
18099
5478
18098
5479
18097
5480
18096
5481
18095
18246
5482
18079
18080
18081
18082
18083
18263
5483
5484
5485
5486
5487
5488
5489
5490
5491
5492
5493
5494
5495
5496
5497
5498
5499
5500
5501
5502
5503
5504
5505
5506
5507
5508
5509
5510
5511
18032
5512
18031
5513
18030
5514
18029
5515
18028
5516
18027
5517
18026
5518
18025
5519
5520
18023
5521
18022
5522
18019
5523
18014
5524
5525
5526
5527
5528
5529
18018
5530
5531
5532
5533
18015
18016
18021
5534
5535
17968
5536
17967
5537
17966
5538
17965
5539
17964
5540
17963
5541
17962
5542
17961
5543
17960
5544
17959
5545
17958
5546
5547
5548
5549
5550
5551
5552
5553
5554
5555
5556
5557
5558
5559
5560
5561
17993
5562
5563
5564
5565
5566
5567
5568
5569
5570
5571
5572
5573
5574
5575
5576
5577
5578
5579
5580
5581
5582
5583
5584
5585
5586
5587
5588
5589
5590
5591
5592
5593
5594
5595
5596
5597
5598
5599
5600
5601
5602
5603
5604
5605
5606
5607
5608
17892
5609
5610
5611
5612
17888
17889
17890
17893
17895
5613
5614
17842
5615
17841
5616
17840
5617
17839
5618
17838
5619
17837
5620
17836
5621
17835
5622
17834
5623
17833
5624
17832
5625
5626
5627
5628
5629
5630
5631
5632
5633
5634
5635
5636
5637
5638
5639
5640
17867
15262
15264
5641
17883
17884
18009
5642
5643
5644
5645
5646
5647
5648
5649
17853
5650
17852
17854
17876
17905
5651
17851
17875
17904
17916
5652
17850
17874
17903
17918
5653
17849
17873
5654
17848
17872
5655
17847
17871
5656
17846
17870
17899
17931
5657
17845
17869
17898
17932
5658
17844
17868
17897
17933
5659
17843
17896
17934
5660
17827
17828
17829
17830
17831
5661
18011
15235
15237
17894
5663
5664
5665
17980
5666
17981
5667
5668
5669
5670
5671
5672
5673
5674
17982
5675
18017
15268
5676
5677
5678
5679
5680
5681
5682
5683
5684
5685
5686
5687
5688
5689
5690
5691
5692
5693
5694
5695
5696
5697
5698
5699
5700
5701
5702
5703
5704
17780
5705
17779
5706
5707
5708
5709
5710
5711
5712
5713
5714
5715
5716
5717
5718
5719
5720
5721
5722
5723
5724
5725
5726
17762
5727
5728
17716
5729
17715
5730
17714
5731
17713
5732
17712
5733
17711
5734
17710
5735
17709
5736
17708
5737
17707
5738
17706
5739
5740
5741
5742
5743
5744
5745
5746
5747
5748
5749
5750
5751
5752
5753
5754
5755
17757
5756
5757
5758
5759
5760
5761
5762
5763
17727
5764
17726
17728
17750
5765
17725
17749
17778
17790
5766
17724
17748
17777
17792
17805
17806
17807
17808
17809
17810
17811
17812
17813
17814
17815
15162
15175
5767
17723
17747
17776
5768
17722
17746
17775
15181
15185
17721
17745
17774
5770
17720
17744
17773
5771
17719
17743
17772
15159
15161
5772
17718
17742
17771
15160
15183
5773
17717
17741
17770
5774
17701
17702
17703
17704
17705
17758
15146
5775
17885
5776
5777
17907
5778
5779
17855
5780
5781
5782
5783
5784
5785
5786
5787
5788
17856
5789
5790
5791
5792
5793
5794
5795
5796
5797
5798
5799
5800
5801
5802
5803
5804
5805
5806
5807
5808
5809
5810
5811
5812
5813
5814
5815
5816
5817
5818
17654
5819
17653
5820
17652
5821
17651
5822
17650
5823
17649
5824
17648
5825
17647
5826
17646
5827
17645
5828
17644
5829
17641
5830
17636
5831
5832
5833
5834
5835
5836
5837
5838
5839
5840
17637
17638
5841
5842
17590
5843
17589
5844
17588
5845
17587
5846
17586
5847
5848
5849
5850
5851
5852
5853
5854
5855
5856
5857
5858
5859
5860
5861
5862
5863
5864
5865
5866
5867
5868
5869
17631
17632
15076
15224
5871
5872
5873
5874
5875
5876
5877
17601
5878
17600
17602
17624
5879
17599
17623
17664
17666
17679
17680
17681
17682
17683
17684
17685
17686
17687
17688
17689
5880
17598
17622
15075
17597
17621
5882
5883
5884
5885
5886
5887
5888
5889
5890
5891
17781
5892
5893
17729
5894
5895
5896
5897
17585
5898
17584
5899
17583
5900
17582
5901
17581
5902
17580
5903
17759
5904
5905
5906
5907
5908
5909
5910
5911
5912
5913
5914
5915
5916
5917
5918
5919
5920
5921
5922
5923
5924
5925
5926
5927
5928
5929
5930
5931
5932
17528
5933
17527
5934
17526
5935
17525
5936
17524
5937
17523
5938
17522
5939
17521
5940
17520
5941
17519
5942
17518
5943
17515
5944
17510
5945
5946
5947
5948
5949
5950
17514
5951
5952
5953
5954
17511
17512
17517
15042
15222
5955
5956
17464
5957
17463
5958
17462
5959
17461
5960
17460
5961
17459
5962
17458
5963
5964
5965
5966
5967
5968
5969
5970
5971
5972
5973
5974
5975
5976
5977
5978
5979
5980
5981
5982
5983
5984
5985
5986
5987
5988
5989
5990
5991
5992
5993
5994
5995
5996
5997
5998
5999
6000
6001
6002
6003
6004
6005
6006
6007
6008
6009
6010
6011
6012
6013
6014
17399
6015
17398
6016
17397
6017
17396
6018
17395
6019
6020
17393
6021
17392
6022
17389
6023
17384
6024
6025
6026
6027
6028
6029
17388
6030
6031
6032
6033
17385
17386
17391
6034
6035
17338
6036
17337
6037
17336
6038
17335
6039
17334
6040
17333
6041
17332
6042
17331
6043
17330
6044
17329
6045
17328
6046
6047
6048
6049
6050
6051
6052
6053
6054
6055
6056
6057
6058
6059
6060
6061
17363
6062
17379
17380
6063
6064
6065
6066
6067
6068
6069
6070
17349
6071
17348
17350
17372
17401
6072
17347
17371
17400
17412
17414
17427
17428
17429
17430
17431
17432
17433
17434
17435
17436
17437
6073
17346
17370
6074
17345
17369
6075
17344
17368
17596
6076
17343
17367
17595
6077
17342
17366
17594
6078
17341
17365
17394
17593
6079
17340
17364
17592
6080
17339
17591
6081
17323
17324
17325
17326
17327
17575
17576
17577
17578
17579
6082
6083
17390
17657
6084
17655
6085
6086
17603
6087
6088
6089
6090
6091
6092
6093
6094
6095
6096
6097
6098
6099
6100
6101
6102
6103
6104
6105
6106
6107
6108
6109
6110
6111
6112
6113
6114
6115
6116
6117
6118
6119
6120
6121
6122
17351
6123
6124
6125
6126
6127
6128
6129
6130
17352
6131
17381
17387
17454
17455
17456
17457
6132
6133
6134
6135
6136
6137
6138
6139
6140
6141
6142
6143
6144
6145
6146
6147
6148
6149
6150
6151
6152
6153
6154
6155
6156
6157
6158
6159
6160
17276
6161
17275
6162
17274
6163
17273
6164
17272
6165
17271
6166
17270
6167
17269
6168
17268
6169
17267
6170
17266
6171
17263
6172
17258
6173
6174
6175
6176
6177
6178
17262
6179
6180
6181
6182
17259
17260
17265
6183
6184
17212
6185
17211
6186
17210
6187
17209
6188
17208
6189
17207
6190
17206
6191
17205
6192
17204
6193
17203
6194
17202
6195
6196
6197
6198
6199
6200
6201
6202
6203
6204
6205
6206
6207
6208
6209
6210
17237
6211
17253
18010
6212
18035
6213
18033
6214
6215
6216
6217
6218
6219
17223
17979
18003
6220
17222
17978
18002
18042
18044
18057
18058
18059
18060
18061
18062
18063
18064
18065
18066
18067
6221
17221
17977
18001
6222
17220
17976
18000
6223
17219
17975
17999
6224
17218
17974
17998
6225
6226
6227
6228
6229
6230
6231
6232
6233
6234
6235
6236
6237
6238
6239
6240
6241
6242
6243
6244
6245
6246
6247
6248
6249
6250
6251
6252
6253
6254
6255
6256
6257
6258
6259
6260
6261
6262
6263
6264
6265
6266
6267
6268
6269
6270
6271
6272
6273
6274
6275
6276
17148
6277
17147
6278
17146
6279
17145
6280
17144
6281
6282
17142
6283
17141
6284
17140
6285
17137
6286
17132
6287
6288
6289
6290
6291
6292
6293
6294
6295
17133
17134
17136
17139
6296
6297
17086
6298
17085
6299
17084
6300
17083
6301
17082
6302
17081
6303
17080
6304
17079
6305
17078
6306
17077
6307
17076
6308
6309
6310
6311
6312
6313
6314
6315
6316
6317
6318
6319
6320
6321
6322
6323
17111
6324
17127
17129
6325
6326
6327
6328
17098
6329
17099
6330
6331
6332
6333
6334
6335
6336
6337
17100
6338
17135
6339
18390
6340
6341
18412
6342
6343
18360
6344
6345
6346
6347
6348
6349
6350
6351
6352
18361
6353
6354
17128
6355
17153
6356
6357
6358
6359
6360
6361
6362
6363
6364
6365
6366
6367
17092
17116
6368
17091
17115
17160
17162
17175
17176
17177
17178
17179
17180
17181
17182
17183
17184
17185
14676
6369
17090
17114
17143
14675
6370
17089
17113
14674
6371
17088
17112
14673
6372
6373
6374
6375
6376
6377
6378
17062
6379
6380
6381
6382
6383
17058
6384
6385
6386
17045
6387
17044
17046
6388
17043
6389
17042
6390
17041
6391
17040
6392
17039
6393
17038
6394
17037
6395
17036
6396
17035
6397
17059
18674
14663
6398
6399
6400
6401
6402
6403
17027
6404
6405
6406
6407
17026
17028
6408
6409
6410
6411
6412
6413
6414
6415
6416
6417
6418
6419
6420
17032
18824
6421
6422
6423
6424
16973
6425
16972
6426
6427
6428
6429
6430
6431
6432
6433
6434
6435
6436
6437
6438
6439
6440
6441
6442
6443
6444
6445
16974
17006
6446
17002
17003
17030
17031
6447
6448
6449
6450
6451
6452
6453
6454
6455
6456
6457
6458
6459
6460
17013
14651
14665
14667
6461
6462
6463
6464
6465
6466
6467
6468
6469
6470
6471
6472
6473
6474
6475
6476
6477
6478
6479
6480
6481
6482
6483
6484
6485
6486
6487
6488
6489
6490
6491
6492
16922
6493
16921
6494
16920
6495
16919
6496
16918
6497
6498
6499
6500
6501
6502
6503
6504
6505
6506
6507
6508
6509
6510
6511
6512
6513
6514
16860
6515
16859
6516
16858
6517
16857
6518
16856
6519
16855
6520
16854
6521
16853
6522
6523
6524
6525
6526
6527
6528
6529
6530
6531
6532
6533
6534
6535
6536
6537
6538
16904
17254
6539
6540
6541
6542
6543
6544
6545
6546
6547
6548
6549
16871
6550
16870
17224
17243
6551
16869
17242
17286
17288
17301
17302
17303
17304
17305
17306
17307
6552
16868
17217
17241
17308
17309
17310
17311
6553
16867
17216
17240
14595
6554
16866
17215
17239
14579
6555
16865
17214
17238
6556
16864
17213
6557
16848
16849
6558
6559
6560
6561
16863
6562
16862
16875
6563
16861
16876
6564
6565
6566
6567
6568
6569
6570
6571
6572
16906
6573
6574
16930
6575
16928
6576
16852
16903
6577
16851
16902
16935
6578
16850
16901
16937
19564
6579
16900
19563
19624
6580
16899
19562
19625
6581
16874
16898
16927
16950
16951
16952
16953
16954
16955
16956
16957
16958
16959
16960
19561
19626
6582
16873
16897
16926
19560
19627
6583
16872
16896
16925
19559
19628
6584
16895
16924
19558
19629
6585
16894
16923
19557
19630
6586
16893
19556
19631
6587
16892
19555
19632
6588
16891
19554
19633
6589
16890
19553
19634
6590
16889
19552
19635
6591
16888
16917
19551
19636
6592
16905
19565
19566
6593
6594
6595
6596
6597
6598
6599
6600
6601
6602
6603
6604
6605
6606
16834
16847
6607
16833
6608
16832
16835
16836
16837
16838
16839
16840
16841
16842
16843
16846
6609
16844
18609
6610
16845
6611
6612
6613
6614
6615
6616
6617
6618
6619
6620
6621
6622
6623
6624
6625
6626
6627
6628
6629
6630
6631
6632
6633
6634
6635
6636
6637
6638
6639
6640
6641
6642
6643
6644
6645
6646
6647
6648
6649
6650
6651
6652
6653
6654
6655
6656
6657
6658
6659
6660
6661
6662
6663
6664
6665
6666
6667
6668
6669
16768
6670
16767
6671
16766
6672
16765
16788
16793
16794
16795
16796
16797
16798
16799
16800
16801
16802
16803
6673
16764
6674
6675
16762
6676
16761
6677
16760
6678
16759
6679
16758
6680
16755
6681
16750
6682
6683
6684
6685
6686
6687
6688
6689
6690
16751
16752
16754
16757
6691
6692
16704
6693
16703
6694
16702
6695
16701
6696
16700
6697
16699
6698
16698
6699
16697
6700
16696
6701
16695
6702
16694
6703
6704
6705
6706
6707
6708
6709
6710
6711
6712
6713
6714
6715
6716
6717
6718
16729
6719
16745
18135
18136
6720
6721
6722
6723
6724
6725
6726
6727
16715
6728
16714
18106
18128
6729
16713
6730
16712
6731
16711
6732
16710
6733
16709
6734
16708
6735
16707
6736
16706
6737
16705
18119
18169
18171
18184
18185
18186
18187
18188
18189
18190
18191
18192
18193
18194
6738
16689
16690
16691
16692
16693
14461
14536
14537
14538
14539
14540
14541
14542
14543
14544
14545
6739
16747
6740
6741
6742
6743
16716
6744
16717
6745
6746
6747
6748
6749
6750
6751
6752
6753
6754
6755
6756
6757
6758
6759
6760
6761
6762
6763
6764
6765
6766
6767
6768
6769
6770
6771
6772
6773
6774
6775
6776
6777
6778
17476
6779
17477
6780
6781
6782
6783
6784
6785
6786
6787
17478
6788
17507
17513
6789
6790
6791
6792
6793
6794
6795
6796
6797
6798
6799
6800
6801
6802
6803
6804
6805
6806
6807
6808
6809
6810
6811
6812
6813
6814
6815
6816
6817
6818
6819
6820
6821
6822
6823
6824
6825
6826
6827
6828
6829
6830
16685
6831
16686
6832
6833
16684
6834
16683
6835
16682
6836
16681
6837
16680
6838
16679
6839
16678
6840
16677
6841
16676
6842
16675
6843
16674
6844
16673
6845
16672
6846
16671
6847
16670
6848
16669
6849
16668
6850
20326
20350
6851
6852
6853
6854
20324
6855
20323
20351
6856
20322
20352
6857
20321
20353
6858
20320
20354
6859
20319
20355
6860
20318
20356
6861
20317
20357
6862
20316
20358
6863
20315
20359
6864
20314
20360
6865
20313
20361
6866
20312
20362
6867
20311
20363
6868
20310
20364
6869
20325
6870
6871
6872
6873
6874
6875
6876
6877
6878
6879
6880
6881
6882
6883
6884
6885
6886
6887
6888
6889
6890
6891
6892
6893
6894
6895
6896
6897
6898
6899
6900
6901
6902
6903
6904
6905
6906
6907
6908
6909
16612
6910
16611
6911
6912
6913
6914
6915
6916
6917
6918
6919
6920
6921
16603
6922
6923
6924
6925
16598
16599
16601
16605
16608
16609
16610
16613
16614
6926
6927
16619
14286
6928
16618
6929
16617
6930
16616
14418
16615
14417
14416
14415
14414
16544
14413
16543
6937
16542
14284
14410
6938
16498
14285
6939
16497
14287
16496
6941
16495
14270
14283
6942
6943
6944
6945
6946
6947
6948
6949
6950
6951
6952
6953
6954
6955
6956
6957
6958
6959
16521
6960
16520
6961
6962
6963
6964
6965
6966
6967
6968
6969
6970
16488
6971
16487
6972
16486
6973
16485
6974
16484
6975
16483
6976
16482
6977
16481
6978
16480
16515
16516
16517
16518
16519
16522
16523
16524
16525
14288
6979
16479
6980
16478
16503
6981
16474
6982
16467
6983
6984
6985
6986
16435
16436
16437
16438
6987
6988
6989
16472
16475
6990
16477
14280
14290
6991
6992
16468
16471
16473
14278
14330
6993
16470
14277
14331
6994
6995
16421
14275
14332
6996
16420
14274
14333
6997
16419
14273
14334
6998
16418
14272
14335
6999
16417
14271
14336
7000
16416
16427
14337
7001
16415
16426
14266
14276
14279
14281
14338
7002
16414
16425
14265
14339
7003
16413
16424
7004
16412
7005
16411
16422
7006
16462
16463
16593
7007
7008
7009
16410
7010
16409
7011
16408
7012
16407
7013
16406
16457
16500
16537
7014
7015
7016
7017
7018
7019
7020
7021
7022
7023
7024
16446
7025
7026
7027
7028
7029
16564
7030
16565
16575
7031
16574
16630
7032
16573
16632
7033
16572
16634
7034
16571
16635
16636
16637
7035
16570
16638
7036
16569
16639
7037
16568
16640
7038
7039
16566
16641
7040
16595
7041
7042
7043
7044
7045
7046
7047
7048
7049
7050
7051
7052
7053
7054
7055
7056
7057
7058
7059
7060
7061
7062
7063
7064
7065
7066
7067
7068
16384
7069
7070
7071
7072
7073
7074
16356
16385
16386
16387
16388
16389
16390
16391
16392
16393
16394
14186
7075
16355
7076
16354
7077
16353
16378
7078
16352
16377
7079
7080
16350
16375
7081
16349
16374
7082
16348
16373
14184
14185
7083
16347
14194
16343
7085
16336
7086
7087
7088
7089
16304
16306
16307
16309
16312
7090
7091
7092
16341
16344
16351
16357
7093
7094
7095
16337
16340
16342
14153
7096
16339
16346
14152
7097
7098
16290
16301
14150
7099
16289
16300
14149
7100
16288
16299
14148
7101
16287
16298
14147
7102
16286
16297
14146
7103
16285
16296
14145
7104
16284
16295
7105
16283
16294
7106
16282
16293
7107
16281
16292
7108
16280
16291
14144
7109
16331
16332
14143
7110
7111
7112
16279
16302
7113
16278
7114
16277
7115
16276
7116
16275
16326
7117
16325
16369
14188
14310
14311
14312
14313
14314
7118
7119
16323
7120
7121
7122
16320
14179
14189
7123
7124
7125
7126
7127
16315
14174
14209
7128
16345
16363
14173
14210
7129
16464
14172
14211
7130
16491
16492
14171
14212
7131
16489
7132
16434
7133
7134
7135
7136
7137
7138
16439
7139
16499
16501
16504
16506
16507
16508
16509
16510
16511
16512
16513
7140
16514
7141
16526
7142
16527
7143
16493
14155
14213
7144
7145
7146
7147
7148
7149
7150
7151
7152
7153
7154
7155
7156
7157
7158
7159
7160
7161
7162
7163
7164
7165
7166
7167
7168
7169
7170
7171
7172
7173
7174
7175
7176
7177
7178
7179
7180
7181
7182
7183
7184
7185
7186
7187
7188
7189
7190
7191
7192
7193
7194
7195
16210
7196
16222
16223
16224
16225
16226
7197
7198
7199
16205
16206
16208
16212
14118
7200
7201
16170
7202
16169
7203
16168
7204
16167
7205
16155
7206
16154
14227
16153
7208
16152
7209
7210
7211
7212
16200
16594
7213
7214
16620
7215
16541
7216
16540
7217
16539
7218
16538
7219
7220
7221
7222
7223
7224
7225
7226
7227
7228
7229
7230
16577
7231
7232
16202
7233
7234
7235
7236
16171
7237
16172
7238
7239
7240
7241
7242
7243
16175
7244
16174
16237
7245
16239
16241
16242
16243
16244
16245
16246
7246
7247
7248
16104
7249
16103
7250
16102
7251
16097
16143
7252
7253
7254
7255
7256
7257
7258
7259
7260
7261
7262
7263
7264
7265
7266
7267
7268
7269
7270
7271
7272
7273
7274
7275
7276
7277
16096
7278
16095
7279
16094
7280
16093
7281
16092
7282
16091
7283
16090
7284
16089
7285
16088
7286
16087
7287
16083
7288
16078
7289
7290
7291
7292
7293
7294
16082
16084
16101
16110
16111
16112
16113
16114
16115
16116
16117
16118
16119
16120
7296
7297
7298
16079
16080
16086
7299
7300
16032
16043
7301
16031
16042
7302
16030
16041
7303
16029
16040
7304
16028
16039
7305
16027
16038
7306
16026
16037
7307
16025
16036
7308
16024
16035
7309
16023
16034
7310
16022
16033
7311
7312
7313
7314
7315
16008
7316
7317
7318
7319
7320
7321
7322
7323
7324
7325
7326
7327
7328
7329
7330
7331
7332
7333
7334
7335
7336
7337
7338
7339
7340
7341
7342
7343
15928
7344
15927
16044
7345
15926
16045
16046
7346
15929
15930
15931
15932
15933
15935
15936
7347
7348
7349
7350
7351
7352
7353
7354
7355
7356
7357
7358
7359
7360
7361
7362
7363
7364
7365
7366
7367
7368
7369
7370
7371
7372
7373
7374
7375
7376
7377
7378
7379
7380
7381
7382
7383
7384
7385
7386
7387
7388
7389
7390
7391
7392
7393
15860
7394
15859
7395
15858
7396
15857
7397
7398
15855
7399
15854
7400
15853
7401
15852
7402
15851
7403
15850
7404
15846
7405
15841
7406
7407
7408
7409
7410
7411
15845
15847
15856
7412
7413
7414
15842
15844
7415
15843
15849
7416
7417
15795
15806
7418
15794
15805
7419
15793
15804
7420
15792
15803
7421
15791
15802
7422
15790
15801
7423
15789
15800
7424
15788
15799
7425
15787
15798
7426
15786
15797
7427
15785
7428
15836
16073
16074
7429
16100
7430
16098
7431
15784
16021
7432
15783
16020
7433
15782
16019
7434
15781
16018
7435
15780
16017
7436
7437
7438
7439
7440
16063
16107
16109
16122
16123
16124
16125
16126
16127
16128
16129
16130
16131
16132
13906
7441
16062
13905
14058
7442
16061
13904
14059
7443
16060
7444
16059
7445
16058
13813
7446
16057
7447
16085
7448
15838
7449
7450
7451
7452
15807
7453
15808
7454
7455
7456
7457
7458
7459
7460
7461
15809
7462
15865
7463
15837
7464
15863
7465
15861
7466
7467
7468
7469
7470
7471
7472
7473
7474
7475
7476
7477
7478
7479
7480
7481
15820
7482
15848
15866
7483
7484
7485
7486
7487
7488
7489
7490
7491
7492
7493
7494
7495
7496
7497
7498
7499
15763
7500
7501
7502
7503
7504
7505
7506
7507
7508
7509
7510
7511
7512
7513
7514
7515
7516
7517
7518
7519
7520
7521
7522
7523
7524
7525
7526
7527
7528
7529
7530
7531
7532
15714
7533
15713
7534
15712
7535
15711
7536
15710
7537
15709
7538
15708
7539
15707
7540
15706
7541
15705
7542
15704
7543
15700
7544
15693
7545
7546
7547
7548
7549
7550
7551
7552
7553
7554
7555
7556
7557
7558
7559
7560
15655
15654
7562
15653
13756
15652
15651
15650
15649
15648
15688
15690
16004
7570
7571
15647
7572
15646
15659
7573
15645
15660
7574
7575
7576
7577
7578
7579
7580
7581
15661
7582
15697
15719
15981
15982
15983
15984
15985
15986
15987
15988
15989
15990
15991
13762
7584
15717
15721
15722
7585
15715
13753
13759
13773
7587
7588
7589
15633
7590
15632
7591
15658
7592
15657
7593
15656
7594
7595
7596
15677
7597
7598
7599
7600
7601
15672
15726
7602
15689
15702
15720
7603
16333
7604
15701
16360
16361
7605
16358
7606
16303
7607
16313
7608
16368
7609
16370
16376
7610
16395
7611
16396
7612
16397
7613
16398
7614
16399
7615
16400
7616
16401
7617
16362
7618
19871
19895
7619
7620
7621
7622
7623
7624
7625
7626
7627
7628
7629
7630
7631
7632
7633
19858
7634
19857
19896
7635
19856
19897
7636
19855
19898
7637
19859
19860
19861
19862
19863
19864
19865
19866
19867
19868
19869
19870
7638
7639
7640
15591
13681
7641
7642
7643
7644
7645
7646
7647
7648
7649
7650
7651
7652
7653
7654
7655
7656
7657
15616
7658
7659
7660
7661
7662
7663
7664
15572
7665
7666
7667
7668
15585
7669
15584
7670
15583
7671
15582
7672
15581
7673
15580
7674
15579
7675
15578
7676
15577
7677
15576
15599
15610
15611
15612
15613
15614
15615
15617
15618
15619
15620
7678
15575
7679
15571
15573
7680
15564
7681
7682
7683
7684
7685
7686
7687
15569
15592
15593
15598
15600
15601
15602
15603
15604
15605
15606
15607
15608
7688
7689
7690
15565
15568
15570
7691
15567
15574
7692
7693
15529
7694
15528
7695
15527
7696
7697
7698
7699
7700
7701
15510
7702
15509
7703
15508
7704
15559
16201
7705
16229
16233
16234
7706
16227
7707
15507
7708
15506
7709
15505
7710
15504
7711
15503
7712
7713
7714
7715
7716
7717
7718
7719
7720
7721
7722
16184
7723
7724
15561
7725
16213
7726
7727
7728
7729
7730
7731
7732
7733
7734
7735
7736
7737
7738
7739
15560
7740
7741
15586
13603
7742
15530
7743
7744
7745
15555
7746
7747
7748
15552
15595
15597
7749
7750
7751
7752
7753
7754
7755
7756
7757
15543
7758
7759
15960
7760
7761
7762
7763
7764
7765
7766
7767
7768
7769
7770
7771
7772
7773
15962
7774
7775
7776
7777
7778
7779
7780
7781
7782
7783
7784
7785
7786
7787
7788
7789
7790
7791
7792
7793
7794
7795
7796
7797
7798
7799
7800
7801
7802
7803
7804
7805
7806
7807
7808
7809
7810
7811
7812
7813
7814
7815
7816
15283
18845
18846
18847
7817
15281
18849
13539
7818
7819
15277
18851
7820
7821
7822
7823
7824
15186
18785
18786
18787
7825
15184
18789
13538
7826
7827
7828
15178
18790
7829
7830
15174
7831
15172
7832
7833
7834
7835
15147
18801
7836
15145
18800
7837
7838
7839
7840
7841
7842
7843
7844
7845
7846
7847
7848
7849
7850
7851
7852
7853
7854
7855
7856
7857
7858
7859
7860
7861
7862
7863
7864
7865
7866
7867
7868
7869
7870
7871
7872
7873
7874
7875
7876
7877
7878
7879
7880
7881
7882
7883
7884
7885
7886
7887
7888
7889
7890
7891
7892
7893
7894
7895
7896
7897
7898
7899
7900
7901
7902
7903
7904
7905
7906
7907
7908
7909
7910
7911
14965
14966
14982
7912
7913
7914
7915
7916
7917
7918
7919
7920
7921
7922
13409
7923
7924
14953
7925
14952
7926
14951
7927
14950
7928
14949
7929
14948
7930
14947
7931
14946
7932
14945
7933
14944
13460
7934
14940
7935
14939
14941
14964
7936
14938
14963
13395
7937
14937
14962
7938
14936
14961
7939
14935
14960
7940
14934
14959
7941
14933
14958
7942
14932
14957
7943
14931
14956
7944
14930
14955
7945
14943
14968
14969
14970
7946
7947
7948
7949
7950
7951
7952
7953
7954
7955
7956
7957
7958
7959
7960
7961
7962
7963
7964
7965
7966
7967
7968
7969
7970
7971
7972
7973
7974
7975
7976
7977
7978
7979
7980
7981
7982
7983
7984
7985
7986
7987
7988
14857
7989
14856
7990
14855
7991
14854
7992
14853
7993
14852
7994
14851
7995
14850
7996
14849
7997
14848
7998
14847
14870
14882
14883
14884
14885
14886
14887
14888
14889
14890
14891
14892
7999
14843
8000
14838
14841
14862
8001
8002
8003
8004
8005
14842
8006
14844
8007
8008
14840
8009
14839
8010
14846
8011
8012
14792
14803
8013
14791
14802
8014
14790
14801
8015
14789
14800
8016
14788
14799
8017
14787
14798
8018
14786
14797
8019
14785
14796
8020
14784
14795
8021
14783
14794
8022
14782
14793
8023
8024
8025
8026
8027
8028
8029
8030
8031
14726
8032
14725
8033
8034
8035
8036
8037
8038
8039
8040
8041
8042
8043
14760
8044
8045
8046
8047
8048
8049
8050
8051
8052
14730
8053
14729
8054
14728
8055
14727
8056
8057
8058
14724
14747
14755
14756
14757
14758
14759
14761
14762
14763
14764
14765
8059
14723
8060
14722
8061
14721
8062
14720
8063
14716
8064
14711
8065
14707
14709
8066
14708
8067
8068
8069
8070
14715
14717
8071
8072
8073
8074
14712
14713
14719
8075
14710
8076
8077
14664
8078
8079
14662
8080
14661
14672
8081
14660
14671
8082
14659
14670
13313
13314
13315
13316
13317
13318
8083
14658
14669
8084
14657
14668
8085
14656
13311
8086
14655
14666
13310
8087
14706
14833
14834
13309
8088
8089
8090
14654
14781
8091
14653
14780
14804
14831
8092
14652
14779
14830
14867
8093
14778
14829
14869
8094
14650
14777
14828
8095
8096
14826
8097
8098
8099
8100
8101
8102
8103
8104
8105
14817
8106
14845
14863
8107
8108
8109
8110
8111
14677
8112
14678
8113
8114
8115
8116
8117
8118
8119
8120
14679
14739
14741
14743
14744
14745
14746
14748
14749
14750
14751
14752
14753
8121
14714
14735
13276
8122
8123
8124
8125
8126
8127
8128
8129
8130
14598
8131
14597
8132
8133
8134
8135
8136
8137
8138
8139
8140
8141
8142
8143
8144
8145
8146
8147
8148
8149
8150
8151
8152
8153
8154
8155
14599
8156
8157
8158
14596
8159
8160
14594
8161
14593
8162
14592
14619
14628
14629
14630
14631
14632
14633
14634
14635
14636
14637
14638
8163
14591
14618
8164
14590
8165
14589
8166
14585
8167
14580
8168
14576
14578
8169
8170
8171
8172
8173
14584
14586
8174
8175
14582
14583
13220
13443
8177
14581
14588
13441
13440
8180
14533
8181
14532
8182
14531
13218
13219
13221
14530
8184
14529
8185
14528
8186
14527
8187
14526
13204
8188
14525
8189
14524
14535
8190
14575
8191
14733
13202
13203
8192
14731
8193
14523
8194
14522
8195
14521
8196
14520
8197
14519
14701
14740
8198
8199
8200
8201
8202
8203
8204
8205
8206
8207
8208
14690
14742
8209
14718
14736
8210
14577
8211
8212
8213
14534
14546
8214
14547
8215
8216
8217
8218
8219
8220
8221
8222
8223
14548
8224
14604
8225
8226
8227
8228
8229
8230
8231
8232
8233
8234
8235
8236
8237
8238
8239
14462
8240
8241
8242
8243
8244
8245
8246
8247
8248
8249
8250
8251
8252
8253
8254
8255
8256
8257
8258
8259
8260
8261
8262
8263
8264
8265
8266
8267
8268
8269
8270
8271
8272
8273
8274
8275
8276
8277
8278
14407
14472
8279
14406
14471
13087
8280
14405
14470
8281
14404
14469
8282
14403
14468
8283
14402
14467
8284
14401
14412
14466
8285
14400
14411
14465
8286
14399
14464
8287
14398
14409
14463
8288
14397
14408
8289
8290
8291
8292
8293
8294
8295
8296
8297
8298
14340
8299
8300
8301
8302
8303
8304
14380
13086
8305
8306
8307
8308
8309
8310
8311
8312
8313
8314
8315
13088
13089
13093
13094
14351
8317
8318
14345
8319
14344
8320
14343
8321
14342
8322
14341
8323
8324
8325
8326
8327
8328
14358
14370
14371
14372
14373
14374
14375
14376
14377
8329
8330
14326
8331
8332
8333
8334
14294
14295
8335
8336
8337
8338
8339
14327
14329
13085
13164
13165
13166
13167
13168
13169
13170
13171
13172
13173
13174
14328
13084
8341
8342
14291
13082
13109
13110
8343
13081
14289
13080
13079
13078
13077
8349
8350
8351
14282
8352
8353
14321
14322
14448
8354
8355
8356
14269
8357
14268
14292
8358
14267
8359
8360
8361
14315
8362
14355
14357
14378
14379
8363
8364
8365
8366
8367
8368
8369
14307
8370
8371
14305
8372
14392
14393
14394
14395
14396
8373
8374
8375
8376
14419
14420
8377
8378
8379
8380
8381
8382
8383
8384
8385
8386
8387
8388
8389
8390
8391
8392
8393
8394
8395
8396
8397
8398
8399
8400
8401
8402
8403
8404
8405
8406
8407
8408
14248
8409
14247
13003
8410
8411
8412
8413
8414
8415
8416
8417
8418
8419
8420
8421
14214
8422
8423
8424
14234
14243
14244
14245
14246
14249
14250
14251
14252
8425
8426
14232
14253
8427
14208
14231
13002
8428
14204
8429
14199
8430
8431
8432
14178
8433
8434
8435
14203
14205
14215
14216
14217
14218
8436
14207
8437
8438
8439
14200
14201
8440
8441
14164
8442
14163
8443
14151
14162
8444
14161
8445
14160
12984
12985
8446
14159
13006
8447
14158
12972
8448
14157
12971
8449
14156
12970
8450
12969
8451
14154
12968
8452
14195
12967
8453
8454
8455
14142
8456
14141
14165
8457
14140
8458
14139
8459
14138
14228
14230
13004
13776
8461
14187
8462
12961
12986
8463
12960
12998
8464
12959
13005
8466
14182
8467
8468
14180
12999
13777
13778
13779
13780
13781
13782
13783
13784
8469
8470
12997
13785
8471
14206
14224
12996
13786
8472
14323
12995
13787
14348
14349
12994
14346
14347
12993
8476
14293
8477
8478
8479
8480
8481
8482
8483
14296
8484
14354
8485
14356
14359
14360
14361
14362
14363
14364
14365
14366
14367
14368
8486
14350
8487
8488
8489
8490
8491
8492
8493
8494
8495
8496
8497
8498
8499
8500
8501
8502
14126
12963
8504
8505
8506
8507
8508
8509
8510
8511
8512
8513
8514
8515
8516
8517
8518
8519
8520
8521
8522
8523
8524
8525
8526
8527
8528
8529
8530
8531
14051
14052
14053
14054
8532
8533
8534
14076
8535
14080
14081
14082
14083
14084
14085
14086
14087
14088
14089
14090
14091
8536
8537
8538
8539
14071
8540
14026
14037
12904
8541
14025
14036
8542
14024
14035
8543
14023
14034
8544
14022
14033
8545
14021
14032
12903
8546
14020
14031
8547
14019
14030
8548
14018
14029
8549
14017
14028
8550
14016
14027
8551
14067
8552
14602
8553
14600
8554
14015
8555
14014
8556
14013
8557
14012
8558
14011
8559
8560
8561
8562
8563
14565
14613
8564
14564
14615
8565
14563
8566
14562
8567
8568
8569
14559
8570
14587
8571
8572
8573
8574
8575
14038
8576
14039
14048
8577
14047
14100
8578
14046
14102
8579
14045
14104
8580
14044
14105
8581
8582
8583
8584
14040
14106
8585
14069
8586
8587
8588
8589
8590
8591
8592
8593
8594
8595
8596
8597
8598
8599
8600
8601
8602
8603
8604
8605
8606
8607
8608
8609
8610
8611
8612
8613
8614
8615
13964
8616
13963
8617
13962
8618
13961
8619
13960
8620
13959
8621
13958
8622
13957
8623
13956
8624
13955
8625
13954
8626
13950
8627
13945
8628
8629
8630
13924
13925
8631
8632
8633
13949
13951
8634
8635
8636
8637
8638
8639
8640
8641
8642
8643
8644
8645
8646
8647
8648
8649
8650
8651
8652
8653
13888
8654
13887
13911
8655
13886
8656
13885
8657
13884
8658
13910
13934
8659
13909
13933
13974
8660
13908
8661
13907
13931
13976
13989
13990
13991
13992
13993
13994
13995
13996
13997
13998
13999
8662
13930
12805
12954
13929
12953
13928
12952
13903
8666
13902
13926
12950
13901
8668
13900
8669
13941
13952
13970
8670
13940
14196
8671
14221
14222
8672
14219
8673
13899
8674
13898
14166
14176
14229
14233
14235
14236
14237
8675
13897
14175
14238
8676
13896
14239
8677
13895
14240
8678
13894
14241
8679
13893
14242
14254
8680
13892
14170
14255
8681
13891
14169
14256
8682
13890
8683
13889
8684
14202
8685
8686
14094
12804
12827
14092
12824
12844
8688
8689
8690
8691
8692
8693
8694
14060
8695
14101
8696
14103
14116
14117
8697
8698
8699
14055
14119
8700
14120
8701
14121
8702
14122
8703
14123
8704
14068
8705
13942
8706
13967
13968
14078
8707
13965
8708
8709
13912
13922
8710
13921
13973
8711
13920
13975
13977
13978
13979
13980
13981
13982
13983
13984
13985
13986
13987
8712
13919
13988
8713
13918
14000
8714
13917
14001
8715
13916
14002
8716
8717
8718
13913
14003
8719
13948
13969
8720
13845
8721
8722
8723
8724
8725
8726
8727
8728
8729
13832
8730
8731
8732
8733
8734
8735
8736
8737
8738
8739
8740
8741
8742
13865
8743
8744
8745
8746
8747
8748
8749
13837
8750
13836
13859
13862
13863
13864
13866
13867
13868
13869
13870
13871
13872
8751
13835
8752
13834
8753
13833
8754
8755
13831
8756
13830
8757
13829
8758
8759
8760
8761
8762
8763
13815
8764
8765
8766
8767
13822
13824
13827
13828
8768
8769
8770
8771
13818
13819
13820
13823
13826
12716
8772
8773
13772
12714
8774
13771
8775
13770
8776
13769
12722
8777
8778
8779
8780
8781
8782
8783
8784
8785
14475
8786
14473
12847
12848
12849
8787
13761
8788
13760
8789
8790
13758
8791
13757
8792
8793
8794
8795
8796
8797
8798
8799
8800
13775
8801
13774
8802
8803
8804
12705
8805
8806
8807
8808
8809
8810
8811
13768
8812
13767
8813
13766
8814
8815
13764
13788
8816
13763
13846
8817
13848
8818
13765
8819
8820
8821
8822
8823
8824
8825
8826
8827
8828
8829
8830
8831
13744
8832
8833
8834
8835
8836
8837
8838
8839
8840
8841
8842
8843
8844
8845
13715
8846
8847
8848
8849
13710
8850
13709
8851
13708
13731
13735
13736
13737
13738
13739
13740
13741
13742
13743
13745
12700
12707
12708
12850
8852
13707
8853
13706
8854
13705
8855
13704
8856
13703
8857
13702
8858
13701
8859
13700
8860
13696
8861
13694
8862
8863
8864
8865
13673
13674
13675
8866
8867
8868
8869
8870
8871
8872
8873
8874
8875
8876
8877
8878
13640
8879
13639
8880
13638
8881
8882
13687
8883
13686
8884
8885
8886
8887
8888
8889
8890
8891
8892
8893
8894
8895
8896
8897
8898
8899
8900
8901
8902
8903
8904
8905
13664
8906
8907
8908
8909
8910
8911
8912
8913
8914
8915
8916
8917
8918
8919
8920
8921
8922
8923
8924
13612
8925
8926
8927
8928
8929
8930
8931
8932
8933
8934
13608
8935
13607
8936
13606
8937
13605
8938
13604
8939
8940
13602
8941
8942
13600
8943
13599
8944
13598
8945
13597
8946
13596
8947
13595
8948
13594
8949
8950
8951
8952
8953
8954
8955
8956
8957
8958
8959
8960
8961
8962
8963
8964
8965
8966
8967
8968
13574
8969
8970
8971
8972
8973
13524
8974
8975
8976
8977
13547
8978
13546
13569
13572
13573
13575
13576
13577
13578
13579
13580
13581
13582
8979
13545
13568
8980
13544
8981
13543
8982
13542
8983
13541
8984
13540
8985
8986
8987
13537
8988
13533
8989
13531
13558
12590
8990
8991
8992
8993
8994
8995
8996
8997
8998
8999
13483
13494
12578
12591
12592
12593
12594
12595
9000
13482
13493
12577
12596
9001
13481
13492
12576
12748
9002
13480
13491
12575
12749
12750
9003
13479
13490
12574
12751
12752
9004
13478
13489
12573
12753
9005
13477
13488
12572
12754
9006
13476
13487
12571
12755
9007
13475
13486
12570
12756
9008
13474
13485
12569
12757
9009
13473
13484
9010
13526
14929
14971
9011
9012
9013
9014
9015
9016
9017
9018
9019
9020
9021
9022
9023
9024
9025
9026
9027
9028
9029
9030
9031
9032
9033
9034
9035
9036
9037
9038
9039
9040
13495
9041
9042
9043
13513
9044
13525
13535
20521
9045
14835
12543
9046
13534
14860
14861
9047
14858
14859
9048
9049
14805
9050
9051
9052
9053
9054
14810
9055
9056
9057
9058
14806
14866
14868
14871
14872
14873
14874
14875
14876
14877
14878
14879
14880
9059
9060
13532
9061
9062
9063
9064
9065
13464
9066
13461
9067
9068
9069
9070
13689
13691
9071
9072
9073
13447
13648
9074
13446
13647
13660
9075
13445
13646
13661
13670
9076
13444
13645
13669
13719
13721
13723
13724
13725
13726
13727
13728
13729
13730
13732
13733
9077
13644
13668
13734
9078
13442
13643
13667
13746
9079
13642
13666
13747
9080
13641
13665
13748
9081
13439
13749
9082
13438
13663
13750
13751
13752
9083
13437
13662
13754
9084
9085
13433
9086
13435
9087
13434
9088
9089
9090
9091
9092
9093
9094
9095
13369
9096
13368
9097
13367
9098
9099
13365
9100
13364
9101
13363
13407
12541
9102
13406
9103
13405
9104
13404
9105
13403
9106
13402
9107
13401
9108
13400
9109
13399
9110
9111
9112
9113
13359
9114
13373
13394
13396
13397
13398
9115
13372
9116
13371
9117
13370
9118
9119
9120
9121
13366
9122
13386
9123
9124
9125
9126
13355
13357
9127
13356
9128
9129
13332
9130
13360
13361
9131
13362
9132
13358
12508
9133
13329
12507
12649
9134
13328
9135
13327
9136
13326
9137
9138
9139
9140
9141
9142
9143
9144
9145
9146
9147
9148
9149
9150
9151
9152
9153
9154
9155
9156
9157
9158
9159
9160
9161
9162
9163
9164
9165
9166
13330
9167
13331
13333
13381
13383
13384
13385
13387
13388
13389
13390
13391
13392
13393
13408
9168
13308
13410
13411
13412
13413
9169
13312
9170
13354
13628
13629
12444
9171
9172
13626
13627
9173
13624
13632
9174
9175
13622
9176
9177
9178
9179
9180
9181
9182
9183
9184
13613
12443
9185
17138
17149
17150
9186
9187
19400
19441
9188
9189
9190
9191
9192
9193
9194
13303
13382
19388
9195
9196
9197
9198
9199
13325
9200
13324
9201
9202
9203
9204
9205
13319
13343
19366
9206
13320
13321
13322
13323
19365
19413
9207
9208
13300
12447
12450
9210
9211
9212
13291
9213
9214
9215
13294
13295
9216
13292
9217
9218
9219
13275
9220
9221
9222
9223
9224
9225
9226
9227
9228
9229
9230
13262
13263
9231
13293
9232
9233
13290
13466
9234
13286
13302
9235
9236
9237
9238
13282
13448
13455
13470
13471
9239
13281
9240
13280
9241
13279
9242
13278
9243
13277
9244
13449
13472
9245
13264
9246
13298
9247
9248
9249
9250
13711
9251
9252
9253
9254
9255
9256
9257
9258
9259
9260
9261
9262
9263
9264
9265
9266
9267
9268
13258
13260
19493
19534
12334
9269
13259
19492
9270
9271
9272
9273
9274
9275
9276
9277
13251
13261
19468
12322
9278
13250
19467
12321
9279
13249
19466
12320
9280
13248
19465
12319
9281
13247
19464
12318
9282
13246
19463
12328
9283
13245
19462
12327
9284
13244
9285
13243
19460
12325
9286
13242
19459
19494
12324
9287
13241
13252
13253
13254
13255
13256
13257
19458
12323
9288
20235
20259
12341
12348
9289
9290
9291
9292
20233
9293
20232
20260
9294
20231
20261
9295
20230
20262
9296
20229
20263
9297
20228
20264
9298
20227
20265
9299
20226
20266
9300
20225
20267
9301
20224
20268
9302
20223
20269
9303
20222
20270
9304
20221
20271
9305
20220
20272
9306
20219
20273
9307
20234
9308
9309
9310
9311
13838
12309
12342
9313
9314
9315
9316
9317
9318
9319
9320
13228
9321
9322
13226
9323
13225
13801
9324
13224
9325
9326
13222
9327
13797
13847
9328
13223
13227
13229
13230
13231
13232
13233
13234
13235
13236
13814
9329
13237
13239
9330
13238
9331
9332
13240
9333
9334
9335
9336
13633
9337
9338
9339
13657
9340
9341
9342
9343
9344
9345
13651
9346
13650
9347
13649
12331
9348
13634
13635
13636
13637
13652
13653
13654
13655
13656
13658
13659
9349
9350
9351
9352
9353
9354
9355
9356
9357
9358
9359
9360
9361
9362
9363
9364
9365
9366
9367
9368
9369
9370
13216
12293
12311
9371
13217
9372
9373
9374
9375
9376
9377
9378
9379
9380
9381
13207
9382
9383
9384
13205
13206
13208
13209
13210
13211
13212
13213
13214
13215
9385
20418
20419
20420
12276
12387
9386
9387
9388
9389
9390
9391
9392
9393
9394
9395
9396
9397
9398
9399
9400
9401
9402
9403
9404
9405
9406
9407
9408
9409
9410
9411
9412
9413
9414
9415
9416
9417
9418
9419
9420
9421
9422
9423
9424
9425
13144
9426
9427
9428
9429
9430
9431
9432
9433
9434
9435
9436
13149
13182
13183
13184
13185
13186
9437
9438
9439
13143
13145
13163
9440
13138
9441
9442
9443
9444
9445
13142
13147
13148
13150
13151
13152
13153
13154
13155
13156
13157
9446
9447
9448
9449
9450
9451
9452
13092
13103
9453
13091
13102
9454
13090
13101
9455
13100
9456
13099
9457
13098
12229
9458
13097
12245
9459
13096
9460
13095
9461
13083
12227
12228
9462
9463
9464
9465
9466
13035
12212
9467
9468
9469
9470
9471
9472
13025
13071
12206
9473
9474
9475
9476
9477
9478
9479
9480
9481
9482
9483
13060
12243
12247
9484
13059
12242
13058
12241
12367
9486
13057
9487
13056
9488
9489
9490
9491
9492
13030
13053
13055
13061
13062
13063
13064
13065
9493
13029
9494
13028
13051
9495
13027
13050
12231
9496
13026
9497
9498
13024
9499
13023
9500
13022
9501
13021
9502
13020
13043
9503
13016
9504
13011
9505
9506
13008
13009
9507
9508
12979
9509
9510
13015
13017
9511
9512
9513
9514
13012
13013
13019
12210
9516
12965
12976
12208
12964
12975
12207
12974
12962
12973
12205
9521
9522
9523
9524
9525
9526
9527
9528
9529
9530
9531
9532
9533
9534
9535
9536
9537
9538
9539
9540
9541
9542
9543
9544
9545
9546
9547
13133
13135
9548
13160
13161
12352
12353
12354
12355
12356
9549
9550
9551
13104
9552
13105
9553
9554
9555
13111
9556
13175
9557
12958
13176
13177
13178
13179
9558
12957
9559
12956
9560
12955
13106
13180
9561
13141
13162
9562
12911
12146
9563
9564
12909
9565
9566
12949
9567
9568
9569
9570
9571
9572
9573
9574
9575
9576
9577
12938
9578
12937
9579
12936
12144
12145
9580
12935
9581
12934
9582
12933
9583
12932
9584
9585
9586
9587
9588
9589
9590
9591
9592
12902
9593
12901
9594
12900
12923
12928
12929
12930
12931
9595
12899
9596
12898
9597
12897
9598
12896
9599
12895
9600
12894
9601
9602
12889
9603
12884
12887
12908
9604
9605
9606
9607
9608
9609
12888
12890
12893
9610
9611
9612
9613
12885
12886
12892
9614
9615
12838
9616
12837
9617
12836
9618
12835
12846
9619
12834
12845
9620
12833
9621
12832
12843
9622
12831
12842
9623
12830
12841
9624
12829
12840
12130
9625
12828
12839
9626
12879
12880
9627
9628
9629
9630
12826
9631
12825
9632
9633
12823
9634
9635
9636
9637
9638
9639
9640
9641
9642
9643
9644
12863
9645
12891
12951
12966
9646
9647
9648
9649
9650
9651
9652
9653
9654
9655
9656
9657
9658
9659
9660
9661
9662
9663
9664
9665
9666
9667
9668
9669
9670
9671
9672
9673
9674
9675
9676
9677
9678
9679
9680
9681
9682
9683
12048
12192
12803
12191
9686
9687
9688
9689
12760
9690
9691
9692
9693
9694
9695
12771
9696
12770
9697
12769
9698
9699
12767
9700
12766
9701
12762
9702
12781
9703
9704
9705
9706
9707
9708
12761
12763
12768
12772
12773
12774
12775
12776
9709
9710
9711
12758
9712
12759
12765
9713
9714
12711
9715
12710
12721
12029
12030
9716
12709
12720
9717
12719
9718
12718
9719
12706
12717
9720
9721
12704
12715
9722
12703
9723
12702
12713
9724
12701
12712
9725
9726
12779
9727
9728
12723
9729
12699
12786
9730
12698
12788
12068
9731
12697
9732
12696
9733
9734
9735
9736
9737
9738
12741
12801
12802
12806
12807
12808
12809
12810
12811
9739
9740
9741
9742
12737
9743
12736
9744
12764
9745
12881
9746
12906
12907
9747
12905
9748
12851
9749
9750
9751
9752
9753
9754
9755
9756
9757
9758
12852
9759
9760
9761
9762
12655
9763
12654
12017
12189
12190
12193
12194
12195
12196
12197
12198
12199
9765
9766
9767
9768
9769
9770
9771
9772
9773
9774
9775
9776
9777
9778
9779
9780
9781
9782
9783
9784
9785
9786
9787
9788
9789
9790
9791
9792
9793
9794
9795
9796
9797
9798
9799
9800
9801
9802
9803
12627
9804
9805
9806
9807
12634
9808
9809
9810
9811
12630
12631
12632
9812
9813
12584
11949
9814
12583
12648
11948
9815
12582
12647
9816
12581
12646
9817
12580
12645
9818
12579
12644
9819
12589
12643
9820
12588
12642
9821
12587
12641
9822
12586
12640
9823
12585
9824
9825
12529
9826
12528
9827
9828
9829
9830
9831
9832
12518
9833
9834
9835
9836
9837
9838
9839
9840
9841
9842
9843
9844
9845
9846
9847
9848
9849
9850
12509
12510
9851
9852
9853
12522
9854
12521
12544
12547
12548
12549
12550
12551
12552
12553
12554
12555
12556
12557
9855
12520
9856
12519
12542
11950
9857
9858
12517
12540
11951
9859
12516
12539
9860
12515
12538
9861
12514
12537
9862
12513
12536
9863
12512
12535
11947
12090
9864
12534
11946
9865
12503
12506
12527
12533
11945
12091
9866
12499
9867
9868
9869
9870
9871
9872
9873
12505
11937
12092
9874
12504
11936
12093
9875
12511
11935
12094
9876
9877
12457
12468
9878
12456
12467
9879
12455
12466
9880
12454
12465
9881
12453
12464
9882
12452
12463
9883
12451
12462
9884
12461
9885
12449
12460
9886
12448
12459
9887
12458
9888
12498
9889
9890
9891
12446
9892
12445
12469
9893
9894
12494
9895
12442
9896
9897
12491
12532
11911
12095
9898
9899
12489
9900
9901
9902
9903
9904
9905
9906
12482
9907
9908
9909
9910
12777
9911
12724
9912
9913
9914
9915
9916
9917
9918
9919
9920
9921
12725
12785
12787
12789
12790
9922
9923
9924
9925
9926
9927
9928
9929
12621
9930
9931
9932
9933
9934
9935
9936
9937
9938
9939
9940
9941
12609
12639
12659
9942
12626
9943
12500
12625
9944
12525
12526
12636
11849
9945
12523
12524
9946
9947
12470
9948
9949
9950
9951
9952
9953
9954
9955
9956
12471
9957
9958
9959
9960
9961
9962
9963
9964
9965
9966
9967
9968
9969
12388
9970
9971
12386
9972
9973
9974
9975
9976
9977
12426
11813
9978
12425
11812
9979
12424
9980
12423
11810
9981
9982
9983
9984
9985
9986
12376
9987
12395
12418
12420
12421
12422
12427
12428
12429
12430
11807
11832
9988
12394
9989
12393
9990
12392
9991
12391
9992
12390
9993
12389
9994
9995
12410
9996
9997
12385
9998
12381
9999
12379
12400
10000
10001
10002
12357
10003
12344
10004
10005
12380
12382
10006
10007
10008
10009
12377
12378
12384
11827
10010
10011
12330
11825
11834
11835
10012
12329
12340
11824
11836
11837
11838
10013
12339
11823
11839
10014
12338
11822
11840
10015
12326
12337
11821
11841
10016
12336
11820
11842
11843
10017
12335
11819
10018
11818
11991
10019
12333
11817
11992
10020
12332
11816
11993
10021
11815
11994
10022
12371
13134
11814
11995
10023
11996
10024
13158
11997
10025
13132
11811
11998
10026
13131
11999
10027
12317
13130
11809
12000
10028
10029
10030
10031
10032
10033
10034
10035
10036
10037
10038
10039
10040
10041
10042
10043
10044
10045
10046
10047
10048
10049
10050
10051
10052
10053
10054
10055
12343
10056
12373
10057
10058
10059
10060
10061
10062
10063
10064
10065
10066
12263
11751
10067
12262
10068
10069
10070
10071
10072
10073
10074
10075
10076
10077
10078
10079
10080
10081
12294
10082
11750
10083
10084
10085
12249
10086
12268
10087
12267
12290
12295
12296
12297
12298
12299
12300
12301
12302
12303
10088
12266
12289
10089
12265
10090
12264
10091
10092
10093
12261
10094
12260
10095
12259
10096
12258
10097
10098
12252
12273
12279
10099
10100
10101
10102
10103
12253
12270
12277
12278
12281
12282
12283
12284
12285
12286
12287
12288
12291
10104
12255
10105
10106
12251
10107
12250
10108
12254
12257
10109
12248
10110
12203
12214
10111
12202
12213
10112
12201
10113
12200
12211
10114
10115
12209
10116
10117
10118
11748
11752
10119
10120
12204
10121
10122
12148
10123
12147
10124
10125
12141
12187
10126
10127
12139
10128
12138
10129
12137
10130
12136
12182
11736
11753
11892
11893
10131
12135
10132
12134
12180
10133
12133
10134
12132
12178
10135
12131
10136
10137
10138
10139
10140
10141
10142
10143
12169
10144
10145
10146
10147
10148
12127
10149
10150
10151
12140
10152
10153
10154
10155
10156
10157
10158
10159
10160
10161
10162
10163
10164
10165
10166
10167
10168
10169
10170
10171
10172
10173
10174
10175
10176
10177
10178
10179
10180
10181
10182
12079
10183
12067
12078
10184
12066
12077
10185
12117
10186
11652
10187
10188
12065
12088
10189
12064
10190
12063
10191
12062
10192
12061
12112
12151
10193
12087
10194
12086
10195
12085
10196
12084
10197
12083
12107
12153
12166
12167
12168
12170
12171
12172
12173
12174
12175
12176
10198
12082
12106
11651
10199
12081
10200
12080
10201
10202
10203
10204
12118
12129
12188
10205
12244
12246
10206
12128
10207
12269
10208
12076
10209
12075
12215
10210
12074
12216
10211
10212
12072
10213
12071
12222
12292
10214
12070
10215
12069
10216
10217
10218
12217
12304
10219
12073
10220
10221
12021
10222
10223
10224
12014
10225
12013
10226
12012
10227
12011
10228
12010
10229
12009
10230
12008
10231
10232
10233
10234
10235
10236
10237
12047
10238
10239
10240
12044
10241
12043
10242
10243
10244
12040
10245
12039
10246
12001
10247
12002
12020
10248
12019
10249
12037
12041
12042
12045
12046
12049
10250
12036
10251
12035
10252
10253
10254
10255
12031
10256
12007
10257
12006
10258
12005
10259
12004
10260
10261
10262
10263
10264
11974
11975
10265
10266
12016
12023
12024
12027
12028
12032
12033
12034
12038
10267
12018
12022
10268
10269
10270
10271
12003
10272
10273
11960
10274
11959
10275
11958
10276
11957
10277
11956
10278
11944
11955
10279
11943
11954
10280
11942
11953
10281
11941
11952
10282
10283
10284
10285
10286
10287
10288
10289
10290
10291
10292
10293
10294
10295
10296
10297
10298
10299
10300
10301
10302
10303
10304
10305
10306
10307
10308
10309
12089
10310
10311
12096
10312
12150
12152
12154
10313
12155
10314
12156
10315
12157
10316
11940
12158
10317
11939
12159
12160
12161
12162
12163
12164
10318
10319
10320
11894
11553
10321
10322
10323
10324
10325
10326
11884
10327
11883
11929
11552
10328
10329
10330
10331
10332
10333
10334
11922
11578
11921
11577
11920
11576
10338
10339
10340
10341
10342
10343
10344
11912
11558
11559
10346
10347
11868
10348
11887
10349
11886
11909
11913
11914
11915
11916
11917
10350
11885
11908
11918
11919
10351
11907
11556
11906
10353
11882
11905
10354
11881
11904
10355
11880
10356
11879
10357
11878
10358
11877
10359
11873
10360
11871
10361
10362
10363
10364
11844
11845
10365
10366
11872
11874
10367
10368
10369
10370
11869
11870
11876
10371
11867
10372
11833
10373
10374
11831
10375
11830
10376
11829
10377
11828
10378
10379
11826
10380
10381
10382
10383
11863
11864
11990
10384
10385
10386
10387
10388
10389
11808
10390
10391
10392
10393
10394
10395
10396
10397
10398
10399
10400
10401
11847
11897
10402
11875
11934
11938
10403
10404
10405
12015
10406
10407
11961
10408
11962
11971
12025
12050
12051
10409
11970
12052
10410
11969
12053
12054
12055
12056
12057
12058
12059
12060
10411
10412
10413
10414
10415
10416
10417
10418
10419
10420
10421
10422
10423
10424
10425
10426
10427
10428
10429
10430
10431
10432
10433
10434
10435
11793
10436
10437
10438
10439
10440
10441
10442
10443
10444
11747
10445
11746
10446
11741
11744
10447
10448
10449
11758
10450
10451
10452
10453
10454
10455
10456
11774
11785
11786
11787
11788
11789
11790
11791
11792
11794
11795
10457
11773
11453
10458
11766
11772
11482
11765
11771
10460
10461
10462
11720
11721
10463
11709
11710
11711
11712
10464
10465
11745
11754
11755
11756
11757
11759
11760
10466
11749
11451
10467
11743
11452
10468
11742
11454
10470
10471
11695
11706
10472
11694
10473
10474
10475
10476
10477
10478
10479
10480
11686
10481
10482
11737
10483
10484
10485
11684
11707
10486
11683
11734
10487
10488
10489
11680
10490
11730
11770
10491
11705
10492
10493
10494
10495
10496
10497
10498
10499
11697
10500
10501
11681
11682
11696
11698
11699
11700
11701
11702
11703
11704
11449
10502
11865
11448
11455
10503
11890
11891
11447
11456
10504
11888
10505
11846
10506
11896
11898
11900
11901
11902
11903
11910
11923
11924
11925
11926
11927
11928
11930
10507
11693
11931
11932
11933
11443
11595
10508
11692
11442
11596
10509
11691
11441
11597
10510
11690
11440
11598
10511
11689
11439
11599
10512
11688
11438
11600
10513
11687
11437
11601
10514
11434
11444
11445
11446
11481
11483
10515
11685
11433
11484
10516
11432
11485
10517
10518
10519
11639
11429
11486
10520
11638
11428
11487
10521
10522
10523
10524
10525
10526
10527
10528
11626
10529
11625
10530
10531
11623
10532
10533
10534
10535
10536
10537
10538
10539
10540
10541
10542
10543
11620
11621
10544
11619
10545
11614
11617
10546
11633
10547
11632
10548
11631
10549
11630
11653
11658
11659
10550
11629
11660
10551
11628
11661
10552
11627
11650
11662
10553
11649
11663
10554
10555
11624
11647
11664
11665
11666
11667
11668
11370
10556
10557
10558
10559
10560
10561
10562
10563
11618
11635
10564
11637
11640
11641
10565
11622
11355
10566
11616
10567
11615
10568
10569
11613
10570
11568
11579
10571
11567
10572
11566
10573
11565
10574
11564
11575
10575
11563
11574
10576
11562
11573
10577
11561
11572
11354
10578
11560
11571
10579
11570
11389
11569
10581
11609
11610
10582
10583
11634
10584
10585
10586
11555
11580
10587
11554
10588
10589
10590
11602
11643
11645
10591
10592
10593
10594
10595
11352
11353
10597
10598
10599
10600
11557
11338
10601
11738
10602
11763
11764
10603
11761
10604
11708
10605
10606
10607
10608
10609
10610
11713
10611
11769
11775
11776
10612
11777
10613
11778
10614
11779
10615
11315
10616
10617
10618
10619
10620
11506
10621
11505
11551
11313
11351
10622
11504
11550
11312
11337
10623
11503
11549
10624
11502
11548
11310
11357
11501
11547
11356
11496
11497
11498
11499
11500
11546
11377
11378
10627
11545
11544
11350
11379
10629
11543
10630
11542
10631
11541
10632
11540
10633
11539
10634
10635
10636
10637
10638
11534
11340
10640
10641
10642
10643
10644
10645
10646
10647
10648
10649
10650
10651
10652
11522
11531
11532
11533
11535
11536
11537
11538
11324
11521
11323
11520
11322
10656
11492
10657
11490
11511
11517
11319
11516
11318
11515
11317
10661
10662
10663
10664
10665
10666
10667
10668
10669
10670
10671
10672
10673
10674
10675
10676
10677
10678
10679
10680
10681
10682
10683
10684
10685
10686
10687
10688
10689
10690
11450
10691
11473
11518
10692
10693
10694
10695
10696
10697
10698
11466
10699
11426
11427
11430
11494
11512
11256
10700
11611
10701
11493
11636
10702
11397
10704
11581
10705
10706
10707
10708
11436
10709
11435
10710
11585
11642
11644
11646
11648
11654
11655
11656
11657
11669
10711
10712
10713
11431
10714
10715
11387
11255
10716
10717
11385
10718
10719
10720
10721
10722
10723
10724
10725
10726
10727
11371
10728
10729
10730
10731
10732
10733
10734
10735
10736
10737
10738
10739
10740
10741
10742
10743
10744
10745
10746
11400
11404
11405
11406
11407
11408
11409
11410
11411
11412
11413
11414
10747
11376
11399
10748
11375
11398
10749
11374
10750
11373
10751
11372
10752
10753
10754
11369
10755
11365
10756
11360
10757
10758
11358
11388
10759
10760
10761
10762
11364
11366
10763
10764
11362
11363
10765
10766
11361
11368
10767
10768
11314
11325
10769
10770
10771
11311
10772
11321
10773
11309
11320
10774
11308
10775
11307
10776
11306
11228
11240
10777
11305
11316
10778
11304
10779
10780
10781
11380
10782
11303
10783
11302
11326
11391
10784
11301
10785
11300
10786
11299
10787
11349
10788
11348
10789
11347
10790
10791
10792
10793
10794
10795
10796
10797
10798
10799
10800
10801
10802
10803
10804
10805
10806
10807
10808
10809
10810
10811
10812
10813
10814
10815
10816
10817
10818
10819
10820
10821
10822
11248
10823
10824
10825
10826
10827
10828
11242
10829
10830
10831
10832
10833
10834
10835
11281
10836
10837
11279
11156
11187
10839
10840
10841
10842
11233
11236
11257
11276
10843
11252
10844
11251
10845
11250
10846
10847
10848
11247
10849
11246
10850
11245
10851
11244
10852
11243
10853
10854
11238
11258
10855
10856
11229
11231
10857
11230
10858
10859
10860
10861
11237
11239
11249
10862
11241
10863
11235
10864
11234
10865
10866
11232
10867
11198
10868
11186
11197
10869
11185
11196
10870
11184
11195
10871
11183
11194
10872
11182
11193
10873
10874
10875
10876
11178
11189
10877
10878
10879
10880
10881
11176
10882
11175
11199
11226
11262
11264
10883
11174
11225
10884
11173
10885
11172
11223
10886
10887
11221
11277
11278
11280
11282
11283
11284
11285
11286
11287
10888
11220
10889
11219
10890
11218
10891
11217
10892
11192
11216
10893
11191
11215
10894
11190
11214
10895
11213
10896
11188
11212
10897
10898
10899
11382
11383
10900
10901
10902
11327
11390
11392
11393
11394
11395
11396
11401
11402
10903
10904
10905
10906
10907
11181
10908
11180
10909
11179
10910
10911
11177
11328
11403
10912
11384
11120
10913
11133
11119
11298
10915
10916
10917
10918
10919
10920
10921
10922
10923
10924
10925
10926
10927
10928
10929
10930
10931
10932
10933
10934
10935
10936
10937
10938
10939
10940
10941
10942
10943
10944
11123
11146
10945
11122
11145
11150
11151
11152
10946
11121
11144
11153
10947
11143
11154
11155
10948
11142
11157
11158
10949
11118
11141
11159
10950
11117
11140
11160
10951
11116
10952
10953
10954
10955
10956
10957
10958
10959
10960
11110
11112
11115
11124
10961
11114
11125
10962
10963
10964
11106
11107
11108
11111
11057
10965
10966
10967
10968
11058
10969
10970
11056
10971
11055
10972
11054
10973
10974
11052
10975
11051
10976
11050
10977
10978
10979
10980
10981
10982
10983
10984
10985
10986
10987
11069
10988
11068
11072
10989
11067
10990
11066
10991
11065
10992
10993
11063
10994
11062
10995
11061
11085
11135
11137
10996
11045
11046
11047
11048
11049
11064
11070
11071
11102
10997
11101
10998
10999
11253
11000
11060
11001
11059
11200
11002
11003
11004
11005
11006
11007
11053
11008
11009
11010
11201
11261
11263
11265
11266
11267
11268
11269
11270
11271
11011
11202
11203
11204
11205
11206
11207
11208
11209
11017
11018
11019
11020
11021
11022
11023
11024
11025
11026
11027
11028
11029
11030
11031
11032
11033
11073
11075
11079
11080
11103
11100
11128
11098
11126
11099
11104
11105
11109
12230
12232
12476
12234
12474
12473
12237
12280
12315
13972
13971
13966
12597
12598
12599
12600
12601
12602
12603
13585
13584
12606
12633
13583
13586
13587
12658
13588
12660
12662
13589
13590
12663
13591
13265
13266
13296
20450
13375
13424
13425
13426
13427
13429
13430
13431
13432
13436
20335
13528
20467
20476
13557
13792
19805
19783
19803
19804
19782
19748
13883
14073
20245
20292
20291
20290
20289
20288
20287
20286
20284
15017
15019
15021
15023
20436
20435
20434
18652
15105
18651
16452
15117
16267
20543
20542
20539
20538
20535
20525
20524
20523
20522
20520
20519
20408
20407
20406
20405
20404
20403
20402
20400
20507
15223
20505
20504
20503
20502
15238
15240
20274
20423
15257
20421
20474
20473
20472
20471
20470
20469
20468
20342
20341
20340
20339
20338
20337
20336
20334
15389
20456
20455
20454
20453
20451
15407
15409
15411
15413
15415
15417
15419
15422
15424
15426
20390
20389
15432
20387
15436
15439
20491
20490
20489
20488
20487
20486
20485
16494
15462
18590
15764
15765
15766
15767
15768
15769
15770
15771
15772
15773
15774
15775
15776
15777
15778
15779
15922
20484
20493
17878
17879
17880
15937
17887
15940
17882
17881
15951
15964
15966
20368
17877
20376
17886
20512
16440
16576
16578
16579
16580
16581
16582
16583
16584
16736
16737
16738
16739
16740
16741
16742
16743
16744
16746
16748
16749
16753
16877
16878
16879
16880
16881
16882
16883
16884
16885
20371
20388
20370
16993
16994
16995
16996
16997
16998
16999
17000
17001
17004
17005
17007
17008
19185
17009
17010
17011
19183
19184
19186
19187
19188
19189
19190
19191
19192
19193
19194
19195
19196
19197
19198
20413
20415
20401
20399
20398
20397
20396
18078
20448
18550
18551
18552
20430
18554
18555
18556
18557
18558
18649
18650
18653
18784
20526
18814
20475
20532
20514
