0
1
2
3
4
5
6
7
8
9
10
11
12
13
14
15
16
17
18
19
20
575
21
22
23
24
388
25
26
27
28
103
29
30
310
31
32
574
33
34
35
36
37
38
39
40
41
42
576
43
44
45
46
47
48
49
663
50
462
51
52
53
946
54
55
56
57
58
59
1289
60
581
61
62
63
64
1670
65
66
67
68
740
69
70
71
72
73
790
74
952
75
76
77
85
78
1531
1448
79
80
81
82
83
1843
84
86
87
487
88
89
865
90
768
91
92
665
93
1804
94
95
96
97
98
99
868
100
101
102
104
105
798
579
106
107
108
109
110
111
112
113
114
115
116
117
118
789
119
120
121
1699
122
123
124
966
125
126
127
128
129
130
131
132
133
1130
1701
134
135
136
941
137
138
139
140
141
1344
142
143
144
145
146
147
148
149
1403
150
1131
151
2932
152
153
154
2223
155
156
157
158
2450
159
160
161
162
163
164
165
166
167
168
169
170
3176
171
172
189
745
173
3522
174
176
769
175
177
178
2623
179
180
181
182
183
184
185
1132
186
187
188
190
704
191
192
193
1491
194
195
1871
1580
196
197
324
198
3074
199
200
201
202
203
204
205
206
207
208
853
209
3189
210
1974
211
212
213
214
215
1134
465
216
3288
217
218
219
220
2224
2225
221
222
223
224
225
226
4164
227
2227
228
229
230
4167
231
232
4168
233
4107
294
234
235
236
4386
237
4165
241
238
239
279
240
242
243
244
4151
245
286
246
2226
4399
247
248
4414
249
272
250
281
251
252
253
254
255
256
257
258
311
4169
259
276
260
4221
261
265
262
266
263
264
267
268
269
4604
270
290
271
273
274
275
4078
298
277
4124
278
280
299
4132
282
283
284
285
287
4350
288
293
289
291
3993
292
4152
4401
295
296
297
301
300
302
303
304
305
306
307
308
309
312
313
314
315
316
317
2230
318
1732
4987
319
1834
320
321
322
323
1142
325
3179
326
327
328
333
329
330
331
332
334
335
1305
336
337
338
339
340
341
342
3203
2956
343
1154
344
345
346
347
348
349
350
351
352
353
1559
496
1928
354
3347
355
356
357
358
359
523
360
715
361
749
362
406
363
364
365
366
3379
1187
367
368
526
1143
369
1295
3292
515
706
1411
1159
370
371
372
373
374
375
376
377
378
2350
379
2352
380
381
898
382
383
384
510
385
386
387
389
390
391
392
400
393
1413
394
395
396
716
1145
1146
397
2351
497
1141
398
399
401
402
5002
403
1953
404
405
720
407
408
409
595
410
411
1163
412
413
414
870
415
416
1949
417
433
418
419
420
3226
421
422
1560
423
424
425
426
427
493
428
429
430
431
1138
432
434
713
435
817
1369
436
2232
499
437
438
439
2571
440
441
442
1248
443
444
445
446
596
3198
447
752
2291
448
449
632
450
451
452
453
454
455
456
457
458
459
460
461
892
463
464
466
744
467
2220
468
517
469
587
623
470
471
472
911
473
488
474
475
476
477
1672
478
872
479
480
481
482
483
1205
484
1862
485
486
3403
3207
489
1427
490
1196
498
491
492
494
1135
495
500
501
502
503
504
505
3411
506
3465
3320
507
508
3241
509
3216
1428
1404
1430
1211
1417
511
1819
2050
512
513
514
516
518
2399
519
2114
520
558
521
522
1172
524
3211
525
1554
527
528
529
530
593
555
531
532
533
534
535
536
537
546
538
539
540
682
541
542
1549
543
544
545
547
1157
548
549
550
551
896
552
553
554
556
3252
1362
557
559
560
561
2236
562
563
564
565
2228
566
567
568
569
570
571
572
1164
573
577
578
2118
580
943
3191
1158
582
583
584
3222
3449
585
586
588
589
590
3194
1435
1222
591
3307
592
1414
594
597
2276
598
599
1702
600
601
602
603
604
605
1097
1136
1613
606
607
608
609
610
656
611
638
612
613
1166
614
615
1971
616
1583
667
617
746
3436
618
619
620
621
622
624
625
626
627
851
628
629
630
635
631
633
634
1133
8402
636
637
646
639
640
641
642
643
644
863
645
647
1178
648
649
1710
822
650
651
652
1312
653
654
655
657
658
659
660
1705
661
662
664
1627
666
3935
1231
668
669
1137
670
671
1382
672
673
674
3221
3225
675
3432
676
677
678
679
2263
680
681
683
1420
684
685
686
687
688
689
690
691
692
693
1422
694
711
696
5058
695
697
698
699
700
701
702
703
4990
705
707
1717
1300
2415
796
708
724
709
710
712
714
717
718
1586
722
719
721
3887
1304
723
725
726
727
3250
728
3583
729
730
731
1939
3446
732
733
734
735
3239
736
738
739
741
742
743
747
748
4260
3231
750
1297
753
3199
1170
751
754
755
1233
756
5039
757
758
759
760
8487
761
762
763
764
765
766
767
770
771
820
1709
2057
859
772
773
4978
774
777
775
776
778
779
780
781
782
783
1160
784
785
786
787
788
1890
791
792
3180
793
3809
2934
794
3838
795
2695
4975
797
799
1167
3234
800
4704
801
802
803
2940
804
5336
805
1228
806
807
808
1147
5133
809
810
811
812
813
814
2069
815
816
818
3078
819
1102
821
5064
8438
823
824
2777
825
826
827
828
1719
4993
829
830
831
832
833
834
835
836
837
838
839
840
841
842
843
844
845
846
847
848
3550
849
3469
850
852
854
1381
855
856
857
4977
858
860
861
1077
862
864
3070
866
867
869
3193
1794
871
873
874
875
876
877
2067
878
879
1116
880
881
882
1612
883
884
1832
885
886
887
3621
1516
888
889
890
893
3470
894
2237
895
897
3722
899
900
901
902
903
910
3376
904
905
3464
3440
906
907
4979
3195
908
3208
2111
909
912
913
914
915
3343
916
917
918
919
920
921
4907
1433
922
923
3968
3290
924
925
926
927
928
929
930
931
3433
932
3251
933
1001
934
935
1797
1835
936
937
938
939
940
995
942
944
945
947
948
949
1020
950
951
953
2523
954
955
956
957
4994
2625
4999
3605
3875
958
959
960
4997
961
962
963
3670
5008
964
5012
5862
965
967
968
969
970
971
972
4991
3115
5941
2931
973
974
975
976
2933
978
1021
2751
1013
977
2996
6245
979
5123
3634
3914
1817
980
981
982
983
5125
6947
3000
984
2270
985
986
2393
987
988
3779
1235
3727
1410
989
990
991
4974
992
4566
993
994
2976
996
997
998
999
4989
1016
1018
1000
2247
1002
1003
1004
1005
4761
1594
1006
1007
6148
1024
1008
1009
1010
5044
5149
1011
1012
2750
1014
1015
1017
1019
2789
2596
1022
1023
2747
1025
1026
1027
1028
1029
1030
1844
1031
1032
1556
1033
1034
1035
1036
5015
3181
1037
1038
1089
1039
6346
1040
2192
6160
1041
1042
2876
5969
1043
3007
1044
1045
8435
1046
1047
1048
1049
1050
1051
1052
1053
1054
1055
2681
1056
1057
6290
1058
1688
1059
3671
3673
1838
1820
1060
1061
1708
2919
1062
1063
1064
1065
6168
5471
8617
1066
1067
1068
3612
1072
1069
1070
4637
1071
1073
1074
3050
1075
1076
1078
1079
1080
1081
5062
1082
1083
1084
1112
1085
6454
1086
2699
1087
1088
1090
1091
1092
5023
1093
5083
1094
1095
2330
1096
1716
1703
1098
1099
1100
1101
1103
1104
5334
8056
1438
2980
1105
1106
1826
1107
1108
1109
1110
1111
1113
2755
1114
1115
1117
1320
1118
1119
1120
2948
1121
1122
1123
1124
1125
1256
2073
1126
1127
1128
1129
1715
1139
3336
3235
3825
3827
3289
1140
3326
1144
3301
1409
3879
1148
1149
1150
1151
1152
5052
2471
2385
1153
1155
7143
1156
7113
2489
1161
2378
1162
1192
1425
1165
3793
1168
5056
3333
1169
1171
1173
1174
1175
1176
1424
1177
1179
1180
1181
2511
1182
1183
1184
1185
1186
3182
1188
1190
3969
1406
1191
1193
1194
1195
1197
1294
1198
1199
1200
1201
1202
1203
1204
8439
1206
1207
1208
1209
1210
1212
1213
1215
1426
3255
2611
3420
1216
6813
1217
1218
1219
3481
3892
1220
1221
6888
2386
1223
1224
1225
5976
1226
1227
6441
1229
1673
2302
1230
1232
1954
1234
1236
1237
1238
1239
1240
1241
1242
1246
3625
1243
1951
1244
1245
7607
1247
1249
1250
1251
1252
5886
1253
1254
3552
1632
2381
3405
1255
1257
1268
1258
1286
1259
1260
1780
1471
1261
1262
1706
1263
1818
1322
1264
2700
1265
1266
2252
1267
5652
5644
3577
1269
3328
1270
1271
1272
2999
2085
1273
1274
1275
1276
1277
1278
2407
1279
1280
1281
6728
1282
1287
1283
1284
2457
1285
8803
1288
1290
1291
3485
1292
1867
1293
3205
1296
1298
1299
1343
1301
3295
1302
1303
1306
1307
1354
1308
1309
1581
1310
3796
3791
1311
1313
1314
1315
5053
1316
3286
1600
1317
3602
1333
1318
1319
1321
1323
1929
1324
1325
1326
2683
1327
1328
2132
3944
8117
1329
1330
5050
1331
1332
6849
1334
5043
1335
2136
1336
1337
6576
4778
1338
8434
1339
2171
3580
1340
1341
1342
1345
1346
1347
1348
1349
1350
1351
2506
1352
3437
1353
1355
1636
1356
1357
1358
1359
1360
1361
1363
5219
1364
1365
1366
4973
1728
1823
1704
1700
1367
1368
1370
1371
1372
3056
1373
1374
8396
1375
1376
1377
1378
1379
1380
1383
1384
1385
1386
1387
1388
2594
1390
1389
1391
5007
1392
1393
1394
1395
1396
1397
1398
1399
1400
1401
1402
1405
1407
1408
3237
1412
1415
1416
3236
2380
1418
5040
1419
3325
1421
1423
2231
1429
1431
3851
3355
6657
1432
1434
1436
1437
1439
1440
1441
1442
1443
6327
1444
3278
1472
1445
1446
1447
1449
5065
5088
1450
7648
1451
1452
1453
2610
1454
1455
1456
2409
1457
1458
1459
1460
1461
1462
1463
1464
3319
2797
1465
6440
1466
1467
1468
1469
1470
1473
1474
3942
8398
1475
1476
2028
1477
8532
1478
1479
1480
1481
1482
1483
2198
4982
1729
5025
1484
5126
1485
1486
1487
1488
1489
5129
1490
7267
3107
1492
1493
1631
1494
1495
5080
1496
3049
1497
1498
1499
3129
3657
1500
1501
1503
1504
1505
1506
1507
3760
1508
1648
1509
1510
1511
1512
1513
5005
1514
1515
1517
1518
1519
1520
1521
1522
1628
1523
2145
1524
1525
8632
1526
1527
1528
2229
1529
1942
1530
1532
3463
1533
8114
1534
1535
1536
1537
1538
1539
1540
1879
1541
1542
1543
1544
1545
1546
1547
1548
1550
1551
1552
1553
1555
2356
1557
1558
1561
1562
1563
1564
3504
5117
1565
2949
1566
1567
5294
1568
1569
1570
1805
1571
1572
1573
5888
2051
1574
2612
1575
1877
1576
2403
1578
1579
1582
1584
1585
5055
3706
1587
1588
2030
1733
1589
1590
1591
7650
3724
1592
3690
1593
1753
3125
1595
1596
1597
1598
3721
1599
1601
1602
1603
1606
1605
1607
1608
1609
2802
1610
1611
3374
1614
1615
1616
1617
3595
1981
1618
1619
5084
7185
2832
1620
1621
1622
1623
1624
1625
1626
5116
1629
1630
1633
1634
3330
1635
1637
3471
1638
1639
8459
1640
1641
1642
6935
1643
3368
3302
5068
1644
5074
5780
6778
1645
1646
6901
1647
1649
1650
1651
1652
1653
1654
1655
1656
1657
1658
1956
2646
1659
1660
1663
1661
1662
1667
1664
1665
2027
5099
1666
1668
1669
5076
2763
1671
1674
6899
1675
8445
1676
1677
1678
1679
1680
1681
1682
1683
1684
1685
1686
1687
1689
1690
1691
1692
3845
1693
1694
1695
1888
6469
1696
1697
3466
1698
1707
1711
1712
2121
1713
1714
6003
1720
2518
1721
5682
2804
6932
1722
1723
1724
4981
7289
1725
1726
5031
1727
1738
2909
1730
1731
1734
1735
2443
3613
1736
1737
1739
1740
1741
2962
1742
1744
2672
1745
1746
1747
5112
5113
1748
1749
1750
1751
1752
1754
1755
7688
1756
1757
1758
1759
7668
1760
1761
1762
3091
1763
2453
1764
1765
1766
1767
8902
1768
1769
1770
1771
7190
1828
3767
4155
1772
1773
3811
1774
1775
1776
1777
1778
1779
1781
1782
1783
1784
1785
1786
2255
1787
1788
5038
1789
1790
1791
1792
1793
1795
1796
1798
1799
1800
1801
1802
1803
1806
1807
1808
1809
2861
1810
1811
1812
1813
1814
1815
1816
4568
1821
1822
1824
1825
4983
1827
1829
1830
1831
1833
1836
1837
1839
1840
1841
1842
5009
1845
3866
1846
1847
1848
3868
1849
1850
1851
1852
1853
2113
1854
1856
2235
4198
1857
1858
1859
5070
2122
2425
1860
1861
1863
1864
1865
1866
1868
1869
1870
1872
2947
3988
1878
5604
1873
2985
2525
1874
1875
1876
4976
2631
3606
5016
1880
1881
1882
1883
1884
3190
1885
1886
3594
1887
7217
1889
1891
2526
1892
1893
1894
1895
1896
5590
1897
5004
6093
1898
2756
1899
1900
2890
1901
1902
5719
1903
1904
1905
4988
1906
1907
1909
1910
5511
1911
1912
5118
1913
1914
1915
1916
2881
1917
1918
1919
3941
3763
1921
1922
4900
1923
1924
1925
1926
1927
3359
6702
6965
1930
2010
1931
3212
1932
1933
2664
1935
1936
1937
1938
7218
1940
8504
1941
1943
1944
1945
1946
1947
1948
1950
1952
1955
3629
1957
1958
8261
1959
1960
1961
2451
1962
1963
5190
3113
1964
1965
1966
5091
3795
1967
1968
1969
1970
2201
1972
1973
1975
1976
1977
1978
1979
1980
1982
2580
1983
5089
1984
3554
1985
3782
1986
2392
2315
1987
1988
6503
1989
2963
1990
1991
1992
1993
1994
1995
1996
1997
5033
1998
1999
2000
2001
2002
2003
6988
2004
2821
2006
2005
6883
2007
2008
2009
2833
2011
2012
2847
2013
2015
5542
2016
2017
2018
2019
2020
2021
2022
2023
3607
5027
6544
4565
2024
2025
2026
2029
6545
2031
4755
8397
2032
2644
5575
5861
2998
2033
2034
2035
2036
2624
2037
2038
2039
2040
2041
2042
2043
2469
2044
7516
2045
6742
2046
2047
3776
2048
2049
2052
2053
2054
2055
2056
2058
2548
2059
2060
2061
2062
2374
2063
2064
2065
2066
2068
2070
2072
2074
2075
3654
4995
2076
2077
2078
6319
2079
2080
6773
2081
2082
2083
2084
2086
2087
3117
2088
2089
4992
2090
2091
2092
2093
6027
5947
2094
2749
3562
2095
2971
3269
2096
2097
2098
6024
2099
2100
2101
2102
2103
2428
2104
2105
2106
2107
6806
2108
2109
2110
8720
2848
2112
8109
2115
2116
5130
2845
2117
2119
8752
5638
2120
2123
2124
2125
3360
2126
2127
2129
2130
2131
2133
2134
2135
2137
2138
2139
2140
2141
5037
2217
2142
2143
2146
2147
2148
3939
7346
9078
2149
2150
5393
2151
2152
2153
2154
2155
2156
2157
2208
2159
2160
2161
2162
2163
2164
2210
2165
4972
2166
2167
4769
5103
6735
2168
2692
2169
2170
2172
2173
5836
2174
2175
6623
2176
5110
2177
5082
5788
2178
2179
2694
7603
5839
6624
2180
5681
5840
2181
2182
2183
5841
5155
2660
5789
2184
2185
5179
2186
2187
2188
2189
5843
5162
2190
5143
2191
2193
2194
2195
2196
5176
2197
2199
2200
2257
2202
2203
2204
2205
2206
6622
2207
3429
3062
2209
2211
7660
2212
2213
4587
5555
2214
2215
3479
5684
6115
2216
2218
2219
2221
2222
2233
2234
2238
2239
2240
2241
2242
2243
2244
2245
2246
5137
2248
2249
2250
2251
2253
7023
2254
2256
2258
2259
2260
2261
2262
2264
2265
5017
3839
7099
2266
2402
2267
4378
2268
2269
2271
2997
5965
2272
6559
2273
5964
8409
6011
2274
2275
2629
4490
2627
2277
2278
8380
2279
5087
2920
2280
2281
2282
2283
2284
2286
5148
2287
2288
7236
7233
2289
4322
2290
7567
2292
2293
2294
2295
5795
2296
2297
2298
2299
2300
2301
2303
3223
2304
2305
6257
2752
5227
2306
2308
2814
2530
2309
2310
2311
3005
2944
2312
2313
2314
7005
2859
2316
6385
2953
2317
2318
8411
2319
5303
2320
2321
9080
2322
5034
2323
2324
2325
2863
2326
2341
2327
2328
2329
2331
5968
2332
2968
2843
2333
2340
2334
2335
2336
2337
2338
2761
2965
2975
2339
2342
2343
2344
2345
2961
9343
2346
2347
5339
2348
6700
2349
2353
2354
3227
3232
2355
7351
6238
2363
2358
5467
2359
2360
2361
2362
2364
2365
2366
2367
2368
2369
2370
2371
2372
8006
2373
2375
3859
2376
2377
2379
2382
5069
2383
2384
7063
2387
3399
2388
7753
7227
2479
2389
2390
2391
2394
2395
2396
2397
2398
2400
3316
2666
2401
2404
6685
5584
2668
2405
5022
2406
2408
3876
2410
2411
8485
2412
2413
2445
2414
2416
2417
2418
2419
2420
3338
2421
2422
2423
2424
2426
2427
6866
2429
2430
2431
2432
2433
2434
3468
2435
5188
6444
2436
3264
9405
2437
2438
2439
7475
2440
2441
4621
2442
2444
2449
2446
2447
2448
2452
2454
2455
2456
2458
5060
2459
2460
2461
2462
3349
2463
2464
2465
2467
2468
2470
2472
2474
2473
6150
3917
2475
2476
2477
5067
2478
2633
2480
2481
2482
2483
2484
5001
2485
2486
2487
3476
2488
2490
5111
2496
2491
3994
2492
2493
2494
2495
3351
3578
2497
2498
5042
2499
2500
2501
2502
3600
7674
9106
2503
2504
2741
8328
5865
2505
2507
2508
2509
2512
3220
2513
5655
6416
2514
3976
8179
2515
2516
2973
2519
2539
3075
8965
2520
2521
6289
8473
2522
2524
2527
2528
2831
2529
2531
2532
2533
2534
5797
2535
2536
2537
2538
2540
2541
2542
2543
2544
2545
2546
2547
2549
2550
2551
2552
2553
2554
2555
2556
2557
2558
2560
2559
2566
2561
2562
3910
2563
2564
2565
2567
2568
2569
2570
2670
2572
2573
2574
2575
2576
2577
2578
4742
2579
2581
2582
2583
2584
2585
2586
2587
2588
2589
2590
2793
2591
6021
5726
2592
5079
6682
2593
2684
2595
2597
2598
2599
2600
2602
2601
2603
2604
2605
2606
2607
2608
2609
2613
2614
2615
2616
2617
2618
2619
2620
2621
2622
2626
2628
3087
2630
2632
6953
2634
2635
2636
2637
2638
2639
6301
2640
2641
2642
2643
2645
2647
2648
2649
4767
4624
5659
2650
5030
2651
2652
4985
4753
2653
2654
2655
2656
2657
3775
2659
5163
5790
2661
2662
4208
2663
2665
8416
2667
3826
2669
2671
2675
3452
7200
2673
3622
2674
2676
2677
2678
2679
2680
2682
2685
2687
2688
2689
2690
2691
2693
2696
2697
4723
2698
2701
6276
8555
2702
2703
2704
2705
2706
2707
5011
2708
2709
3106
2710
2711
2712
2713
5006
3637
2714
2764
2715
2716
2717
2718
2719
2720
3025
2722
2723
5205
2724
2725
2727
2728
2729
2730
2731
2732
2733
2734
2735
2736
2737
2738
2740
2742
5818
2743
2744
5335
2745
2746
5814
3131
6211
2748
6212
2753
2754
2757
2758
2759
2760
8311
6524
2762
2765
2766
2767
8370
5838
2768
2769
5620
2770
2771
2772
2773
2774
2775
8000
2776
2778
2779
2780
4549
3641
2781
2782
2783
3086
2785
2786
2787
2790
3906
3175
2799
2791
2792
2794
2795
2796
2941
3105
5957
2798
4784
2910
2827
2800
3001
5586
4697
2801
2803
6182
2805
5010
2806
5020
2807
2808
5134
2809
2810
2811
2837
2812
5363
2813
2815
2816
6962
7682
8073
5588
6523
6395
2817
7549
8663
2818
2945
5472
6282
2819
2820
3177
2822
2823
2824
2825
2826
2828
5191
5351
2829
2830
8194
6183
3505
2834
6825
6196
2835
2836
2838
2839
8477
2840
7954
2842
2841
5627
2844
2846
2849
6665
2960
8244
2850
2873
2851
6546
2852
4998
2860
2853
2854
5850
2855
2856
6867
2857
3002
2858
2862
2864
2865
2913
2866
2867
2868
8580
5308
2869
2870
2871
2872
2900
2874
2875
2877
2878
5603
2879
6033
2880
2882
2883
2884
5232
2885
8393
2886
3980
6077
7968
2887
2888
2889
2891
5546
2892
2893
2894
2895
2896
2897
2898
7317
2899
5510
8925
2902
5374
3643
2901
8804
2906
2903
2904
5316
2905
2907
6512
6378
2908
2911
5534
2912
2914
2915
6442
3014
2951
2916
3510
3055
2917
2918
2921
2922
2923
2924
2925
6142
4786
2926
5244
5277
5288
2927
2928
2929
2930
6949
2935
2936
6477
4758
2937
2938
2939
2942
2943
2946
2950
2952
2954
5972
2955
8441
2957
3081
2958
5664
2959
2964
2966
2967
2969
3899
2970
2972
2974
2977
2978
2979
2981
8826
5538
7803
7806
5223
2982
2983
2984
2986
2987
2988
2989
2990
8526
8546
2991
2992
5967
2993
3003
7274
2994
2995
3004
3006
3008
3009
3010
3011
3013
3012
3015
5168
7293
3032
3016
3017
3018
3019
3020
3021
3901
3022
3023
3024
8400
5337
3031
3026
3027
5394
7706
6795
3028
3046
3029
8142
3030
7056
3033
3048
3035
3034
8401
3036
3037
3038
4166
3039
8412
4570
5594
4725
3040
3041
3042
3043
3044
5128
4749
3045
3047
3051
3052
8410
3053
3054
3057
3058
3059
3060
3061
5422
3064
3063
4984
7658
3065
3066
5966
3642
3067
3068
3069
3077
3071
7752
7270
3072
3073
4746
7645
3076
3083
3079
3080
3082
3084
5260
3088
5057
4772
3089
4567
3090
6854
3092
3093
3094
3095
3096
3097
3098
3099
3100
3101
3102
3103
3104
6136
4925
3108
3109
3110
3111
3112
6483
3114
3116
3118
7119
3119
3120
5474
5264
6443
3121
3122
4980
6188
3123
3124
3126
5581
6156
3127
3128
3130
5548
9180
3132
3133
3341
3134
3135
3136
3137
3138
5437
3139
3140
3141
7314
6004
3500
3142
7663
3143
3144
3145
3146
3147
3213
3148
3149
3151
3152
3153
3154
3155
3156
3157
8464
3158
3159
3160
3161
5731
6720
5875
3162
3163
4529
7026
3164
3165
8432
3166
3167
3168
3169
3170
3171
5295
6149
3173
3174
5656
4302
3178
3183
5718
3184
3185
3186
3187
3188
3192
3196
3197
3200
3201
3228
6699
3358
3366
3202
3204
7021
3206
3209
3210
3214
3215
3217
3218
3534
3219
3224
3229
3230
3233
6656
3823
6688
3238
3240
3242
3797
3243
3244
3245
5071
6703
3830
3246
3819
3247
3248
3249
3877
3253
3254
3256
4890
3257
3258
3259
3260
3261
3262
3397
3263
3265
3266
8785
3267
3268
3270
3977
3271
3272
3273
3274
3275
3276
3277
5971
4569
3279
3280
5097
3281
3342
3282
3329
3283
3700
3284
3285
3287
7545
4724
3291
3293
3294
3296
3297
3299
3300
3303
3304
7450
3305
6906
3306
3308
7222
3309
3310
3311
6895
3312
3313
3314
3315
3318
3317
3321
3322
3323
3324
3327
3331
7679
6755
3332
7055
4550
6662
3334
3335
3337
7761
7544
4493
3339
8201
4274
5376
3340
3344
3345
3346
3902
4738
3348
3350
3352
3353
6819
3354
3893
6678
8138
3356
3357
3361
3362
3363
3720
3364
3365
8143
3367
3369
7604
4617
3371
3372
3373
3375
3377
3378
3380
3381
3382
3383
3384
3385
7556
3386
3387
3388
3389
3390
12381
3391
4254
6236
3392
3393
3394
3395
3396
3398
3400
5146
5150
3401
3402
3963
3404
5114
3717
6752
3406
3407
3408
3416
3409
3410
3412
3413
3414
8337
3415
6974
3417
3418
4750
4076
3419
3421
3422
3573
3478
3423
3424
3425
3426
3428
3430
3431
3434
3435
3438
3439
3441
3443
4014
3444
9209
3445
3447
3448
3450
8806
7886
3451
3453
3455
3456
3457
3459
3551
3460
4677
3461
3462
3467
3472
3473
4572
3474
3475
3477
3480
3482
7177
3483
3484
3798
3486
3487
3496
3488
3492
3517
6172
3489
3490
6329
9105
3491
3493
3667
7626
3494
3495
3497
3498
6780
3640
3499
3501
6158
3646
7149
3916
3915
3502
3503
3506
3507
3508
6023
5262
6195
3509
6020
3511
3514
3512
3513
3515
3516
6402
3518
3519
3520
3521
4803
5153
3523
7536
3524
3525
3526
5021
5035
3527
3529
3973
6349
3530
3531
3532
3533
5127
3535
3536
3537
6400
3538
3539
3540
5049
3541
3542
3543
3544
3545
3546
3547
3548
3549
3553
5311
3555
7559
6951
3557
3558
3559
3560
6629
3561
3664
6297
3563
3564
3565
3566
4705
6908
3567
3568
3569
9434
3570
3571
7460
3572
3574
3575
3576
3579
3581
3582
3584
3585
3586
3588
3589
3590
3591
3592
3593
5979
3596
3598
8110
3601
3603
3604
5019
3609
3610
3611
3614
3615
3616
3617
3618
3619
7765
3620
6809
3623
3624
3626
3627
3628
3630
3631
6824
3635
5272
5366
5364
5732
5204
5942
3636
5018
5961
7666
3638
3639
3644
5147
5170
3645
6468
5595
8076
5859
5265
5756
3647
5263
3648
3649
3650
3651
3652
5280
4618
5430
5266
3653
5685
8230
3655
5900
3656
3677
3658
5842
5177
5423
3659
4751
3660
3661
3662
5207
5481
3663
3665
3666
3668
3669
3672
3674
3675
3676
3678
3679
8430
3680
3681
6758
5877
3682
3683
8388
3684
5121
3685
3686
3687
3688
6878
3689
3691
3692
3693
3694
3695
3696
3697
3698
3699
3701
3702
6726
7067
3703
3708
3716
3704
3705
5061
6648
4481
3707
5136
8497
3709
3710
3711
3712
3713
3714
7106
3715
3718
3729
3719
3723
7670
3725
4765
3726
3728
6558
3730
3865
3731
3732
3733
3734
4061
3735
3736
4093
3737
4027
4187
4103
3738
5589
3739
3740
4060
3741
4282
3742
4178
3743
4311
3744
3745
3746
3747
4300
4217
3749
4067
4098
3748
4033
3750
3751
3752
3753
3754
3756
3757
3862
7051
3758
3761
3764
5085
4044
4257
3765
3766
3768
3769
7762
6237
3770
3771
5092
7220
3772
8603
7074
3773
8084
3774
3777
3778
3780
8521
7473
8677
8823
3781
3783
3784
3785
3787
8528
3786
4228
3788
3790
3792
3794
3799
3800
3801
3802
7393
3804
3805
3806
3807
3808
3810
6447
6885
3812
3958
3814
3815
8141
3816
3817
5172
5792
8381
5183
3818
3820
3821
3822
3824
3828
3829
5075
3831
3832
3833
3834
3835
3836
7202
3837
3840
3841
3842
8618
3843
3844
3846
3847
6792
3894
6893
8182
3848
4255
3849
3850
7130
3852
3853
3854
3855
3856
3857
3858
3860
3861
3863
7914
7431
3864
3867
3869
3870
3871
3872
3873
8466
3874
3878
4759
5985
3880
6777
7716
3881
5434
3882
3883
3884
3885
3886
3888
3889
3891
3895
3896
7095
3898
3900
8407
6111
3903
3904
3905
3907
3908
3909
3911
3912
3913
3918
3919
3920
6984
3921
5821
6360
3922
5381
3923
3924
3925
3927
3928
3929
3930
3931
3932
3934
5984
3936
4229
3937
3938
3943
6815
3945
3950
3946
3947
3948
3949
3951
4795
5873
3952
3953
3954
3955
6933
8538
3956
3957
3959
7619
7430
3961
3962
3964
3965
6159
5787
3966
3970
3971
7120
3972
3974
8846
5876
3975
3978
3981
3982
7319
3983
3984
3985
3986
3987
3989
4312
4219
4087
4201
3990
3991
4150
4015
3992
4091
3995
4094
3996
4019
4047
3997
4361
3998
3999
4000
4001
4002
4003
4119
4212
4004
4609
4038
4005
4006
4007
4092
4008
4232
4009
4010
4011
4012
4072
4013
4016
4017
4018
4207
4020
4021
4022
4023
4024
4025
4026
4384
4028
4059
4064
4029
4293
4318
4030
4031
4032
4202
4083
4034
4192
4035
4036
4037
4337
4100
4116
4039
4040
4041
4042
4410
4043
4416
4045
4290
4101
4046
4185
4048
4049
4397
4181
4182
4186
4050
4051
4052
4133
4053
4191
4134
4142
4054
4237
4055
4056
4057
4058
4062
4063
4458
4065
4066
4173
4068
4138
4069
4070
4820
4175
4071
7537
4077
4073
4398
4074
4075
4079
4403
4080
4194
4081
4082
4084
4085
4209
4231
4218
4135
4086
4891
4088
4089
4112
4106
4090
4095
4096
4097
4099
4102
4359
4104
4105
4108
4109
4110
4111
4113
4114
4115
4117
4118
4120
4121
4122
4123
4125
4126
5545
4238
4127
8385
4128
4413
4129
4143
4130
4131
4136
4205
4137
4139
4140
4141
4144
4145
4335
4146
4409
4685
4147
4222
4352
4285
4148
4177
4149
5657
6505
4153
4154
8383
4156
4157
4158
4668
4159
4160
4161
5944
4162
4163
4411
4170
4172
4171
4174
4176
4179
4180
4183
4184
5101
4188
4189
4551
4369
4190
4199
4210
4211
4239
4193
4195
4196
4197
4200
4203
4204
4206
4213
4214
4215
4216
4220
4223
4224
4225
4226
4227
5750
4230
4234
4235
4236
4240
4241
4242
4827
4243
4244
4729
4245
4246
4247
4248
4249
4250
5921
4251
8446
4252
8535
4253
4256
6853
4258
8702
6837
4259
4261
4262
4288
4263
4264
4265
4267
4272
4268
5427
4269
5908
4270
4271
4273
4275
4276
4573
4278
4279
4280
4281
4332
4283
4714
4921
4284
4286
4287
4289
4303
4291
4292
4294
4295
4296
4297
4298
4299
4301
4304
4305
4306
8022
4307
4686
4308
4309
4310
7480
4605
4510
4673
4407
4613
4625
4313
4364
4314
4334
4315
4316
4317
4871
4319
4320
4321
4333
4323
4324
7472
7543
8697
4328
4636
4325
4456
4326
4327
5138
4622
4329
4330
4331
5936
4336
4338
4339
4340
4341
4342
4343
7814
4345
4346
4347
4348
4349
4351
4353
4354
4355
4356
4357
4358
4360
4362
4363
4365
4366
4376
4367
4368
4370
4371
4372
4373
4374
4375
4377
4379
4382
4383
4385
4387
4388
4389
4390
4391
4546
4392
4393
4395
4394
4396
4400
4402
4404
4405
4406
4408
4412
4415
4457
4417
4418
8671
4419
4420
4422
4847
4433
4423
6320
4424
8420
4425
4426
4427
4429
4428
4430
4431
4432
4434
4435
4436
5354
8802
4438
4441
4439
4440
4442
4443
4444
4445
4447
4448
4449
8057
4450
10320
4451
4452
4453
4454
4455
4459
4460
4461
10318
4462
4463
4464
4465
4905
4466
4467
4469
4470
4471
4472
4474
4475
4476
4477
4478
4479
4482
4480
4484
4486
4487
4488
4489
7498
4491
4534
8527
8536
7864
4492
4494
4495
4496
4497
4498
4500
4501
4503
4504
4506
4507
4509
4511
4512
4513
4514
8753
6481
4515
4516
4517
4518
4519
6566
4521
4522
4523
4524
4525
4526
4527
4528
5187
4530
4531
4532
4533
4535
4536
11948
13139
4537
4538
4540
4541
4543
4959
12108
4544
4545
4547
7927
8316
4730
8540
7870
7865
4548
4553
4554
4555
4556
4558
4559
8096
8591
4560
4561
5559
4563
4564
6094
4571
4574
4575
4576
4577
4578
4579
4580
4581
8167
4593
4596
4582
4583
4584
4585
6461
4586
4777
4588
4589
4590
4591
4773
4788
5986
6310
5988
6552
7038
5414
4592
7089
4594
4595
4597
7695
7019
4598
4774
4599
5582
4600
4601
4602
4603
4626
4606
5946
4607
4608
7316
4610
4630
4611
5119
6978
4612
4614
4615
7601
7738
4654
4616
4619
4620
4623
4627
4639
8835
4655
4628
4700
7609
4629
4669
8490
5898
4631
4676
4632
4768
4633
4635
4634
8979
4638
4640
4641
4642
4643
5346
4674
4644
4660
4645
5626
4646
4647
4678
4648
4649
4656
4650
4651
4653
5541
4657
4681
4658
4659
4661
4662
8735
8780
4663
4672
4664
4665
4666
7671
4667
4670
4671
4675
4679
4680
4682
4683
4684
8450
4687
4688
4689
4690
4691
4692
4693
4694
8533
5449
4695
5428
5870
5755
4696
8640
4698
7721
4699
4701
4702
4703
4706
8541
4707
8864
4708
4709
4710
4711
4712
4713
8542
8543
6753
4715
4717
4716
4770
8545
6754
8547
7874
4718
8537
8548
4719
8549
4720
7867
4721
4722
4726
4727
4728
4731
4732
4733
4734
4735
4736
6284
4737
4739
6255
4740
4743
4744
4745
4747
4748
5094
5140
4752
6537
4754
5154
4756
4757
4760
5086
5837
4762
4763
5141
5142
4764
6626
4766
4771
5158
7673
5164
5167
6625
4775
7705
4776
4779
6275
5165
4780
6415
4781
7669
4802
4782
4783
4785
4787
5145
6520
4789
4790
4791
4792
4799
4797
4793
6934
4794
4796
6762
4804
4798
4800
6298
6322
6591
6634
4801
4805
4806
6430
4807
4808
7502
4809
9021
4810
4811
4812
4813
4814
4815
4816
4817
7664
4839
9848
4818
4819
4821
4822
4823
4824
4825
4826
4828
4829
4830
4831
4832
4833
4834
4835
4836
4837
8840
8843
4838
4840
4841
4842
4845
4843
4844
4846
4848
4849
4850
8795
4851
6712
4858
4853
4854
4856
4857
4859
4860
10407
4861
4862
9431
4865
4863
8935
4864
4866
5631
4867
4868
4869
4870
5696
4872
4873
4874
4875
11636
4876
4877
4878
4879
11433
4881
4882
9682
4883
4884
4885
4886
5199
4888
4889
4892
4893
4894
4895
4896
4897
4898
4899
4901
9264
8003
4903
4904
11599
4906
4909
6652
4913
4908
4910
4911
4912
4914
4915
4916
12025
4917
7823
4918
4919
4920
4922
4923
8404
4924
9196
6066
4926
5752
8199
4927
4928
4929
4930
5399
4931
8890
4932
4933
4934
7926
4935
4936
13747
4937
4938
4939
4940
4941
4942
4943
6738
6299
4944
5081
4946
4947
4948
4949
4950
4951
4952
4953
4954
4956
4957
6601
4958
6515
4960
4961
4962
4963
4964
4965
4966
4968
4969
4970
4986
4996
5000
5013
5014
6533
5024
5026
5029
5041
5046
5047
5048
5051
5054
5059
5063
5072
7907
5073
5077
5090
7304
5093
5095
8082
6649
5151
5098
5100
6858
5102
5104
5105
5106
5107
5109
5108
5115
5120
5122
5135
5469
5139
7312
8034
5144
5152
8035
5157
5156
5159
5160
8016
6736
8036
5161
5166
5169
5171
5178
5186
5181
5174
5175
5802
5180
6646
6553
5182
5184
5185
5189
5192
5193
5194
5196
5197
5198
5200
5201
5661
5202
6352
8336
5203
5206
5208
5209
5210
5211
5420
5212
5213
5214
5215
5216
5217
5218
5220
5221
5273
5479
5222
5224
5225
5382
5226
5943
5229
5228
5230
9243
5231
5233
5234
5235
5236
5237
6165
5238
5239
5240
5241
5477
5242
5243
5247
5245
5246
5248
5249
6380
6001
5250
5251
5252
5253
5254
5255
5256
5257
5258
5259
5261
5267
5268
5269
5767
5270
5271
5274
5275
5276
5278
6426
6431
5279
5281
7492
5282
5283
5284
5596
5285
5286
5599
5287
5289
5290
5291
6095
5292
10169
6073
5293
5296
5297
5298
5299
5300
5301
5302
6654
5304
5305
5306
5307
5309
6164
5310
5312
5321
5313
5314
6572
9192
5333
5315
5317
5318
5319
5320
5322
5323
5324
5325
5326
5327
5328
5329
7871
5330
5331
5332
5338
5340
9074
6379
5341
5342
5343
5344
5345
5347
6979
5632
5348
5349
5350
5353
5355
5356
5357
5358
5360
5359
5361
5362
5365
5695
8809
5367
5368
6573
8589
5369
5370
5371
5372
5373
5375
5377
5378
5486
5379
5380
5383
5384
5385
5386
5387
5388
6405
5389
5390
5391
5392
5395
5396
5846
5397
6227
5398
5400
5401
8568
5916
6719
7829
5402
5403
5404
6321
5405
5922
5406
5407
5408
8069
5409
5410
5411
5412
5413
5415
5484
5416
5417
5418
5419
5421
5424
6043
5753
5425
5426
5429
5431
5444
5432
5433
5435
7355
5436
5438
5439
5440
5441
5442
6875
5443
9100
5446
5447
5448
5450
7313
7318
5451
9244
5452
5453
5454
5455
5456
5457
5458
5515
5459
5460
5461
5462
5463
5464
5465
5466
5468
6427
6562
5470
9309
6039
5473
5623
5475
5476
5478
5480
5482
5483
5499
6445
5485
5487
5488
5489
5490
5491
5492
5493
5494
6097
5495
5496
5497
5498
5500
5501
5502
5503
8908
5531
6239
5504
5505
5577
5506
5507
7349
5508
7008
5509
5512
5513
6745
5514
5516
8924
8414
5518
5519
5520
5521
5522
5523
5524
5527
5528
5529
5532
5533
5535
7334
5536
6032
5539
5537
5540
5800
5543
6996
5544
5547
7139
5647
5550
5551
9429
5552
5813
8394
5553
5554
5556
5558
5560
6628
6637
6857
5561
5562
8685
5563
5564
5565
5566
5567
5568
5569
8017
5570
5571
5573
6017
6641
8815
5574
5576
5578
5579
5580
5583
7121
5683
7298
5585
5587
5591
7161
5592
8910
5593
5597
8343
5598
5600
5601
5602
5605
5606
5607
5608
5609
5610
6432
5611
5612
5613
5614
5615
5616
5617
5618
5619
5621
5622
5624
5625
5628
5629
5630
5633
10622
5634
5635
5636
5637
6414
7707
5639
6062
5640
5641
9715
5646
5642
5643
5645
6550
6008
5648
5649
5650
5651
5653
5654
9208
5658
5722
5660
5662
5663
5665
5666
5667
5668
5669
5670
5671
5672
5673
5674
5675
5676
7889
5677
5678
5679
5680
5686
7174
5687
5688
5689
5691
8493
5693
5694
5697
5699
5700
5874
9043
5701
5702
5703
5704
5705
5706
5707
5708
5709
5710
5711
7315
7147
5881
5712
5713
5880
5714
5715
5716
5717
5720
5723
5724
5725
5727
5728
5729
5730
7533
5733
5734
5736
8060
5737
5738
5739
5740
5741
6494
5742
5743
5744
5745
10779
5746
5747
5748
6945
5749
5751
7546
8213
6876
5754
5757
5758
5759
5760
5761
5762
5763
5769
5764
5765
8260
5766
5768
6181
7798
9207
5770
5771
9408
5772
5773
5774
9804
6373
5775
5776
5777
5778
6446
5779
6763
5782
6595
5783
5784
5785
5786
5791
5793
5794
5796
5806
5798
5799
5801
5803
5804
5805
5807
6651
8038
5808
5809
5810
5811
7216
6046
8229
5815
5812
5816
5817
6314
5819
5820
5834
10180
5822
5878
5823
5825
5826
5827
5828
5829
7294
5830
5831
5832
5867
5833
5835
5844
5845
6748
8043
6749
5847
5848
5849
5851
5852
7523
5853
12532
5854
7693
5856
5857
5858
5860
5863
6132
5864
7353
5866
5895
5868
5869
5871
5872
5879
10483
9638
5882
5883
5890
5884
5885
5887
5889
5891
6382
5892
5893
5894
5896
5897
5899
5901
5902
5903
5904
5905
5906
5907
6201
6185
9152
5909
6420
5910
5911
5912
5914
5915
9549
6788
5933
5917
5918
5919
5920
7232
6214
5923
5924
10099
5925
5926
5927
5928
5929
5930
5931
5932
5934
5935
5937
5938
5939
5940
5945
8921
5948
5949
9854
5950
6673
6913
5951
9223
5952
5953
5954
5955
5956
10389
5959
5960
5962
5963
5970
5973
5974
5975
5977
6124
5978
5980
5991
5981
5982
8391
5983
5992
6005
6157
6007
6155
5987
5989
9332
5990
6002
5993
5994
9046
5995
5996
5997
5998
10181
5999
6000
6006
6189
6009
6010
6013
6718
10630
6014
6015
12560
6016
6018
6019
6839
6022
9490
6025
6026
6028
6067
6029
6030
6031
6034
6055
6035
6036
6037
6038
6040
6041
6042
6452
6044
6045
6047
6048
6704
6049
6050
6053
6051
6052
6054
6555
6056
6057
8604
6058
6059
6061
6063
6065
6064
6068
6069
9168
6286
6070
8930
6756
7878
6071
6072
6074
6075
6076
6078
6079
6080
7846
6081
6082
6083
7001
6084
9295
12444
6086
6087
6088
7562
6089
6091
6092
6096
8079
9128
6098
6099
6101
6102
6103
6104
6105
6421
6106
6107
7210
6108
7237
6109
6110
6112
6113
6114
6116
6117
6118
6119
6120
6122
6123
6125
6126
8825
6127
6128
6137
9301
6129
6130
6131
6133
6134
6138
7204
6135
6139
6140
6141
6419
6143
6144
6145
6146
6351
6147
7320
6173
6151
6152
6203
6208
6162
6153
6154
6161
6163
7049
9265
6166
7010
6167
6169
6170
6171
6174
6424
6206
6218
6175
6176
6177
6178
6779
6179
6180
6507
6184
6186
6216
6187
6919
6190
6191
6192
6193
6194
6197
6198
6199
6202
6200
6204
6205
6207
6209
8469
6210
6215
6217
6219
6220
6221
6222
6223
6941
6225
6228
6230
6231
6232
6233
6234
6235
6240
6241
6242
6243
6362
6244
6246
6247
6248
6249
6250
6251
6252
6375
6253
6256
7605
6258
6259
6260
6261
6262
6263
6264
9533
10411
6267
6268
6269
6270
7879
6272
6273
6274
6277
6278
6280
6281
6285
6287
6288
7321
6291
6292
6293
6294
6295
6296
6303
6306
6300
6302
6551
6304
6470
6305
8269
6308
6307
6547
6311
6312
7971
6313
6315
10126
6317
6318
6323
6324
6325
6326
6328
6330
6331
6739
6332
6333
6335
6336
6337
6338
6339
6340
6341
6342
6343
6345
6587
6347
6348
6350
6353
6354
6355
13323
6356
6357
6358
6359
7992
10160
10364
9335
6361
6363
6364
6365
8639
6367
6368
6369
6371
6372
11916
6374
8820
6376
6377
6381
8183
6383
6384
6676
6386
6387
6388
6389
6390
6391
7366
6393
6394
9393
8408
10516
6396
6397
6398
6399
6401
6403
6404
6433
6406
6407
6408
6409
6411
6410
6887
6412
6413
6417
6418
6422
6423
10980
6425
6428
6429
6435
6437
6438
6439
7890
6448
6449
6450
6451
6453
6455
6456
6457
6458
6459
6460
7815
8672
6462
6463
6464
6465
6466
6467
6471
10312
6472
6473
9050
6474
8319
6475
6476
6478
6480
6482
7638
7928
8634
6486
6484
6485
7845
6487
6488
6490
6491
6492
6493
9425
6495
6496
6497
6498
6499
6500
6501
6502
8422
6504
6506
6508
6513
6514
6516
7016
6517
6519
6521
12318
8348
10013
6522
6873
6525
9285
10698
6526
6527
8270
10372
6531
6529
6530
6532
6535
8581
6536
6538
6539
6540
6541
6543
6542
6548
6557
6564
6549
6554
6556
6567
6561
6560
6563
6565
6568
6569
6570
6571
6882
8563
6574
9726
6575
6578
6822
6579
8116
6655
6580
6581
6582
7142
7098
6584
9371
6585
6586
11873
6588
6589
6590
6592
6593
6594
6596
6597
6598
6605
6599
6600
7895
6602
6603
6604
6606
10408
6607
6608
6609
6610
6611
6817
13446
6612
6613
6614
11223
6615
6616
6617
6618
6619
6620
9048
6627
6630
6631
6632
6633
6635
6636
8770
8050
8742
6639
6640
6642
6643
6644
6645
6647
6650
6653
6658
6659
6660
6663
8592
6694
6666
6667
6669
6670
6671
6672
6674
6677
6679
6680
8931
6681
6683
6684
6686
6687
9439
6689
6691
6692
6695
6696
7838
6697
6731
6701
6705
7183
6706
6707
8150
9291
6708
7179
7690
6709
6713
6714
6715
6721
6723
6724
6725
6832
8415
6727
6729
6740
6750
7957
6732
6733
6734
6737
6741
6975
7697
6743
6744
6746
7449
6781
6764
6772
6747
6751
6757
6759
6760
6761
6765
6766
6767
6768
6769
6770
6771
8053
6774
6775
6776
6782
6783
6784
6785
8576
8877
6786
6787
6789
7742
6790
6791
6794
7576
6796
6797
6798
6799
6800
6845
10997
6802
6803
6805
8042
6807
6808
6810
6812
6814
6816
6818
8733
8219
6820
6821
6823
9645
6828
6829
6830
6831
6833
6834
6835
6836
6838
6840
7229
6842
6843
6846
6848
6850
6851
6852
6855
7675
6856
6859
6860
6861
6862
6864
6865
7060
6868
8636
8734
10189
6870
6872
6874
8996
6877
6879
7082
6880
6881
6884
6886
6889
6890
6900
6891
6892
6894
6896
7081
6902
6903
6904
6905
6907
8684
9531
6909
6958
7591
6911
6910
6912
7965
6914
6915
6916
6917
6918
6920
6921
6922
6923
6924
6925
8586
6926
7224
6927
6928
6929
6930
6931
6936
6937
7764
6939
6940
6942
6944
6946
8647
7358
6948
6990
7888
6950
6952
6954
6955
6956
6957
7746
6960
6961
6963
6964
7396
7103
6966
7652
6970
6972
6973
6976
6977
6980
6981
6982
6983
6985
6986
6987
6989
9087
6991
9089
6992
6993
6994
6995
6997
6998
7000
7002
7014
7003
7004
7006
7007
7009
7012
7011
7015
7017
7018
7020
7022
8714
7096
7025
7027
7943
7030
7031
9341
7032
7033
7034
7035
7037
7048
7040
7041
7043
8880
7044
9350
7045
7047
8227
7590
7054
7057
7058
7059
7061
7065
7062
7741
7064
7066
7068
7345
7070
7072
7295
7073
7075
7076
7077
7078
7079
7080
7083
7084
7086
7087
7088
7090
7621
7091
7092
7195
7093
7094
7617
7100
7737
7101
7102
7104
7596
8234
7107
7108
7330
7109
7110
7111
7112
7114
7115
7116
7118
7124
8223
7122
7125
7127
7129
7813
7131
7132
7423
7133
7134
7135
7694
7136
7390
7951
7137
7138
7140
7141
7144
7145
7146
7148
10003
8502
7150
7151
7152
7805
8195
7154
7156
7157
7158
7160
7162
7163
7164
7165
7166
7168
8047
7169
7170
7171
7172
7173
7176
7181
7189
7182
7184
7186
7187
7188
7283
7191
7192
7193
7194
7196
7197
7198
7199
7201
7203
7205
9636
7206
7207
8918
7208
7209
7211
7212
7214
7215
7219
7221
7223
7225
7631
7228
7230
8335
7231
7234
7235
7238
7239
7240
8322
9728
7350
7241
7412
7244
9933
7245
7246
7247
7249
7250
9633
9634
12056
8320
7251
7252
7958
7852
7254
7257
7259
7260
7261
7262
7818
7264
7265
7266
7268
7269
7271
7272
7552
7273
7275
8828
7868
7277
7278
8144
7279
7280
7281
7282
7284
7285
7286
7288
12404
7291
7292
7296
7297
8037
7301
7303
7305
7306
7307
7309
7311
7322
7323
7324
7850
7325
9548
7326
7337
7327
7328
7329
7332
7333
7335
9582
7336
7338
8917
7339
7340
7341
8147
7342
9260
7343
7344
7347
7348
7352
7354
7356
7357
7359
7360
7361
9249
7363
7365
8470
12174
12116
7367
7368
8108
7369
7371
7372
7374
7375
7376
7378
7379
7381
7382
7383
7513
7384
7989
7387
7388
7391
7392
7394
7395
7397
11538
7398
12110
7399
11661
7400
7401
7402
7405
7406
7407
7408
7409
8309
7410
7413
7414
8029
12333
7416
7417
7418
7420
7421
12764
7425
7558
7426
7427
7428
7429
7432
7433
7434
9075
7437
9170
8207
8118
8193
7438
7439
7440
7442
7444
7445
7446
8896
7447
7451
7452
7453
7454
8136
7455
7456
7457
10899
7459
7461
7462
11360
7466
7467
7468
7469
7470
7471
7474
7476
7477
7478
7479
7767
7481
7482
7483
7484
7485
7486
7487
7488
7489
7490
8209
7491
7493
7494
7496
7497
7499
11980
7500
7501
7503
7504
7506
8588
7507
7508
7509
7512
7514
7517
9426
7518
7519
7520
7521
8814
7522
7525
12663
7526
7528
7529
7530
8913
7534
7535
7884
10677
7539
8614
8756
7540
7541
7547
7548
7550
7553
7554
7555
7557
7560
11211
8130
7561
7563
7564
7565
7566
7568
11707
7569
7572
7571
7573
7574
7996
7577
7578
10863
7579
7580
7581
7582
7583
7585
11091
7586
7587
7589
7592
7593
8315
7594
7595
7597
7598
8668
7599
7600
7602
7606
7610
7611
7612
7613
7614
7615
7616
7618
7622
7623
7625
7628
8152
7629
7632
7634
11511
7635
7636
11386
9732
10282
9011
7639
7640
7641
7646
7647
7649
7651
9277
7653
7654
7655
7657
7659
7662
7691
8530
7665
7667
7676
7696
7677
7678
8892
7680
7685
8101
7686
7687
7689
7692
7698
7699
7701
7703
7891
7704
9443
7708
7709
7711
7712
7713
7714
7715
8156
7717
7719
7720
7723
7724
7726
11279
7727
7728
12982
7729
7731
7733
7735
7736
7773
12584
7739
7740
7744
7745
10315
7747
7749
8205
7751
9607
7754
7755
7756
7758
7759
7760
7763
8180
10131
7766
7769
8575
7770
7771
7772
7775
7776
7777
7778
10641
7779
7780
7781
7782
7783
7784
7785
7786
9494
7787
7788
7789
7790
7792
8552
7794
7797
7799
7800
7801
7802
7804
7807
7808
7810
7811
8724
7824
11298
7812
7816
7817
7819
7820
7821
7822
7825
9359
8423
7826
7827
7828
7881
7830
7831
7832
7834
7835
9068
7836
10341
7837
7839
7840
7841
7842
7843
7844
7847
7848
7849
7851
7853
7854
7855
7856
7857
9442
9321
7858
7859
8225
7861
7862
9230
7866
7869
7872
7873
7875
7876
7877
7880
7882
8372
7885
7887
11134
7892
7893
7894
7896
7897
7898
7899
7901
7902
7904
7905
7908
9062
7910
8554
7911
8882
8884
7912
7913
7916
7917
7918
8911
7920
7919
10936
7925
7929
7930
9455
10360
7933
7934
7936
7938
8265
7939
7985
7941
7942
7944
7945
7947
7948
9444
13190
7949
7950
7952
7953
9644
7955
7956
7960
7961
7963
8188
8799
7966
7967
10559
9723
7970
7972
7973
7974
8779
7975
7976
7977
7979
7980
7981
7984
7986
7987
7988
8573
7990
7991
7997
7998
8001
8452
10649
8004
8005
8008
8009
8010
8012
8654
8013
8014
8018
8019
8020
8021
8023
8024
8026
8027
8028
8030
8031
8032
8039
8373
8040
8041
8044
8045
8046
8048
8049
8051
8052
8054
8055
8058
8059
8061
8062
8066
8064
8384
8065
8067
8068
8070
8609
8607
8071
9916
8072
8074
8938
8936
10893
8075
8077
10694
8080
8081
8083
8085
8086
8087
8089
8090
8092
8093
8094
8097
8098
8099
8100
8492
8102
8103
8107
8111
8112
8113
9346
8115
8119
8120
8121
8125
8122
10429
8123
8124
8126
8127
8128
8129
8131
8132
8133
8134
8139
8140
8145
8146
8148
8149
8151
8154
8155
8157
8159
8161
8162
8165
8506
8166
8168
8169
8170
8172
8173
12522
8174
8175
8177
8181
9740
8184
8185
8187
8363
8189
9266
8191
8192
8196
8198
8200
8202
8203
8204
8206
8208
8212
8214
8216
8215
8217
8218
8220
8222
8224
9148
8226
9310
8228
8231
8232
8233
8236
8238
8241
8239
8243
8246
8248
8249
11626
8253
8254
8255
8256
8257
8258
8259
9391
11466
8262
8263
8295
8264
8266
11814
9038
8267
8268
9476
8271
8272
8273
8274
8275
8276
8277
8278
8279
8280
9029
8283
8284
8612
8285
8286
8287
8289
8290
8784
8293
8294
8296
8297
12026
8300
8340
8870
8302
8303
8308
10525
8306
8310
8312
8313
8314
8317
8318
9942
8321
10651
8323
8326
11500
8329
12163
8331
8332
8333
8334
8338
8339
8995
8341
8342
8344
8345
8346
8347
8349
8822
8350
8351
8352
8872
8353
8354
8356
8357
8359
8361
11287
8807
8362
8364
8898
8366
8367
8368
8369
8371
8374
8375
8382
8386
8845
8379
8389
8390
8403
8406
8413
8417
8418
8419
8424
8425
8426
8427
8428
8429
8431
8433
8437
8643
8440
9620
9888
8447
8448
8449
8451
8453
8454
8455
8456
8457
8458
8460
10049
9023
8461
8661
8760
8888
8465
8467
8600
8468
8471
8474
8475
8478
8480
8482
8481
9624
8483
8486
8489
8494
9279
8496
8498
8499
10152
8500
8501
8503
8505
8507
8508
8509
8510
8511
9182
8512
8513
8514
8515
8630
8516
8517
8518
8519
8520
8522
8523
8524
8525
8531
8534
8539
8544
8550
8551
8553
9057
8556
9055
9063
8557
10043
8558
8559
9060
8560
8565
9065
8561
8562
8941
8564
8942
8566
8567
8569
8570
8572
8574
8577
10928
8755
9185
8583
8584
8585
8970
9187
8590
8689
8594
8595
8736
8597
11023
8599
8601
8602
8605
8608
8611
8613
8615
11115
8621
8622
9144
8623
8624
8625
8626
8628
9398
9076
9588
8633
8637
8638
8641
8642
8644
8645
8646
8648
8649
8650
8651
9708
11216
10385
9970
8652
8653
8655
8656
8657
8659
11228
8660
8662
8664
11236
8666
8667
8670
8673
8674
8675
8676
8678
8679
8680
10743
8681
8682
8683
8686
8687
8688
8690
8691
8694
8699
8703
8704
8705
8706
8707
8708
8709
8710
8711
9411
8712
8713
9164
8715
8717
8718
8719
8723
8725
8958
8726
8727
8728
11522
8729
8730
8731
8732
8737
8739
9013
11544
10499
8740
10028
10495
8748
8751
8757
8759
8761
8762
8765
11471
8768
8769
8772
8773
8774
8777
8782
8783
10823
8787
8788
8789
8790
8791
8792
8793
10076
8794
11326
8797
10388
8798
9768
8801
8805
8811
10665
8812
8816
8818
8819
8821
8824
8827
8829
8831
8832
8833
8834
8836
8838
8839
8841
8842
8844
8849
8852
8853
8855
10933
8856
9699
8905
8861
10970
8858
8904
8859
8862
8865
8866
11523
8867
8868
8869
8871
8873
8874
9416
8875
8876
8878
8881
8885
8887
8889
10174
8891
8894
8895
8897
8899
8900
10199
8901
9631
8906
9296
8912
9261
10041
8955
8914
8916
9578
8919
8920
8926
10077
9893
8927
9327
8928
8933
8934
8937
8939
8940
8944
8946
8948
8950
8952
8953
8954
8956
8957
8959
9785
8960
8961
8962
8963
8966
10629
8967
10203
8968
8971
9466
8973
8974
9559
8977
8978
8981
8982
8983
8987
8988
8989
9512
8990
8991
10986
9006
8992
8993
8994
8998
8997
8999
9000
9001
9002
9003
9004
9005
12193
9007
9008
9009
9010
10068
9014
9015
9016
9017
9018
9019
9020
9022
9024
9026
9028
9031
9034
9035
9036
9501
9037
9039
9044
9040
9042
11976
9045
9049
9052
9053
9056
9058
9059
9061
9064
9066
9067
11447
9070
9397
9072
9073
9081
9676
9083
9084
9085
9086
9088
9090
9091
9092
9099
9504
9094
9095
9096
9097
9098
9101
9125
11979
9103
9221
9109
9114
10640
9110
9111
9112
9113
9162
9115
9117
9118
9119
10185
9121
9122
9123
9124
9126
11188
9127
9130
9131
9132
9133
9433
9134
9135
9137
9139
9140
9141
9142
9143
9145
9146
9147
9149
9150
11737
9151
11185
9154
9155
9156
9157
9159
9160
9163
11748
9807
9165
9166
9167
9213
9169
10535
9171
9172
9838
9238
9175
10524
9791
9177
9178
9179
9181
9183
10020
9186
9194
9188
9190
9189
9191
9193
9507
9195
9197
9198
9199
9200
9203
9204
9211
9212
9214
9215
9218
9217
9219
9220
9222
10654
10454
9224
9456
9227
9228
10814
9231
9232
9233
9234
9235
9237
9793
10457
9239
9240
9241
9478
9245
9246
9247
9248
11135
9250
9251
9252
9253
9255
9256
9257
9258
9259
9262
9263
9267
9268
9269
10178
9387
10469
9270
9271
9272
9273
9274
10922
9275
9276
9278
9280
9282
9283
9284
9286
9287
9288
9290
10225
9292
9293
9294
9297
9298
9299
9300
10215
9303
9305
9306
9307
9315
9316
10951
9318
9319
9320
9322
9324
9328
9329
12837
10884
9330
9331
9333
9334
9338
9342
9344
9345
9347
9348
9349
9352
9353
9354
9355
9356
11340
9358
9360
9361
9362
9363
9364
9365
9370
9369
9372
9373
9375
9428
9376
9377
9378
9380
9381
9382
12006
9388
9386
9389
9390
9394
9399
9400
9401
10306
9402
9403
9404
9406
9409
9410
9412
9413
9414
9415
9417
9418
9420
10187
9468
12959
9422
10274
9424
9432
9435
9436
9440
9445
9447
9448
12254
9451
9453
9454
9458
9459
9461
9462
9463
9464
9465
9469
9470
9471
9472
9473
9474
9475
9477
9479
9480
10168
9481
9483
9484
9485
9487
9488
9489
11923
9492
9493
9495
9496
9499
9500
9502
9503
9558
10996
9505
9508
9509
9510
9511
10195
10063
9513
9515
9516
9517
9518
9520
9523
9524
9526
9527
9898
9530
9534
9535
10929
9538
9540
9541
9543
9544
9545
9547
9550
9551
9552
9557
9560
9562
9563
9564
10053
9565
9566
9567
9568
9569
9570
10693
9571
9572
9573
9574
9575
9576
9577
9579
9583
10136
10052
9584
9585
9613
9589
9590
9592
9593
9594
10253
11409
9596
9597
9598
9599
9603
9604
9606
9880
9605
9608
9609
9610
9612
9614
9615
9618
9619
9622
9623
14406
9629
9894
9630
9632
9635
9640
9641
9642
9643
11364
9646
9647
9648
9649
9650
9652
9651
9653
9654
9655
9656
9659
11528
9661
9662
9663
9664
9665
11455
9667
9672
9668
9669
9670
9671
9678
9679
9680
9681
9684
9687
9688
9689
9693
9694
9696
9697
9698
9700
9701
9703
9704
10571
9705
9706
9707
9709
9712
9710
9713
11818
9716
9718
9719
9720
9721
9725
12263
11531
9727
9729
10004
9733
9734
9736
9737
12424
9739
9742
9743
9744
9745
9746
9912
10208
9747
10386
9748
9749
9750
9751
9752
9753
13156
12691
9754
9756
9755
11429
9757
9758
10886
9763
9764
9765
9767
11621
9770
9773
9775
9776
9777
9778
9780
9781
9782
9990
9788
9789
10961
9790
9794
9795
9797
9798
10019
9799
9800
9801
9802
9931
9805
10634
10623
9811
9814
9817
9818
10466
10192
10531
9822
9823
9824
10190
9826
9828
9829
9830
9831
11556
9834
10422
9835
9837
9839
9841
13675
9844
12901
10416
9846
9847
9850
9851
9852
9855
9857
9858
9860
9861
9864
9865
9868
9869
9870
9871
9873
9874
11015
9876
9878
9879
9881
9882
12450
10216
9885
9886
9889
9890
9891
9895
9896
10354
9897
9900
9901
9902
9903
9904
9905
13098
9907
13099
9906
9908
9909
9910
9911
9913
9914
9915
9918
9919
9920
11899
9921
9922
9923
10965
12987
9925
9929
9930
9932
12728
12038
11425
11350
9934
9935
9936
13780
9937
9938
13272
9939
9940
9941
9946
9947
9949
9950
11152
9951
9954
9955
9956
9959
12288
10594
9961
9962
9963
9964
9965
9967
10793
10742
9969
9971
9973
9974
12058
9975
9976
9977
9978
10018
9980
9981
9982
9983
9986
9987
10427
9988
9989
10950
9992
9993
9995
9996
9997
9998
9999
10000
10001
10002
10005
10006
10007
10008
10188
10009
10010
10011
10012
10016
10021
10022
10023
10024
10025
10026
10030
10031
10032
10035
10039
10042
10045
10046
10047
10048
10050
10051
10054
10055
10056
10057
10058
10059
10060
10064
10065
10066
12471
10071
10072
10074
10078
10079
10080
10083
10084
10085
10088
10089
10124
11024
10092
13075
10093
10094
10095
10096
10097
10098
10101
10106
10107
10108
10109
10110
10114
10116
10117
11422
10118
10119
10120
10121
11506
10125
13297
10127
10128
10130
10132
10133
10279
10135
10137
10138
10770
10139
10140
11060
10141
10144
10146
10148
10149
10155
10156
10158
10159
10161
12961
10162
10164
10165
10166
10167
10170
10171
11029
10173
10176
10179
10183
10184
10361
10191
10193
10194
10196
10198
12413
10202
10205
10206
10456
10207
11150
10213
11694
10218
10496
10224
11459
10226
10227
10228
10229
10230
10231
10232
10234
10517
10236
10239
10240
10243
10247
12370
10248
10249
10250
10252
10255
10258
10260
10261
10264
10265
10266
10267
10268
10269
10270
10301
10276
10278
10280
10283
10284
10285
12339
10287
10289
10291
10292
10293
10294
10295
10297
10298
10299
10302
10303
13242
10305
10307
10308
10309
10310
10316
10317
10319
10673
10322
10323
10324
10325
10326
10328
10330
10329
10331
12012
10333
10334
10335
10336
10338
10339
10343
10347
11905
10350
10351
10352
10353
10359
10365
10366
10367
10368
10371
10373
11030
10377
10380
10381
10382
10387
13343
10392
10399
10400
10402
10404
10405
10409
10410
10412
10413
10414
10415
10418
10419
10421
10420
10424
10425
10426
10428
10431
10432
10435
10436
12939
10438
10704
10442
10443
10444
10445
10449
10451
10455
10459
10460
10461
11099
11771
10463
10464
10465
10467
10468
10470
10471
10472
10474
10475
10476
12530
10477
10479
10480
11568
14137
10482
10485
10489
10490
10491
13398
10493
10497
10498
10500
10501
10502
10503
10924
10506
10507
10508
10509
12868
10515
12334
10521
10522
10523
10526
10529
10530
10532
10536
10537
10538
10539
10540
10541
11921
10542
10543
10544
10547
10548
11436
10550
10551
10553
10554
11446
10555
13141
10556
10557
11559
11560
10558
10560
10566
10561
10562
10563
10764
10564
10565
10567
12167
10569
10570
12559
10572
10573
10574
10575
10577
10578
10579
13819
10580
10581
10582
10584
10585
13071
10586
10588
10589
10593
10596
10597
10598
10601
11938
10605
10607
10608
10609
10610
10611
10612
10613
12920
10615
10620
10621
11627
10625
11095
11373
10637
10639
10645
10646
10653
10656
11678
10659
13287
10660
10661
10666
12771
10668
10669
10670
12695
10671
10672
13469
10674
10676
10678
10679
10684
10685
10686
10687
10688
10689
10695
10696
10700
10701
12067
11587
11509
10703
10705
10720
10707
10708
11780
10710
10715
10717
10718
10719
10721
10722
10729
10730
10731
12623
10733
10734
10735
10736
10741
10746
10749
10750
10751
10754
10755
10756
12100
10759
10760
10761
12303
12276
10765
10768
10767
10769
10772
10773
10774
13970
11944
10776
10777
10778
10780
13647
10781
12085
10783
10785
10786
11733
10790
10791
10792
10798
10801
10808
10826
10824
10803
13069
10805
10806
10812
10811
10813
10817
10815
10819
10816
10818
10820
10821
10825
13619
11440
10827
10828
10829
10830
10833
11437
10836
10837
10838
11278
10839
10843
10846
10848
10849
10850
10852
11834
10854
10856
10867
10858
10859
10860
10861
10862
10864
10865
14335
11642
10868
10873
13653
13693
10877
10880
14407
10881
10882
10887
12855
10889
10892
10896
10897
10900
10901
13118
14304
10902
10904
11028
10906
10907
10909
11268
14400
10913
12580
10916
10920
10921
10926
10927
10930
10934
10935
10937
11573
10938
10940
10941
10942
10943
10945
10946
10948
10949
10952
10954
10960
12323
10968
11199
10974
10976
10981
10982
10983
10985
11747
11817
10989
10994
11552
11001
11004
11008
11013
11014
11017
11018
11021
11026
11027
11031
11037
11039
11042
11777
11048
14240
11050
11963
11054
11056
11057
11316
11541
11295
11065
11068
11069
13521
11073
11075
11076
11391
11081
12045
12839
11084
11089
11090
11797
11098
11549
11100
11101
11103
12680
11489
11105
11106
11107
11663
11112
11113
13993
13092
13486
11119
11120
11121
11125
11127
11128
11130
11131
11132
13178
11136
11138
11139
11787
11141
11142
13064
11143
11146
11147
11153
11154
11156
11157
11159
11160
11164
11163
11165
11166
11167
11995
11168
11174
11178
11338
11182
11184
11186
11189
11190
11191
11194
11197
11203
11209
11210
11214
12294
11217
11218
11220
11638
11221
11222
11910
11230
11231
11232
11233
11234
11235
11237
11240
13918
11244
11246
11247
11267
11255
11257
11260
11331
11911
11975
11261
12834
11526
11262
12421
11270
11272
11273
11274
11275
11281
12866
11283
11285
11286
11288
11289
14154
11290
11291
11292
11293
11294
11296
11299
11300
13266
11302
11303
11304
11308
11309
11310
11312
11317
13689
11318
11320
11321
11325
11327
11998
11332
11333
11341
11342
11344
12047
12519
12521
11351
11352
11356
13328
11359
12598
11361
11362
12394
11507
11366
11367
11369
11370
11375
11376
11379
11378
12729
11382
11383
11384
11390
12406
11394
11395
11396
11397
12407
13783
11398
11400
11401
11404
11406
11408
11411
11412
13223
11413
11417
11418
11420
11421
11427
11428
11430
11434
11608
11438
11439
11484
11441
11442
11445
11449
11450
11451
11452
11453
11458
11460
11462
11463
11465
11470
11473
11475
11476
11477
11478
11479
11481
11482
11596
11483
11485
11486
14431
12504
11490
11491
11495
12708
11498
11499
11501
11502
11504
11508
11510
11512
11520
11514
13193
11515
11517
12875
11519
11524
11525
11530
11532
11533
11535
11536
11537
11539
11542
11543
11545
13775
11550
11553
11555
11558
12181
11769
11561
11799
11967
11569
12279
11571
13464
11574
11575
11578
11581
11583
11584
11585
11588
11590
11594
11603
11752
11607
11609
11612
11614
11617
11618
11859
11620
11622
11623
11628
11629
11630
11632
11633
11634
11637
12752
11679
13108
11647
11648
11649
11650
11651
11652
11657
11659
11667
11668
11670
11671
11672
11673
11675
11680
11682
11685
11686
11687
11688
11690
11692
11693
11695
11696
11697
11701
11703
11704
11705
11706
13768
11711
11712
11713
11716
11717
11720
11774
11719
11721
11722
12438
11727
11728
11729
11734
14001
11738
11740
11742
11745
11746
11756
11759
11760
11765
11960
11770
11773
11775
11776
11869
11779
11781
11783
11784
11789
11792
11793
11795
11800
11802
12046
11806
11807
11815
11816
11819
13048
11825
14139
11826
12480
11833
11836
11837
11838
14360
11845
11849
13587
11851
11852
13672
11855
11858
11860
11861
11865
11870
11878
11879
11882
11885
11887
11890
11891
11893
11894
11896
11898
13461
11903
11904
13422
11906
11914
11915
14015
12941
11920
11922
11924
12250
11929
11930
11935
12021
11936
11941
11937
11940
11942
14217
11943
11946
11950
11952
11957
11958
11964
11965
11968
13258
11973
11974
14774
11978
11986
11989
11991
13325
11997
12001
12008
12011
12013
12019
12023
12024
12030
12035
12037
12039
12343
12041
13425
12044
12049
12050
12051
12054
12915
12065
12066
12069
12071
13594
12894
12073
12075
12078
14167
12081
12083
12086
12087
14434
12091
12092
12094
12095
13034
12096
12097
12101
12104
12107
12109
12112
12113
12114
12118
12120
12435
12124
12126
12127
12128
12129
12131
12132
12133
12134
12136
12142
12144
12147
12149
12150
12154
12162
12164
12165
12166
12168
12169
12170
12171
12173
12176
12179
12184
12185
12188
12196
12197
13121
12202
12206
12203
12207
12208
12210
12213
12215
12217
12219
12220
12224
12225
12226
13663
12230
12232
12235
12237
12240
12242
12246
12247
12249
13369
12258
12259
12260
12340
12266
12270
14016
12277
12281
12286
12287
12290
12291
12297
12660
13816
12307
12308
12309
12314
12315
12316
12975
12321
12328
12329
12330
12331
12332
12335
12337
12338
12342
12345
12831
13217
12921
12842
12355
12356
12367
12368
12369
12371
12373
12375
12932
12382
12384
13004
12395
12396
12399
12401
12402
12403
12409
12410
12411
12415
12422
12427
12431
12433
12436
12437
12439
14010
12441
13478
12446
12454
12455
12456
12457
12460
13077
13477
12469
12473
12766
12478
12481
12484
12485
12487
12495
12497
12498
12499
12502
12507
12509
12510
12511
12513
13090
12523
12533
12534
13059
14000
12538
12539
12541
12542
12639
12548
12549
12561
12570
12573
12575
13111
12578
12585
12594
12602
12596
12599
12600
14505
12605
12612
12702
12615
12616
12617
12618
12621
12626
13051
12631
12633
12634
12635
12636
12637
12645
12646
12649
12654
12657
13459
12670
12673
12675
12678
12816
13231
13443
12749
12686
12692
12705
12711
12713
13095
12715
12716
12723
12727
12730
13415
12735
12738
12739
12742
12747
12748
12754
13268
12756
12758
12761
12762
12769
12770
12772
12773
12774
12778
14877
12781
12784
13900
12790
12791
12792
12793
12794
12798
12800
12801
12805
12806
12808
12810
12813
12815
12985
12825
12836
12841
12843
12844
12845
12847
12848
12851
12857
12861
12878
12882
13271
12887
12888
14073
12892
12893
12895
12897
14579
12902
12904
12911
12912
12916
12924
13735
13985
12935
14661
12944
12946
12947
12948
12949
12950
12951
12954
12955
12957
12964
13028
12973
12979
12983
13314
12988
12989
12993
12994
12995
12996
13001
13003
14079
14587
13007
13013
13016
13018
13021
13022
13890
13264
13033
13259
13041
13043
13046
13755
13053
13067
13074
13076
13079
13083
13084
13085
13472
13087
13102
13104
13106
13105
13107
13109
13198
13112
13113
13114
13116
13117
13127
13128
13153
13133
13137
13145
13147
13149
13152
13155
13157
13159
13161
13162
13825
13165
13166
13168
13171
13173
13174
13801
13175
13177
13181
13183
13184
13186
13871
13286
13192
13195
13201
13205
13940
13208
13209
13211
13212
13215
13842
13232
13233
13234
13810
13250
13251
13256
13362
13261
13269
13273
13276
13549
14116
13278
13281
14085
13352
13282
13283
14773
13288
13293
13295
13386
13296
13298
13299
13300
13308
13310
13312
13681
13320
13322
13330
13333
13336
13340
13342
14115
13360
13361
13363
13366
13371
14004
13373
13372
13987
13381
13382
13383
13384
13385
14127
13391
13392
13395
13397
13399
13401
13402
13404
13405
13408
13410
13420
13421
14447
13430
14665
13441
14432
13445
13450
14310
13455
13457
13458
13531
13460
13467
13474
13475
13476
14606
13489
13490
13494
13577
13500
13501
13502
13503
13504
13506
13517
13518
13519
13520
13525
13528
14294
13533
13534
13535
13537
13539
13540
13547
13548
13551
13555
13557
13560
13567
13947
13797
13568
13569
13572
13575
13582
13583
13585
13593
13598
13601
13606
13608
13609
13610
13612
13613
14043
13616
13617
14226
13625
13628
13632
13633
13634
13638
13642
13644
13648
13650
14298
13655
13657
14135
13661
13666
13665
13673
14055
13688
13697
13700
13706
13710
13711
14035
13715
13717
13718
13725
13726
13727
13729
13730
13744
13746
13750
13757
13758
13760
14403
13761
13764
13766
13774
13776
13777
13779
13782
13785
13787
13789
13793
13796
13803
13804
13808
13809
13811
13812
13817
13821
13822
13826
13833
13834
13836
13840
13843
13849
13850
13852
13853
13856
13861
14940
13865
13867
13872
13876
13878
13882
13886
13893
13894
13896
13899
14803
13906
13909
13912
14468
13913
13929
13930
14352
13937
13946
13954
14358
13960
13961
13962
13975
13979
13991
13998
14023
14024
14027
14033
14041
14042
14045
14047
14061
14067
14068
14081
14082
14084
14093
14094
14095
14099
14100
14104
14105
14107
14108
14183
14112
14121
14118
14119
14120
14122
14124
14125
14129
14629
14133
14134
14136
14140
14141
14142
14145
14150
14708
14164
14166
14171
14177
14185
14194
14195
14198
14206
14207
14208
14210
14212
14215
14220
14224
14225
14233
14234
14235
14247
14252
14254
14257
14262
14265
14267
14273
14275
14290
14296
14300
14305
14307
14309
14319
14324
14329
14330
14336
14337
14338
14346
14348
14350
14351
14355
14364
14376
14395
14404
14408
14412
14415
14416
14421
14427
14430
14433
14436
14438
14445
14455
14457
14458
14465
14476
14485
14492
14494
14496
14513
14518
14524
14526
14536
14540
14542
14546
14547
14554
14553
14568
14572
14576
14585
14599
14603
14611
14613
14618
14626
14650
14651
14657
14660
14676
14684
14688
14693
14702
14704
14727
14728
14737
14739
14746
14749
14751
14755
14759
14769
14771
14776
14786
14788
14805
14807
14812
14814
14820
14854
14860
14867
14870
14875
14876
14879
14880
14881
14884
14888
14896
14901
14903
14910
14912
14913
14922
14931
14934
14935
14947
14960
14961
14964
14970
14977
14982
14985
14986
14996
15002
15005
15006
15009
15010
15011
15015
15022
15036
15045
15054
15059
