14773
14549
14545
14358
14225
14171
14136
14042
13661
13587
13474
13337
13298
13272
13200
13001
12916
12848
12844
12843
12839
12837
12834
12830
12828
12825
12816
12815
12814
12811
12810
12808
12805
12804
12803
12801
12800
12794
12793
12785
12781
12780
12778
12777
12772
12771
12770
12769
12767
12766
12764
12758
12754
12752
12750
12749
12748
12747
12738
12732
12730
12729
12728
12727
12724
12723
12715
12713
12711
12708
12691
12684
12682
12680
12679
12678
12673
12670
12669
12663
12660
12655
12654
12649
12647
12646
12641
12639
12638
12631
12624
12605
12602
12598
12596
12594
12592
12590
12587
12584
12581
12578
12575
12567
12560
12559
12549
12548
12536
12534
12532
12529
12523
12522
12521
12520
12509
12504
12498
12495
12492
12487
12481
12480
12478
12476
12471
12469
12457
12456
12455
12454
12450
12448
12445
12444
12443
12441
12438
12437
12435
12431
12430
12428
12427
12424
12422
12417
12413
12411
12409
12406
12404
12403
12402
12401
12400
12381
12374
12371
12369
12355
12346
12343
12342
12340
12339
12335
12334
12332
12321
12315
12314
12309
12308
12307
12303
12294
12292
12291
12290
12288
12286
12281
12279
12277
12276
12274
12270
12268
12266
12263
12262
12261
12260
12259
12258
12255
12252
12250
12249
12247
12243
12236
12230
12226
12222
12220
12217
12215
12212
12210
12207
12206
12205
12202
12201
12197
12193
12188
12181
12180
12173
12171
12170
12168
12167
12166
12165
12163
12157
12155
12149
12147
12144
12139
12136
12133
12131
12129
12128
12126
12124
12120
12119
12118
12116
12113
12112
12110
12108
12107
12100
12097
12096
12095
12092
12091
12090
12086
12085
12081
12079
12078
12075
12073
12072
12071
12067
12066
12065
12060
12058
12051
12050
12049
12047
12046
12045
12038
12037
12031
12030
12029
12026
12025
12024
12022
12021
12013
12012
12011
12007
12006
12002
12001
11998
11997
11995
11980
11979
11978
11977
11976
11975
11974
11973
11968
11967
11965
11964
11961
11960
11958
11957
11952
11951
11949
11948
11946
11944
11943
11942
11941
11940
11939
11938
11931
11930
11924
11923
11922
11921
11920
11919
11916
11911
11909
11906
11905
11903
11901
11899
11898
11897
11894
11892
11885
11878
11877
11871
11869
11861
11860
11859
11851
11849
11845
11838
11837
11836
11835
11834
11833
11826
11825
11824
11819
11818
11815
11814
11812
11808
11806
11803
11799
11795
11793
11792
11789
11784
11783
11782
11781
11780
11779
11777
11775
11774
11771
11770
11769
11753
11752
11750
11746
11745
11740
11738
11737
11735
11734
11733
11721
11719
11717
11715
11714
11713
11712
11709
11707
11706
11705
11704
11703
11701
11694
11693
11692
11690
11688
11687
11686
11680
11679
11676
11675
11672
11671
11670
11663
11661
11657
11654
11652
11651
11648
11647
11642
11641
11638
11637
11636
11633
11630
11629
11628
11626
11624
11622
11621
11620
11618
11614
11613
11612
11610
11609
11608
11606
11603
11602
11599
11596
11592
11590
11589
11588
11587
11583
11578
11576
11574
11573
11571
11569
11568
11566
11565
11561
11560
11559
11553
11552
11549
11546
11545
11538
11537
11535
11533
11532
11531
11530
11528
11525
11524
11523
11520
11515
11514
11512
11511
11510
11509
11508
11507
11506
11504
11503
11502
11501
11500
11497
11495
11490
11489
11487
11486
11485
11484
11483
11482
11481
11479
11478
11477
11476
11475
11471
11470
11466
11463
11462
11460
11459
11455
11453
11452
11451
11450
11449
11447
11446
11442
11441
11440
11436
11435
11433
11431
11430
11429
11427
11425
11422
11418
11413
11412
11411
11409
11401
11399
11398
11394
11391
11390
11386
11383
11382
11379
11376
11374
11373
11366
11364
11363
11361
11359
11358
11356
11353
11352
11350
11348
11346
11342
11341
11340
11338
11334
11333
11331
11329
11327
11326
11324
11323
11321
11320
11318
11316
11304
11303
11301
11300
11299
11298
11295
11293
11292
11291
11289
11288
11287
11281
11279
11278
11277
11274
11273
11272
11268
11267
11262
11261
11260
11259
11258
11257
11255
11249
11242
11240
11237
11236
11234
11233
11232
11231
11226
11223
11221
11220
11218
11216
11215
11214
11211
11210
11203
11201
11191
11190
11189
11188
11185
11184
11182
11181
11180
11179
11174
11173
11165
11164
11162
11160
11159
11158
11156
11152
11151
11150
11147
11146
11144
11143
11141
11138
11136
11135
11134
11132
11131
11130
11121
11119
11115
11113
11112
11109
11108
11107
11105
11103
11101
11100
11099
11098
11096
11095
11091
11090
11089
11081
11076
11075
11073
11070
11065
11064
11062
11060
11054
11049
11044
11042
11040
11039
11037
11029
11028
11027
11026
11024
11023
11021
11019
11017
11015
11014
11012
11001
10996
10994
10987
10983
10980
10977
10971
10970
10965
10963
10962
10961
10958
10951
10950
10949
10948
10947
10946
10945
10943
10940
10938
10936
10935
10933
10932
10929
10927
10924
10923
10922
10921
10914
10912
10909
10907
10906
10904
10902
10901
10899
10897
10896
10893
10889
10888
10887
10881
10880
10877
10868
10864
10862
10860
10858
10856
10850
10849
10848
10843
10842
10839
10838
10837
10833
10830
10827
10826
10825
10824
10823
10821
10819
10818
10817
10816
10815
10812
10811
10808
10805
10803
10802
10798
10793
10792
10791
10790
10785
10783
10781
10779
10778
10777
10776
10774
10773
10770
10769
10767
10764
10761
10759
10757
10756
10755
10754
10751
10749
10744
10743
10742
10739
10737
10735
10733
10731
10730
10729
10722
10720
10719
10710
10703
10702
10699
10698
10696
10694
10693
10689
10688
10687
10686
10685
10681
10678
10677
10676
10674
10673
10672
10671
10670
10669
10668
10665
10660
10659
10657
10653
10651
10649
10645
10641
10640
10636
10635
10634
10631
10630
10629
10625
10624
10623
10622
10621
10615
10612
10609
10607
10605
10601
10596
10594
10593
10589
10588
10586
10582
10581
10580
10578
10576
10574
10571
10570
10569
10566
10565
10564
10563
10562
10560
10559
10558
10557
10556
10555
10554
10553
10552
10551
10550
10549
10548
10547
10546
10544
10543
10542
10541
10536
10535
10533
10532
10531
10526
10524
10523
10517
10516
10515
10511
10509
10507
10506
10505
10503
10499
10497
10496
10495
10493
10492
10490
10489
10485
10483
10482
10481
10479
10476
10475
10474
10472
10471
10469
10467
10466
10465
10464
10463
10460
10459
10457
10456
10455
10454
10453
10445
10444
10443
10442
10439
10438
10436
10433
10432
10428
10427
10426
10425
10423
10422
10421
10419
10418
10415
10414
10411
10410
10409
10408
10405
10404
10402
10395
10389
10388
10387
10386
10385
10381
10380
10377
10373
10372
10371
10368
10367
10366
10364
10361
10360
10359
10354
10353
10352
10351
10342
10341
10339
10336
10335
10334
10333
10332
10331
10330
10329
10328
10326
10324
10323
10322
10320
10318
10317
10316
10315
10312
10310
10309
10308
10306
10305
10304
10302
10301
10299
10298
10297
10294
10293
10292
10287
10285
10283
10282
10280
10279
10278
10276
10274
10270
10269
10268
10267
10265
10263
10262
10261
10260
10258
10254
10253
10252
10249
10248
10247
10240
10239
10234
10232
10231
10230
10229
10228
10226
10225
10224
10217
10215
10208
10207
10206
10205
10203
10202
10199
10195
10194
10192
10191
10190
10189
10188
10187
10186
10185
10184
10183
10181
10180
10179
10178
10177
10174
10173
10170
10169
10168
10167
10166
10163
10161
10160
10158
10155
10154
10152
10149
10148
10145
10144
10142
10141
10140
10139
10136
10135
10133
10132
10131
10127
10126
10125
10124
10119
10117
10116
10114
10112
10109
10108
10107
10101
10099
10098
10097
10096
10095
10094
10093
10092
10090
10089
10088
10087
10084
10077
10076
10074
10071
10068
10066
10063
10060
10059
10058
10057
10054
10053
10052
10051
10050
10049
10048
10047
10045
10043
10042
10041
10036
10032
10031
10028
10026
10023
10022
10021
10020
10019
10014
10013
10012
10011
10009
10008
10006
10005
10004
10003
10002
10001
10000
9999
9997
9996
9995
9993
9992
9990
9988
9987
9986
9983
9982
9981
9980
9978
9977
9976
9975
9974
9971
9970
9969
9967
9962
9956
9955
9950
9949
9942
9941
9939
9938
9937
9936
9935
9934
9933
9932
9931
9930
9925
9922
9921
9919
9918
9916
9915
9914
9913
9912
9911
9910
9909
9907
9906
9904
9903
9902
9901
9898
9897
9895
9894
9888
9885
9884
9881
9880
9879
9878
9874
9873
9872
9871
9860
9859
9858
9857
9855
9854
9853
9852
9851
9850
9848
9846
9845
9844
9843
9839
9838
9834
9832
9830
9829
9828
9823
9822
9820
9817
9815
9814
9812
9810
9809
9807
9805
9804
9801
9799
9797
9795
9793
9792
9791
9790
9789
9788
9787
9782
9778
9777
9776
9775
9772
9770
9768
9765
9763
9760
9759
9757
9755
9754
9753
9749
9748
9747
9745
9744
9743
9740
9739
9737
9736
9735
9734
9733
9732
9729
9728
9727
9726
9725
9723
9721
9720
9719
9718
9715
9713
9712
9708
9707
9706
9705
9703
9701
9700
9699
9698
9697
9696
9694
9693
9692
9689
9688
9687
9682
9681
9676
9672
9670
9669
9668
9667
9665
9664
9663
9662
9655
9654
9652
9651
9650
9649
9648
9646
9645
9644
9640
9638
9636
9634
9633
9632
9631
9630
9624
9621
9620
9618
9615
9613
9612
9611
9609
9607
9606
9605
9600
9599
9598
9597
9596
9595
9593
9592
9590
9589
9588
9585
9584
9582
9581
9579
9578
9577
9576
9574
9573
9570
9569
9568
9565
9564
9562
9559
9558
9555
9552
9550
9549
9548
9547
9545
9543
9540
9535
9534
9533
9531
9528
9527
9526
9524
9523
9520
9518
9517
9513
9511
9510
9508
9507
9505
9504
9502
9501
9500
9496
9495
9493
9492
9488
9487
9486
9485
9484
9482
9481
9480
9479
9478
9477
9476
9475
9471
9469
9468
9466
9464
9463
9462
9460
9459
9458
9456
9455
9454
9453
9452
9449
9448
9447
9446
9445
9444
9442
9439
9436
9434
9433
9431
9429
9428
9426
9425
9424
9422
9418
9417
9416
9415
9414
9413
9411
9409
9408
9405
9401
9398
9397
9394
9393
9391
9389
9388
9387
9386
9382
9381
9380
9378
9377
9376
9373
9372
9371
9370
9368
9365
9364
9363
9362
9361
9360
9359
9358
9356
9355
9354
9353
9352
9351
9350
9348
9347
9346
9345
9343
9342
9341
9338
9335
9334
9333
9332
9330
9329
9328
9327
9324
9322
9321
9320
9319
9318
9315
9314
9310
9309
9307
9301
9298
9297
9296
9295
9294
9293
9292
9291
9290
9289
9288
9287
9286
9285
9284
9283
9282
9280
9277
9276
9275
9274
9273
9271
9270
9269
9267
9266
9265
9264
9262
9261
9260
9259
9256
9255
9251
9249
9248
9247
9246
9245
9244
9243
9242
9241
9240
9239
9238
9237
9235
9234
9233
9232
9231
9230
9228
9224
9223
9222
9221
9218
9217
9216
9215
9214
9213
9212
9211
9209
9208
9207
9204
9203
9200
9198
9197
9196
9192
9191
9190
9188
9187
9186
9185
9183
9182
9180
9179
9178
9177
9175
9172
9171
9170
9169
9168
9167
9166
9165
9164
9163
9162
9159
9157
9156
9155
9154
9152
9151
9150
9148
9146
9145
9143
9142
9137
9134
9132
9130
9128
9127
9125
9124
9123
9122
9121
9119
9118
9117
9116
9115
9114
9112
9111
9110
9109
9107
9106
9105
9102
9099
9098
9097
9094
9092
9091
9090
9089
9088
9087
9083
9080
9078
9076
9075
9074
9073
9072
9071
9069
9068
9067
9066
9065
9064
9063
9062
9061
9060
9059
9058
9057
9056
9055
9053
9052
9049
9048
9046
9045
9044
9043
9042
9040
9038
9037
9035
9031
9030
9029
9028
9026
9024
9023
9022
9021
9019
9018
9017
9016
9015
9014
9013
9011
9010
9006
9005
9003
9001
9000
8999
8998
8997
8996
8995
8994
8993
8992
8991
8990
8987
8984
8983
8982
8979
8973
8968
8966
8965
8963
8962
8961
8959
8958
8957
8956
8955
8954
8952
8944
8942
8941
8940
8939
8938
8937
8936
8934
8933
8931
8930
8928
8927
8926
8925
8924
8921
8920
8919
8917
8916
8913
8912
8911
8910
8909
8908
8907
8906
8905
8904
8901
8900
8898
8897
8896
8894
8893
8892
8891
8890
8889
8888
8887
8885
8884
8882
8880
8878
8877
8876
8875
8873
8872
8871
8870
8869
8868
8865
8864
8862
8861
8859
8858
8856
8855
8846
8845
8844
8843
8842
8839
8838
8836
8835
8833
8832
8831
8829
8828
8827
8826
8825
8824
8823
8821
8820
8819
8815
8814
8812
8807
8806
8804
8803
8799
8798
8797
8795
8794
8793
8791
8790
8789
8787
8785
8784
8780
8779
8773
8772
8770
8769
8768
8761
8760
8759
8756
8753
8752
8751
8748
8740
8739
8736
8735
8734
8733
8732
8731
8730
8729
8728
8727
8726
8725
8724
8720
8714
8713
8712
8711
8710
8709
8708
8707
8706
8705
8704
8703
8702
8699
8697
8688
8686
8685
8684
8682
8681
8678
8677
8676
8675
8674
8672
8670
8668
8667
8665
8664
8663
8662
8661
8660
8659
8657
8655
8654
8653
8652
8651
8649
8647
8646
8645
8643
8641
8639
8638
8635
8633
8632
8629
8628
8627
8626
8625
8624
8622
8621
8617
8614
8613
8612
8611
8609
8608
8607
8605
8604
8603
8602
8600
8599
8595
8594
8593
8591
8590
8589
8588
8586
8583
8581
8580
8577
8576
8575
8574
8573
8570
8569
8568
8567
8566
8565
8564
8563
8562
8561
8560
8558
8557
8556
8555
8554
8553
8552
8551
8550
8549
8548
8547
8546
8545
8544
8543
8542
8541
8540
8538
8537
8536
8535
8534
8533
8531
8530
8528
8527
8526
8525
8522
8521
8520
8519
8517
8516
8514
8512
8511
8508
8507
8505
8504
8503
8502
8500
8499
8498
8497
8496
8494
8493
8490
8489
8488
8487
8486
8483
8482
8480
8477
8475
8474
8473
8470
8469
8466
8465
8464
8461
8460
8459
8458
8455
8452
8451
8450
8449
8447
8446
8445
8442
8441
8440
8439
8438
8437
8435
8434
8433
8432
8431
8430
8429
8428
8426
8425
8424
8423
8422
8421
8420
8419
8418
8417
8416
8415
8414
8413
8412
8411
8410
8409
8408
8407
8406
8404
8403
8402
8401
8400
8398
8397
8396
8394
8391
8389
8388
8386
8385
8384
8383
8382
8381
8380
8375
8374
8373
8372
8371
8370
8369
8368
8367
8366
8363
8362
8361
8358
8357
8356
8354
8353
8352
8351
8350
8349
8348
8347
8345
8344
8341
8340
8338
8337
8336
8335
8334
8333
8332
8329
8328
8327
8326
8322
8320
8319
8317
8316
8314
8313
8312
8311
8310
8308
8307
8306
8303
8302
8301
8300
8297
8296
8295
8294
8293
8290
8289
8287
8285
8284
8283
8282
8279
8278
8277
8276
8275
8272
8271
8270
8269
8268
8267
8266
8265
8264
8263
8262
8261
8260
8258
8256
8255
8254
8253
8252
8249
8245
8244
8241
8239
8238
8236
8234
8233
8232
8230
8229
8228
8227
8226
8225
8224
8223
8222
8220
8219
8217
8216
8214
8213
8209
8206
8205
8204
8203
8202
8201
8200
8199
8198
8196
8195
8194
8193
8192
8191
8189
8187
8184
8183
8182
8181
8180
8179
8174
8173
8172
8170
8169
8167
8166
8165
8161
8159
8156
8154
8153
8152
8151
8150
8149
8148
8147
8146
8145
8144
8143
8142
8141
8139
8138
8136
8133
8130
8129
8128
8125
8124
8123
8122
8121
8119
8118
8117
8116
8114
8112
8111
8110
8109
8108
8107
8103
8102
8101
8099
8097
8093
8089
8086
8085
8084
8082
8081
8080
8079
8077
8076
8075
8074
8073
8072
8071
8070
8069
8068
8066
8065
8064
8060
8059
8058
8057
8056
8055
8054
8053
8051
8050
8047
8046
8045
8044
8043
8042
8041
8040
8039
8038
8037
8036
8035
8034
8032
8031
8030
8029
8028
8026
8024
8023
8022
8021
8020
8019
8018
8017
8016
8014
8010
8006
8005
8004
8003
8002
8000
7997
7996
7992
7991
7989
7987
7986
7985
7984
7980
7977
7976
7975
7974
7973
7972
7971
7970
7968
7967
7966
7965
7963
7961
7960
7958
7957
7956
7955
7954
7953
7951
7950
7948
7943
7942
7939
7934
7933
7930
7929
7928
7926
7925
7923
7921
7920
7919
7917
7916
7914
7913
7912
7910
7907
7905
7904
7902
7901
7899
7897
7896
7895
7892
7891
7890
7889
7888
7886
7885
7884
7881
7880
7879
7878
7877
7876
7875
7874
7873
7872
7871
7870
7869
7868
7867
7866
7865
7864
7863
7862
7861
7859
7858
7857
7856
7855
7854
7853
7852
7851
7850
7849
7848
7847
7846
7845
7844
7843
7842
7841
7840
7839
7838
7836
7835
7834
7831
7830
7829
7826
7825
7824
7823
7821
7819
7818
7817
7816
7815
7814
7813
7812
7811
7810
7806
7805
7803
7801
7800
7798
7797
7794
7792
7787
7785
7784
7782
7781
7780
7779
7777
7776
7773
7771
7770
7769
7767
7766
7765
7763
7762
7761
7760
7759
7758
7756
7755
7753
7752
7751
7749
7746
7745
7744
7742
7741
7738
7737
7735
7733
7731
7728
7727
7726
7725
7722
7721
7720
7719
7716
7714
7713
7709
7708
7707
7706
7705
7704
7701
7699
7698
7697
7696
7695
7694
7693
7692
7691
7690
7689
7688
7687
7685
7682
7680
7679
7678
7677
7676
7675
7674
7673
7672
7671
7670
7669
7668
7667
7666
7665
7664
7663
7662
7660
7659
7658
7657
7655
7654
7653
7652
7650
7648
7647
7646
7645
7641
7640
7639
7638
7636
7634
7633
7632
7631
7630
7629
7628
7627
7626
7624
7623
7622
7621
7619
7617
7616
7615
7614
7613
7612
7611
7610
7609
7607
7606
7605
7604
7603
7602
7601
7600
7596
7595
7594
7593
7592
7591
7590
7589
7587
7586
7585
7582
7581
7580
7579
7578
7577
7576
7573
7571
7569
7568
7567
7566
7564
7563
7562
7561
7559
7558
7557
7556
7554
7552
7550
7549
7548
7546
7545
7544
7543
7541
7540
7539
7537
7536
7534
7533
7530
7526
7525
7523
7522
7521
7520
7518
7517
7516
7514
7513
7512
7509
7508
7506
7504
7502
7501
7500
7498
7494
7493
7492
7491
7490
7489
7488
7486
7485
7483
7482
7479
7477
7475
7474
7473
7472
7471
7469
7468
7467
7466
7464
7462
7461
7460
7459
7456
7455
7454
7452
7451
7450
7449
7447
7446
7445
7444
7440
7438
7437
7434
7433
7432
7431
7430
7427
7425
7423
7421
7420
7418
7417
7416
7414
7413
7412
7409
7407
7406
7405
7402
7400
7399
7398
7397
7396
7395
7394
7393
7390
7388
7387
7383
7382
7381
7378
7375
7372
7369
7368
7367
7366
7365
7363
7361
7360
7359
7358
7357
7356
7355
7353
7352
7351
7350
7349
7348
7346
7345
7344
7343
7340
7339
7338
7337
7336
7335
7334
7333
7330
7329
7326
7325
7324
7322
7321
7320
7319
7318
7317
7316
7315
7314
7313
7312
7307
7306
7305
7304
7303
7301
7298
7297
7296
7295
7294
7293
7292
7289
7288
7287
7286
7285
7284
7283
7282
7281
7280
7279
7278
7277
7274
7273
7271
7270
7269
7268
7267
7265
7261
7259
7257
7254
7252
7251
7247
7246
7245
7241
7239
7238
7237
7236
7234
7233
7232
7231
7230
7229
7227
7226
7224
7222
7220
7219
7218
7217
7216
7214
7213
7212
7211
7210
7209
7208
7207
7206
7205
7203
7202
7201
7200
7199
7198
7197
7196
7195
7194
7193
7192
7191
7190
7189
7188
7187
7185
7184
7183
7182
7181
7179
7177
7174
7173
7171
7169
7168
7166
7164
7163
7162
7161
7155
7151
7150
7149
7148
7147
7146
7145
7143
7142
7141
7140
7139
7138
7137
7136
7135
7134
7133
7131
7129
7127
7125
7124
7123
7122
7121
7120
7119
7116
7115
7114
7113
7112
7111
7110
7109
7108
7107
7106
7103
7102
7101
7100
7099
7098
7096
7095
7094
7093
7092
7091
7090
7089
7086
7084
7083
7082
7081
7079
7078
7077
7076
7075
7074
7073
7072
7070
7068
7067
7065
7064
7063
7062
7061
7058
7057
7056
7055
7054
7051
7049
7048
7047
7045
7040
7038
7037
7035
7034
7033
7032
7031
7030
7029
7027
7026
7025
7023
7021
7020
7019
7016
7014
7012
7011
7010
7009
7008
7007
7005
7003
7002
7001
7000
6997
6996
6995
6992
6991
6990
6989
6988
6986
6985
6984
6982
6981
6980
6979
6978
6977
6976
6975
6974
6973
6972
6966
6965
6964
6963
6962
6961
6960
6959
6958
6957
6956
6955
6954
6953
6952
6951
6950
6949
6948
6947
6946
6945
6944
6942
6941
6940
6937
6936
6935
6934
6933
6932
6931
6930
6928
6927
6926
6924
6923
6922
6921
6920
6919
6918
6917
6916
6915
6914
6913
6912
6911
6910
6909
6908
6906
6905
6904
6903
6902
6901
6900
6899
6897
6896
6895
6894
6893
6892
6891
6890
6889
6888
6887
6886
6885
6884
6883
6882
6878
6877
6876
6875
6874
6873
6872
6870
6868
6867
6866
6865
6864
6861
6858
6857
6856
6855
6854
6853
6851
6849
6848
6845
6843
6842
6841
6840
6839
6838
6837
6836
6835
6834
6832
6831
6830
6829
6825
6824
6823
6822
6821
6819
6817
6816
6815
6814
6813
6812
6810
6809
6808
6807
6806
6802
6801
6799
6797
6796
6795
6794
6792
6791
6790
6789
6788
6787
6786
6785
6784
6783
6782
6781
6780
6779
6778
6777
6775
6774
6773
6772
6771
6770
6769
6768
6767
6766
6765
6764
6763
6762
6760
6759
6758
6757
6756
6755
6754
6753
6752
6751
6750
6749
6748
6747
6746
6745
6744
6743
6742
6741
6740
6739
6738
6737
6736
6735
6734
6733
6732
6731
6729
6728
6727
6726
6725
6724
6723
6721
6720
6719
6718
6715
6714
6712
6709
6708
6707
6706
6704
6703
6702
6701
6700
6699
6697
6696
6695
6694
6692
6691
6689
6688
6687
6686
6685
6684
6683
6682
6681
6679
6678
6677
6676
6673
6671
6669
6667
6666
6665
6664
6663
6662
6660
6659
6658
6657
6656
6655
6654
6652
6651
6650
6649
6648
6647
6646
6645
6643
6642
6641
6640
6639
6637
6635
6634
6633
6631
6630
6629
6628
6627
6626
6625
6624
6623
6622
6620
6618
6617
6616
6615
6614
6613
6612
6610
6609
6608
6606
6605
6603
6602
6601
6599
6598
6597
6596
6595
6594
6592
6591
6590
6589
6588
6587
6584
6582
6579
6578
6575
6574
6573
6572
6569
6568
6567
6566
6565
6564
6563
6562
6561
6560
6559
6558
6557
6556
6555
6554
6553
6552
6551
6550
6549
6547
6546
6545
6544
6543
6541
6540
6538
6537
6535
6531
6530
6529
6527
6526
6525
6524
6523
6522
6521
6520
6519
6517
6515
6514
6513
6512
6508
6507
6506
6505
6503
6501
6499
6498
6497
6495
6494
6493
6490
6487
6486
6485
6484
6483
6482
6481
6480
6478
6477
6476
6475
6474
6473
6472
6471
6470
6469
6468
6467
6466
6465
6464
6463
6462
6461
6460
6459
6458
6457
6456
6455
6454
6453
6452
6451
6450
6448
6447
6446
6445
6444
6443
6442
6441
6440
6439
6438
6437
6435
6433
6432
6431
6430
6429
6428
6427
6426
6425
6424
6423
6422
6421
6420
6419
6418
6417
6416
6415
6414
6413
6412
6411
6410
6409
6407
6405
6404
6403
6402
6401
6400
6399
6396
6395
6390
6387
6385
6384
6383
6382
6381
6380
6379
6378
6377
6376
6375
6374
6373
6371
6369
6368
6367
6365
6364
6363
6362
6361
6360
6357
6355
6354
6353
6352
6351
6350
6349
6348
6347
6346
6342
6341
6340
6339
6338
6337
6335
6332
6331
6330
6329
6328
6327
6326
6325
6324
6323
6322
6321
6320
6319
6318
6315
6314
6313
6311
6310
6308
6307
6306
6305
6304
6303
6302
6301
6299
6298
6297
6296
6295
6294
6293
6292
6291
6290
6289
6286
6284
6282
6280
6278
6276
6275
6274
6273
6272
6270
6269
6268
6267
6264
6262
6261
6260
6259
6258
6257
6256
6255
6253
6252
6251
6250
6249
6247
6246
6245
6244
6243
6242
6241
6240
6239
6238
6237
6236
6234
6233
6232
6231
6230
6228
6227
6225
6223
6222
6221
6220
6218
6217
6216
6215
6214
6212
6211
6210
6209
6208
6207
6206
6205
6204
6203
6202
6201
6200
6199
6198
6197
6196
6195
6194
6193
6192
6191
6190
6189
6188
6187
6186
6185
6184
6183
6182
6181
6180
6179
6178
6177
6176
6175
6174
6173
6172
6171
6169
6168
6167
6166
6165
6164
6163
6162
6161
6160
6159
6158
6157
6156
6155
6154
6153
6152
6151
6150
6149
6148
6146
6145
6144
6143
6142
6141
6140
6138
6137
6136
6135
6134
6133
6132
6131
6130
6129
6128
6127
6126
6125
6124
6123
6122
6121
6120
6119
6118
6117
6115
6114
6113
6112
6111
6110
6109
6108
6107
6106
6105
6104
6103
6102
6098
6097
6096
6095
6094
6093
6092
6091
6089
6088
6087
6085
6084
6083
6082
6081
6080
6079
6077
6076
6075
6074
6073
6071
6069
6068
6067
6066
6065
6064
6063
6062
6061
6059
6057
6055
6054
6053
6052
6051
6050
6049
6048
6047
6046
6045
6044
6043
6042
6041
6040
6039
6038
6037
6036
6035
6034
6033
6032
6031
6030
6029
6027
6025
6024
6023
6022
6021
6020
6019
6018
6017
6016
6015
6014
6013
6011
6010
6009
6008
6007
6006
6005
6004
6003
6002
6001
6000
5998
5997
5996
5995
5994
5993
5992
5991
5990
5989
5988
5987
5986
5985
5984
5983
5982
5981
5980
5979
5977
5976
5975
5974
5973
5972
5971
5970
5969
5968
5967
5966
5965
5964
5963
5962
5961
5959
5957
5956
5955
5954
5953
5952
5951
5950
5949
5948
5947
5946
5945
5944
5943
5942
5941
5940
5938
5937
5936
5935
5934
5933
5932
5931
5930
5929
5928
5927
5926
5925
5924
5923
5922
5921
5920
5919
5918
5917
5916
5915
5912
5911
5910
5909
5908
5907
5906
5905
5904
5902
5900
5898
5897
5896
5895
5894
5893
5892
5891
5890
5889
5888
5887
5886
5885
5884
5883
5882
5881
5880
5879
5878
5877
5875
5874
5873
5872
5871
5870
5869
5868
5867
5865
5864
5863
5862
5861
5860
5859
5858
5856
5854
5853
5852
5851
5850
5849
5848
5847
5846
5845
5844
5843
5842
5841
5840
5839
5838
5837
5836
5834
5832
5831
5830
5829
5828
5827
5826
5825
5823
5822
5821
5820
5818
5817
5815
5813
5810
5809
5808
5806
5805
5802
5801
5800
5798
5797
5795
5794
5793
5791
5790
5789
5788
5786
5784
5782
5779
5778
5776
5774
5773
5772
5771
5770
5769
5768
5767
5766
5765
5764
5763
5761
5760
5759
5756
5755
5753
5752
5751
5750
5749
5747
5746
5745
5744
5743
5742
5740
5739
5738
5737
5734
5732
5731
5730
5728
5727
5726
5724
5723
5722
5720
5718
5716
5715
5714
5712
5709
5708
5705
5704
5703
5702
5701
5700
5697
5696
5695
5691
5689
5688
5686
5685
5684
5683
5679
5678
5677
5676
5674
5673
5671
5670
5669
5668
5667
5665
5664
5663
5661
5660
5659
5658
5657
5656
5655
5654
5652
5651
5648
5646
5645
5644
5643
5641
5638
5637
5634
5632
5631
5630
5628
5627
5626
5625
5624
5622
5621
5620
5617
5613
5612
5611
5610
5609
5608
5607
5606
5605
5604
5603
5600
5599
5596
5595
5594
5593
5592
5591
5590
5589
5588
5586
5585
5584
5583
5581
5580
5579
5578
5577
5576
5575
5574
5573
5571
5569
5565
5563
5562
5561
5560
5559
5558
5556
5555
5554
5553
5552
5550
5548
5547
5546
5545
5544
5543
5541
5540
5539
5538
5533
5532
5531
5527
5523
5522
5521
5520
5519
5518
5514
5513
5512
5511
5510
5509
5507
5505
5504
5503
5502
5501
5500
5499
5498
5497
5495
5492
5491
5486
5485
5484
5482
5481
5480
5479
5478
5477
5476
5474
5473
5472
5471
5468
5467
5464
5463
5462
5460
5457
5456
5454
5453
5451
5450
5449
5448
5446
5443
5442
5440
5439
5436
5435
5433
5432
5431
5430
5429
5428
5427
5426
5425
5424
5423
5421
5420
5419
5417
5416
5414
5413
5412
5409
5408
5407
5406
5405
5404
5403
5402
5400
5399
5398
5397
5396
5394
5393
5390
5389
5388
5387
5385
5383
5382
5381
5380
5379
5378
5377
5376
5375
5374
5373
5372
5371
5369
5368
5365
5364
5363
5360
5357
5356
5355
5354
5353
5351
5350
5349
5348
5347
5346
5345
5343
5341
5337
5336
5334
5333
5332
5331
5330
5329
5325
5324
5322
5319
5318
5317
5316
5315
5314
5313
5312
5311
5309
5305
5303
5302
5300
5299
5298
5296
5295
5294
5293
5292
5291
5289
5288
5287
5286
5285
5284
5283
5281
5280
5279
5278
5277
5276
5275
5273
5272
5271
5270
5269
5268
5267
5266
5265
5263
5262
5260
5259
5258
5257
5256
5255
5252
5251
5250
5249
5248
5245
5244
5243
5242
5241
5240
5239
5235
5234
5233
5232
5231
5230
5227
5226
5224
5222
5221
5220
5219
5218
5217
5216
5215
5214
5213
5212
5210
5209
5208
5207
5206
5205
5204
5203
5202
5201
5199
5198
5197
5194
5193
5192
5191
5190
5189
5188
5187
5185
5184
5183
5182
5181
5180
5179
5178
5177
5176
5175
5174
5172
5171
5170
5169
5168
5167
5166
5165
5163
5162
5161
5159
5158
5157
5156
5155
5153
5152
5151
5150
5149
5148
5147
5146
5145
5144
5143
5142
5141
5140
5139
5138
5136
5135
5134
5133
5129
5128
5127
5126
5125
5123
5122
5120
5119
5118
5117
5116
5113
5112
5111
5110
5108
5104
5103
5102
5099
5095
5094
5093
5092
5091
5090
5089
5088
5087
5086
5084
5083
5082
5081
5080
5079
5075
5073
5072
5071
5069
5068
5067
5064
5063
5062
5061
5060
5058
5057
5056
5055
5054
5053
5049
5047
5046
5044
5043
5042
5041
5040
5039
5038
5037
5034
5033
5031
5030
5029
5027
5026
5025
5023
5022
5021
5020
5019
5018
5017
5015
5012
5010
5009
5008
5006
5005
5004
5001
4999
4998
4997
4994
4992
4991
4990
4988
4987
4985
4984
4982
4981
4978
4977
4975
4974
4973
4972
4970
4969
4966
4964
4961
4960
4959
4958
4956
4954
4953
4952
4951
4950
4947
4946
4944
4943
4942
4941
4938
4936
4934
4933
4932
4931
4928
4927
4926
4925
4924
4921
4920
4919
4917
4916
4915
4913
4912
4911
4909
4908
4907
4906
4904
4903
4901
4900
4899
4898
4895
4894
4893
4892
4890
4885
4884
4883
4881
4879
4878
4877
4876
4875
4874
4872
4871
4868
4865
4861
4860
4859
4858
4857
4856
4853
4851
4850
4848
4847
4846
4845
4844
4842
4841
4840
4839
4838
4836
4835
4832
4831
4830
4827
4824
4821
4820
4819
4818
4816
4815
4814
4813
4812
4811
4810
4809
4808
4806
4805
4804
4803
4802
4800
4799
4798
4797
4795
4794
4793
4792
4791
4789
4787
4786
4785
4784
4783
4782
4781
4780
4779
4777
4775
4774
4772
4771
4770
4769
4768
4767
4766
4765
4764
4763
4762
4761
4760
4759
4758
4757
4756
4755
4753
4752
4751
4750
4749
4748
4745
4744
4743
4741
4740
4739
4738
4737
4734
4733
4731
4730
4729
4728
4727
4726
4725
4724
4723
4722
4721
4720
4719
4718
4717
4716
4715
4714
4713
4712
4710
4709
4708
4705
4703
4702
4701
4700
4698
4697
4696
4693
4692
4691
4690
4689
4688
4687
4686
4685
4684
4683
4682
4681
4680
4679
4678
4677
4676
4675
4674
4673
4672
4671
4670
4669
4668
4667
4664
4663
4662
4661
4660
4659
4658
4657
4656
4655
4654
4653
4652
4651
4649
4648
4647
4646
4645
4644
4643
4641
4639
4638
4637
4636
4634
4633
4632
4631
4630
4629
4628
4626
4625
4624
4623
4622
4621
4620
4619
4618
4617
4616
4615
4614
4613
4612
4611
4610
4609
4608
4607
4606
4605
4604
4603
4601
4600
4599
4598
4596
4595
4593
4592
4591
4590
4589
4588
4587
4585
4584
4583
4582
4581
4580
4579
4578
4577
4576
4575
4574
4573
4572
4571
4570
4569
4566
4565
4563
4561
4559
4558
4554
4553
4551
4550
4549
4548
4547
4546
4544
4543
4541
4536
4535
4534
4532
4530
4529
4527
4526
4519
4518
4517
4516
4515
4514
4512
4511
4510
4506
4504
4498
4496
4494
4493
4491
4490
4489
4488
4487
4484
4483
4482
4481
4480
4478
4477
4476
4475
4474
4470
4469
4467
4466
4463
4462
4461
4460
4459
4458
4457
4456
4455
4453
4452
4451
4450
4449
4447
4445
4444
4443
4441
4439
4438
4435
4433
4432
4431
4429
4428
4427
4426
4424
4419
4418
4417
4416
4414
4413
4411
4410
4409
4404
4403
4402
4401
4400
4399
4398
4397
4395
4392
4389
4387
4385
4384
4382
4381
4379
4378
4377
4376
4375
4374
4373
4372
4371
4370
4369
4368
4366
4364
4363
4361
4360
4359
4358
4357
4355
4354
4353
4352
4351
4350
4347
4346
4345
4343
4342
4340
4337
4336
4335
4334
4333
4330
4328
4327
4326
4324
4323
4322
4321
4319
4318
4317
4316
4314
4313
4312
4311
4310
4308
4307
4305
4304
4303
4302
4301
4300
4299
4298
4296
4294
4293
4292
4291
4290
4289
4288
4285
4283
4282
4281
4278
4276
4275
4274
4273
4272
4270
4269
4268
4267
4265
4263
4262
4261
4260
4259
4258
4257
4256
4255
4254
4253
4252
4251
4250
4249
4248
4247
4246
4245
4244
4243
4242
4239
4238
4237
4236
4234
4232
4231
4230
4229
4228
4227
4226
4225
4224
4223
4222
4221
4220
4219
4218
4217
4215
4214
4213
4212
4211
4210
4209
4208
4207
4205
4204
4203
4202
4201
4200
4196
4194
4193
4192
4191
4190
4188
4186
4185
4184
4183
4182
4181
4180
4179
4178
4176
4175
4174
4173
4172
4171
4170
4169
4168
4167
4166
4165
4164
4163
4162
4161
4160
4159
4157
4155
4153
4152
4151
4150
4149
4148
4147
4146
4145
4144
4143
4142
4141
4139
4138
4137
4136
4135
4134
4133
4132
4131
4130
4129
4127
4126
4124
4123
4122
4121
4120
4117
4116
4115
4114
4113
4112
4111
4110
4107
4106
4105
4104
4103
4102
4101
4100
4099
4098
4097
4096
4095
4094
4093
4092
4088
4087
4086
4085
4084
4083
4082
4079
4078
4077
4076
4075
4074
4073
4072
4071
4070
4069
4068
4067
4065
4064
4063
4062
4061
4060
4058
4057
4055
4054
4053
4052
4051
4050
4049
4048
4047
4046
4045
4044
4043
4039
4038
4037
4036
4035
4034
4033
4032
4031
4030
4029
4028
4027
4026
4025
4024
4023
4022
4021
4020
4019
4018
4017
4016
4015
4013
4012
4011
4009
4007
4006
4005
4004
4003
4002
4001
4000
3999
3998
3997
3996
3994
3993
3991
3990
3989
3988
3987
3985
3984
3983
3982
3980
3978
3977
3976
3975
3974
3973
3972
3971
3968
3966
3965
3963
3962
3961
3959
3958
3957
3956
3955
3954
3953
3952
3951
3950
3949
3948
3947
3944
3943
3942
3941
3939
3938
3935
3932
3930
3929
3928
3927
3926
3924
3922
3921
3920
3919
3918
3917
3916
3915
3914
3912
3911
3910
3908
3907
3906
3905
3903
3902
3901
3900
3899
3898
3896
3895
3894
3893
3892
3889
3888
3887
3885
3884
3881
3880
3879
3878
3877
3876
3875
3873
3872
3871
3869
3868
3867
3866
3865
3862
3861
3860
3859
3858
3857
3856
3855
3854
3853
3852
3851
3850
3849
3848
3846
3842
3841
3840
3839
3838
3837
3836
3833
3832
3831
3830
3829
3828
3827
3826
3825
3824
3823
3819
3818
3817
3816
3812
3811
3810
3805
3804
3803
3801
3800
3799
3798
3796
3795
3794
3793
3792
3791
3790
3789
3788
3787
3786
3785
3784
3783
3782
3781
3780
3779
3778
3776
3774
3773
3771
3770
3769
3768
3767
3766
3765
3764
3763
3760
3758
3757
3754
3753
3751
3750
3749
3748
3747
3746
3745
3744
3743
3742
3740
3739
3737
3734
3733
3732
3731
3730
3729
3727
3726
3725
3724
3723
3722
3721
3720
3719
3718
3715
3714
3713
3712
3711
3710
3708
3707
3706
3705
3704
3703
3702
3701
3699
3698
3697
3696
3694
3693
3691
3690
3687
3686
3684
3683
3682
3681
3680
3679
3678
3677
3676
3675
3674
3673
3672
3671
3670
3668
3667
3666
3664
3661
3660
3659
3658
3656
3655
3654
3653
3652
3651
3650
3648
3647
3646
3645
3642
3641
3640
3639
3638
3637
3636
3634
3633
3630
3629
3628
3626
3624
3623
3622
3621
3620
3619
3618
3617
3616
3615
3613
3612
3610
3609
3607
3606
3605
3604
3603
3602
3601
3600
3596
3595
3594
3593
3592
3591
3589
3585
3584
3583
3581
3580
3579
3578
3575
3574
3573
3572
3571
3570
3569
3568
3567
3566
3564
3563
3562
3561
3560
3558
3557
3554
3552
3551
3550
3549
3548
3547
3546
3543
3541
3539
3537
3535
3534
3533
3532
3529
3527
3524
3522
3521
3520
3518
3517
3516
3515
3514
3513
3512
3511
3510
3509
3507
3506
3505
3504
3503
3502
3501
3500
3499
3498
3497
3496
3495
3494
3493
3492
3491
3490
3489
3488
3487
3485
3483
3482
3481
3480
3478
3476
3475
3474
3473
3470
3466
3465
3464
3463
3462
3460
3459
3457
3456
3454
3453
3452
3451
3450
3449
3446
3441
3439
3438
3437
3436
3435
3433
3432
3431
3430
3429
3426
3425
3424
3423
3422
3421
3419
3418
3417
3416
3415
3414
3413
3412
3411
3406
3404
3401
3400
3399
3397
3396
3395
3394
3391
3390
3388
3387
3385
3383
3379
3378
3377
3376
3375
3374
3372
3371
3369
3368
3367
3366
3365
3362
3361
3360
3359
3358
3357
3356
3355
3354
3353
3351
3350
3349
3347
3346
3345
3344
3343
3342
3341
3339
3338
3336
3335
3334
3333
3332
3331
3330
3328
3327
3326
3325
3324
3323
3322
3321
3320
3319
3318
3316
3315
3314
3313
3312
3311
3310
3309
3308
3307
3306
3303
3302
3301
3300
3297
3296
3294
3293
3292
3291
3290
3287
3286
3285
3284
3283
3282
3280
3279
3278
3277
3275
3274
3273
3272
3271
3270
3269
3268
3267
3266
3265
3263
3262
3261
3260
3259
3256
3255
3254
3253
3252
3251
3249
3248
3246
3245
3244
3242
3241
3239
3237
3236
3235
3234
3233
3231
3230
3229
3228
3227
3225
3224
3223
3221
3220
3218
3217
3216
3215
3213
3212
3211
3210
3209
3207
3206
3205
3203
3202
3200
3199
3197
3196
3195
3194
3192
3191
3190
3189
3188
3186
3185
3184
3182
3181
3180
3179
3178
3177
3176
3175
3174
3171
3170
3169
3168
3167
3166
3165
3164
3159
3158
3157
3156
3155
3154
3153
3152
3151
3149
3148
3147
3145
3144
3143
3142
3141
3140
3138
3137
3135
3134
3133
3132
3131
3129
3128
3127
3126
3125
3124
3122
3121
3120
3119
3118
3116
3115
3114
3113
3112
3111
3110
3108
3107
3106
3105
3103
3102
3101
3100
3099
3098
3097
3096
3093
3092
3091
3090
3089
3088
3087
3086
3081
3080
3078
3077
3076
3075
3074
3072
3071
3070
3067
3066
3065
3064
3063
3060
3059
3058
3057
3056
3055
3054
3053
3051
3050
3049
3048
3047
3046
3045
3044
3043
3041
3040
3039
3038
3037
3036
3035
3034
3033
3032
3031
3030
3029
3028
3027
3026
3025
3024
3023
3021
3020
3018
3017
3016
3015
3014
3013
3012
3011
3010
3009
3008
3007
3006
3005
3004
3003
3002
3001
3000
2998
2997
2996
2995
2994
2993
2992
2990
2989
2988
2987
2986
2985
2984
2983
2982
2980
2979
2978
2977
2976
2975
2974
2973
2972
2971
2970
2968
2967
2966
2965
2964
2963
2962
2961
2960
2959
2958
2957
2956
2955
2954
2953
2952
2951
2950
2949
2948
2947
2945
2944
2943
2942
2941
2940
2939
2938
2937
2936
2935
2934
2933
2932
2931
2930
2929
2928
2927
2926
2925
2924
2923
2922
2921
2920
2919
2918
2917
2916
2915
2914
2913
2912
2911
2910
2909
2908
2907
2906
2905
2904
2903
2902
2901
2900
2899
2898
2897
2896
2895
2894
2893
2892
2891
2889
2888
2887
2886
2885
2884
2883
2882
2881
2880
2878
2877
2876
2875
2874
2873
2872
2871
2870
2869
2868
2867
2866
2864
2863
2862
2861
2860
2859
2857
2856
2855
2854
2853
2852
2851
2850
2849
2848
2847
2846
2845
2844
2843
2842
2841
2840
2839
2838
2836
2835
2834
2833
2832
2831
2830
2829
2828
2827
2826
2825
2824
2823
2822
2821
2820
2819
2818
2817
2816
2815
2814
2813
2812
2811
2810
2809
2807
2805
2804
2803
2802
2801
2800
2798
2797
2796
2795
2794
2793
2792
2791
2790
2789
2786
2785
2783
2782
2781
2780
2779
2777
2776
2775
2772
2771
2770
2769
2768
2767
2765
2764
2763
2762
2761
2760
2759
2758
2757
2756
2755
2754
2753
2752
2751
2750
2749
2748
2747
2746
2745
2744
2743
2742
2741
2740
2738
2737
2736
2735
2734
2733
2732
2731
2730
2727
2724
2720
2719
2717
2716
2715
2713
2712
2711
2709
2707
2706
2705
2704
2703
2702
2701
2700
2699
2698
2697
2696
2695
2694
2693
2692
2691
2690
2689
2688
2687
2685
2684
2683
2682
2681
2680
2679
2678
2677
2676
2673
2672
2671
2670
2669
2668
2667
2666
2665
2664
2662
2661
2657
2654
2653
2652
2651
2650
2649
2648
2647
2646
2645
2644
2643
2642
2641
2640
2639
2638
2637
2636
2635
2634
2633
2631
2630
2628
2627
2626
2625
2624
2623
2621
2620
2619
2617
2614
2613
2612
2611
2610
2609
2608
2607
2606
2605
2604
2603
2602
2601
2600
2599
2598
2597
2596
2595
2594
2593
2592
2591
2589
2588
2585
2582
2580
2579
2578
2575
2574
2573
2571
2570
2569
2568
2567
2566
2564
2563
2562
2561
2560
2559
2558
2556
2555
2554
2552
2551
2548
2547
2546
2545
2544
2543
2539
2536
2535
2534
2533
2531
2530
2529
2528
2527
2526
2525
2524
2523
2522
2521
2520
2519
2518
2516
2515
2514
2513
2512
2509
2508
2507
2506
2505
2504
2503
2502
2501
2500
2499
2496
2495
2494
2493
2492
2491
2490
2489
2488
2487
2485
2484
2482
2481
2480
2479
2477
2476
2475
2473
2471
2470
2469
2468
2465
2464
2463
2461
2460
2459
2458
2457
2456
2455
2454
2451
2450
2449
2448
2447
2445
2444
2443
2442
2441
2440
2437
2436
2435
2434
2433
2430
2429
2428
2427
2426
2425
2424
2422
2417
2415
2414
2412
2411
2410
2409
2408
2407
2406
2405
2404
2403
2402
2400
2399
2398
2396
2394
2393
2392
2391
2390
2389
2388
2387
2386
2385
2383
2382
2380
2379
2378
2377
2376
2374
2373
2372
2370
2368
2367
2365
2363
2359
2358
2357
2356
2355
2354
2353
2352
2351
2350
2349
2348
2346
2345
2343
2342
2340
2339
2338
2337
2336
2335
2332
2331
2330
2329
2328
2326
2325
2323
2321
2320
2319
2318
2317
2315
2314
2313
2312
2311
2310
2309
2308
2305
2303
2302
2301
2300
2299
2294
2292
2291
2290
2289
2288
2287
2286
2282
2281
2280
2279
2278
2277
2276
2275
2274
2272
2271
2269
2267
2266
2264
2263
2262
2261
2260
2258
2257
2255
2254
2253
2251
2250
2248
2247
2246
2245
2244
2243
2241
2240
2239
2238
2237
2236
2235
2234
2233
2232
2231
2230
2228
2227
2226
2225
2224
2222
2220
2219
2218
2214
2213
2211
2210
2208
2207
15059
2206
2205
2204
2202
15054
2201
2200
2199
2198
2197
2195
2183
15036
2194
2193
15045
2192
2191
2188
2187
2186
2185
2169
15022
2180
2177
2176
2175
2174
2172
2171
15011
2157
15010
2168
2156
15009
2167
2163
15015
2162
2161
2149
15002
2160
2159
2155
15006
2153
2146
2145
2144
2132
14985
14996
2143
2142
2141
2129
14982
2140
2136
2134
2131
2130
2127
2126
14977
2124
2123
2121
2117
2115
2114
2112
2111
14961
2108
14960
2107
2094
14947
2105
2101
2099
2087
14940
14951
2098
2097
2096
2095
8515
2093
2081
14934
2092
2090
8509
2088
8506
2085
2083
14935
2082
2069
14922
2080
2079
14931
2078
2077
2074
2067
2066
2062
8478
14910
2057
2053
2052
2051
14901
2048
2047
8467
14888
2046
2045
2044
14896
2043
2042
2037
2036
2023
14876
2034
2022
14875
2033
2032
2031
2030
2029
2017
14870
14881
2028
14880
2027
2026
14867
2025
2024
2009
14862
2020
2019
2018
2016
2013
2012
2011
2010
2007
8427
2006
2004
2003
2001
2000
1999
1997
1996
1993
1992
1990
1989
1988
1987
1986
1983
1982
1981
1980
1979
1978
1977
1975
1971
8390
1969
1968
1954
14807
1965
1963
1962
1950
14803
14814
1961
1956
1955
1953
1952
1951
1946
1941
14788
1935
1932
1931
1917
14770
1928
1924
14776
1923
8343
1922
8342
1921
14771
1918
1914
1898
14751
1909
1896
14749
1907
14759
1906
1905
1901
1889
14742
1900
8318
1897
1884
14737
1895
14746
1893
1891
1888
1874
14727
1885
8305
1883
1881
1880
1879
1878
1877
14728
1875
1873
1871
1870
1867
14708
1866
1865
1863
1851
14704
1862
1849
14702
1860
8280
1859
1858
1845
14698
1856
1854
1852
1835
14688
1846
1844
1843
1841
1837
8257
1836
1823
14676
1834
1833
1832
14684
1831
1830
14682
1829
1816
14669
8248
1827
1826
8246
1825
1824
1822
14673
1820
1807
14660
14671
1818
1817
1804
14657
1815
1811
1810
1798
14651
14662
1809
1806
1803
1800
14650
1797
1796
1794
1790
1789
1786
1773
14626
1784
1781
1779
1778
1777
14629
1776
1774
1760
14613
1771
1770
1768
1767
1766
1763
1759
14611
1758
1746
14599
1757
1755
1754
1753
1752
1750
1748
1745
1744
1741
1739
1738
1737
1733
14585
1732
1731
1729
1727
1725
14576
1723
1722
14572
1719
1717
1716
14568
1715
1714
8134
1713
1710
1709
8127
1706
8126
1694
14547
1705
1704
1702
1699
1695
1691
1690
14542
1689
14540
1687
1685
8104
14536
1683
1680
1678
1677
1675
1674
1672
14524
1671
14523
1670
1668
14518
1665
1662
1660
1658
1657
1655
1643
14496
1654
1641
14494
14505
1652
1651
1650
1649
1648
1647
1644
1632
14485
8062
1640
1636
1635
1633
8052
1631
1630
1628
1627
1612
14465
14476
1623
1620
1616
1614
1611
1610
1609
1605
1603
1599
1596
1595
1583
14436
14447
1594
1593
1592
8012
1591
1589
1576
14429
8008
1587
8007
1586
14437
1584
1582
14434
1581
14433
1580
14432
1579
14431
1578
1563
14416
14427
1574
1571
1570
1569
1567
1565
1564
1562
14414
1561
7978
1557
1556
1555
1542
14395
14406
1553
14404
1551
1550
1549
14400
1547
1546
1545
1539
1527
14380
1538
1537
1536
1535
1522
14375
1533
1531
1519
14372
1530
1528
1511
14364
1521
1520
7938
1517
1514
14355
14366
1513
1509
1506
1493
14346
1504
1501
1500
14352
1499
14351
1498
1497
1485
14338
1496
1484
14337
1495
1483
14336
1494
1482
14335
7911
1490
1489
7909
1488
1487
1474
14327
1471
14324
1469
14322
1480
1478
1466
14319
14330
1477
14329
1476
1475
1473
1472
1470
1468
1467
7887
1465
1464
1463
1451
14304
1462
1450
14303
1461
1459
1458
1457
14309
1456
1455
1453
14305
1452
1449
1448
14298
1445
1444
14296
1443
1442
14294
1441
1438
1437
1436
1434
1433
1432
1431
1430
1429
1427
1425
14277
1424
14275
1422
1421
1409
14262
1420
1419
1418
1417
1416
1415
14267
1414
1413
14265
1412
7832
1411
1399
14252
1410
1408
1407
1406
1394
14247
1405
14257
1404
1402
1397
1395
1392
1391
1390
1389
1388
14240
1387
7807
1386
1385
7802
14234
1381
14231
1378
1377
1376
1375
1374
1362
14215
14226
1373
14224
1371
1359
14212
1370
1368
7788
14220
1367
1366
7786
1365
14217
1364
1363
1361
1360
14210
1357
1354
1353
1352
1350
1347
1346
1344
14195
1342
1340
1339
1338
1332
1331
14183
1330
1329
1328
1327
1326
14177
1324
1320
1316
14168
1315
14167
1314
14166
1313
1312
7729
1308
1307
1305
7723
1302
1301
1299
1284
14137
14148
1295
7715
1294
1290
14139
1286
1285
1269
14122
14133
1280
1279
1278
1277
14128
1275
1263
14116
14127
1274
1262
14115
1273
14125
1272
14124
1271
1259
14112
14123
1270
14121
1268
14120
1267
14118
1265
1264
1252
14105
1251
14104
1260
1248
14101
1246
14099
14110
1257
1242
14095
1253
1240
14093
14100
1247
14094
1241
14092
1239
1236
1234
1233
14085
1232
14073
14084
1231
7651
1230
7649
1228
1215
14068
1226
14067
1225
1224
7644
1223
1222
1216
1213
14065
1212
1211
1210
14061
1208
1207
1206
1205
1201
1200
1199
1197
1196
1195
1194
1193
1192
1180
14033
1191
14041
1188
1187
1184
1183
1177
1176
1163
14016
14027
1174
1162
14015
14026
1173
1172
14024
1171
1170
1169
1167
1165
1161
1160
14010
1157
1145
13998
1156
1155
1150
14000
1147
1134
13987
1142
13993
1140
7560
1139
13991
1138
1125
13978
1136
1135
13975
1133
1131
1130
1117
13970
1128
1124
1112
13965
1123
1120
1108
13961
1119
1116
1115
7535
1114
1100
13953
13964
1111
1110
13960
1107
1106
1105
13946
13957
1104
13955
1102
1084
13937
1095
1094
1090
1089
1077
13930
1088
1086
13938
1085
1083
7503
13935
1082
1080
1079
13929
1076
13928
1075
1073
13925
1072
1060
13913
13924
1071
1069
1068
1056
13909
1067
1066
13918
1065
1058
1046
13899
1057
7476
1055
13907
1054
1052
1040
13893
1051
13903
1050
7470
1049
1045
1043
1042
1041
1036
1023
13876
1034
1021
13874
7453
1032
1031
1018
13871
13882
1029
1027
1026
13878
1025
1024
1020
13872
1019
7439
1007
13860
1017
1016
1015
1003
13856
13867
1014
13865
1012
7429
1008
1006
994
13847
1005
13849
996
993
992
13843
990
988
7408
13840
987
984
972
13825
13836
983
982
13834
981
969
13822
13833
980
979
978
977
976
974
956
13809
967
13819
966
13817
964
13816
963
950
13803
961
960
948
13801
13812
959
13810
957
13807
954
953
13804
951
7371
949
947
946
934
13787
13798
945
13797
944
932
13785
943
942
930
13783
941
13793
940
937
936
933
921
13774
917
13770
928
13780
927
13776
923
919
13771
918
916
13768
915
13767
914
13766
913
7332
13764
911
13763
910
909
897
13750
13761
908
13760
907
13758
905
13757
904
902
900
898
896
895
894
879
13732
890
889
13741
888
13740
887
886
884
13736
883
13735
882
13733
880
13731
878
877
13729
876
875
13727
874
13726
873
872
13723
870
867
866
13718
865
13717
864
852
13705
863
13712
859
13711
858
13710
857
856
844
13697
855
7275
854
840
13693
851
850
849
848
13700
847
846
7266
845
842
841
839
13689
836
13688
835
13686
833
821
13674
832
13681
828
825
824
812
13665
7244
823
818
817
816
815
7235
814
13664
811
13663
810
806
13658
805
803
801
799
13650
797
796
13648
795
7215
13647
794
793
792
790
13641
788
787
786
13638
785
13637
784
772
13625
7204
783
782
13632
779
778
777
13628
775
774
773
761
13614
769
768
13620
767
13616
763
762
760
758
13610
757
13609
756
13606
753
7172
751
747
745
744
13583
13594
741
729
13582
740
13592
739
736
7154
733
13585
732
7152
731
726
713
13566
13577
724
7144
723
13572
719
13571
718
717
13568
715
712
711
710
709
708
696
13549
13560
707
13556
703
702
701
700
686
13539
697
684
13537
13548
695
693
689
13540
687
685
7105
673
13526
7104
13536
683
679
13530
677
665
13518
676
664
13517
13528
675
13525
672
670
669
13521
668
13520
667
653
13506
651
13504
662
650
13503
13514
661
7080
659
13509
656
654
641
13494
652
13502
649
7066
13498
645
644
632
13485
643
642
630
13483
640
639
13478
636
624
13477
635
622
13475
13486
633
619
13472
629
628
626
7044
13476
623
7043
620
605
13458
616
615
613
612
610
13461
608
13460
607
13459
606
13455
602
13454
601
600
599
586
13439
13450
597
596
595
594
13445
592
591
13443
590
13441
588
13438
585
13436
583
582
578
576
575
574
573
6993
13425
572
13424
571
13422
569
6987
566
565
552
13405
563
6983
13415
562
561
560
558
546
13399
13410
557
556
13408
555
543
13396
554
551
13398
545
544
13395
542
541
13392
539
13391
538
13390
537
536
535
534
13386
533
13385
532
13384
531
13383
530
527
526
13378
525
524
522
13373
520
508
13361
13372
519
13371
518
517
13369
516
515
514
511
13362
509
13360
507
506
505
504
503
502
13353
500
498
496
495
494
13346
493
492
480
13333
13344
491
13342
489
488
485
472
13325
13336
483
482
469
13322
479
467
13320
478
476
473
460
13313
471
13323
470
468
465
464
463
462
6880
459
13311
458
446
13299
13310
457
450
13302
449
448
13296
443
13295
442
6862
441
13293
440
6860
428
13281
439
438
13289
436
435
13287
434
433
432
431
13283
430
13282
429
426
13278
425
13277
424
412
13265
13276
423
410
13263
13274
421
420
13271
418
13270
417
13269
416
13268
415
13266
413
6833
13264
411
10018
409
13257
404
13224
371
360
13213
401
400
369
358
13211
6820
13252
399
13248
395
381
13234
392
391
390
3577
9998
13242
389
387
13239
386
385
13233
380
374
341
330
13183
368
367
13189
336
325
13178
366
13215
362
359
9965
13209
356
353
13205
352
3538
9959
350
349
348
13198
345
344
13192
339
334
332
327
13174
321
313
13162
309
305
304
272
261
13114
13155
302
271
260
13113
301
298
297
3479
9900
291
249
13102
290
13141
288
285
3469
9890
281
3468
9889
13133
280
13129
276
13128
275
9882
273
241
230
13083
269
6674
13121
268
3455
9876
267
266
254
13107
13118
265
251
13104
262
3448
9869
3443
9864
13108
255
3440
9861
13105
252
220
209
13062
250
248
247
243
13092
239
236
13057
204
193
13046
13087
234
229
216
13069
227
13077
224
3410
9831
13075
222
3403
9824
215
13067
214
13064
211
208
207
176
165
13018
206
9813
200
6619
13051
198
6585
164
153
13006
3382
9803
194
3381
9802
189
3373
9794
185
13037
184
3386
142
12995
183
13035
182
169
13022
180
12996
143
132
12985
173
171
156
13009
167
151
13004
162
161
3348
9769
149
13002
13013
160
159
146
12999
157
13008
155
12993
140
109
98
12951
139
12990
137
121
6542
12989
136
12977
12988
135
3317
9738
129
125
111
12964
12975
122
114
110
3295
9716
107
91
12944
12955
102
3289
9710
12954
101
99
12918
65
54
12907
12948
95
12917
64
12906
12932
79
68
12921
6500
12947
94
3281
9702
12946
93
12941
88
57
46
12899
87
12924
71
6492
12939
86
12908
55
44
12897
85
83
81
12903
50
39
12892
80
78
3264
9685
76
12927
74
72
3258
9679
70
3257
9678
69
3250
9671
12915
62
49
12902
60
58
3240
9661
52
12904
51
3238
9659
12901
48
45
3232
9653
12889
36
5
12847
12888
35
33
31
6449
28
14
12867
12878
25
13
12866
12877
24
21
12831
19
17
16
3201
9622
3214
11
3193
9614
12857
4
4408
10829
2002
1972
11915
5494
5461
11882
2209
8630
627
10236
13746
893
4081
10502
13117
264
13106
294
5052
11473
5819
12240
7570
1149
5602
12023
826
4014
10435
7176
755
725
714
13567
1552
14457
14468
1615
1585
6881
3663
1300
2139
2109
5327
11748
2981
13401
548
3736
10157
1548
1518
1507
14360
4736
11157
351
3530
9951
13195
342
3545
1447
4635
11056
4650
12635
1321
4509
10930
4524
7979
1573
2467
771
7
14421
1568
2178
5366
11787
584
10193
12593
2969
9390
12169
931
4119
10540
5713
12134
1097
1688
1673
8094
861
820
13673
1492
11116
4695
743
3946
2316
8737
716
3904
10325
3104
9525
284
13137
295
11498
5077
1092
4280
10701
4295
14019
1166
5694
12115
14141
1288
12399
5978
14004
1151
4339
10760
13246
393
3587
1384
1358
14211
7790
1369
10978
885
5757
4118
10539
150
8132
1711
4914
1681
2189
5392
2553
8974
618
3806
10227
3821
2179
5367
11788
2164
8585
2119
14235
1382
9
12818
6397
12773
13260
407
6828
422
8481
2060
13186
333
3536
5452
11873
1634
4837
4822
11243
1033
13886
1044
1074
13912
1059
7480
12328
14412
1559
4747
11168
13777
924
5682
12103
5619
2401
8822
13672
819
13657
804
7225
6263
5811
12232
2190
593
838
5623
12044
2420
8841
5629
5614
12035
5223
11644
456
3644
10065
13300
447
3635
10056
5229
11650
2068
12900
47
77
1656
1491
4694
742
3945
2306
9503
5455
11876
2252
8673
1440
13985
1132
13974
13464
611
3814
587
3775
10196
501
3689
10110
8510
2089
2059
4471
10892
13979
1126
1096
12341
2344
8765
7156
735
705
694
13547
12735
14307
1454
1529
11153
4732
4699
11120
12499
6078
190
13034
181
3384
11384
4963
1730
4948
11369
1700
1929
5132
3117
9538
127
89
12942
12953
100
3288
9709
12950
97
6518
12965
112
1037
13890
13901
1048
5466
11887
2203
2341
8762
2347
5508
11929
2268
8689
2283
2217
5444
11865
1486
3068
9489
3083
5787
12208
1011
4199
10620
13467
614
3802
10223
13247
394
1973
1958
8379
382
8364
1943
1913
1902
14755
12497
14135
1282
1291
4479
10900
497
3685
10106
2103
2076
5264
11685
3073
9494
346
8346
1925
1910
8331
13193
340
11519
3525
9946
13190
337
116
892
4080
10501
5710
13330
477
2086
8492
5274
11695
1238
3226
9647
38
1608
11217
12920
67
6488
82
1661
4849
11270
1646
8067
14150
1297
4500
12485
314
8323
5105
1030
13931
1078
7484
2660
9081
6705
13152
299
13116
263
233
1158
1185
4388
4454
10875
1255
14108
1266
2497
8918
13756
903
4091
10512
119
14551
1698
4886
11307
3062
9483
1435
13826
973
13811
958
7379
975
6644
13076
223
1802
1787
8208
13040
187
997
1035
2773
9194
12382
1543
12370
13208
355
14769
1916
14739
1886
4367
10788
1179
1143
4331
10752
1113
3173
9594
6391
3146
9567
12761
13090
237
210
3398
9819
13875
1022
7428
12546
6170
6388
1597
2381
8802
12
12865
23
14455
1602
5587
12008
2384
8805
13634
781
10390
2
12162
5741
481
451
1624
12919
66
30
12842
1317
4505
10926
14129
14140
1287
3657
10078
174
1735
11344
13382
529
3717
10138
1311
14134
1281
1532
133
1703
4891
11312
2091
14903
5297
11718
14587
1734
4937
3340
9761
152
1749
1256
5662
12083
869
12057
860
1064
279
655
3843
10264
646
3834
10255
829
4008
10429
2799
9220
5542
11963
766
2587
9008
5775
12196
2581
9002
3405
9826
217
2632
13601
748
3936
10357
12345
14332
1479
2165
2135
1001
4189
10610
13839
986
13824
971
7392
1004
13842
989
7410
9007
2774
9195
1186
1998
5186
11607
6058
12446
925
4128
311
3472
9893
1872
1842
2675
9096
4284
10705
1087
1081
5475
11896
699
6317
12705
6281
12702
678
648
637
13490
103
1664
559
577
5386
11807
5401
2583
9004
4177
10598
1159
1148
14001
1198
4386
10807
1667
11276
4870
4040
10461
843
13666
813
802
13655
12425
1219
1204
7625
4407
10828
688
658
647
13500
6312
3094
9515
2297
8718
5524
2196
5384
11805
617
3820
2397
1540
13184
331
3519
9940
5483
11904
2295
6532
11290
2890
9311
170
134
12957
104
375
5160
11581
9947
338
335
1144
7565
4362
13994
1141
4329
10750
329
1890
1926
191
3352
9773
13050
197
179
3992
10413
5598
12019
2395
8816
13642
789
13651
798
3986
10407
1010
999
13852
13156
303
528
3716
10137
15005
2152
14178
1325
10934
1334
1319
7740
5310
11731
12519
1304
4492
10913
2806
9227
12421
2054
3069
9490
13516
663
13534
681
13519
666
7087
278
1839
287
3095
9516
363
14786
1933
5121
11542
1181
1508
4711
205
1775
219
201
186
6607
1780
4968
11389
316
5107
1099
4287
10708
13533
680
3883
2474
8895
5692
1298
4501
2065
8471
11674
5470
11891
8694
131
14554
1701
4889
11310
14142
1289
2072
13328
475
13779
926
3019
9440
12634
995
965
13451
598
13421
568
5410
5395
11816
12603
13432
579
13402
549
6219
13433
580
589
3777
10198
14986
2133
2118
8539
5321
11742
12385
13256
403
1964
228
192
2622
5816
5783
12204
13111
258
1828
5016
11437
240
1801
4989
11410
13084
231
3434
12510
1322
14145
1292
4525
1337
4540
1310
4507
10928
4495
12623
2999
9420
12617
1426
7059
638
4788
11209
12806
5960
12375
2766
1118
4306
10727
12333
2718
9139
1127
4315
10736
13944
1091
128
5719
901
4089
10510
199
1769
4957
11378
12585
1379
4567
10988
721
691
5515
11936
13675
822
807
7228
4010
10431
13406
553
3741
10162
2150
5338
11759
547
3735
10156
8100
4897
12959
106
1676
4864
11285
13308
455
3643
10064
1985
5173
11594
13250
397
2021
2039
4412
14035
1182
1152
2361
5564
746
3934
10355
12926
73
2452
2419
8840
61
43
12887
34
3222
9643
5459
11880
2946
9367
14407
1554
14377
1524
4742
11163
952
4140
10561
13775
922
13782
929
899
3389
177
3380
13021
168
12994
141
3329
9750
2532
8953
154
13007
2577
13900
1047
4235
10656
13139
286
14208
1355
603
2173
2182
5370
11791
11832
2223
8644
238
14661
1808
4996
11417
1799
1396
1751
4939
11360
145
115
202
13028
175
3363
9784
5754
12175
2075
2116
5304
11725
13363
510
2137
5340
5307
11728
13366
513
2110
13168
315
1876
5876
12297
32
361
1940
307
13145
292
6713
13181
328
3531
9952
13196
343
5101
11522
2725
2710
9131
13954
1101
1146
4349
2073
5261
11682
1261
2058
5246
11667
310
283
3471
9892
9095
13484
631
1398
7804
4586
11007
4882
912
3738
10159
2147
5335
11756
12063
2439
8860
5633
12054
2472
6336
12742
3160
5506
11927
14055
1202
4405
1175
1137
13990
3611
13261
408
2005
1178
7584
396
1957
1927
1966
5154
11575
13095
242
14665
1812
5000
11421
2334
8755
752
7158
5516
11937
13575
722
692
7947
1526
8971
2550
935
920
7341
5711
12132
13251
398
3586
10007
1237
4425
10846
12440
14096
1243
20
3208
9629
212
203
1764
3364
9785
3508
9929
320
1899
4108
10529
2511
8932
1720
105
6496
75
3022
9443
22
12798
3183
9604
1601
2125
5328
609
3797
10218
13706
853
4041
10462
2486
2453
8874
5647
12068
4862
12716
12636
2216
8637
5437
11858
2249
1356
12535
1590
4778
11199
1423
2418
674
1217
4420
5729
12150
7754
1333
4521
10942
7739
1303
4109
10530
12127
7186
13618
765
3123
9544
14376
1523
1541
3447
244
5566
3130
9551
3163
12394
2184
12626
2808
9229
12739
809
27
8027
1606
5247
11668
453
5238
11659
1190
4393
402
2629
9050
10176
11773
376
12490
37
10
3198
9619
1
3204
12813
1625
4828
13853
1000
454
12436
2100
12983
130
4888
11309
5615
5582
12003
377
1401
5489
11910
13041
188
3162
9583
12786
6398
780
2362
8783
259
13112
270
13048
195
213
13127
274
3477
6680
8274
1853
1838
8259
166
163
1724
306
1894
5097
12893
40
13314
461
3649
10070
5804
12225
4198
10619
5422
11843
12416
6028
1534
5534
11955
7170
749
3937
10358
13617
764
12410
2221
8642
2212
5445
1516
4704
11125
4707
11128
12725
1613
4801
11222
1619
4807
11228
2170
113
2432
8853
2138
5326
11747
12676
3052
9473
1335
4538
1439
4627
11048
3299
12949
96
1666
4854
11275
14198
1345
4533
10954
1336
1306
3882
10303
12694
13821
968
4156
10577
2148
2166
8572
2151
5339
11760
2181
2483
12329
2729
12338
2714
9135
12323
4320
10741
2723
9144
13153
300
232
3420
9841
1847
5035
11456
5050
3444
9865
13109
256
8476
2055
2229
8650
13551
698
3886
10307
4706
11127
3109
9530
1168
1153
7574
383
12356
13218
365
4332
10753
12359
2549
8970
2478
8899
5681
12102
123
1684
8090
14579
1726
147
6389
3136
9557
12751
13161
308
13074
221
1791
4979
11400
1821
5024
2618
9039
5812
12233
226
1721
1736
5803
12224
2615
9036
11018
1400
1038
4241
235
1805
4993
11414
13049
196
512
3700
10121
12368
1622
11246
4825
1892
13175
322
12313
245
1070
13962
1109
4297
10718
172
1742
4930
11351
1814
5011
11432
1637
2728
9149
4325
10746
1164
7519
13951
1098
4286
10707
1154
1930
690
720
3923
5487
11908
738
13808
955
10579
4158
1618
1588
14430
12039
1663
4866
12861
8
12784
12841
29
1626
2423
5777
12912
59
1629
4817
11238
13165
312
1882
5070
11491
13177
324
14765
1912
11536
5115
1245
1227
4415
10836
12433
12407
5833
12254
1039
1009
998
13851
13170
317
5434
11855
13374
521
3709
10130
5306
11727
3995
10416
7391
970
4197
10618
540
5536
1995
13297
444
414
13906
1053
5814
12235
1403
2215
8636
12621
4434
10855
2837
9258
2040
5228
11649
12790
881
257
5048
2991
9412
12600
357
1936
10295
671
2298
8719
4195
10616
5792
12213
12895
42
1639
6
1621
12154
1793
12894
41
4826
11247
1638
12879
26
9608
1560
604
3807
1013
225
14693
1840
1028
4216
10637
12533
178
13343
490
487
2084
14233
1380
4568
10989
12568
277
2106
2858
9279
10867
1249
5899
2663
9084
5866
12287
3484
9905
296
1857
5469
11890
323
706
7764
1343
4531
10952
2113
5301
11722
364
13223
370
1967
2070
2431
8852
378
1939
15
4773
11194
5570
11991
791
10400
18
4776
11197
5707
1756
1792
13352
499
12511
1296
138
1708
4896
11317
14546
1693
2413
2879
9300
13258
405
1984
90
5796
581
13683
830
800
108
6072
14107
1254
4442
10863
770
13612
427
1991
4187
10608
1428
11879
2270
8691
657
3845
10266
12101
1740
92
1653
862
871
4059
10480
868
4056
10477
5653
12074
289
1348
406
1976
5164
11585
474
3662
10083
4125
2056
8462
12447
1235
4423
10844
4746
11167
2576
1309
5672
12093
373
3582
13232
379
1949
5137
11558
728
1525
12367
4642
11063
14194
1341
1323
1293
12774
5568
11989
5601
6086
246
1819
5007
11428
3669
3337
9758
437
10046
634
3822
10243
14397
1544
6929
326
2063
126
282
13956
1103
1062
1919
3835
10256
2008
5196
11617
2259
8680
5493
11914
388
12731
2015
12337
4560
10981
1002
14419
1566
4754
11175
754
2778
9199
2557
8978
991
12542
12973
120
1129
2296
8717
293
3542
9963
354
14768
1915
570
13071
218
1788
4976
11397
1861
5835
12256
372
1942
5130
11551
9160
682
6358
84
1645
56
1617
1813
1795
4983
11404
318
12616
750
13838
985
5758
12179
12782
4440
10861
2102
5290
11711
523
144
13557
704
2120
5308
11729
5211
11632
1728
158
1761
5537
2371
12513
962
1783
11392
1959
1974
12395
