24860
24859
24857
24856
24854
24853
24852
24851
24850
24849
24848
24847
24846
24845
24844
24843
24841
24840
24839
24837
24836
24835
24834
24833
24831
24830
24829
24828
24827
24826
24825
24824
24822
24821
24819
24818
24817
24816
24814
24813
24810
24808
24807
24806
24805
24804
24803
24800
24798
24797
24796
24795
24794
24793
24792
24791
24790
24789
24787
24785
24784
24782
24780
24779
24778
24777
24776
24775
24774
24773
24772
24771
24770
24769
24766
24765
24764
24763
24762
24761
24760
24759
24758
24756
24755
24754
24753
24752
24751
24749
24748
24747
24745
24744
24743
24742
24740
24739
24738
24737
24736
24735
24734
24733
24732
24731
24729
24728
24726
24724
24723
24722
24721
24720
24718
24717
24715
24714
24713
24711
24710
24709
24707
24706
24705
24704
24703
24702
24700
24698
24697
24695
24694
24693
24692
24689
24687
24686
24685
24684
24683
24680
24679
24676
24675
24674
24673
24670
24669
24668
24667
24665
24662
24661
24660
24659
24657
24656
24655
24653
24652
24651
24650
24649
24648
24647
24646
24645
24644
24643
24642
24640
24639
24638
24637
24635
24633
24632
24631
24630
24629
24628
24627
24626
24625
24624
24623
24621
24620
24619
24617
24616
24615
24614
24613
24610
24609
24608
24607
24606
24604
24601
24600
24599
24598
24596
24595
24593
24591
24590
24589
24587
24586
24585
24584
24583
24582
24581
24580
24578
24576
24575
24574
24573
24572
24571
24570
24567
24566
24565
24564
24563
24562
24561
24560
24558
24556
24555
24554
24552
24551
24550
24549
24547
24546
24545
24543
24542
24541
24540
24539
24538
24536
24535
24534
24533
24532
24531
24530
24529
24528
24527
24526
24524
24523
24522
24520
24519
24517
24515
24514
24513
24512
24511
24509
24508
24506
24505
24504
24503
24501
24500
24499
24498
24497
24495
24494
24493
24492
24491
24489
24488
24487
24486
24485
24483
24482
24481
24480
24477
24476
24474
24473
24472
24470
24469
24468
24467
24466
24465
24464
24463
24462
24460
24459
24458
24456
24454
24453
24451
24450
24449
24448
24446
24445
24444
24443
24442
24441
24440
24438
24437
24435
24434
24432
24430
24429
24428
24427
24426
24424
24423
24422
24421
24419
24417
24415
24414
24412
24411
24410
24409
24408
24407
24406
24404
24403
24400
24399
24398
24397
24396
24395
24394
24392
24391
24390
24388
24386
24385
24382
24381
24380
24379
24378
24377
24376
24375
24373
24372
24371
24370
24369
24367
24366
24365
24364
24363
24362
24361
24360
24359
24358
24356
24355
24354
24353
24352
24350
24349
24348
24347
24346
24345
24344
24342
24341
24339
24338
24336
24335
24334
24333
24332
24330
24329
24328
24327
24325
24323
24321
24319
24318
24317
24316
24314
24313
24312
24311
24310
24309
24306
24303
24302
24301
24300
24299
24298
24297
24296
24295
24293
24291
24289
24288
24287
24285
24284
24283
24282
24281
24280
24279
24278
24276
24275
24274
24272
24271
24268
24267
24266
24265
24264
24262
24261
24258
24257
24254
24251
24250
24249
24248
24247
24246
24243
24242
24241
24240
24238
24237
24236
24235
24234
24233
24231
24230
24229
24228
24227
24226
24225
24224
24222
24221
24220
24218
24217
24216
24214
24212
24211
24210
24208
24206
24205
24204
24203
24202
24201
24198
24197
24196
24194
24193
24192
24191
24189
24188
24187
24185
24184
24183
24182
24181
24180
24179
24178
24176
24175
24174
24173
24172
24171
24170
24169
24168
24166
24165
24164
24161
24160
24159
24158
24157
24156
24155
24154
24153
24152
24151
24149
24148
24146
24145
24144
24143
24142
24140
24139
24138
24137
24135
24133
24131
24129
24128
24127
24126
24124
24123
24122
24120
24119
24118
24117
24116
24115
24114
24112
24110
24109
24108
24107
24106
24105
24103
24102
24100
24097
24096
24094
24093
24092
24091
24090
24087
24086
24085
24084
24083
24082
24081
24080
24077
24075
24073
24072
24070
24069
24068
24066
24065
24063
24062
24061
24060
24059
24058
24057
24055
24054
24053
24051
24050
24049
24048
24047
24046
24044
24043
24042
24041
24040
24039
24038
24036
24035
24032
24031
24030
24029
24028
24027
24026
24025
24024
24022
24020
24019
24018
24017
24014
24013
24012
24011
24010
24008
24007
24006
24005
24004
24002
24001
24000
23998
23997
23996
23995
23994
23993
23992
23991
23990
23989
23988
23987
23986
23985
23983
23982
23981
23980
23979
23978
23977
23976
23975
23973
23972
23971
23970
23969
23967
23966
23965
23963
23960
23959
23958
23957
23956
23955
23954
23953
23952
23950
23949
23946
23944
23943
23942
23941
23940
23937
23935
23934
23933
23932
23931
23930
23928
23927
23925
23924
23922
23921
23920
23918
23917
23916
23914
23913
23909
23907
23906
23905
23903
23902
23901
23900
23899
23898
23897
23892
23891
23889
23888
23887
23885
23882
23880
23878
23877
23876
23875
23874
23873
23872
23870
23869
23868
23866
23865
23864
23862
23861
23860
23859
23858
23856
23855
23854
23853
23852
23851
23850
23848
23847
23846
23845
23842
23841
23840
23839
23838
23836
23835
23834
23833
23831
23830
23829
23828
23827
23826
23825
23824
23822
23821
23819
23818
23817
23816
23815
23813
23812
23811
23810
23809
23807
23806
23805
23804
23803
23802
23801
23800
23799
23798
23797
23795
23794
23793
23792
23791
23790
23787
23785
23784
23783
23782
23780
23779
23777
23775
23774
23773
23772
23771
23769
23768
23767
23766
23764
23763
23761
23760
23759
23757
23756
23755
23753
23752
23751
23750
23749
23748
23745
23744
23742
23741
23740
23739
23738
23737
23736
23734
23733
23732
23731
23730
23729
23727
23726
23725
23724
23723
23722
23720
23719
23718
23717
23716
23715
23714
23713
23712
23711
23709
23706
23705
23704
23703
23702
23701
23699
23698
23697
23696
23693
23692
23691
23689
23688
23687
23686
23685
23684
23683
23681
23679
23678
23677
23676
23675
23672
23671
23670
23669
23668
23667
23666
23665
23664
23662
23660
23659
23658
23657
23656
23655
23654
23653
23651
23650
23649
23647
23646
23645
23644
23643
23642
23640
23639
23638
23636
23635
23634
23633
23630
23629
23627
23626
23625
23624
23623
23622
23621
23620
23619
23618
23617
23616
23615
23614
23613
23612
23611
23610
23609
23608
23607
23604
23603
23602
23601
23599
23598
23596
23595
23594
23593
23592
23590
23589
23587
23585
23584
23583
23582
23580
23579
23578
23576
23573
23572
23570
23567
23566
23565
23563
23561
23560
23559
23558
23556
23555
23554
23553
23552
23551
23549
23548
23546
23544
23543
23539
23538
23536
23535
23534
23533
23532
23531
23530
23528
23527
23526
23525
23524
23523
23522
23520
23519
23517
23516
23515
23514
23513
23512
23510
23508
23507
23506
23505
23504
23503
23502
23500
23499
23498
23496
23495
23493
23492
23491
23489
23488
23487
23486
23485
23484
23483
23482
23481
23479
23478
23477
23476
23475
23474
23473
23472
23471
23470
23469
23467
23466
23464
23462
23460
23459
23458
23457
23454
23453
23452
23450
23449
23448
23447
23446
23445
23444
23443
23441
23440
23438
23436
23435
23434
23433
23431
23429
23428
23427
23425
23424
23423
23422
23420
23419
23417
23416
23413
23412
23411
23410
23409
23408
23407
23406
23404
23403
23402
23401
23400
23399
23398
23397
23396
23395
23393
23392
23390
23389
23387
23384
23383
23381
23380
23379
23378
23377
23376
23375
23372
23371
23369
23367
23366
23365
23364
23363
23361
23360
23359
23358
23357
23356
23355
23353
23348
23347
23346
23344
23343
23342
23341
23340
23339
23337
23336
23334
23333
23331
23330
23329
23328
23327
23326
23325
23324
23323
23322
23318
23317
23316
23315
23313
23312
23311
23309
23308
23307
23306
23305
23304
23303
23302
23301
23299
23298
23297
23295
23294
23291
23290
23289
23288
23287
23286
23284
23283
23280
23279
23278
23276
23275
23274
23272
23271
23270
23267
23266
23265
23264
23263
23260
23257
23256
23255
23254
23250
23249
23247
23246
23245
23243
23242
23241
23239
23237
23234
23233
23231
23229
23228
23227
23225
23224
23223
23222
23221
23220
23219
23217
23215
23213
23211
23210
23209
23208
23207
23205
23204
23202
23201
23200
23199
23198
23196
23195
23191
23188
23187
23186
23185
23184
23183
23182
23179
23178
23176
23175
23174
23173
23172
23171
23170
23169
23167
23166
23163
23162
23161
23159
23157
23155
23154
23152
23151
23150
23149
23148
23147
23146
23145
23144
23142
23141
23140
23139
23138
23136
23135
23134
23133
23131
23129
23128
23127
23126
23123
23122
23121
23119
23118
23117
23115
23114
23112
23111
23110
23109
23108
23107
23106
23105
23104
23103
23101
23100
23099
23098
23097
23096
23093
23092
23091
23090
23089
23087
23086
23084
23083
23082
23081
23079
23078
23076
23075
23073
23072
23070
23069
23068
23067
23066
23065
23064
23063
23062
23061
23059
23057
23056
23055
23054
23053
23052
23051
23050
23049
23048
23046
23045
23044
23043
23042
23041
23040
23037
23036
23035
23034
23033
23031
23030
23029
23028
23026
23025
23024
23023
23021
23020
23019
23015
23014
23013
23012
23011
23008
23007
23006
23004
23003
23002
23001
23000
22999
22998
22997
22996
22995
22994
22993
22991
22988
22987
22986
22985
22984
22982
22981
22980
22979
22978
22977
22976
22975
22974
22972
22971
22969
22968
22967
22966
22962
22961
22960
22959
22957
22956
22955
22953
22949
22948
22945
22943
22942
22940
22938
22936
22935
22933
22931
22930
22929
22928
22927
22926
22925
22924
22923
22922
22921
22920
22919
22918
22916
22915
22914
22913
22912
22909
22906
22905
22904
22903
22900
22898
22897
22896
22895
22894
22893
22890
22888
22886
22884
22882
22881
22880
22879
22877
22876
22875
22873
22872
22871
22869
22867
22865
22864
22863
22861
22859
22858
22857
22855
22853
22852
22851
22850
22849
22848
22847
22844
22843
22842
22841
22840
22839
22838
22837
22834
22833
22831
22830
22829
22828
22827
22826
22825
22822
22820
22819
22816
22815
22814
22813
22812
22810
22809
22807
22805
22804
22803
22801
22800
22799
22798
22797
22796
22795
22794
22793
22792
22789
22788
22786
22784
22783
22782
22781
22779
22778
22777
22775
22774
22773
22772
22771
22770
22769
22766
22765
22762
22761
22759
22758
22757
22755
22754
22753
22752
22751
22750
22749
22748
22747
22746
22745
22744
22743
22742
22741
22740
22739
22738
22736
22735
22734
22732
22730
22729
22727
22724
22721
22718
22717
22716
22714
22713
22712
22711
22710
22709
22708
22707
22704
22703
22702
22701
22699
22698
22696
22693
22692
22691
22690
22689
22688
22687
22686
22684
22683
22682
22680
22679
22678
22677
22676
22674
22673
22672
22671
22669
22668
22667
22665
22664
22663
22662
22659
22657
22656
22654
22653
22652
22651
22650
22648
22647
22645
22643
22642
22641
22640
22638
22637
22636
22635
22634
22633
22632
22631
22630
22629
22628
22627
22626
22625
22624
22621
22620
22619
22618
22617
22616
22615
22614
22613
22611
22610
22609
22608
22607
22606
22603
22602
22600
22599
22598
22597
22596
22594
22592
22591
22590
22589
22588
22587
22586
22585
22583
22582
22581
22580
22579
22578
22577
22576
22575
22573
22572
22571
22570
22569
22567
22566
22565
22564
22563
22562
22560
22559
22557
22556
22555
22553
22551
22550
22549
22548
22546
22545
22544
22543
22542
22541
22540
22538
22537
22536
22535
22531
22530
22528
22527
22526
22525
22523
22522
22521
22520
22518
22516
22514
22512
22510
22508
22507
22506
22505
22504
22503
22501
22500
22499
22497
22496
22495
22494
22493
22492
22490
22488
22487
22486
22485
22484
22483
22482
22481
22480
22479
22478
22477
22476
22475
22473
22471
22470
22468
22465
22464
22463
22462
22461
22459
22458
22457
22456
22455
22454
22452
22450
22449
22448
22447
22446
22445
22443
22442
22440
22437
22436
22435
22434
22433
22431
22430
22429
22428
22427
22424
22422
22421
22420
22419
22417
22416
22415
22414
22413
22412
22408
22407
22406
22405
22404
22403
22402
22401
22400
22399
22397
22396
22394
22391
22389
22388
22387
22385
22384
22383
22382
22381
22378
22377
22376
22375
22374
22372
22371
22370
22369
22368
22367
22366
22363
22362
22361
22359
22358
22356
22354
22353
22352
22348
22345
22344
22342
22340
22338
22337
22335
22332
22331
22329
22327
22326
22325
22324
22323
22322
22321
22320
22318
22316
22315
22314
22313
22311
22310
22308
22307
22305
22303
22301
22300
22298
22296
22295
22294
22291
22289
22288
22287
22285
22284
22282
22281
22280
22279
22278
22277
22276
22275
22274
22271
22269
22268
22267
22266
22265
22263
22262
22260
22259
22258
22256
22254
22251
22250
22249
22246
22244
22243
22242
22241
22240
22239
22238
22237
22236
22234
22233
22231
22230
22229
22228
22227
22225
22222
22221
22220
22219
22218
22217
22216
22215
22214
22212
22211
22210
22208
22206
22204
22202
22200
22198
22195
22194
22191
22190
22189
22188
22187
22185
22184
22183
22181
22179
22178
22177
22176
22175
22174
22172
22171
22170
22168
22167
22165
22164
22163
22162
22161
22160
22159
22158
22157
22156
22155
22154
22153
22149
22148
22146
22145
22144
22143
22141
22140
22139
22138
22137
22135
22134
22133
22132
22130
22129
22128
22127
22126
22125
22124
22122
22121
22119
22118
22117
22116
22115
22114
22113
22110
22109
22108
22107
22105
22103
22102
22101
22099
22098
22097
22096
22095
22093
22092
22091
22087
22085
22084
22083
22081
22080
22079
22078
22077
22076
22075
22074
22071
22070
22069
22066
22065
22062
22061
22060
22059
22058
22057
22056
22055
22053
22052
22049
22048
22047
22046
22044
22043
22042
22041
22039
22037
22036
22035
22034
22031
22030
22029
22027
22026
22025
22023
22018
22017
22016
22015
22014
22013
22012
22010
22009
22007
22006
22005
22004
22003
22002
21999
21998
21997
21996
21995
21994
21993
21991
21989
21988
21986
21984
21983
21982
21981
21977
21976
21974
21973
21972
21971
21970
21969
21968
21967
21966
21965
21964
21962
21961
21960
21958
21957
21955
21953
21952
21951
21949
21948
21947
21946
21944
21943
21941
21940
21939
21938
21936
21935
21931
21930
21928
21927
21926
21925
21922
21921
21920
21918
21915
21914
21913
21912
21910
21908
21907
21906
21905
21903
21902
21900
21899
21898
21897
21896
21895
21894
21892
21890
21889
21888
21887
21885
21884
21883
21881
21880
21879
21878
21877
21876
21875
21874
21873
21872
21871
21869
21867
21866
21864
21862
21861
21860
21859
21858
21856
21855
21854
21853
21851
21850
21845
21844
21843
21842
21841
21840
21839
21838
21837
21836
21835
21834
21832
21830
21829
21827
21826
21825
21824
21822
21820
21819
21818
21816
21815
21812
21809
21808
21807
21806
21805
21802
21801
21800
21799
21798
21796
21795
21792
21790
21788
21786
21785
21783
21780
21778
21776
21775
21774
21773
21772
21771
21770
21769
21768
21767
21765
21764
21763
21762
21761
21759
21758
21757
21756
21755
21754
21752
21751
21749
21748
21747
21746
21744
21743
21741
21738
21736
21735
21734
21733
21732
21731
21730
21728
21725
21724
21722
21721
21719
21718
21717
21716
21715
21714
21712
21711
21709
21708
21706
21704
21703
21702
21701
21699
21698
21697
21696
21695
21693
21691
21689
21688
21687
21686
21685
21684
21683
21682
21681
21680
21679
21677
21674
21673
21672
21671
21669
21667
21666
21665
21661
21660
21659
21658
21657
21656
21655
21654
21653
21651
21650
21648
21646
21644
21643
21641
21640
21639
21638
21637
21634
21633
21632
21631
21630
21629
21627
21626
21625
21624
21623
21622
21619
21618
21617
21615
21614
21613
21612
21610
21609
21608
21606
21605
21603
21602
21601
21598
21597
21596
21595
21594
21593
21592
21591
21590
21589
21588
21587
21586
21585
21584
21583
21581
21580
21578
21577
21576
21575
21573
21572
21571
21570
21569
21567
21566
21565
21563
21562
21561
21560
21559
21558
21557
21555
21554
21551
21547
21546
21544
21543
21541
21540
21538
21537
21536
21535
21534
21533
21532
21531
21530
21529
21528
21526
21524
21523
21522
21520
21518
21516
21512
21511
21510
21509
21508
21507
21506
21505
21504
21502
21501
21499
21498
21496
21495
21493
21492
21490
21488
21486
21485
21483
21481
21478
21477
21476
21475
21474
21473
21472
21471
21470
21468
21467
21466
21465
21464
21463
21462
21461
21460
21459
21458
21455
21454
21453
21451
21450
21449
21448
21447
21446
21444
21443
21442
21441
21440
21439
21438
21437
21435
21434
21431
21430
21429
21428
21427
21426
21424
21422
21420
21418
21416
21415
21413
21412
21411
21410
21409
21408
21407
21406
21404
21403
21402
21401
21399
21397
21396
21394
21393
21392
21391
21390
21389
21386
21385
21384
21383
21381
21380
21378
21377
21374
21373
21372
21370
21369
21368
21367
21366
21365
21364
21362
21361
21360
21359
21358
21357
21356
21354
21351
21349
21348
21347
21346
21345
21344
21342
21339
21337
21335
21333
21332
21330
21327
21325
21323
21322
21321
21320
21319
21318
21317
21316
21315
21314
21313
21311
21310
21307
21306
21305
21304
21303
21300
21299
21296
21294
21293
21292
21291
21290
21289
21288
21287
21284
21282
21280
21279
21278
21277
21276
21274
21273
21272
21271
21270
21269
21268
21267
21266
21264
21262
21261
21259
21257
21256
21255
21254
21250
21249
21248
21247
21246
21245
21244
21243
21242
21241
21240
21237
21235
21234
21232
21231
21229
21227
21226
21225
21224
21223
21221
21220
21219
21218
21217
21216
21215
21214
21213
21212
21209
21207
21205
21204
21203
21202
21200
21199
21198
21197
21196
21195
21194
21193
21192
21191
21189
21187
21185
21183
21181
21179
21177
21175
21174
21173
21171
21170
21167
21165
21164
21163
21161
21160
21156
21155
21154
21153
21152
21151
21150
21149
21147
21146
21145
21144
21143
21142
21141
21140
21138
21137
21136
21135
21134
21133
21132
21130
21129
21128
21127
21125
21124
21123
21122
21121
21120
21119
21117
21116
21115
21113
21110
21108
21107
21106
21105
21104
21101
21100
21099
21098
21095
21094
21093
21092
21090
21089
21088
21087
21085
21084
21083
21082
21081
21080
21079
21076
21075
21074
21073
21072
21071
21069
21068
21067
21066
21064
21063
21061
21060
21059
21056
21054
21053
21052
21051
21050
21049
21047
21046
21045
21042
21041
21040
21039
21038
21036
21035
21034
21033
21032
21029
21028
21026
21025
21024
21023
21020
21019
21018
21017
21016
21015
21013
21011
21010
21009
21005
21002
21001
21000
20998
20997
20996
20994
20992
20990
20989
20988
20987
20986
20984
20983
20982
20980
20979
20978
20977
20976
20975
20974
20973
20972
20971
20970
20967
20966
20964
20963
20962
20959
20957
20956
20955
20954
20953
20952
20951
20950
20948
20947
20946
20944
20943
20941
20940
20939
20938
20937
20934
20933
20932
20930
20929
20923
20917
20914
20910
20902
20901
20893
20891
20889
20888
20887
20882
20877
20875
20872
20871
20869
20868
20865
20862
20854
20853
20851
20849
20843
20840
20839
20828
20825
20824
20821
20820
20812
20811
20809
20806
20805
20796
20791
20788
20780
20771
20765
20754
20750
20745
20744
20738
20736
20735
20733
20731
20728
20727
20724
20723
20718
20716
20715
20713
20712
20711
20710
20708
20706
20705
20703
20696
20693
20686
20673
20672
20667
20666
20660
20659
20658
20654
20650
20641
20632
20631
20629
20627
20623
20622
20620
20612
20599
20598
20597
20596
20592
20590
20589
20585
20581
20580
20579
20572
20568
20562
20561
20556
20554
20552
20546
20543
20542
20541
20540
20526
20522
20518
20516
20514
20512
20509
20497
20494
20490
20479
20478
20477
20474
20472
20471
20467
20465
20464
20460
20457
20455
20452
20451
20449
20448
20445
20442
20441
20439
20424
20423
20411
20409
20405
20401
20400
20399
20398
20396
20379
20371
20369
20366
20363
20361
20356
20348
20345
20340
20331
20327
20326
20325
20324
20321
20319
20314
20311
20307
20301
20300
20298
20297
20296
20288
20286
20277
20276
20272
20266
20264
20260
20258
20254
20251
20250
20245
20232
20223
20222
20221
20220
20219
20213
20206
20204
20200
20198
20197
20192
20189
20184
20182
20176
20175
20174
20173
20170
20168
20167
20165
20160
20157
20152
20151
20146
20143
20139
20138
20136
20131
20127
20107
20105
20100
20090
20089
20086
20081
20079
20075
20064
20057
20040
20038
20022
20014
20013
19997
19991
19983
19967
19963
19961
19960
19958
19954
19952
19946
19940
19939
19937
19928
19926
19919
19918
19917
19916
19909
19908
19907
19900
19899
19897
19893
19891
19890
19889
19887
19885
19879
19878
19875
19868
19863
19859
19857
19855
19854
19851
19850
19846
19844
19840
19833
19828
19817
19811
19810
19800
19799
19797
19792
19788
19783
19774
19769
19768
19760
19758
19754
19751
19748
19745
19741
19733
19730
19722
19720
19697
19677
19675
19673
19669
19668
19657
19656
19648
19633
19632
19623
19618
19616
19608
19597
19596
19592
19587
19573
19570
19561
19559
19558
19556
19555
19547
19542
19538
19535
19528
19527
19516
19514
19511
19508
19505
19499
19498
19488
19480
19478
19475
19470
19468
19464
19462
19460
19456
19453
19450
19441
19438
19434
19431
19429
19427
19424
19420
19417
19414
19412
19409
19401
19400
19389
19384
19381
19378
19372
19367
19364
19361
19357
19353
19348
19347
19343
19341
19337
19336
19330
19325
19324
19323
19317
19315
19312
19309
19295
19288
19283
19278
19272
19268
19262
19260
19255
19254
19241
19240
19236
19232
19230
19228
19225
19223
19222
19218
19215
19211
19210
19202
19201
19196
19185
19177
19176
19171
19169
19164
19158
19156
19143
19140
19136
19133
19125
19124
19120
19116
19114
19110
19109
19108
19107
19097
19096
19094
19089
19076
19070
19062
19059
19054
19052
19049
19044
19040
19037
19035
19033
19031
19028
19025
19023
19020
19019
19016
19015
19013
19011
19009
19008
19006
19004
18998
18991
18989
18982
18975
18973
18971
18953
18950
18949
18937
18936
18931
18930
18927
18922
18921
18919
18915
18909
18906
18905
18901
18893
18891
18890
18887
18882
18880
18879
18874
18867
18866
18863
18862
18860
18857
18852
18845
18840
18838
18836
18820
18819
18817
18813
18810
18808
18803
18801
18799
18798
18793
18789
18785
18778
18776
18775
18773
18768
18764
18761
18760
18758
18754
18751
18748
18747
18742
18740
18733
18730
18729
18728
18724
18723
18721
18710
18706
18705
18702
18701
18699
18698
18695
18691
18687
18683
18680
18679
18678
18676
18672
18670
18668
18665
18662
18656
18650
18649
18644
18639
18634
18632
18629
18625
18624
18621
18615
18613
18609
18608
18605
18597
18592
18590
18588
18587
18583
18579
18575
18574
18573
18571
18570
18564
18547
18545
18544
18542
18536
18533
18529
18522
18514
18513
18511
18507
18501
18497
18490
18489
18488
18484
18478
18477
18474
18473
18464
18459
18456
18442
18441
18438
18422
18421
18419
18407
18406
18398
18396
18394
18391
18387
18385
18384
18381
18379
18377
18374
18372
18369
18360
18356
18355
18351
18349
18347
18340
18331
18329
18328
18327
18326
18325
18324
18319
18311
18310
18301
18280
18278
18276
18270
18264
18261
18257
18254
18249
18248
18241
18228
18227
18222
18221
18218
18216
18212
18210
18205
18202
18200
18196
18195
18194
18190
18186
18182
18177
18176
18171
18167
18162
18159
18153
18152
18145
18144
18143
18140
18128
18126
18124
18123
18120
18119
18118
18115
18113
18111
18108
18106
18105
18099
18096
18094
18091
18089
18085
18080
18077
18076
18072
18070
18062
18059
18053
18047
18046
18044
18039
18034
18031
18028
18025
18023
18020
18019
18018
18015
18010
18008
18004
17988
17986
17983
17982
17975
17973
17972
17970
17958
17957
17955
17952
17947
17946
17944
17942
17940
17939
17934
17932
17930
17921
17912
17906
17902
17896
17895
17892
17890
17887
17885
17883
17879
17875
17874
17872
17870
17864
17863
17862
17860
17855
17850
17848
17844
17841
17838
17829
17820
17819
17818
17813
17811
17808
17802
17799
17795
17788
17787
17786
17785
17782
17780
17774
17772
17771
17770
17768
17765
17764
17763
17760
17757
17755
17751
17747
17744
17734
17729
17727
17724
17721
17719
17712
17711
17706
17705
17704
17703
17699
17696
17689
17687
17686
17680
17670
17669
17647
17642
17639
17636
17633
17625
17624
17622
17616
17614
17609
17608
17607
17601
17598
17596
17593
17592
17590
17588
17585
17580
17579
17578
17576
17574
17569
17564
17560
17558
17553
17551
17548
17543
17542
17541
17540
17537
17533
17531
17527
17526
17523
17522
17518
17512
17505
17503
17499
17487
17485
17479
17468
17465
17460
17448
17447
17445
17443
17441
17438
17434
17432
17430
17429
17428
17421
17403
17402
17399
17392
17385
17381
17379
17378
17377
17370
17368
17367
17366
17365
17364
17362
17361
17356
17352
17350
17346
17332
17330
17324
17323
17318
17317
17313
17309
17307
17300
17297
17287
17283
17279
17276
17274
17266
17265
17264
17261
17253
17248
17241
17238
17232
17226
17223
17221
17219
17218
17213
17206
17205
17204
17203
17196
17189
17176
17174
17163
17161
17159
17157
17155
17153
17151
17148
17147
17131
17130
17128
17126
17121
17120
17116
17114
17112
17111
17109
17108
17107
17104
17102
17091
17089
17088
17087
17084
17082
17077
17075
17071
17067
17066
17060
17057
17054
17053
17050
17049
17047
17045
17040
17039
17037
17034
17032
17027
17026
17020
17009
17005
17004
17001
16995
16992
16990
16986
16985
16966
16961
16960
16953
16951
16946
16944
16940
16938
16934
16926
16922
16917
16914
16908
16900
16897
16894
16889
16886
16884
16883
16882
16880
16877
16872
16871
16867
16863
16858
16850
16849
16845
16842
16841
16840
16839
16835
16832
16829
16826
16824
16821
16820
16805
16800
16798
16794
16792
16790
16789
16787
16785
16784
16780
16776
16774
16766
16765
16764
16754
16753
16750
16742
16738
16732
16730
16725
16722
16721
16720
16717
16713
16712
16710
16707
16705
16697
16690
16682
16680
16676
16672
16669
16664
16662
16659
16652
16647
16644
16642
16640
16636
16634
16632
16625
16623
16621
16613
16607
16605
16603
16600
16597
16595
16593
16590
16589
16588
16584
16581
16579
16578
16574
16569
16565
16564
16563
16562
16560
16558
16557
16556
16552
16551
16549
16539
16528
16525
16522
16514
16508
16500
16499
16498
16495
16493
16482
16481
16475
16474
16472
16467
16465
16464
16462
16459
16457
16444
16442
16441
16439
16435
16426
16422
16420
16416
16413
16412
16406
16404
16399
16397
16392
16391
16389
16387
16385
16383
16381
16372
16367
16364
16363
16362
16359
16352
16348
16347
16339
16337
16335
16334
16330
16329
16327
16326
16325
16323
16322
16321
16319
16318
16317
16315
16310
16308
16306
16302
16299
16298
16294
16288
16287
16286
16283
16282
16276
16275
16269
16267
16262
16261
16258
16253
16250
16248
16240
16238
16237
16235
16234
16231
16228
16224
16222
16218
16210
16208
16206
16202
16195
16194
16193
16191
16190
16185
16179
16177
16173
16172
16171
16168
16165
16162
16159
16157
16156
16152
16148
16144
16140
16138
16133
16132
16125
16113
16108
16104
16099
16098
16096
16093
16092
16085
16084
16076
16065
16058
16057
16054
16052
16050
16049
16048
16047
16044
16043
16040
16039
16031
16030
16029
16025
16019
16017
16015
16013
16010
16007
16005
16000
15998
15995
15991
15988
15987
15981
15979
15973
15955
15949
15948
15945
15933
15932
15931
15930
15923
15922
15921
15919
15915
15913
15907
15897
15894
15884
15882
15876
15875
15874
15864
15859
15857
15852
15851
15850
15847
15846
15845
15844
15843
15837
15835
15833
15828
15822
15819
15814
15813
15812
15811
15810
15809
15807
15806
15805
15803
15802
15800
15799
15798
15795
15790
15787
15786
15784
15781
15779
15772
15771
15768
15767
15766
15756
15750
15748
15742
15740
15737
15736
15730
15726
15724
15716
15715
15714
15713
15705
15703
15702
15696
15687
15680
15678
15676
15673
15671
15667
15666
15661
15659
15657
15656
15654
15652
15651
15650
15647
15645
15644
15642
15641
15640
15635
15634
15628
15626
15625
15622
15621
15620
15619
15618
15617
15616
15615
15613
15612
15611
15609
15608
15602
15601
15597
15596
15591
15584
15581
15579
15577
15572
15566
15562
15559
15558
15556
15554
15550
15547
15546
15544
15542
15540
15539
15536
15534
15532
15530
15524
15522
15516
15511
15510
15508
15505
15503
15502
15498
15497
15496
15492
15490
15489
15485
15481
15479
15476
15473
15470
15467
15466
15465
15464
15463
15458
15454
15447
15444
15441
15440
15439
15434
15433
15432
15428
15427
15426
15424
15420
15418
15415
15411
15410
15409
15406
15405
15404
15403
15398
15397
15396
15394
15385
15383
15380
15378
15377
15373
15372
15371
15369
15365
15364
15362
15355
15350
15347
15345
15344
15343
15339
15338
15325
15324
15322
15321
15319
15313
15310
15308
15306
15293
15291
15286
15272
15271
15270
15268
15259
15257
15255
15252
15249
15247
15242
15239
15232
15225
15221
15219
15218
15216
15211
15210
15201
15200
15199
15196
15191
15190
15189
15187
15185
15184
15182
15178
15174
15172
15171
15166
15162
15157
15149
15146
15145
15143
15140
15129
15125
15118
15117
15116
15114
15113
15110
15109
15107
15102
15099
15096
15092
15091
15086
15085
15081
15079
15076
15073
15069
15067
15063
15062
15061
15059
15057
15055
15052
15051
15049
15044
15043
15042
15038
15037
15027
15026
15024
15023
15021
15019
15018
15008
15006
15005
15004
15001
14999
14991
14987
14984
14983
14982
14979
14976
14973
14972
14969
14968
14967
14966
14964
14963
14962
14960
14959
14957
14953
14952
14950
14948
14946
14945
14944
14943
14942
14941
14940
14937
14935
14934
14933
14932
14928
14927
14923
14921
14920
14919
14916
14908
14907
14905
14903
14901
14892
14891
14888
14884
14883
14880
14877
14875
14872
14871
14870
14868
14867
14866
14863
14859
14856
14854
14852
14849
14848
14846
14845
14844
14843
14840
14837
14833
14831
14829
14826
14825
14824
14821
14818
14815
14813
14804
14797
14796
14795
14794
14792
14789
14784
14783
14782
14781
14780
14779
14776
14775
14774
14770
14769
14767
14766
14765
14758
14757
14754
14751
14749
14748
14747
14745
14744
14740
14739
14737
14735
14734
14732
14728
14725
14724
14723
14720
14719
14715
14712
14705
14704
14703
14702
14701
14696
14694
14693
14690
14689
14684
14683
14681
14680
14678
14677
14673
14672
14671
14667
14666
14664
14663
14661
14660
14659
14658
14657
14653
14652
14651
14647
14645
14643
14642
14641
14638
14636
14635
14634
14630
14629
14628
14627
14623
14622
14619
14617
14616
14615
14612
14611
14610
14607
14605
14604
14603
14602
14601
14600
14597
14596
14594
14589
14586
14585
14583
14581
14579
14578
14576
14573
14572
14570
14567
14566
14565
14563
14562
14561
14558
14555
14551
14550
14548
14544
14542
14540
14538
14537
14536
14535
14534
14533
14529
14526
14525
14523
14522
14518
14516
14515
14513
14510
14507
14506
14505
14504
14503
14502
14499
14496
14494
14491
14489
14488
14487
14486
14485
14484
14483
14481
14479
14477
14475
14473
14470
14469
14468
14460
14457
14456
14455
14453
14452
14451
14450
14449
14447
14446
14445
14443
14440
14437
14436
14435
14434
14433
14432
14431
14430
14426
14425
14424
14423
14422
14420
14419
14418
14417
14415
14414
14413
14411
14410
14407
14405
14401
14400
14399
14397
14395
14394
14393
14392
14389
14386
14383
14382
14380
14377
14376
14374
14370
14368
14367
14366
14365
14361
14358
14357
14356
14355
14353
14352
14351
14347
14346
14345
14343
14340
14338
14337
14336
14335
14333
14331
14330
14326
14325
14324
14322
14321
14319
14315
14314
14311
14310
14308
14307
14305
14304
14303
14302
14298
14296
14294
14293
14291
14289
14287
14286
14285
14283
14282
14281
14279
14278
14277
14276
14275
14272
14270
14267
14266
14264
14262
14260
14259
14256
14255
14253
14252
14251
14250
14249
14248
14247
14246
14244
14243
14242
14241
14239
14238
14237
14235
14234
14233
14232
14229
14228
14227
14226
14225
14224
14223
14221
14220
14217
14216
14214
14213
14211
14210
14208
14207
14206
14205
14204
14203
14202
14201
14200
14199
14198
14196
14195
14193
14191
14190
14189
14188
14187
14186
14185
14182
14181
14180
14177
14175
14174
14173
14172
14171
14169
14168
14167
14166
14165
14164
14163
14162
14160
14158
14155
14154
14153
14152
14151
14150
14149
14148
14147
14146
14144
14143
14142
14139
14138
14137
14136
14135
14133
14132
14131
14130
14129
14126
14125
14123
14122
14121
14120
14119
14118
14117
14114
14112
14111
14110
14109
14107
14106
14105
14103
14102
14101
14100
14099
14098
14097
14096
14092
14091
14090
14089
14086
14084
14083
14082
14081
14077
14076
14075
14073
14072
14071
14070
14069
14067
14066
14065
14062
14061
14060
14059
14057
14056
14055
14054
14053
14052
14050
14049
14048
14047
14046
14045
14044
14043
14041
14040
14039
14036
14034
14031
14030
14029
14028
14023
14021
14020
14019
14018
14017
14014
14013
14012
14011
14010
14009
14007
14006
14005
14002
14001
14000
13997
13995
13994
13992
13989
13986
13983
13981
13980
13979
13978
13976
13974
13973
13970
13969
13968
13967
13966
13964
13963
13961
13960
13959
13958
13957
13956
13955
13951
13950
13949
13948
13947
13946
13944
13943
13942
13941
13940
13939
13938
13937
13935
13934
13933
13932
13931
13929
13927
13926
13924
13923
13922
13921
13920
13919
13918
13917
13915
13914
13913
13911
13910
13909
13908
13907
13906
13903
13902
13901
13900
13899
13898
13897
13894
13892
13891
13889
13888
13886
13885
13884
13883
13881
13879
13876
13874
13872
13871
13870
13869
13864
13861
13860
13858
13857
13856
13852
13851
13850
13849
13848
13847
13846
13845
13843
13842
13841
13839
13838
13837
13836
13835
13834
13833
13832
13831
13830
13829
13827
13826
13825
13824
13822
13820
13819
13817
13815
13814
13813
13812
13810
13809
13808
13806
13805
13803
13802
13801
13800
13799
13798
13796
13795
13793
13791
13790
13789
13787
13786
13783
13782
13781
13779
13777
13775
13774
13773
13772
13771
13770
13764
13763
13762
13760
13758
13757
13756
13754
13753
13751
13750
13748
13747
13746
13745
13744
13743
13741
13740
13739
13738
13737
13736
13733
13732
13731
13729
13728
13727
13725
13723
13721
13720
13719
13717
13716
13714
13713
13712
13710
13709
13707
13706
13705
13704
13703
13702
13699
13698
13697
13695
13694
13691
13690
13689
13688
13687
13686
13685
13683
13682
13681
13679
13677
13675
13674
13673
13672
13668
13667
13666
13664
13663
13662
13661
13660
13659
13657
13656
13655
13653
13650
13648
13645
13644
13643
13642
13640
13636
13635
13634
13633
13630
13628
13627
13626
13625
13624
13623
13622
13621
13620
13619
13618
13617
13616
13614
13613
13612
13610
13609
13606
13604
13603
13602
13600
13598
13597
13596
13594
13593
13592
13591
13590
13589
13587
13586
13584
13583
13582
13581
13580
13579
13578
13577
13576
13575
13572
13571
13570
13569
13567
13565
13564
13562
13560
13558
13557
13556
13555
13554
13553
13552
13551
13550
13547
13545
13544
13543
13542
13541
13540
13539
13538
13536
13535
13534
13532
13531
13530
13529
13528
13527
13525
13524
13522
13519
13518
13517
13516
13515
13512
13509
13508
13507
13506
13505
13501
13499
13498
13497
13496
13494
13493
13492
13489
13488
13487
13485
13484
13483
13482
13481
13480
13479
13478
13476
13475
13474
13473
13472
13471
13470
13469
13467
13466
13464
13463
13462
13461
13460
13459
13457
13456
13455
13454
13451
13450
13449
13447
13444
13443
13442
13441
13439
13437
13436
13435
13432
13431
13430
13427
13423
13422
13421
13418
13417
13414
13413
13412
13407
13406
13403
13401
13400
13399
13398
13397
13394
13393
13392
13391
13389
13388
13387
13386
13384
13382
13378
13376
13375
13373
13372
13371
13368
13367
13366
13365
13364
13362
13361
13360
13359
13357
13356
13352
13350
13349
13348
13347
13341
13340
13338
13337
13336
13335
13333
13332
13331
13330
13327
13326
13325
13324
13321
13320
13319
13317
13316
13315
13313
13312
13311
13310
13309
13306
13305
13304
13303
13302
13300
13297
13296
13294
13292
13291
13290
13288
13286
13285
13284
13282
13281
13280
13279
13278
13277
13272
13271
13270
13269
13267
13266
13265
13264
13263
13261
13260
13259
13257
13256
13255
13254
13253
13249
13248
13247
13245
13244
13243
13242
13241
13240
13239
13237
13235
13233
13232
13231
13230
13228
13227
13226
13225
13224
13223
13221
13220
13217
13216
13215
13213
13210
13209
13208
13207
13206
13205
13204
13202
13201
13200
13199
13197
13196
13195
13194
13193
13191
13189
13188
13186
13184
13182
13181
13180
13179
13178
13177
13176
13175
13174
13173
13172
13170
13169
13168
13166
13165
13164
13161
13160
13158
13157
13156
13155
13154
13153
13152
13151
13150
13147
13145
13143
13141
13140
13139
13137
13136
13134
13133
13132
13130
13127
13126
13125
13122
13120
13119
13118
13116
13115
13114
13113
13112
13111
13110
13109
13108
13106
13105
13104
13103
13099
13098
13097
13095
13091
13090
13088
13086
13085
13084
13083
13081
13080
13079
13078
13077
13075
13074
13072
13071
13070
13068
13066
13065
13064
13062
13060
13056
13053
13052
13050
13049
13047
13046
13045
13042
13041
13040
13039
13038
13037
13035
13034
13033
13032
13031
13028
13026
13025
13024
13023
13022
13021
13019
13017
13015
13013
13010
13009
13008
13005
13003
13002
13000
12999
12998
12997
12995
12993
12992
12991
12990
12989
12988
12987
12986
12985
12984
12983
12981
12979
12978
12977
12976
12974
12973
12972
12971
12969
12967
12964
12962
12960
12959
12958
12956
12954
12953
12952
12951
12949
12948
12947
12946
12945
12942
12941
12939
12937
12936
12935
12933
12932
12931
12930
12929
12928
12927
12926
12925
12923
12921
12920
12918
12916
12915
12914
12912
12910
12907
12906
12905
12903
12902
12901
12900
12898
12896
12895
12894
12891
12888
12887
12886
12885
12884
12883
12881
12880
12878
12876
12874
12873
12872
12871
12870
12868
12866
12864
12863
12862
12861
12859
12857
12856
12855
12853
12849
12848
12847
12845
12844
12843
12841
12840
12838
12837
12836
12835
12834
12833
12832
12831
12830
12829
12827
12826
12825
12824
12822
12821
12819
12818
12815
12814
12813
12812
12811
12810
12807
12806
12805
12803
12801
12800
12799
12795
12794
12792
12790
12789
12787
12786
12785
12784
12782
12780
12779
12778
12777
12776
12775
12774
12771
12770
12769
12767
12766
12765
12764
12762
12761
12760
12759
12758
12756
12754
12753
12752
12751
12750
12749
12747
12745
12743
12740
12739
12737
12736
12735
12734
12733
12732
12731
12730
12729
12728
12727
12726
12725
12723
12722
12721
12720
12717
12715
12714
12713
12712
12711
12710
12707
12706
12705
12704
12703
12702
12701
12698
12697
12696
12693
12691
12690
12689
12688
12683
12682
12679
12678
12677
12674
12673
12671
12670
12668
12667
12666
12665
12663
12662
12661
12660
12659
12658
12656
12654
12653
12652
12651
12650
12649
12647
12646
12645
12644
12642
12640
12638
12636
12635
12634
12633
12632
12631
12630
12627
12626
12624
12623
12622
12621
12620
12619
12618
12617
12615
12614
12613
12612
12611
12609
12607
12606
12605
12604
12601
12599
12598
12597
12596
12595
12594
12593
12592
12591
12589
12587
12586
12584
12581
12580
12578
12577
12576
12575
12574
12573
12572
12570
12569
12568
12567
12565
12562
12561
12559
12557
12556
12554
12553
12552
12548
12547
12545
12544
12543
12542
12540
12539
12537
12535
12533
12532
12531
12530
12528
12526
12524
12523
12522
12521
12520
12519
12518
12516
12515
12514
12513
12511
12510
12508
12505
12504
12503
12502
12499
12498
12497
12495
12494
12493
12492
12491
12489
12488
12487
12486
12484
12482
12477
12474
12473
12472
12471
12469
12467
12466
12464
12463
12462
12461
12459
12458
12457
12456
12454
12452
12451
12450
12449
12448
12447
12445
12443
12442
12441
12440
12439
12438
12437
12436
12435
12434
12432
12430
12427
12424
12423
12422
12421
12420
12419
12417
12415
12414
12413
12411
12408
12407
12406
12405
12404
12403
12401
12400
12399
12397
12396
12395
12394
12393
12391
12390
12388
12387
12385
12384
12383
12382
12381
12379
12378
12377
12375
12374
12372
12370
12368
12367
12366
12364
12361
12360
12359
12358
12357
12353
12352
12351
12350
12348
12347
12346
12345
12343
12341
12340
12338
12337
12336
12334
12333
12331
12330
12329
12328
12327
12325
12324
12323
12322
12321
12320
12319
12318
12316
12315
12313
12312
12309
12308
12307
12306
12305
12304
12303
12302
12300
12299
12298
12297
12296
12295
12293
12291
12289
12287
12286
12285
12284
12282
12281
12279
12278
12275
12274
12273
12270
12268
12266
12264
12263
12262
12261
12260
12259
12258
12257
12256
12255
12254
12252
12251
12247
12246
12245
12244
12243
12242
12241
12239
12238
12236
12235
12234
12232
12231
12230
12228
12227
12226
12225
12224
12223
12222
12220
12219
12218
12217
12213
12212
12211
12209
12208
12207
12205
12204
12202
12201
12200
12199
12196
12195
12194
12193
12192
12191
12189
12188
12187
12186
12185
12183
12182
12181
12180
12179
12178
12177
12174
12173
12172
12171
12169
12168
12166
12164
12162
12160
12159
12158
12156
12155
12154
12152
12151
12150
12149
12148
12143
12141
12140
12139
12137
12133
12132
12131
12129
12127
12124
12123
12122
12121
12120
12119
12118
12116
12115
12114
12113
12112
12110
12108
12107
12106
12105
12104
12102
12101
12099
12097
12096
12094
12093
12092
12091
12090
12089
12088
12087
12084
12082
12081
12080
12079
12078
12077
12076
12075
12074
12073
12072
12071
12070
12068
12066
12063
12062
12059
12057
12055
12054
12053
12051
12050
12045
12043
12042
12041
12038
12037
12036
12035
12034
12029
12028
12027
12025
12023
12021
12020
12019
12018
12016
12015
12014
12013
12012
12011
12010
12009
12008
12007
12005
12004
12002
11999
11998
11997
11996
11995
11994
11993
11992
11989
11988
11987
11984
11983
11982
11981
11980
11978
11973
11972
11971
11969
11967
11966
11964
11963
11962
11961
11960
11957
11955
11954
11953
11952
11951
11947
11946
11943
11942
11941
11939
11938
11937
11936
11934
11933
11930
11928
11927
11923
11922
11921
11920
11919
11917
11916
11915
11914
11913
11912
11911
11910
11908
11907
11906
11905
11904
11903
11901
11900
11898
11897
11896
11895
11894
11890
11889
11887
11886
11882
11880
11879
11877
11876
11875
11874
11873
11872
11871
11866
11864
11863
11862
11860
11859
11858
11857
11856
11854
11853
11851
11850
11849
11848
11847
11846
11844
11842
11832
11826
11825
11822
11817
11816
11809
11799
11795
11790
11789
11786
11784
11780
11778
11773
11770
11768
11762
11758
11757
11745
11744
11735
11734
11733
11730
11727
11723
11720
11718
11717
11711
11708
11702
11700
11696
11694
11693
11691
11690
11688
11687
11686
11684
11683
11681
11679
11676
11674
11673
11672
11667
11664
11662
11659
11656
11653
11648
11645
11644
11640
11638
11636
11627
11625
11624
11620
11614
11612
11607
11599
11598
11586
11578
11560
11558
11556
11554
11551
11543
11541
11540
11526
11525
11523
11518
11515
11514
11510
11508
11507
11506
11502
11501
11500
11498
11497
11489
11485
11483
11480
11470
11464
11463
11458
11455
11453
11451
11447
11443
11442
11440
11438
11434
11430
11428
11426
11423
11422
11418
11416
11415
11412
11409
11405
11403
11397
11394
11391
11387
11383
11381
11379
11376
11370
11367
11356
11355
11353
11350
11344
11340
11339
11335
11333
11332
11328
11319
11315
11312
11302
11295
11292
11289
11287
11282
11280
11279
11276
11274
11272
11271
11267
11263
11258
11254
11248
11238
11232
11223
11222
11215
11214
11204
11192
11190
11184
11177
11176
11175
11173
11171
11169
11166
11164
11160
11156
11153
11148
11147
11146
11142
11139
11137
11129
11126
11124
11123
11121
11120
11119
11112
11110
11109
11102
11101
11099
11095
11094
11091
11090
11086
11080
11075
11071
11068
11067
11050
11047
11044
11036
11033
11028
11016
11014
11013
11011
11006
11003
11000
10997
10996
10995
10994
10993
10989
10983
10982
10970
10964
10961
10960
10953
10949
10946
10945
10941
10937
10936
10935
10934
10933
10932
10930
10929
10923
10918
10914
10913
10907
10900
10895
10892
10886
10877
10875
10868
10865
10860
10857
10855
10850
10844
10834
10833
10832
10829
10826
10823
10821
10817
10816
10809
10806
10801
10800
10794
10789
10786
10781
10774
10764
10763
10757
10748
10744
10742
10731
10727
10725
10721
10719
10716
10715
10709
10708
10704
10700
10698
10696
10692
10689
10688
10684
10682
10680
10677
10675
10672
10670
10659
10658
10656
10655
10653
10645
10643
10639
10635
10634
10629
10628
10625
10622
10618
10617
10615
10613
10610
10608
10607
10605
10602
10598
10595
10594
10591
10588
10577
10576
10575
10573
10572
10569
10563
10562
10560
10558
10554
10553
10543
10538
10534
10529
10524
10521
10519
10514
10512
10509
10508
10503
10502
10501
10495
10494
10485
10482
10476
10468
10465
10457
10454
10451
10450
10440
10435
10431
10430
10426
10415
10413
10410
10409
10408
10403
10402
10400
10398
10388
10387
10384
10378
10377
10375
10367
10366
10364
10355
10353
10344
10342
10339
10334
10333
10332
10321
10319
10318
10316
10310
10303
10299
10290
10288
10284
10281
10278
10273
10258
10248
10246
10245
10240
10237
10230
10227
10220
10218
10215
10208
10204
10202
10201
10200
10193
10191
10182
10181
10179
10175
10171
10168
10163
10162
10161
10157
10156
10152
10150
10149
10147
10146
10137
10133
10132
10131
10130
10129
10128
10127
10126
10125
10122
10119
10117
10115
10112
10107
10101
10094
10090
10082
10078
10068
10066
10064
10063
10061
10056
10049
10040
10039
10033
10032
10030
10025
10023
10019
10017
10012
10010
10007
10003
9997
9990
9988
9981
9974
9973
9972
9967
9961
9960
9955
9953
9951
9949
9947
9945
9943
9935
9930
9922
9920
9916
9914
9913
9903
9902
9898
9894
9888
9887
9885
9883
9878
9876
9873
9869
9867
9866
9862
9859
9858
9856
9855
9850
9844
9843
9837
9835
9834
9830
9829
9828
9826
9821
9818
9817
9816
9814
9808
9805
9802
9801
9796
9794
9792
9782
9778
9774
9770
9763
9762
9761
9758
9748
9747
9741
9740
9739
9735
9734
9730
9727
9725
9720
9716
9707
9706
9701
9700
9696
9693
9684
9681
9676
9672
9669
9667
9664
9661
9660
9658
9653
9652
9644
9640
9639
9634
9625
9624
9621
9618
9617
9616
9615
9612
9611
9610
9608
9607
9601
9599
9598
9597
9594
9593
9587
9586
9583
9581
9578
9577
9575
9573
9568
9566
9563
9560
9559
9555
9549
9548
9547
9545
9541
9537
9536
9534
9527
9524
9520
9517
9515
9513
9511
9510
9501
9500
9499
9498
9493
9490
9489
9487
9483
9481
9475
9465
9464
9462
9447
9444
9441
9440
9432
9427
9420
9419
9418
9416
9415
9414
9412
9408
9406
9403
9400
9396
9394
9391
9390
9387
9385
9382
9381
9380
9374
9373
9371
9370
9368
9362
9361
9357
9356
9355
9352
9349
9347
9346
9340
9339
9335
9334
9331
9330
9324
9319
9318
9305
9304
9303
9301
9298
9294
9292
9288
9284
9283
9282
9279
9277
9271
9270
9265
9264
9255
9248
9246
9245
9244
9243
9242
9241
9235
9233
9229
9226
9222
9220
9219
9218
9212
9208
9203
9200
9194
9193
9188
9187
9186
9184
9183
9176
9174
9173
9170
9169
9168
9166
9165
9164
9159
9147
9145
9140
9134
9130
9128
9127
9126
9124
9123
9118
9116
9115
9113
9110
9108
9107
9102
9100
9098
9092
9091
9090
9088
9079
9078
9076
9074
9073
9071
9070
9069
9066
9065
9064
9063
9062
9057
9049
9034
9033
9032
9031
9027
9026
9022
9012
9010
9009
9008
9007
9004
9002
8996
8995
8994
8986
8984
8982
8978
8972
8971
8964
8962
8954
8953
8951
8948
8946
8945
8941
8940
8938
8937
8934
8931
8930
8928
8927
8925
8923
8922
8915
8913
8912
8911
8910
8908
8907
8904
8900
8898
8895
8893
8890
8889
8887
8884
8881
8878
8877
8874
8873
8871
8869
8866
8862
8859
8854
8849
8840
8839
8838
8836
8833
8827
8826
8825
8823
8822
8820
8819
8816
8815
8811
8810
8807
8805
8800
8797
8795
8789
8787
8786
8784
8782
8779
8778
8773
8769
8768
8767
8766
8764
8758
8757
8755
8753
8752
8741
8740
8734
8733
8730
8729
8725
8724
8717
8716
8714
8713
8710
8701
8697
8694
8693
8691
8690
8685
8682
8681
8679
8678
8677
8675
8674
8671
8670
8667
8665
8660
8659
8657
8653
8651
8650
8646
8641
8637
8635
8629
8625
8622
8620
8619
8617
8612
8611
8610
8606
8605
8603
8597
8594
8592
8591
8588
8587
8578
8576
8573
8572
8568
8567
8559
8555
8554
8553
8552
8551
8550
8549
8547
8544
8540
8539
8537
8536
8535
8534
8533
8531
8530
8528
8527
8525
8521
8517
8514
8512
8511
8510
8509
8508
8501
8500
8498
8496
8495
8491
8489
8488
8487
8475
8470
8469
8463
8462
8459
8456
8452
8450
8449
8448
8446
8445
8443
8440
8439
8436
8434
8432
8431
8424
8423
8422
8421
8416
8414
8413
8412
8411
8408
8407
8405
8400
8396
8394
8393
8392
8389
8386
8385
8382
8376
8372
8370
8368
8365
8364
8363
8362
8360
8359
8357
8352
8351
8349
8348
8344
8342
8337
8335
8334
8333
8332
8331
8329
8328
8326
8325
8320
8316
8315
8311
8310
8308
8307
8305
8303
8302
8300
8296
8293
8290
8289
8288
8287
8283
8281
8280
8274
8272
8270
8269
8267
8266
8265
8264
8263
8259
8258
8256
8252
8251
8249
8248
8247
8246
8245
8244
8241
8239
8237
8235
8234
8232
8231
8229
8227
8226
8221
8220
8219
8216
8215
8213
8211
8210
8204
8203
8202
8198
8197
8195
8193
8192
8191
8190
8187
8186
8185
8184
8179
8178
8175
8173
8171
8170
8168
8165
8164
8159
8157
8153
8152
8150
8149
8146
8144
8142
8136
8135
8134
8132
8130
8129
8119
8118
8115
8110
8109
8105
8104
8103
8102
8101
8100
8097
8093
8090
8089
8088
8086
8085
8081
8078
20928
8075
20927
8074
8073
20924
8071
20920
8067
20918
8065
20916
8063
20915
8062
20913
8060
20912
8059
20911
8058
20909
8056
8055
20907
8054
8053
20905
8052
8047
20898
8045
20897
8044
20896
8043
8041
20892
8039
8037
20886
8033
20883
8030
8028
20880
8027
20878
8025
8023
20874
8021
8020
20870
8017
20867
8014
8013
20864
8011
20861
8008
20860
8007
8005
20857
8004
20856
8003
20855
8002
7999
7997
7995
20847
7994
20846
7993
20845
7992
7991
20842
7989
20841
7988
20838
7985
20837
7984
20836
7983
20835
7982
7981
7979
20829
7976
20827
7974
20826
7973
7970
7969
20818
7965
7963
20814
7961
20813
7960
7957
20808
7955
20807
7954
20804
7951
7950
20802
7949
7948
20800
7947
20799
7946
7945
20797
7944
20795
7942
20789
7936
20787
7934
7933
20784
7931
20783
7930
20782
7929
20781
7928
7926
20778
7925
7923
7922
20774
7921
7920
20772
7919
20769
7916
7915
20767
7914
7913
20764
7911
7910
20761
7908
20759
7906
20758
7905
20757
7904
20755
7902
7900
20752
7899
20751
7898
20748
7895
20747
7894
20746
7893
20743
7890
7889
20740
7887
20739
7886
20737
7884
7881
20732
7879
20730
7877
7876
20725
7872
20722
7869
20721
7868
7867
7866
20717
7864
20714
7861
20709
7856
7854
20704
7851
7849
20701
7848
20700
7847
20699
7846
20698
7845
20697
7844
20694
7841
20692
7839
20691
7838
7837
20689
7836
20688
7835
20685
7832
20684
7831
20682
7829
20681
7828
20680
7827
7826
20678
7825
20677
7824
20676
7823
20675
7822
20674
7821
7818
20670
7817
20669
7816
20668
7815
20665
7812
20664
7811
20663
7810
20661
7808
20656
7803
20655
7802
7800
20651
7798
20649
7796
7795
20647
7794
20646
7793
20645
7792
20643
7790
20642
7789
20640
7787
20639
7786
7785
7784
7782
20634
7781
20633
7780
20630
7777
20628
7775
20626
7773
7772
20621
7768
20619
7766
7765
20616
7763
20615
7762
20614
7761
7760
20611
7758
20610
7757
20609
7756
20608
7755
20607
7754
20605
7752
20604
7751
20603
7750
7749
20601
7748
7747
20595
7742
7741
7740
7738
20588
7735
7734
20586
7733
7731
20583
7730
20578
7725
20577
7724
20576
7723
20575
7722
7721
20573
7720
20570
7717
20569
7716
20567
7714
20566
7713
7712
20564
7711
7710
20560
7707
20559
7706
20558
7705
20557
7704
20555
7702
20553
7700
7698
20550
7697
20549
7696
20547
7694
20545
7692
7691
7686
20538
7685
20537
7684
20535
7682
20534
7681
7680
20532
7679
20531
7678
20530
7677
20528
7675
7674
20525
7672
20524
7671
20523
7670
7668
20520
7667
20519
7666
20517
7664
20515
7662
7660
20511
7658
7657
20508
7655
20507
7654
7652
20504
7651
20503
7650
7649
20500
7647
7646
7643
20493
7640
20491
7638
20489
7636
20488
7635
20487
7634
7633
20485
7632
20484
7631
20483
7630
20482
7629
20481
7628
20480
7627
20476
7623
7622
7620
20470
7617
20468
7615
20466
7613
20463
7610
20461
7608
20458
7605
20456
7603
20453
7600
20450
7597
20447
7594
7593
7591
7590
20440
7587
7585
7584
7583
7582
20434
7581
20433
7580
20432
7579
7578
20430
7577
7576
20428
7575
20427
7574
20426
7573
7572
20422
7569
7568
20420
7567
20419
7566
20418
7565
20417
7564
7563
20415
7562
20414
7561
7560
20412
7559
20410
7557
20408
7555
7554
20406
7553
20404
7551
20403
7550
7549
7544
20395
7542
20394
7541
20393
7540
20391
7538
20389
7536
7535
20387
7534
20386
7533
20385
7532
20383
7530
20382
7529
20381
7528
7527
20378
7525
20377
7524
20376
7523
20375
7522
20374
7521
20373
7520
7519
20370
7517
20368
7515
20365
7512
7511
7509
20360
7507
20359
7506
20358
7505
20357
7504
20355
7502
7501
7500
20352
7499
7497
20349
7496
20347
7494
7491
20343
7490
20339
7486
20338
7485
20337
7484
7483
20335
7482
20333
7480
20332
7479
20330
7477
20329
7476
20328
7475
20323
7470
20320
7467
20318
7465
7464
20316
7463
20315
7462
7460
20312
7459
20310
7457
20309
7456
7455
7453
20305
7452
20304
7451
7450
7449
20299
7446
7442
20293
7440
20292
7439
20291
7438
20290
7437
20287
7434
7432
7431
20283
7430
20282
7429
20281
7428
20280
7427
7426
20278
7425
20275
7422
20274
7421
7420
7418
7417
20269
7416
20267
7414
20262
7409
7408
20259
7406
20257
7404
20255
7402
20253
7400
7399
20249
7396
7395
20247
7394
20246
7393
7390
20241
7388
20240
7387
20239
7386
7384
7383
20234
7381
20231
7378
20227
7374
20226
7373
20225
7372
20218
7365
7364
20216
7363
20215
7362
20214
7361
20212
7359
20211
7358
20209
7356
20208
7355
20205
7352
20203
7350
20202
7349
20201
7348
20199
7346
20196
7343
20195
7342
20194
7341
20193
7340
20190
7337
20188
7335
20186
7333
20185
7332
20183
7330
20181
7328
7327
20179
7326
7324
7319
7318
7316
7313
20164
7311
20163
7310
20162
7309
20161
7308
7306
20158
7305
20156
7303
20155
7302
7301
7300
20150
7297
20149
7296
20145
7292
20144
7291
7289
7288
20140
7287
20137
7284
7282
7281
20133
7280
20132
7279
20130
7277
20129
7276
20128
7275
20126
7273
7272
20124
7271
20123
7270
20121
7268
7266
20118
7265
20117
7264
20116
7263
7262
20114
7261
20113
7260
20112
7259
20111
7258
7257
7255
20106
7253
7251
20103
7250
20102
7249
20101
7248
7246
7245
20097
7244
20096
7243
20094
7241
7240
7238
7235
7234
20085
7232
20084
7231
20083
7230
20082
7229
20080
7227
7225
20077
7224
7223
20074
7221
7220
20072
7219
7218
7217
20069
7216
20068
7215
7214
20065
7212
20063
7210
20062
7209
7208
20060
7207
7206
20056
7203
20055
7202
20054
7201
20053
7200
20052
7199
20051
7198
20050
7197
20049
7196
20048
7195
20047
7194
7193
20045
7192
20044
7191
20043
7190
7189
20039
7186
20037
7184
20036
7183
7182
20034
7181
20033
7180
20031
7178
20030
7177
7175
20027
7174
20026
7173
20025
7172
7171
7170
7167
20019
7166
7165
20017
7164
20016
7163
20015
7162
7159
20011
7158
7157
20009
7156
7155
7154
20006
7153
20005
7152
20003
7150
7148
19999
7146
19996
7143
19995
7142
19993
7140
19992
7139
7137
19988
7135
7126
19977
7124
19969
7116
19968
7115
19957
7104
19956
7103
7100
19951
7098
19945
7092
7088
19938
7085
19935
7082
19934
7081
19933
7080
7072
7071
7070
7067
19915
7062
19913
7060
19910
7057
19883
7030
19881
7028
19880
7027
7020
19872
7019
19867
7014
19865
7012
19862
7009
7000
6996
19847
6994
6990
19836
6983
19835
6982
19826
6973
6966
19816
6963
19814
6961
19808
6955
19806
6953
19805
6952
6941
19793
6940
6938
19790
6937
19787
6934
19785
6932
6929
19781
6928
19777
6924
19767
6914
19766
6913
19765
6912
19764
6911
6910
19762
6909
19761
6908
19759
6906
6904
19755
6902
6899
6897
6894
19736
6883
19731
6878
19729
6876
19728
6875
19725
6872
19719
6866
19717
6864
19713
6860
19711
6858
19708
6855
19706
6853
19703
6850
19702
6849
19701
6848
6846
19698
6845
19696
6843
19695
6842
6840
6838
6832
19684
6831
6825
6821
6817
19667
6814
6809
19660
6807
19658
6805
19654
6801
19652
6799
19647
6794
19645
6792
19644
6791
19642
6789
6785
6776
19625
6772
19619
6766
19617
6764
19609
6756
6754
19602
6749
19600
6747
6742
19594
6741
19590
6737
6735
19585
6732
6731
19582
6729
19580
6727
19578
6725
6722
19567
6714
19566
6713
19565
6712
19562
6709
6704
19551
6698
19550
6697
6696
19540
6687
19537
6684
19533
6680
19532
6679
19530
6677
19529
6676
19526
6673
6672
6671
19523
6670
6669
19521
6668
19520
6667
19519
6666
19513
6660
6656
19504
6651
19502
6649
19501
6648
19497
6644
19493
6640
19491
6638
19490
6637
19486
6633
19485
6632
19472
6619
19469
6616
6598
19449
6596
6587
19437
6584
19436
6583
19421
6568
19413
6560
19411
6558
19405
6552
19399
6546
19397
6544
6543
19394
6541
19393
6540
19392
6539
19388
6535
19382
6529
19380
6527
19375
6522
6518
19370
6517
19365
6512
19362
6509
19360
6507
19359
6506
6503
19355
6502
19351
6498
19349
6496
19342
6489
6482
6478
19319
6466
19316
6463
6458
19307
6454
19304
6451
19302
6449
6448
19299
6446
19296
6443
6440
19287
6434
6426
19275
6422
19274
6421
19269
6416
19261
6408
19259
6406
19256
6403
6400
19252
6399
19251
6398
6397
19248
6395
19247
6394
19246
6393
19245
6392
19243
6390
19242
6389
19234
6381
6380
19229
6376
19221
6368
6367
19216
6363
6360
19212
6359
19203
6350
19198
6345
6344
19191
6338
19190
6337
6331
19183
6330
6329
19180
6327
19172
6319
19162
6309
19161
6308
19155
6302
6299
19151
6298
6297
19148
6295
19146
6293
6288
19135
6282
19126
6273
19122
6269
19118
6265
19101
6248
19100
6247
19099
6246
6234
19082
6229
19079
6226
19078
6225
6224
19075
6222
19067
6214
6202
19053
6200
6197
19048
6195
6194
19046
6193
19045
6192
19043
6190
19041
6188
6185
19036
6183
19029
6176
19026
6173
19022
6169
6168
6164
19014
6161
19012
6159
19010
6157
19005
6152
6150
19002
6149
19001
6148
19000
6147
6144
6143
6140
18990
6137
18987
6134
6131
18981
6128
18977
6124
18974
6121
18970
6117
6116
6115
6113
18965
6112
18959
6106
18957
6104
18954
6101
6098
18946
6093
18945
6092
18943
6090
18940
6087
18939
6086
6085
18933
6080
6076
6072
18918
6065
18917
6064
6063
6061
6059
18908
6055
18902
6049
18900
6047
18899
6046
18883
6030
18881
6028
18878
6025
18877
6024
6023
6017
18869
6016
6015
18864
6011
18861
6008
18859
6006
18858
6005
6002
18854
6001
6000
18850
5997
18848
5995
18847
5994
18844
5991
18841
5988
5984
18835
5982
5978
18829
5976
18825
5972
5971
18823
5970
18822
5969
18818
5965
5963
5962
18814
5961
18812
5959
5958
18805
5952
18800
5947
5941
18784
5931
5929
18769
5916
18765
5912
5909
18759
5906
18757
5904
5896
5892
18743
5890
5886
18737
5884
18735
5882
18727
5874
18726
5873
5872
18720
5867
18719
5866
18711
5858
18709
5856
18708
5855
18704
5851
5847
18697
5844
5840
18692
5839
5835
18685
5832
18684
5831
18681
5828
18673
5820
18669
5816
5814
18666
5813
18661
5808
18657
5804
18647
5794
5790
5789
18637
5784
5783
18635
5782
5778
18627
5774
18623
5770
18619
5766
5765
18617
5764
5761
18612
5759
18607
5754
18606
5753
18601
5748
18599
5746
18596
5743
18589
5736
18586
5733
18581
5728
18580
5727
5724
18576
5723
18572
5719
5716
5715
18567
5714
18566
5713
5712
18563
5710
18562
5709
18560
5707
18558
5705
18557
5704
18553
5700
18550
5697
18548
5695
18546
5693
18543
5690
18541
5688
18539
5686
18530
5677
18528
5675
18527
5674
18519
5666
18518
5665
18512
5659
5656
5655
18506
5653
5651
18496
5643
18494
5641
5634
18483
5630
5622
18471
5618
18466
5613
18461
5608
18460
5607
5605
18457
5604
18455
5602
18454
5601
18453
5600
18452
5599
5598
18450
5597
5596
18445
5592
5587
18439
5586
18432
5579
18430
5577
18428
5575
18427
5574
18424
5571
18417
5564
18416
5563
5561
18413
5560
18408
5555
18404
5551
18403
5550
5548
18400
5547
18399
5546
5539
18390
5537
18389
5536
18388
5535
18383
5530
5523
5522
18368
5515
18367
5514
18365
5512
18359
5506
5499
18346
5493
18345
5492
18341
5488
18336
5483
18332
5479
5468
18320
5467
18317
5464
18316
5463
5461
18313
5460
18312
5459
18308
5455
18302
5449
18300
5447
18299
5446
5442
18294
5441
18292
5439
18289
5436
5435
18286
5433
5429
18281
5428
5426
18272
5419
11837
18269
5416
11834
5413
11833
5412
18260
5407
11823
18255
5402
11821
18253
5400
11820
18252
5399
11815
18247
5394
11814
18246
5393
11813
18245
5392
11812
18244
5391
11808
18240
5387
11806
18238
5385
11801
18233
5380
11800
5379
11798
5377
5376
18226
5373
11792
5371
11791
18223
5370
11781
5360
11779
5358
18209
5356
18208
5355
11772
18204
5351
11771
5350
11760
5339
11756
18188
5335
18187
5334
11753
5332
5331
11748
18180
5327
5326
11746
18178
5325
18175
5322
11742
18174
5321
11740
18172
5319
11738
18170
5317
11737
5316
11736
5315
11731
18163
5310
11729
5308
11728
5307
11724
18156
5303
18151
5298
5295
11715
18147
5294
11714
5293
11710
18142
5289
5285
5284
11704
18136
5283
5282
11699
5278
11698
18130
5277
11682
5261
11678
18110
5257
11666
5245
18097
5244
11663
18095
5242
11655
18087
5234
11654
18086
5233
11652
5231
11651
18083
5230
18082
5229
11649
18081
5228
11647
5226
11646
18078
5225
5222
11642
18074
5221
11641
5220
11639
18071
5218
18067
5214
18066
5213
11626
18058
5205
11623
18055
5202
11622
5201
11619
18051
5198
11618
18050
5197
11617
18049
5196
11616
5195
11611
18043
5190
11610
18042
5189
11608
18040
5187
11604
5183
11603
18035
5182
11600
18032
5179
11597
5176
18027
5174
11592
18024
5171
5168
5164
5163
11579
18011
5158
18007
5154
11573
18005
5152
11571
18003
5150
11568
18000
5147
11566
17998
5145
11565
17997
5144
11563
5142
11562
17994
5141
17987
5134
11553
17985
5132
11552
5131
17979
5126
11546
17978
5125
11545
17977
5124
11542
17974
5121
11537
5116
11536
17968
5115
11535
17967
5114
11534
17966
5113
11532
17964
5111
11531
17963
5110
11529
17961
5108
11528
5107
11522
5101
11519
5098
11516
5095
11513
5092
17943
5090
17937
5084
11503
17935
5082
11499
17931
5078
11496
17928
5075
11495
17927
5074
17926
5073
11493
17925
5072
17924
5071
11491
17923
5070
11490
17922
5069
11486
5065
17916
5063
17909
5056
11476
17908
5055
11475
5054
11473
17905
5052
11472
17904
5051
5048
11468
17900
5047
17899
5046
11466
17898
5045
11465
17897
5044
11462
17894
5041
11459
5038
11454
17886
5033
5031
11450
17882
5029
11449
17881
5028
11448
5027
11444
17876
5023
5016
11435
17867
5014
5008
11427
17859
5006
17856
5003
11420
17852
4999
17851
4998
4992
11408
17840
4987
11407
4986
17833
4980
11400
17832
4979
11399
17831
4978
11398
17830
4977
11396
17828
4975
11393
17825
4972
11392
17824
4971
11390
17822
4969
11389
4968
17814
4961
17810
4957
11375
17807
4954
11374
17806
4953
11373
17805
4952
11372
17804
4951
11371
4950
11368
17800
4947
11366
17798
4945
11365
17797
4944
11364
17796
4943
11362
17794
4941
4940
4939
4938
11357
17789
4936
11352
4931
11349
4928
17779
4926
4924
11343
17775
4922
17773
4920
11337
4916
17766
4913
11329
4908
11326
17758
4905
11322
17754
4901
11321
17753
4900
11318
4897
11313
17745
4892
17743
4890
11309
4888
11308
4887
11307
17739
4886
11306
17738
4885
17737
4884
11304
17736
4883
11303
17735
4882
17732
4879
4875
11294
17726
4873
11293
17725
4872
11291
17723
4870
11290
4869
11288
17720
4867
11286
17718
4865
11284
4863
11281
4860
11278
17710
4857
11277
17709
4856
11275
17707
4854
11268
17700
4847
11266
17698
4845
11265
17697
4844
17694
4841
11261
4840
11260
17692
4839
17691
4838
11256
17688
4835
17684
4831
11251
17683
4830
11250
17682
4829
11247
17679
4826
11246
4825
11244
4823
11242
17674
4821
11241
4820
11240
17672
4819
11239
4818
11236
17668
4815
11233
17665
4812
11231
17663
4810
11230
17662
4809
11228
17660
4807
11227
4806
11226
17658
4805
11224
4803
11221
17653
4800
11220
4799
4798
11218
17650
4797
11217
17649
4796
11216
4795
11212
4791
11211
17643
4790
11208
4787
4785
11205
4784
11203
17635
4782
11202
4781
17632
4779
11199
17631
4778
11198
4777
11197
17629
4776
11196
17628
4775
11195
17627
4774
11194
17626
4773
11191
17623
4770
11189
17621
4768
17620
4767
11187
17619
4766
11186
17618
4765
17617
4764
11181
4760
17611
4758
11178
4757
17606
4753
11172
4751
17602
4749
11168
4747
17599
4746
11165
17597
4744
11163
17595
4742
11162
17594
4741
17591
4738
11157
17589
4736
11154
17586
4733
11152
17584
4731
11151
4730
11150
17582
4729
11149
4728
11145
4724
11141
17573
4720
11138
17570
4717
11136
17568
4715
11135
17567
4714
17566
4713
11133
17565
4712
17563
4710
11130
17562
4709
11127
4706
11125
17557
4704
17554
4701
11118
17550
4697
11117
17549
4696
4694
11114
4693
11113
4692
11107
4686
11106
17538
4685
11104
17536
4683
11103
17535
4682
11097
17529
4676
4675
4672
11092
17524
4671
4667
11087
17519
4666
17517
4664
17516
4663
4662
11082
17514
4661
11081
17513
4660
11079
4658
11078
4657
11077
17509
4656
11076
17508
4655
11074
17506
4653
17504
4651
17502
4649
11069
17501
4648
11065
17497
4644
11064
17496
4643
11063
4642
4641
11061
17493
4640
11059
17491
4638
17481
4628
11041
17473
4620
11040
17472
4619
4618
17470
4617
11037
4616
11029
4608
11024
17456
4603
11017
17449
4596
11010
4589
4587
7804
1383
11007
4586
4584
10991
4570
10988
17420
4567
10987
17419
4566
10984
4563
10979
4558
10978
17410
4557
17409
4556
17408
4555
10975
4554
10974
17406
4553
10972
17404
4551
10968
17400
4547
10965
17397
4544
10963
17395
4542
17394
4541
10959
4538
10958
17390
4537
10955
17387
4534
4533
10952
17384
4531
10951
17383
4530
10944
17376
4523
17375
4522
10939
4518
17363
4510
17360
4507
10927
17359
4506
10921
17353
4500
10919
17351
4498
10916
17348
4495
10915
17347
4494
10908
17340
4487
10905
17337
4484
10902
17334
4481
10901
4480
10889
4468
17319
4466
10880
17312
4459
7676
1255
10879
4458
17310
4457
10876
17308
4455
10874
17306
4453
17299
4446
10864
17296
4443
10862
17294
4441
17293
4440
17284
4431
7642
14074
1221
17277
4424
10843
17275
4422
10841
17273
4420
10840
17272
4419
10839
17271
4418
4417
10831
17263
4410
10830
4409
10824
4403
10822
17254
4401
10820
17252
4399
17251
4398
4394
17244
4391
10810
17242
4389
10807
17239
4386
17235
4382
10797
4376
10793
17225
4372
17222
4369
10785
4364
10784
17216
4363
17215
4362
4361
17212
4359
10779
17211
4358
10778
17210
4357
4356
10776
4355
17202
4349
17199
4346
4344
10762
17194
4341
17193
4340
10756
4335
10755
4334
10749
17181
4328
10724
4303
10722
4301
17152
4299
10713
4292
17144
4291
10711
17143
4290
10710
4289
10707
17139
4286
10705
4284
10701
17133
4280
10697
17129
4276
4274
10687
17119
4266
10685
17117
4264
10681
4260
10673
17105
4252
10671
17103
4250
10668
17100
4247
10667
17099
4246
4245
10663
17095
4242
10662
4241
4240
10660
17092
4239
4233
4226
10646
17078
4225
10644
4223
10641
17073
4220
10638
4217
17064
4211
10630
4209
10624
4203
10623
17055
4202
4198
10612
17044
4191
4188
10606
4185
10604
17036
4183
4180
10599
17031
4178
10597
4176
10593
17025
4172
10592
17024
4171
17021
4168
10586
17018
4165
10583
17015
4162
17013
4160
10580
17012
4159
4158
17006
4153
4150
10570
17002
4149
17000
4147
16993
4140
4138
10551
4130
16982
4129
10549
16981
4128
16980
4127
16977
4124
10542
4121
13768
915
10539
16971
4118
20187
7334
13766
913
10537
16969
4116
10536
16968
4115
10535
4114
10531
16963
4110
10527
4106
16957
4104
10522
16954
4101
16952
4099
10515
16947
4094
10510
16942
4089
16939
4086
10505
4084
10504
16936
4083
10497
16929
4076
10492
16924
4071
10489
4068
16919
4066
10486
4065
10484
16916
4063
10481
16913
4060
10480
16912
4059
16910
4057
16907
4054
10474
4053
16905
4052
10471
4050
10470
16902
4049
10466
16898
4045
10463
4042
4038
10458
4037
10456
4035
10449
16881
4028
10446
16878
4025
10437
4016
16868
4015
10428
4007
16855
4002
16854
4001
16852
3999
10419
16851
3998
10416
16848
3995
10414
16846
3993
10411
3990
10404
3983
16833
3980
10390
16822
3969
16818
3965
16815
3962
10381
16813
3960
16808
3955
20000
7147
16797
3944
19998
7145
10363
3942
10356
16788
3935
715
19989
7136
10354
16786
3933
19986
7133
16783
3930
7132
3929
10349
16781
3928
19982
7129
10347
16779
3926
19980
7127
10345
3924
7125
3922
19973
7120
10338
3917
7119
3916
19971
7118
10336
16768
3915
10331
16763
3910
19964
7111
16761
3908
19962
7109
10327
16759
3906
19949
7096
10314
16746
3893
19948
7095
3892
7090
10308
16740
3887
19942
7089
10307
16739
3886
10305
16737
3884
7076
16726
3873
7074
10292
3871
16723
3870
19922
7069
10287
16719
3866
10283
3862
3861
19914
7061
10279
16711
3858
19911
7058
16708
3855
10274
16706
3853
10272
3851
19906
7053
10271
16703
3850
7052
10270
16702
3849
7050
3847
19902
7049
10267
16699
3846
10264
16696
3843
10262
16694
3841
10261
16693
3840
19892
7039
10257
16689
3836
16688
3835
10251
3830
7029
10247
16679
3826
16675
3822
7023
3820
7018
10236
3815
19869
7016
10234
3813
19866
7013
16663
3810
16660
3807
19861
7008
10226
16658
3805
3803
16654
3801
10219
16651
3798
6999
16649
3796
10216
3795
13438
585
16641
3788
19842
6989
16639
3786
6988
10206
3785
19838
6985
16635
3782
6977
16627
3774
6976
10194
3773
10192
3771
19823
6970
10188
16620
3767
6968
16618
3765
6967
10185
16617
3764
10183
3762
19804
6951
16601
3748
19801
6948
10166
16598
3745
3743
19789
6936
10154
16586
3733
10151
16583
3730
10148
3727
6926
10144
3723
19776
6923
10141
16573
3720
19775
6922
10140
16572
3719
19773
6920
16570
3717
3713
10123
16555
3702
10121
16553
3700
6900
16550
3697
6896
3693
10113
16545
3692
6893
3690
16541
3688
16540
3687
16538
3685
6887
3684
19739
6886
10104
3683
6884
10102
16534
3681
19735
6882
16532
3679
6881
10099
3678
16530
3677
19732
6879
10097
16529
3676
10095
16527
3674
6874
10092
16524
3671
19723
6870
10088
16520
3667
19721
6868
3665
10085
16517
3664
6863
10081
16513
3660
19707
6854
10072
16504
3651
6852
13299
446
10070
16502
3649
6841
10059
16491
3638
19692
6839
10057
3636
19688
6835
10053
16485
3632
409
19683
6830
10048
16480
3627
19682
6829
3626
6828
10046
3625
19680
6827
10045
16477
3624
19679
6826
10044
16476
3623
6823
10041
16473
3620
19672
6819
10037
3616
10036
16468
3615
19666
6813
10031
3610
6811
10029
16461
3608
19663
6810
10028
3607
10021
3600
19655
6802
10020
16452
3599
19653
6800
10018
16450
3597
19651
6798
10016
16448
3595
19649
6796
10014
3593
10013
16445
3592
19646
6793
16443
3590
13222
369
19643
6790
10008
16440
3587
10006
16438
3585
19640
6787
10005
16437
3584
13218
365
19639
6786
10004
3583
19637
6784
10002
16434
3581
9998
16430
3577
19631
6778
9996
16428
3575
9993
16425
3572
19626
6773
9991
16423
3570
19624
6771
9989
16421
3568
19621
6768
9986
16418
3565
9983
3562
19614
6761
9979
16411
3558
19613
6760
9978
16410
3557
19604
6751
9969
16401
3548
9962
16394
3541
19591
6738
3535
19589
6736
9954
16386
3533
3531
19583
6730
9948
16380
3527
6728
9946
16378
3525
6726
16376
3523
6723
3520
19574
6721
9939
16371
3518
19571
6718
9936
16368
3515
9934
3513
6711
9929
16361
3508
19563
6710
9928
3507
9926
16358
3505
6707
16357
3504
16355
3502
19554
6701
9919
16351
3498
6699
9917
3496
16344
3491
19545
6692
9910
3489
6691
9909
3488
19543
6690
9908
16340
3487
19539
6686
9904
3483
9900
3479
9899
16331
3478
6662
9880
16312
3459
19512
6659
9877
3456
9871
16303
3450
19503
6650
16300
3447
9864
16296
3443
16295
3442
6643
9861
16293
3440
6642
9860
16292
3439
9853
16285
3432
9852
16284
3431
19484
6631
9849
16281
3428
19482
6629
9847
16279
3426
6628
16278
3425
19477
6624
9842
16274
3421
19476
6623
9841
16273
3420
6620
16270
3417
19471
6618
9836
16268
3415
19467
6614
16264
3411
19466
6613
9831
16263
3410
9825
16257
3404
19459
6606
9824
16256
3403
6605
9823
3402
19457
6604
9822
16254
3401
6595
16245
3392
19447
6594
9812
3391
19445
6592
9810
16242
3389
6589
9807
16239
3386
19435
6582
176
3379
6579
9797
16229
3376
19430
6577
16227
3374
19428
6575
16225
3372
9789
16221
3368
19423
6570
9788
3367
6569
9787
16219
3366
19419
6566
9784
16216
3363
6565
9783
16215
3362
19416
6563
9781
3360
9780
16212
3359
9777
16209
3356
6557
9775
16207
3354
19407
6554
16204
3351
6551
9769
16201
3348
3347
6549
9767
16199
3346
3345
9765
16197
3344
19395
6542
16192
3339
6538
16188
3335
19390
6537
9755
3334
19386
6533
12980
127
9751
16183
3330
9750
16182
3329
9749
16181
3328
9746
3325
19379
6526
9744
3323
19373
6520
16170
3317
9737
16169
3316
9732
16164
3311
6513
3310
9729
16161
3308
19363
6510
3307
3305
19358
6505
9723
16155
3302
19350
6497
16147
3294
9713
16145
3292
19344
6491
9709
16141
3288
17742
4889
1686
19339
6486
16136
3283
9703
3282
19332
6479
16129
3276
11301
17733
4880
8098
14530
1677
16127
3274
6469
9687
16119
3266
9680
16112
3259
19313
6460
9678
16110
3257
6457
9675
3254
19303
6450
3247
19294
6441
9659
16091
3238
19291
6438
16088
3235
6433
16083
3230
9649
3228
19281
6428
16078
3225
9645
3224
17675
4822
14472
1619
9637
16069
3216
8031
14463
1610
6410
3207
4808
8026
14458
1605
19258
6405
9623
16055
3202
17657
4804
14454
1601
9619
3198
19249
6396
9614
16046
3193
6384
9602
16034
3181
6374
9592
3171
9590
16022
3169
6371
9589
16021
3168
19219
6366
9584
16016
3163
9579
16011
3158
9576
3155
19205
6352
16002
3149
6347
9565
15997
3144
19199
6346
3143
9561
3140
19189
6336
15986
3133
6333
15983
3130
3129
19178
6325
9543
15975
3122
19174
6321
3118
20794
7941
1520
9538
15970
3117
19165
6312
9530
15962
3109
9529
15961
3108
19157
6304
9522
15954
3101
9521
15953
3100
7917
14349
1496
19149
6296
9514
15946
3093
15940
3087
19142
6289
15939
3086
9505
15937
3084
11100
17532
4679
14329
1476
6276
15926
3073
19127
6274
15924
3071
14323
1470
9488
15920
3067
9479
15911
3058
9478
15910
3057
6258
9476
15908
3055
9474
15906
3053
9473
15905
3052
15904
3051
19106
6253
3050
19105
6252
3049
19103
6250
9468
15900
3047
3046
17490
4637
9461
3040
6238
9456
3035
11051
17483
4630
9454
3033
11048
17480
4627
6233
9451
3030
14274
1421
17477
4624
19083
6230
9448
15880
3027
11043
17475
4622
19081
6228
9446
3025
19073
6220
9438
3017
11031
17463
4610
19069
6216
15866
3013
9431
15863
3010
11025
4604
19063
6210
15860
3007
17455
4602
19061
6208
9426
15858
3005
11021
17453
4600
9424
15856
3003
17451
4598
19057
6204
9422
15854
3001
2996
9409
15841
2988
11004
4583
19042
6189
9407
15839
2986
17431
4578
9402
15834
2981
10992
17424
4571
6177
15827
2974
6174
9392
15824
2971
17418
4565
9389
15821
2968
10985
17417
4564
9388
15820
2967
10981
17413
4560
9384
2963
10980
17412
4559
19018
6165
9383
15815
2962
9369
15801
2948
6146
15796
2943
10948
17380
4527
9351
2930
18985
6132
9350
15782
2929
18983
6130
9348
15780
2927
18979
6126
9344
15776
2923
18976
6123
9341
15773
2920
2917
18972
6119
9337
15769
2916
6114
15764
2911
10926
17358
4505
18964
6111
15761
2908
17357
4504
9328
15760
2907
18962
6109
15759
2906
10922
17354
4501
6107
9325
15757
2904
15753
2900
18952
6099
9317
2896
17344
4491
9315
2894
10911
17343
4490
15746
2893
10910
4489
18948
6095
9313
15745
2892
10906
17338
4485
18944
6091
9309
15741
2888
17336
4483
18942
6089
9307
2886
4482
18941
6088
9306
15738
2885
10899
17331
4478
2881
4476
18935
6082
9300
2879
10896
17328
4475
6081
15731
2878
10894
17326
4473
6079
2876
9295
2874
17322
4469
18928
6075
15725
2872
10883
17315
4462
9286
2865
10882
4461
18920
6067
9285
2864
17305
4452
18911
6058
2855
17301
4448
18907
6054
9272
15704
2851
18903
6050
9268
15700
2847
10863
4442
2845
18895
6042
9260
15692
2839
18894
6041
15691
2838
4433
18892
6039
15689
2836
10853
17285
4432
15688
2835
18888
6035
9253
15685
2832
17278
4425
9249
15681
2828
15679
2826
18875
6022
9240
15672
2819
18872
6019
9237
15669
2816
15664
2811
17260
4407
2810
10825
17257
4404
9228
2807
10814
4393
9217
2796
10813
17245
4392
18851
5998
2795
10811
17243
4390
18849
5996
9214
15646
2793
10808
4387
5993
9211
15643
2790
10802
17234
4381
15637
2784
18839
5986
9204
2783
10795
17227
4374
18833
5980
9198
15630
2777
18832
5979
9197
15629
2776
10788
17220
4367
18826
5973
9191
2770
10775
4354
9178
15610
2757
18802
5949
9167
2746
17191
4338
18797
5944
15594
2741
10758
4337
18796
5943
15593
2740
18795
5942
9160
15592
2739
4333
5939
15589
2736
10753
4332
9156
15588
2735
10751
4330
15586
2733
17177
4324
18783
5930
15580
2727
10743
17175
4322
18781
5928
15578
2725
10741
17173
4320
18779
5926
15576
2723
10738
17170
4317
2720
10736
17168
4315
18774
5921
9139
15571
2718
10733
17165
4312
18771
5918
9136
15568
2715
10732
17164
4311
9135
2714
5914
9132
2711
10728
17160
4307
5913
15563
2710
17158
4305
9129
15561
2708
9119
2698
17146
4293
5899
9117
15549
2696
10706
17138
4285
5891
9109
15541
2688
10702
17134
4281
9105
15537
2684
18734
5881
9099
15531
2678
18732
5879
9097
15529
2676
10690
17122
4269
15525
2672
10686
17118
4265
9089
15521
2668
18722
5869
9087
15519
2666
10683
4262
15518
2665
18715
5862
9080
15512
2659
10674
17106
4253
2656
10665
17097
4244
18703
5850
2647
17096
4243
9067
15499
2646
18696
5843
15493
2640
5841
9059
15491
2638
9056
15488
2635
5837
2634
10651
4230
18689
5836
15486
2633
10649
17081
4228
9052
15484
2631
2627
10642
4221
9045
15477
2624
10640
17072
4219
9043
15475
2622
18677
5824
15474
2621
9037
15469
2616
17065
4212
5818
15468
2615
10626
17058
4205
18664
5811
15461
2608
5810
15460
2607
5807
15457
2604
18659
5806
2603
18658
5805
2602
15453
2600
5800
9018
15450
2597
10614
17046
4193
18652
5799
9017
15449
2596
15448
2595
10611
4190
9014
2593
5795
9013
15445
2592
10603
17035
4182
18641
5788
9006
15438
2585
10596
17028
4175
15431
2578
17022
4169
18628
5775
8993
2572
10587
17019
4166
8990
15422
2569
10584
17016
4163
15419
2566
20228
7375
954
10578
17010
4157
18616
5763
2560
8980
15412
2559
5758
8976
15408
2555
5757
15407
2554
10567
16999
4146
8970
15402
2549
10565
16997
4144
18603
5750
15400
2547
10564
16996
4143
5749
8967
15399
2546
4136
5742
8960
15392
2539
16988
4135
18594
5741
8959
15391
2538
10555
16987
4134
18593
5740
8958
15390
2537
18591
5738
8956
2535
16984
4131
2534
10547
16979
4126
18585
5732
15382
2529
16978
4125
18584
5731
8949
15381
2528
10544
4123
18582
5729
8947
15379
2526
10541
4120
8944
15376
2523
10540
16972
4119
15375
2522
15361
2508
19352
6499
9717
16149
3296
8120
14552
1699
18552
5699
8917
2496
8909
15341
2488
19334
6481
9699
16131
3278
10499
16931
4078
18537
5684
15334
2481
10496
16928
4075
18534
5681
8899
15331
2478
12908
55
19329
6476
3273
18532
5679
8897
15329
2476
16117
3264
18523
5670
8888
15320
2467
9682
16114
3261
18520
5667
8885
15317
2464
16901
4048
8872
15304
2451
8068
14500
1647
12879
26
19300
6447
9665
16097
3244
5650
8868
2447
19289
6436
9654
16086
3233
18492
5639
8857
15289
2436
10453
4032
2435
6432
9650
16082
3229
8853
15285
2432
19282
6429
9647
16079
3226
11253
17685
4832
20903
8050
14482
1629
10444
4023
18482
5629
15279
2426
17681
4828
20899
8046
1625
9643
3222
10443
16875
4022
18481
5628
8846
15278
2425
19277
6424
9642
16074
3221
20092
7239
13671
818
10442
16874
4021
8845
2424
8842
2421
19273
6420
16070
3217
16870
4017
18476
5623
8841
2420
10434
4013
5619
8837
2416
19267
6414
9632
3211
10432
4011
18470
5617
15267
2414
11235
17667
4814
20885
8032
14464
1611
19264
6411
16061
3208
16861
4008
5614
8832
15264
2411
16857
4004
8828
15260
2407
16853
4000
15256
2403
8821
15253
2400
18448
5595
15245
2392
6391
9609
16041
3188
5594
8812
2391
9606
16038
3185
16838
3985
18444
5591
15241
2388
3184
10405
16837
3984
8808
15240
2387
17641
4788
20859
8006
1585
6385
3182
8806
2385
16831
3978
20058
7205
13637
784
18437
5584
15234
2381
9595
3174
16827
3974
8798
2377
16825
3972
18431
5578
8796
15228
2375
19226
6373
9591
16023
3170
16823
3970
8794
15226
2373
16020
3167
18426
5573
8791
15223
2370
5572
15222
2369
3159
10380
16812
3959
18418
5565
2362
18415
5562
8780
15212
2359
10359
3938
18397
5544
15194
2341
19193
6340
9558
15990
3137
8761
2340
19188
6335
9553
3132
2335
6328
9546
15978
3125
11155
4734
14384
1531
7128
10346
16778
3925
15181
2328
9544
15976
3123
18382
5529
8747
15179
2326
15974
3121
15177
2324
7123
10341
3920
8744
15176
2323
19168
6315
9533
3112
20792
7939
1518
18371
5518
8736
15168
2315
6307
15957
3104
10325
3904
18363
5510
8728
2307
10323
16755
3902
18361
5508
8726
15158
2305
10320
3899
18358
5505
8723
15155
2302
19154
6301
9519
15951
3098
5504
8722
2301
5501
8719
15151
2298
15141
2288
6286
9504
15936
3083
10304
16736
3883
5489
8707
15139
2286
6284
9502
15934
3081
10302
16734
3881
8705
2284
19936
7083
16733
3880
5486
8704
15136
2283
8702
15134
2281
19132
6279
9497
15929
3076
19932
7079
10297
16729
3876
5482
8700
15132
2279
9496
3075
7078
10296
3875
18334
5481
8699
15131
2278
19121
6268
9486
15918
3065
7068
10286
16718
3865
8689
15121
2268
7888
14320
1467
3064
5470
8688
15120
2267
9484
15916
3063
18322
5469
8687
2266
6259
9477
15909
3056
19912
7059
16709
3856
8680
15112
2259
19901
7048
10266
3845
5451
2248
5450
15100
2247
11060
4639
19098
6245
9463
15895
3042
19898
7045
16695
3842
8666
2245
11057
17489
4636
11066
17498
4645
14295
1442
19095
6242
9460
15892
3039
7042
10260
16692
3839
5445
8663
2242
11056
17488
4635
3038
19894
7041
10259
3838
18297
5444
8662
15094
2241
19093
6240
9458
15890
3037
18296
5443
2240
11052
17484
4631
19090
6237
9455
15887
3034
18293
5440
8658
15090
2237
19088
6235
9453
15885
3032
19888
7035
10253
16685
3832
18291
5438
8656
15088
2235
10252
16684
3831
18290
5437
8655
15087
2234
11046
17478
4625
9449
15881
3028
7031
3828
18287
5434
8652
15084
2231
19080
6227
9445
15877
3024
5430
8648
2227
7024
10242
3821
8645
15077
2224
2222
9439
15871
3018
7021
10239
3818
11845
5424
8642
15074
2221
17464
4611
15867
3014
19870
7017
10235
16667
3814
11841
18273
5420
8638
15070
2217
11026
17458
4605
19064
6211
9429
3008
7011
16661
3808
11835
18267
5414
8632
15064
2211
19860
7007
16657
3804
11831
5410
8628
2207
11020
17452
4599
6205
9423
15855
3002
19858
7005
10223
3802
8626
15058
2205
11018
17450
4597
19056
6203
9421
15853
3000
19856
7003
10221
3800
11827
18259
5406
8624
15056
2203
18256
5403
8621
15053
2200
19848
6995
10213
3792
18251
5398
8616
15048
2195
10211
16643
3790
8614
2193
8613
15045
2192
3784
11811
18243
5390
8608
15040
2187
11001
17433
4580
6186
9404
15836
2983
11810
18242
5389
8607
15039
2186
6181
9399
2978
19834
6981
16631
3778
18237
5384
15034
2181
15830
2977
10198
16630
3777
18236
5383
8601
15033
2180
19032
6179
9397
15829
2976
19832
6979
10197
16629
3776
11803
5382
15032
2179
3775
11802
18234
5381
8599
15031
2178
19825
6972
16622
3769
8593
15025
2172
6969
10187
16619
3766
11793
18225
5372
8590
2169
18219
5366
2163
6962
16612
3759
8583
15015
2162
19813
6960
3757
15013
2160
10177
16609
3756
11783
5362
8580
15012
2159
19809
6956
10174
16606
3753
8577
15009
2156
17401
4548
15804
2951
6954
10172
16604
3751
8575
2154
19802
6949
10167
16599
3746
15002
2149
8565
14997
2144
8564
14996
2143
17388
4535
18994
6141
2938
5344
8562
2141
8560
14992
2139
11761
18193
5340
8558
2137
17382
4529
6135
9353
2932
10153
16585
3732
18191
5338
14988
2135
17374
4521
18980
6127
9345
2924
19780
6927
6942
13374
521
10145
16577
3724
11751
18183
5330
8548
14980
2127
10940
17372
4519
9343
15775
2922
19778
6925
10143
16575
3722
11749
18181
5328
14978
2125
10532
16964
4111
15367
2514
6917
16567
3714
11741
5320
8538
2117
10523
16955
4102
18561
5708
8926
2505
18961
6108
9326
15758
2905
11732
18164
5311
8529
14961
2108
16949
4096
18555
5702
15352
2499
10917
17349
4496
6102
15752
2899
5305
2102
10909
17341
4488
18947
6094
9312
15744
2891
8515
14947
2094
10500
16932
4079
5685
8903
15335
2482
6885
10103
3682
18141
5288
8506
2085
8099
14531
1678
16925
4072
5678
15328
2475
10893
17325
4472
9296
15728
2875
14931
2078
19326
6473
3270
10491
16923
4070
15326
2473
14929
2076
9688
16120
3267
10488
4067
18526
5673
2470
10888
4467
18926
6073
9291
15723
2870
10091
16523
3670
5276
14926
2073
10884
17316
4463
9287
15719
2866
3666
8490
2069
19718
6865
16515
3662
5268
2065
11285
17717
4864
8082
14514
1661
19314
6461
9679
16111
3258
16911
4058
18517
5664
15314
2461
8485
14917
2064
6859
10077
16509
3656
2059
16904
4051
18510
5657
8875
15307
2454
10872
4451
6057
15707
2854
10075
16507
3654
8478
14910
2057
14509
1656
16106
3253
9677
16109
3256
11283
17715
4862
8080
14512
1659
10871
17303
4450
9274
2853
19709
6856
10074
16506
3653
11680
18112
5259
14909
2056
19297
6444
9662
16094
3241
5647
2444
19700
6847
10065
16497
3644
11671
18103
5250
14900
2047
16893
4040
18499
5646
8864
15296
2443
5249
8467
14899
2046
19298
6445
9663
3242
11269
4848
8066
14498
1645
10460
16892
4039
5645
15295
2442
1648
6045
15695
2842
18101
5248
8466
2045
19290
6437
3234
4034
5640
8858
2437
10464
16896
4043
5649
8867
15299
2446
9670
16102
3249
9258
15690
2837
14896
2043
8461
2040
8855
15287
2434
19690
6837
3634
11661
18093
5240
14890
2037
17281
4428
15684
2831
19687
6834
10052
16484
3631
11658
18090
5237
14887
2034
10447
16879
4026
18485
5632
15282
2429
18885
6032
15682
2829
2032
20501
7648
14080
1227
8442
2021
17267
4414
6020
9238
15670
2817
3617
14873
2020
6413
9631
16063
3210
18469
5616
8834
15266
2413
10034
16466
3613
14869
2016
15261
2408
19661
6808
16458
3605
11632
18064
5211
14861
2008
11631
18063
5210
14860
2007
10818
4397
9221
15653
2800
19659
6806
10024
16456
3603
6797
10015
16447
3594
8418
14850
1997
10804
17236
4383
18842
5989
9207
2786
11613
5192
8410
1989
19235
6382
16032
3179
8803
2382
10000
16432
3579
11606
18038
5185
8403
14835
1982
19231
6378
9596
16028
3175
10396
16828
3975
5581
15231
2378
10796
17228
4375
5981
9199
15631
2778
6781
9999
16431
3578
5184
8402
14834
1981
19622
6769
9987
16419
3566
14822
1969
9582
3161
16814
3961
18420
5567
8785
15217
2364
19620
6767
3564
1967
11590
18022
5169
8387
14819
1966
14816
1963
11180
17612
4759
14409
1556
19209
6356
9574
3153
11183
17615
4762
20833
7980
14412
1559
16806
3953
5559
8777
15209
2356
19612
6759
9977
16409
3556
8380
14812
1959
19206
6353
9571
16003
3150
10371
3950
5556
15206
2353
11580
5159
8377
1956
19204
6351
9569
3148
7151
10369
16801
3948
8772
15204
2351
10769
4348
18807
5954
15604
2751
1954
19601
6748
16398
3545
8369
1948
9567
15999
3146
18405
5552
15202
2349
10370
16802
3949
20029
7176
755
19599
6746
16396
3543
11570
18002
5149
8367
1946
19593
6740
9958
3537
8361
14793
1940
10750
17182
4329
18788
5935
15585
2732
11559
17991
5138
8356
1935
18386
5533
8751
15183
2330
5933
9151
15583
2730
11557
5136
14786
1933
17179
4326
9150
15582
2729
8353
1932
6317
9535
15967
3114
19970
7117
16767
3914
18373
5520
8738
2317
10735
17167
4314
2717
9938
3517
11544
5123
8341
14773
1920
19959
7106
10324
16756
3903
5509
8727
15159
2306
17965
5112
8330
14762
1909
7112
10330
16762
3909
19974
7121
9924
16356
3503
5109
8327
14759
1906
10317
16749
3896
15152
2299
10717
17149
4296
18755
5902
2699
8323
14755
1902
18338
5485
15135
2282
19138
6285
9503
3082
1488
5885
15535
2682
5088
14738
1885
19130
6277
9495
15927
3074
19930
7077
10295
16727
3874
8698
15130
2277
11504
5083
14733
1880
15128
2275
10693
17125
4272
18731
5878
15528
2675
6678
9896
16328
3475
8299
14731
1878
15527
2674
14730
1877
10691
17123
4270
9094
15526
2673
8297
14729
1876
8294
1873
10477
16909
4056
8880
15312
2459
9280
15712
2859
19715
6862
3659
8483
14915
2062
6262
9480
15912
3059
18318
5465
8683
15115
2262
18718
5865
9083
15515
2662
8286
14718
1865
18913
6060
15710
2857
14913
2060
5863
9081
2660
9881
3460
17919
5066
14716
1863
9075
15507
2654
19510
6657
9875
16307
3454
11481
17913
5060
8278
14710
1857
10866
17298
4445
18904
6051
9269
2848
6851
10069
3648
8472
14904
2051
19104
6251
3048
19904
7051
10269
16701
3848
18307
5454
8672
15104
2251
10669
17101
4248
5854
2651
6654
9872
3451
17910
5057
1854
10859
4438
15694
2841
10062
16494
3641
11668
18100
5247
8465
14897
2044
19500
6647
9865
16297
3444
17903
5050
8268
14700
1847
18889
6036
9254
15686
2833
6836
10054
16486
3633
11660
18092
5239
8457
14889
2036
11054
17486
4633
19092
6239
3036
6639
16289
3436
8260
1839
10648
17080
4227
5833
9051
15483
2630
11457
5036
8254
14686
1833
11456
17888
5035
8253
14685
1832
17068
4215
18674
5821
9039
15471
2618
19474
6621
9839
16271
3418
11445
5024
1821
11441
5020
1817
16259
3406
11433
17865
5012
8230
14662
1809
10616
17048
4195
9019
15451
2598
19454
6601
9819
3398
17857
5004
8222
14654
1801
19444
6591
9809
16241
3388
1791
17224
4371
18830
5977
15627
2774
19630
6777
9995
16427
3574
18033
5180
14830
1977
8998
15430
2577
19433
6580
9798
3377
11404
4983
8201
1780
10990
17422
4569
9393
15825
2972
15028
2175
4981
8199
14631
1778
10385
16817
3964
5570
15220
2367
11594
5173
14823
1970
8991
2570
19426
6573
16223
3370
14626
1773
9572
16004
3151
16804
3951
18410
5557
8775
15207
2354
9175
2754
19610
6757
3554
11581
18013
5160
1957
17816
4963
8181
14613
1760
6334
15984
3131
14390
1537
19387
6534
9752
3331
11358
17790
4937
8155
1734
8542
14974
2121
19377
6524
9742
3321
8145
14577
1724
7097
16747
3894
18353
5500
8718
15150
2297
16350
3497
11524
17956
5103
8321
14753
1900
19771
6918
10136
3715
4909
14559
1706
5706
8924
15356
2503
10530
4109
19374
6521
12968
115
10518
16950
4097
18556
5703
8921
2500
11327
17759
4906
14556
1703
10513
16945
4092
18551
5698
8916
15348
2495
10116
16548
3695
11722
18154
5301
8519
2098
10516
4095
18554
5701
8919
2498
19354
6501
16151
3298
8122
14554
1701
11818
5397
15047
2194
9815
3394
17853
5000
8218
14650
1797
19147
6294
9512
15944
3091
14350
1497
19947
7094
10312
16744
3891
18350
5497
8715
2294
11521
5100
14750
1897
9718
16150
3297
11324
4903
8121
14553
1700
17752
4899
8117
14549
1696
10511
16943
4090
18549
5696
15346
2493
18646
5793
9011
2590
9811
3390
11417
17849
4996
8214
1793
18746
5893
9111
15543
2690
19546
6693
9911
16343
3490
17949
5096
1893
19346
6493
16143
3290
11317
17749
4896
8114
1693
6492
16142
3289
11316
17748
4895
8113
14545
1692
8692
15124
2271
16324
3471
8295
14727
1874
11298
17730
4877
8095
14527
1674
6474
9692
3271
19318
6465
9683
16115
3262
4062
18521
5668
8886
15318
2465
19321
6468
9686
3265
8092
14524
1671
15203
2350
10768
4347
5953
9171
15603
2750
19606
6753
16403
3550
5156
8374
14806
1953
11380
17812
4959
8177
14609
1756
19306
6453
9671
3250
5256
14906
2053
8277
14709
1856
19605
6752
9970
3549
8373
14805
1952
6555
16205
3352
8176
14608
1755
5058
8276
1855
14508
1655
19308
6455
3252
8079
14511
1658
10467
4046
18505
5652
8870
2449
10957
17389
4536
18995
6142
9360
15792
2939
10160
16592
3739
14995
2142
5745
15395
2542
11369
17801
4948
8166
14598
1745
19292
6439
9657
16089
3236
18495
5642
8860
15292
2439
6423
9641
16073
3220
4020
18479
5626
8844
2423
11143
17575
4722
7940
14372
1519
15169
2316
6322
9540
15972
3119
14375
1522
17166
4313
18772
5919
9137
15569
2716
19572
6719
9937
16369
3516
8340
14772
1919
11346
4925
8143
14575
1722
11034
17466
4613
19072
6219
9437
15869
3016
18275
5422
15072
2219
10637
4216
5822
9040
2619
9840
3419
17878
5025
1822
10730
4309
15565
2712
6715
16365
3512
11539
5118
8336
14768
1915
16965
4112
15368
2515
8139
14571
1718
6418
3215
17677
4824
14474
1621
18655
5802
9020
15452
2599
6602
16252
3399
8223
14655
1802
18736
5883
15533
2680
14736
1883
3277
10498
16930
4077
15333
2480
18139
5286
8504
14936
2083
5583
8801
2380
10798
17230
4377
9201
2780
19636
6783
16433
3580
14836
1983
18239
5386
15036
2183
6586
16236
3383
17842
4989
8207
14639
1786
11213
4792
14442
1589
15389
2536
14592
1739
11769
18201
5348
8566
14998
2145
10566
16998
4145
8969
15401
2548
6339
15989
3136
18395
5542
8760
15192
2339
8763
15195
2342
7966
14398
1545
17184
4331
18790
5937
9155
15587
2734
11561
17993
5140
8358
14790
1937
19975
7122
16772
3919
8743
2322
17172
4319
2722
11549
17981
5128
8346
14778
1925
6314
15964
3111
5517
15167
2314
14569
1716
16454
3601
11628
18060
5207
8425
2004
6310
15960
3107
10328
3907
18366
5513
15163
2310
19166
6313
9531
15963
3110
11140
17572
4719
7937
14369
1516
18640
5787
9005
15437
2584
11411
4990
1787
9702
3281
5687
8905
15337
2484
19340
6487
9705
16137
3284
11314
4893
8111
14543
1690
7896
14328
1475
11629
18061
5208
8426
2005
5558
8776
15208
2355
6758
9976
16408
3555
11582
5161
8379
14811
1958
10973
17405
4552
9376
15808
2955
11782
18214
5361
8579
15011
2158
9779
3358
11385
17817
4964
8182
14614
1761
8879
15311
2458
16511
3658
8482
14914
2061
19117
6264
9482
3061
18717
5864
9082
15514
2661
19517
6664
9882
16314
3461
11488
17920
5067
8285
14717
1864
19603
6750
9968
16400
3547
11574
5153
8371
14803
1950
11774
5353
8571
15003
2150
9771
16203
3350
11377
17809
4956
8174
14606
1753
9627
16059
3206
4006
8830
15262
2409
10827
17259
4406
15662
2809
14865
2012
11027
4606
19065
6212
9430
15862
3009
11836
5415
15065
2212
9833
16265
3412
11439
5018
8236
14668
1815
17462
4609
19068
6215
9433
15865
3012
10233
16665
3812
11839
18271
5418
2215
6218
9436
15868
3015
18924
6071
15721
2868
6871
16521
3668
11695
5274
14924
2071
18827
5974
9192
15624
2771
19627
6774
16424
3571
8395
14827
1974
11788
18220
5367
8585
15017
2164
18620
5767
8985
2564
16217
3364
14620
1767
11609
18041
5188
14838
1985
10858
17290
4437
15693
2840
10870
17302
4449
19144
6291
3088
10309
16741
3888
8712
15144
2291
5212
8430
2009
19265
6412
16062
3209
10433
4012
19153
6300
9518
15950
3097
8721
15153
2300
4297
18756
5903
9121
15553
2700
9921
3500
11527
17959
5106
8324
1903
17059
4206
15462
2609
11436
17868
5015
8233
1812
15668
2815
10836
4415
16080
3227
15283
2430
10848
17280
4427
18886
6033
9251
15683
2830
19686
6833
10051
16483
3630
2033
17914
5061
8279
14711
1858
3458
8282
14714
1861
10703
17135
4282
18741
5888
9106
15538
2685
19541
6688
9906
16338
3485
8309
1888
11725
18157
5304
8522
2101
9722
16154
3301
14557
1704
10739
17171
4318
18777
5924
2721
19577
6724
9942
16374
3521
11548
5127
8345
14777
1924
11351
17783
4930
8148
14580
1727
4339
2742
6745
9963
16395
3542
11569
18001
5148
14798
1945
11785
18217
5364
8582
15014
2161
2072
9690
16122
3269
11299
17731
4878
8096
14528
1675
