24860
24859
24857
24856
24853
24852
24851
24850
24849
24848
24847
24846
24845
24844
24843
24841
24840
24837
24836
24834
24833
24831
24830
24829
24828
24827
24826
24824
24822
24819
24818
24817
24816
24814
24810
24808
24807
24806
24804
24803
24800
24797
24796
24795
24793
24792
24791
24790
24789
24784
24780
24779
24778
24777
24776
24775
24774
24773
24772
24771
24770
24769
24766
24765
24764
24763
24761
24760
24759
24758
24756
24754
24753
24752
24751
24749
24748
24747
24745
24743
24742
24740
24739
24738
24737
24736
24735
24734
24733
24732
24731
24729
24728
24726
24724
24723
24722
24721
24720
24718
24717
24715
24714
24713
24710
24709
24705
24704
24703
24702
24700
24698
24697
24695
24694
24693
24692
24689
24686
24685
24684
24680
24676
24674
24673
24670
24669
24668
24662
24661
24660
24659
24657
24656
24655
24653
24652
24650
24649
24648
24647
24646
24645
24644
24643
24642
24640
24639
24638
24633
24631
24630
24628
24627
24626
24625
24624
24623
24621
24620
24619
24617
24616
24615
24614
24613
24610
24609
24608
24607
24606
24604
24601
24600
24599
24598
24596
24595
24593
24591
24590
24589
24587
24586
24585
24584
24583
24582
24581
24580
24578
24576
24575
24574
24573
24572
24571
24567
24566
24565
24564
24563
24562
24561
24560
24556
24555
24554
24552
24551
24550
24549
24547
24546
24545
24543
24542
24541
24539
24538
24535
24534
24532
24531
24530
24529
24528
24527
24526
24524
24523
24522
24520
24519
24517
24515
24514
24513
24512
24511
24509
24508
24506
24505
24504
24503
24501
24500
24499
24498
24497
24495
24494
24493
24492
24489
24488
24487
24486
24485
24482
24481
24476
24474
24473
24472
24469
24468
24466
24465
24463
24462
24460
24459
24458
24456
24454
24453
24451
24450
24449
24446
24445
24443
24442
24441
24440
24438
24437
24435
24432
24430
24428
24427
24426
24424
24422
24421
24419
24412
24411
24410
24409
24408
24407
24406
24404
24400
24399
24398
24397
24395
24394
24392
24391
24390
24388
24386
24382
24381
24380
24379
24378
24377
24376
24375
24372
24371
24370
24369
24367
24366
24365
24363
24362
24361
24360
24359
24356
24355
24352
24350
24349
24347
24346
24345
24341
24336
24335
24334
24333
24328
24327
24325
24321
24317
24316
24314
24313
24312
24311
24310
24309
24306
24303
24302
24301
24299
24298
24297
24296
24295
24293
24291
24288
24287
24283
24282
24281
24280
24279
24276
24275
24274
24271
24268
24267
24266
24265
24264
24261
24258
24257
24254
24249
24248
24247
24246
24243
24242
24241
24238
24237
24236
24235
24234
24233
24231
24230
24229
24228
24226
24224
24222
24221
24220
24218
24217
24216
24214
24212
24206
24205
24203
24201
24198
24196
24194
24193
24192
24191
24189
24188
24185
24184
24183
24182
24180
24179
24176
24175
24174
24173
24172
24171
24170
24169
24168
24166
24165
24164
24160
24159
24157
24156
24155
24154
24153
24152
24148
24146
24145
24144
24143
24142
24140
24139
24138
24137
24135
24133
24131
24129
24128
24127
24126
24124
24123
24122
24120
24119
24118
24117
24115
24114
24112
24110
24109
24108
24107
24106
24105
24102
24094
24093
24092
24091
24090
24086
24085
24084
24083
24082
24081
24077
24075
24073
24070
24069
24068
24066
24065
24062
24061
24060
24059
24058
24057
24055
24054
24053
24051
24050
24049
24048
24047
24046
24044
24043
24041
24040
24039
24038
24036
24035
24032
24031
24030
24029
24027
24026
24025
24019
24018
24017
24012
24011
24010
24008
24007
24006
24005
24004
24002
24001
24000
23998
23997
23996
23995
23993
23992
23991
23990
23989
23988
23986
23985
23983
23982
23981
23979
23978
23976
23975
23973
23972
23971
23970
23967
23966
23963
23960
23959
23958
23957
23956
23955
23954
23953
23952
23950
23949
23946
23944
23943
23942
23941
23940
23937
23935
23934
23933
23932
23931
23930
23928
23927
23924
23922
23921
23920
23918
23917
23916
23914
23909
23907
23906
23905
23902
23901
23899
23898
23897
23892
23891
23889
23888
23887
23885
23882
23880
23878
23876
23875
23874
23872
23870
23869
23868
23866
23865
23862
23861
23860
23859
23858
23856
23855
23854
23853
23852
23851
23850
23848
23847
23846
23845
23841
23840
23839
23838
23836
23835
23834
23830
23828
23827
23826
23825
23822
23821
23819
23817
23816
23815
23813
23812
23811
23807
23806
23805
23804
23803
23802
23801
23800
23799
23798
23797
23795
23793
23792
23790
23787
23784
23783
23782
23780
23779
23774
23773
23771
23769
23768
23767
23764
23763
23760
23759
23757
23756
23755
23753
23752
23751
23750
23749
23748
23745
23744
23742
23741
23739
23738
23737
23736
23734
23732
23731
23730
23729
23727
23726
23725
23724
23723
23720
23718
23717
23716
23715
23713
23712
23709
23706
23705
23704
23703
23702
23701
23698
23697
23696
23693
23692
23689
23688
23687
23686
23684
23683
23681
23679
23678
23677
23672
23671
23670
23669
23668
23667
23666
23665
23660
23658
23657
23656
23655
23654
23653
23651
23649
23646
23645
23644
23643
23642
23640
23639
23638
23636
23634
23633
23630
23629
23627
23626
23625
23623
23622
23621
23620
23619
23618
23617
23616
23615
23614
23612
23611
23610
23609
23607
23604
23603
23602
23601
23599
23595
23594
23593
23592
23587
23585
23584
23580
23576
23573
23567
23566
23565
23563
23561
23560
23558
23556
23555
23554
23553
23552
23551
23549
23548
23539
23538
23536
23535
23534
23533
23532
23531
23530
23528
23527
23526
23525
23524
23523
23522
23520
23519
23517
23516
23515
23514
23513
23512
23508
23507
23506
23504
23503
23502
23499
23498
23496
23495
23493
23492
23491
23489
23488
23487
23485
23484
23483
23482
23481
23479
23478
23477
23476
23475
23474
23473
23472
23471
23470
23469
23466
23459
23458
23457
23454
23453
23450
23449
23448
23447
23446
23445
23444
23443
23441
23440
23435
23433
23431
23427
23425
23424
23423
23422
23420
23419
23417
23416
23413
23412
23411
23410
23409
23408
23407
23403
23401
23400
23399
23397
23395
23393
23392
23389
23387
23384
23383
23381
23380
23379
23378
23377
23376
23372
23369
23366
23365
23363
23361
23360
23359
23358
23357
23356
23347
23344
23343
23342
23341
23340
23339
23337
23334
23333
23331
23330
23329
23328
23327
23326
23325
23324
23322
23318
23317
23315
23313
23312
23311
23308
23307
23306
23305
23304
23303
23302
23301
23297
23295
23294
23290
23288
23287
23286
23283
23279
23278
23276
23274
23272
23270
23266
23265
23263
23260
23256
23255
23254
23250
23249
23247
23245
23243
23242
23241
23239
23233
23231
23229
23227
23225
23224
23223
23222
23221
23220
23219
23217
23215
23209
23208
23207
23204
23202
23201
23200
23199
23196
23195
23191
23188
23187
23186
23185
23184
23182
23179
23178
23176
23175
23174
23173
23172
23171
23169
23167
23166
23162
23161
23159
23157
23155
23151
23150
23149
23148
23147
23146
23145
23144
23141
23140
23139
23136
23135
23134
23131
23129
23128
23127
23123
23122
23119
23118
23117
23114
23112
23111
23110
23109
23108
23107
23106
23105
23104
23103
23101
23100
23099
23098
23096
23093
23092
23091
23090
23089
23087
23086
23084
23083
23081
23079
23078
23076
23075
23073
23072
23070
23069
23068
23067
23066
23065
23064
23063
23062
23059
23056
23055
23054
23053
23052
23051
23050
23049
23048
23046
23045
23043
23042
23041
23037
23036
23035
23034
23033
23031
23030
23029
23028
23026
23025
23024
23023
23021
23020
23019
23015
23013
23012
23011
23006
23004
23003
23002
23001
23000
22999
22998
22997
22996
22995
22994
22993
22991
22988
22987
22986
22985
22984
22982
22981
22980
22977
22976
22975
22974
22972
22971
22969
22968
22967
22966
22962
22961
22959
22957
22956
22955
22953
22949
22948
22942
22940
22936
22935
22933
22931
22930
22929
22928
22927
22926
22925
22924
22923
22922
22921
22920
22919
22918
22916
22915
22914
22912
22909
22906
22905
22904
22903
22900
22897
22896
22895
22893
22890
22888
22886
22884
22882
22881
22879
22877
22876
22873
22872
22871
22869
22864
22863
22861
22859
22858
22855
22853
22852
22851
22850
22849
22848
22847
22844
22843
22842
22840
22839
22838
22837
22834
22833
22831
22830
22829
22828
22826
22825
22822
22820
22819
22815
22814
22812
22810
22807
22805
22804
22801
22800
22799
22798
22797
22795
22794
22788
22786
22783
22782
22781
22779
22778
22775
22774
22773
22772
22771
22769
22766
22765
22762
22761
22759
22757
22755
22754
22753
22752
22751
22750
22749
22748
22747
22746
22745
22744
22743
22742
22741
22740
22739
22738
22736
22735
22734
22732
22730
22729
22721
22718
22717
22716
22712
22711
22710
22709
22708
22704
22703
22702
22701
22699
22698
22693
22692
22691
22690
22689
22688
22687
22686
22684
22683
22682
22680
22679
22678
22676
22673
22672
22669
22668
22667
22665
22664
22663
22662
22659
22656
22654
22653
22652
22651
22650
22648
22645
22642
22641
22640
22637
22635
22634
22633
22632
22631
22630
22629
22628
22627
22626
22625
22621
22620
22619
22618
22617
22616
22615
22614
22613
22611
22610
22609
22607
22602
22600
22599
22598
22597
22591
22590
22589
22588
22586
22585
22583
22582
22581
22580
22579
22578
22577
22576
22575
22573
22572
22571
22570
22567
22566
22565
22564
22560
22559
22557
22556
22555
22553
22550
22549
22548
22546
22545
22544
22543
22542
22541
22540
22538
22537
22536
22535
22531
22530
22528
22526
22525
22523
22522
22521
22520
22518
22516
22514
22512
22507
22506
22505
22504
22503
22500
22499
22497
22495
22494
22493
22492
22490
22488
22487
22486
22484
22483
22482
22481
22480
22479
22478
22476
22475
22473
22471
22468
22465
22464
22463
22462
22461
22459
22458
22457
22456
22455
22454
22452
22449
22448
22447
22445
22437
22436
22434
22433
22431
22430
22429
22428
22427
22424
22421
22420
22416
22415
22414
22412
22408
22407
22406
22404
22403
22402
22401
22400
22396
22391
22389
22388
22387
22385
22384
22383
22381
22377
22375
22374
22372
22371
22370
22369
22367
22366
22363
22362
22361
22359
22358
22354
22353
22348
22344
22342
22340
22338
22337
22331
22329
22327
22326
22325
22322
22321
22320
22318
22316
22315
22314
22311
22310
22307
22301
22300
22298
22295
22294
22291
22289
22288
22287
22285
22284
22282
22281
22280
22279
22278
22277
22275
22269
22268
22267
22265
22263
22262
22259
22256
22249
22243
22242
22241
22239
22238
22237
22236
22234
22231
22230
22229
22228
22225
22222
22221
22220
22219
22218
22217
22216
22214
22212
22211
22210
22208
22206
22204
22202
22198
22195
22194
22191
22190
22189
22188
22185
22184
22183
22179
22178
22177
22176
22175
22174
22172
22171
22170
22167
22165
22164
22163
22162
22160
22159
22158
22157
22156
22155
22154
22153
22148
22146
22145
22144
22143
22141
22140
22139
22138
22137
22135
22133
22132
22130
22129
22128
22127
22126
22125
22124
22122
22121
22119
22118
22117
22116
22115
22114
22113
22110
22109
22108
22107
22105
22103
22102
22101
22099
22098
22097
22096
22095
22093
22092
22087
22084
22083
22081
22079
22077
22075
22074
22071
22069
22066
22065
22062
22061
22060
22059
22058
22057
22056
22053
22052
22048
22047
22046
22044
22042
22041
22039
22037
22036
22035
22034
22030
22029
22025
22018
22017
22015
22014
22013
22012
22010
22009
22006
22005
22004
22002
21998
21997
21996
21995
21994
21991
21988
21986
21984
21983
21981
21977
21976
21974
21973
21972
21971
21970
21969
21968
21966
21965
21964
21961
21960
21958
21957
21955
21952
21951
21949
21948
21947
21946
21943
21941
21940
21939
21938
21936
21931
21930
21928
21927
21925
21922
21921
21920
21918
21915
21914
21913
21912
21907
21906
21903
21900
21899
21898
21897
21895
21894
21892
21890
21889
21888
21885
21884
21883
21881
21880
21879
21878
21877
21876
21875
21874
21873
21871
21869
21866
21864
21862
21861
21860
21859
21856
21855
21854
21853
21850
21844
21843
21842
21841
21839
21837
21836
21835
21834
21832
21829
21827
21826
21825
21824
21822
21820
21819
21818
21816
21815
21812
21809
21808
21807
21806
21805
21802
21801
21800
21799
21798
21796
21795
21792
21785
21783
21780
21778
21776
21775
21774
21772
21771
21769
21765
21764
21763
21762
21761
21758
21757
21756
21755
21754
21752
21748
21747
21746
21743
21736
21735
21734
21733
21732
21730
21725
21722
21721
21719
21718
21717
21716
21715
21714
21712
21711
21709
21708
21706
21704
21703
21702
21699
21698
21697
21689
21688
21687
21686
21684
21682
21681
21680
21679
21674
21673
21672
21671
21666
21665
21660
21659
21658
21657
21656
21655
21653
21651
21650
21648
21646
21643
21641
21640
21638
21637
21634
21633
21632
21631
21629
21627
21626
21625
21624
21623
21622
21619
21618
21615
21614
21613
21612
21610
21609
21608
21606
21605
21602
21601
21598
21597
21596
21595
21594
21593
21592
21591
21590
21589
21588
21587
21585
21584
21583
21581
21580
21578
21577
21576
21575
21573
21571
21570
21569
21567
21565
21563
21562
21561
21560
21558
21557
21554
21551
21547
21544
21543
21541
21540
21538
21537
21536
21535
21534
21533
21532
21531
21530
21528
21526
21524
21523
21520
21518
21516
21512
21511
21510
21508
21507
21506
21505
21504
21502
21501
21499
21498
21495
21490
21488
21483
21481
21478
21477
21476
21475
21474
21473
21470
21468
21467
21466
21465
21464
21463
21461
21460
21455
21453
21451
21450
21449
21448
21447
21446
21444
21443
21441
21440
21439
21438
21437
21435
21434
21431
21430
21429
21428
21427
21424
21420
21418
21413
21412
21411
21409
21408
21406
21404
21403
21402
21401
21399
21397
21396
21394
21393
21391
21389
21385
21383
21380
21378
21377
21374
21373
21372
21370
21369
21368
21366
21365
21364
21362
21361
21360
21359
21358
21357
21356
21354
21351
21349
21348
21347
21346
21344
21342
21339
21337
21335
21333
21330
21327
21323
21322
21321
21320
21319
21318
21317
21315
21314
21311
21310
21305
21300
21299
21296
21293
21292
21291
21290
21287
21284
21282
21280
21279
21278
21277
21273
21272
21270
21268
21267
21264
21262
21261
21259
21257
21255
21254
21250
21249
21247
21246
21245
21244
21243
21241
21240
21237
21235
21234
21232
21231
21229
21226
21225
21224
21221
21220
21219
21218
21216
21215
21214
21213
21212
21209
21207
21205
21204
21203
21202
21200
21199
21198
21197
21196
21195
21194
21193
21192
21191
21189
21187
21185
21183
21181
21175
21173
21171
21164
21163
21161
21160
21156
21155
21154
21153
21152
21150
21149
21147
21146
21145
21144
21143
21142
21141
21140
21137
21136
21135
21133
21130
21129
21128
21127
21125
21124
21123
21122
21121
21120
21119
21115
21113
21108
21107
21106
21105
21101
21100
21099
21098
21095
21094
21092
21090
21089
21088
21087
21085
21084
21083
21082
21081
21079
21076
21075
21074
21073
21072
21071
21069
21067
21064
21063
21061
21060
21059
21056
21054
21053
21051
21050
21047
21045
21042
21041
21040
21039
21036
21035
21034
21033
21028
21026
21025
21024
21020
21019
21018
21017
21016
21015
21013
21011
21010
21005
21002
21001
21000
20998
20997
20996
20994
20992
20989
20988
20987
20984
20983
20982
20979
20978
20977
20975
20974
20973
20972
20971
20970
20967
20964
20963
20959
20956
20955
20954
20953
20952
20951
20950
20948
20947
20946
20944
20943
20941
20940
20939
20938
20934
20933
20929
20928
20924
20923
20920
20918
20917
20916
20914
20913
20912
20911
20910
20901
20899
20898
20897
20896
20893
20892
20891
20888
20887
20886
20885
20883
20882
20880
20878
20875
20872
20871
20870
20869
20867
20865
20864
20862
20861
20860
20859
20857
20856
20855
20854
20853
20851
20847
20845
20843
20842
20841
20840
20839
20836
20829
20828
20827
20826
20825
20820
20813
20812
20809
20808
20806
20805
20804
20802
20799
20796
20794
20792
20791
20789
20788
20784
20783
20782
20781
20774
20771
20769
20767
20765
20759
20757
20754
20751
20750
20748
20747
20746
20745
20744
20743
20740
20739
20738
20736
20735
20733
20732
20730
20728
20727
20725
20724
20722
20721
20718
20717
20716
20714
20713
20712
20711
20710
20709
20708
20705
20704
20703
20700
20699
20698
20697
20694
20693
20692
20691
20689
20688
20686
20685
20684
20682
20681
20680
20678
20677
20675
20673
20672
20670
20669
20668
20666
20665
20664
20663
20661
20660
20659
20656
20655
20654
20650
20649
20647
20645
20643
20642
20641
20640
20633
20632
20631
20630
20628
20627
20623
20622
20621
20620
20619
20616
20615
20612
20611
20610
20609
20608
20605
20604
20603
20599
20598
20597
20596
20592
20590
20589
20588
20586
20585
20583
20581
20580
20579
20578
20577
20576
20575
20573
20572
20570
20569
20568
20567
20566
20564
20562
20561
20560
20559
20558
20556
20555
20553
20550
20549
20547
20546
20545
20543
20542
20541
20538
20537
20535
20534
20532
20531
20530
20528
20526
20525
20524
20523
20522
20519
20518
20517
20514
20512
20511
20508
20507
20504
20503
20501
20500
20497
20494
20493
20489
20488
20485
20483
20482
20481
20480
20479
20478
20477
20476
20474
20472
20471
20468
20467
20466
20465
20463
20461
20460
20458
20457
20456
20455
20453
20452
20451
20450
20449
20448
20447
20441
20439
20434
20433
20432
20430
20428
20427
20426
20424
20423
20422
20420
20419
20418
20417
20415
20414
20411
20410
20409
20406
20405
20404
20400
20399
20396
20395
20394
20391
20386
20383
20382
20381
20379
20378
20376
20375
20374
20373
20371
20370
20369
20368
20366
20365
20363
20361
20360
20359
20358
20356
20355
20352
20349
20348
20347
20345
20340
20339
20338
20337
20335
20332
20331
20330
20329
20327
20326
20325
20324
20323
20321
20320
20319
20318
20316
20315
20314
20312
20311
20310
20309
20307
20304
20301
20300
20298
20296
20293
20292
20291
20290
20288
20287
20283
20282
20281
20280
20277
20276
20275
20274
20272
20269
20266
20264
20260
20259
20258
20257
20255
20254
20253
20251
20250
20249
20247
20246
20241
20240
20239
20234
20232
20231
20228
20227
20226
20223
20222
20221
20220
20219
20216
20215
20213
20212
20211
20209
20208
20206
20205
20204
20203
20201
20200
20199
20198
20197
20196
20195
20194
20192
20190
20189
20188
20187
20186
20185
20183
20182
20179
20176
20174
20173
20168
20167
20165
20164
20161
20160
20157
20156
20155
20152
20151
20150
20145
20144
20140
20139
20138
20137
20136
20132
20131
20130
20129
20128
20127
20126
20124
20123
20118
20116
20113
20112
20111
20107
20106
20103
20102
20101
20097
20096
20094
20090
20086
20085
20084
20083
20082
20081
20080
20079
20077
20072
20069
20068
20063
20062
20060
20058
20057
20056
20055
20054
20053
20052
20051
20049
20048
20045
20044
20043
20040
20038
20022
20014
19997
19991
19983
19967
19963
19961
19960
19954
19952
19946
19940
19939
19937
19928
19926
19919
19918
19917
19909
19908
19907
19899
19893
19891
19890
19889
19887
19885
19878
19875
19868
19859
19855
19850
19846
19844
19840
19833
19817
19811
19810
19799
19797
19792
19783
19774
19769
19768
19760
19758
19754
19751
19748
19733
19730
19722
19720
19697
19677
19675
19673
19669
19668
19657
19656
19648
19633
19632
19623
19616
19596
19592
19573
19570
19561
19559
19555
19547
19542
19538
19535
19528
19527
19516
19514
19508
19505
19488
19480
19478
19475
19470
19468
19464
19462
19460
19456
19453
19450
19441
19438
19431
19427
19420
19417
19414
19412
19401
19400
19389
19381
19378
19372
19367
19364
19361
19357
19353
19348
19347
19343
19341
19337
19336
19325
19324
19323
19317
19315
19312
19309
19283
19272
19268
19262
19260
19255
19241
19236
19232
19230
19228
19225
19222
19215
19211
19210
19202
19201
19196
19185
19177
19176
19171
19169
19158
19156
19143
19140
19136
19125
19110
19109
19108
19107
19097
19096
19094
19089
19076
19062
19059
19052
19049
19044
19040
19035
19033
19031
19023
19020
19016
19015
19013
19011
19009
19008
19006
19004
18998
18991
18982
18975
18973
18971
18953
18950
18937
18930
18927
18922
18921
18919
18915
18909
18906
18905
18893
18891
18882
18880
18879
18867
18866
18862
18860
18857
18852
18845
18838
18836
18820
18819
18813
18808
18801
18799
18798
18793
18785
18778
18775
18773
18768
18764
18761
18760
18758
18754
18748
18742
18740
18733
18730
18729
18728
18724
18723
18710
18706
18705
18702
18699
18698
18687
18683
18680
18679
18678
18676
18672
18668
18665
18662
18656
18650
18639
18634
18632
18629
18625
18624
18608
18605
18597
18592
18590
18587
18583
18579
18575
18574
18571
18570
18564
18547
18544
18542
18536
18533
18529
18522
18514
18513
18511
18497
18490
18488
18484
18477
18474
18473
18464
18459
18456
18442
18441
18422
18421
18419
18407
18406
18398
18396
18387
18384
18381
18379
18377
18374
18372
18369
18360
18355
18351
18349
18347
18340
18331
18329
18328
18327
18325
18324
18319
18311
18276
18264
18261
18257
18254
18249
18248
18228
18227
18221
18218
18216
18212
18210
18205
18202
18196
18195
18190
18186
18182
18177
18176
18171
18162
18153
18152
18145
18144
18143
18140
18128
18126
18123
18120
18119
18118
18115
18113
18111
18105
18099
18096
18089
18080
18077
18076
18062
18059
18047
18046
18044
18039
18031
18025
18023
18020
18019
18018
18010
18008
18004
17986
17983
17982
17975
17955
17952
17947
17946
17944
17940
17934
17932
17930
17921
17912
17906
17902
17895
17892
17890
17885
17883
17879
17874
17872
17870
17864
17863
17860
17841
17829
17819
17818
17813
17811
17808
17802
17799
17795
17788
17787
17786
17785
17782
17780
17774
17772
17765
17763
17760
17757
17751
17747
17744
17729
17727
17724
17721
17719
17711
17706
17704
17703
17699
17696
17689
17687
17680
17670
17669
17647
17642
17624
17622
17616
17609
17608
17607
17601
17598
17596
17593
17592
17590
17580
17578
17576
17574
17569
17564
17560
17553
17548
17543
17542
17540
17537
17531
17527
17526
17523
17522
17518
17512
17505
17503
17487
17485
17479
17468
17465
17448
17445
17443
17441
17438
17434
17432
17430
17429
17428
17421
17403
17402
17392
17385
17381
17379
17378
17377
17370
17368
17367
17366
17365
17364
17362
17361
17352
17350
17346
17332
17324
17318
17317
17313
17309
17307
17300
17287
17283
17279
17276
17274
17266
17265
17264
17261
17253
17248
17241
17238
17232
17226
17223
17221
17219
17218
17213
17205
17203
17189
17176
17174
17163
17161
17159
17157
17153
17148
17147
17130
17121
17114
17112
17108
17104
17102
17091
17088
17087
17084
17082
17077
17075
17071
17067
17066
17060
17057
17053
17049
17047
17045
17040
17039
17037
17034
17027
17026
17020
17004
17001
16992
16990
16986
16985
16961
16960
16953
16951
16946
16944
16940
16938
16934
16922
16917
16914
16908
16900
16897
16886
16883
16882
16880
16877
16872
16867
16863
16858
16850
16842
16841
16840
16839
16835
16832
16826
16824
16821
16820
16805
16800
16798
16790
16789
16787
16785
16784
16780
16776
16766
16765
16764
16754
16753
16750
16738
16732
16730
16725
16722
16721
16720
16713
16712
16710
16707
16705
16697
16690
16682
16680
16676
16669
16662
16659
16652
16647
16642
16640
16636
16632
16623
16621
16613
16605
16600
16595
16590
16589
16584
16581
16569
16565
16564
16563
16560
16558
16557
16556
16552
16551
16549
16539
16528
16525
16522
16514
16508
16500
16498
16493
16482
16481
16475
16472
16467
16465
16464
16459
16457
16444
16442
16441
16435
16422
16420
16416
16413
16404
16399
16397
16392
16391
16385
16383
16381
16367
16364
16363
16362
16359
16352
16348
16347
16339
16337
16335
16334
16330
16329
16327
16326
16325
16323
16321
16319
16318
16317
16315
16308
16306
16302
16299
16298
16294
16288
16287
16286
16283
16282
16276
16275
16269
16267
16262
16261
16258
16253
16250
16248
16240
16238
16237
16235
16234
16228
16224
16222
16218
16210
16208
16202
16195
16194
16193
16191
16185
16179
16177
16172
16171
16168
16165
16162
16159
16157
16152
16148
16144
16133
16132
16125
16108
16099
16098
16096
16093
16092
16085
16076
16065
16058
16057
16054
16052
16050
16049
16047
16044
16043
16040
16039
16031
16030
16029
16025
16019
16017
16013
16010
16007
16005
16000
15995
15991
15988
15987
15979
15973
15955
15948
15933
15931
15930
15923
15921
15919
15915
15913
15907
15894
15882
15876
15875
15874
15864
15859
15857
15852
15850
15847
15846
15845
15844
15843
15837
15835
15833
15828
15822
15819
15814
15813
15812
15810
15809
15806
15803
15800
15798
15795
15787
15786
15784
15781
15772
15771
15768
15767
15766
15756
15750
15748
15740
15737
15736
15730
15726
15724
15716
15715
15714
15713
15705
15703
15702
15696
15687
15680
15678
15676
15673
15671
15667
15661
15657
15656
15654
15652
15650
15647
15645
15644
15642
15641
15635
15634
15628
15626
15625
15622
15620
15619
15618
15617
15615
15612
15608
15602
15601
15597
15596
15584
15581
15579
15577
15572
15566
15562
15558
15554
15550
15546
15540
15539
15536
15532
15530
15524
15522
15516
15511
15510
15508
15505
15503
15502
15498
15497
15496
15492
15489
15485
15479
15476
15473
15470
15467
15466
15465
15464
15463
15458
15447
15444
15441
15440
15439
15434
15433
15432
15427
15426
15424
15420
15418
15410
15409
15406
15404
15403
15398
15397
15385
15383
15380
15378
15373
15372
15369
15365
15364
15362
15350
15347
15345
15344
15343
15338
15325
15324
15322
15321
15319
15313
15310
15308
15293
15291
15286
15272
15271
15270
15268
15259
15257
15255
15252
15249
15242
15239
15225
15221
15219
15216
15211
15201
15199
15196
15191
15190
15189
15187
15184
15182
15178
15174
15172
15171
15166
15162
15146
15145
15143
15140
15129
15125
15118
15117
15116
15114
15113
15109
15107
15099
15096
15091
15086
15085
15079
15069
15067
15063
15062
15061
15059
15057
15055
15052
15051
15049
15044
15043
15038
15027
15026
15024
15023
15021
15019
15018
15008
15006
15005
15004
15001
14999
14991
14984
14983
14982
14976
14973
14972
14969
14968
14967
14964
14963
14962
14960
14959
14952
14950
14948
14946
14945
14943
14940
14937
14935
14933
14932
14928
14927
14923
14919
14916
14908
14907
14905
14901
14892
14891
14884
14880
14875
14872
14871
14870
14868
14866
14863
14859
14849
14848
14846
14845
14844
14843
14837
14831
14829
14826
14825
14824
14821
14818
14815
14813
14804
14796
14795
14794
14789
14783
14781
14780
14776
14775
14774
14770
14769
14766
14765
14758
14757
14754
14749
14747
14745
14740
14739
14734
14725
14724
14720
14719
14715
14704
14703
14702
14701
14696
14694
14693
14690
14689
14683
14681
14677
14672
14671
14666
14664
14663
14661
14660
14659
14658
14657
14652
14645
14643
14641
14638
14636
14635
14634
14629
14628
14627
14623
14622
14619
14617
14616
14615
14611
14610
14607
14605
14604
14602
14601
14600
14589
14585
14583
14579
14578
14576
14572
14570
14567
14566
14565
14561
14558
14555
14550
14548
14544
14542
14540
14537
14536
14534
14523
14522
14516
14515
14510
14507
14506
14505
14503
14502
14499
14496
14494
14491
14487
14486
14485
14484
14483
14477
14475
14468
14460
14457
14456
14455
14453
14452
14451
14450
14447
14446
14443
14440
14437
14436
14435
14434
14433
14432
14430
14426
14425
14423
14422
14419
14418
14417
14415
14414
14413
14411
14410
14407
14405
14401
14400
14397
14395
14394
14393
14389
14386
14383
14377
14376
14374
14368
14366
14365
14361
14357
14356
14355
14353
14352
14347
14346
14340
14338
14336
14333
14331
14330
14326
14325
14324
14322
14319
14314
14311
14310
14308
14304
14298
14296
14294
14291
14289
14287
14286
14285
14283
14282
14281
14278
14277
14276
14275
14272
14270
14267
14266
14262
14259
14256
14253
14252
14251
14250
14249
14248
14247
14243
14242
14241
14239
14238
14237
14235
14228
14227
14225
14224
14223
14221
14217
14216
14214
14213
14211
14207
14206
14205
14204
14203
14202
14201
14200
14198
14195
14191
14190
14189
14188
14186
14185
14182
14181
14180
14177
14175
14174
14173
14172
14171
14169
14167
14166
14165
14164
14163
14160
14155
14154
14153
14151
14150
14148
14147
14146
14144
14143
14142
14139
14138
14137
14136
14135
14132
14130
14126
14123
14122
14121
14120
14118
14117
14114
14112
14111
14110
14107
14106
14105
14102
14101
14099
14098
14097
14096
14092
14090
14089
14084
14082
14081
14076
14075
14073
14072
14070
14066
14061
14060
14059
14057
14056
14055
14053
14052
14050
14047
14046
14044
14040
14039
14030
14028
14023
14021
14020
14019
14018
14017
14013
14012
14011
14010
14009
14007
14006
14005
14002
14001
14000
13997
13995
13994
13992
13989
13983
13981
13980
13979
13978
13976
13974
13973
13969
13968
13967
13963
13961
13960
13959
13958
13957
13956
13955
13951
13950
13949
13948
13947
13946
13944
13943
13942
13941
13940
13939
13938
13937
13935
13933
13932
13931
13929
13927
13926
13924
13923
13922
13921
13920
13919
13918
13917
13915
13914
13913
13911
13910
13909
13908
13906
13903
13901
13900
13898
13897
13894
13892
13891
13889
13886
13885
13884
13883
13881
13872
13871
13869
13861
13860
13858
13857
13856
13851
13850
13849
13848
13846
13843
13842
13839
13838
13837
13836
13835
13834
13833
13832
13831
13827
13826
13825
13824
13822
13819
13817
13815
13814
13813
13812
13810
13809
13808
13806
13805
13802
13801
13799
13798
13796
13795
13791
13790
13786
13783
13782
13781
13779
13777
13775
13774
13773
13772
13763
13762
13760
13757
13756
13754
13753
13751
13750
13748
13747
13746
13745
13743
13741
13740
13739
13738
13737
13736
13733
13732
13731
13729
13728
13727
13725
13723
13721
13720
13719
13717
13716
13714
13713
13712
13710
13709
13707
13706
13705
13704
13703
13702
13698
13690
13689
13688
13687
13686
13683
13682
13681
13677
13675
13674
13673
13672
13667
13666
13664
13663
13661
13660
13659
13657
13656
13653
13648
13644
13642
13640
13636
13635
13634
13633
13630
13628
13627
13626
13624
13623
13622
13621
13620
13619
13618
13617
13616
13614
13612
13610
13606
13603
13602
13600
13597
13596
13594
13593
13592
13590
13589
13587
13586
13584
13583
13582
13581
13580
13579
13577
13575
13572
13571
13570
13569
13567
13565
13564
13560
13557
13556
13555
13554
13553
13551
13550
13545
13544
13543
13541
13540
13539
13538
13536
13535
13532
13530
13529
13528
13527
13525
13522
13519
13518
13517
13516
13515
13512
13509
13508
13506
13505
13498
13493
13492
13487
13485
13484
13482
13481
13480
13479
13475
13474
13473
13471
13470
13466
13463
13462
13461
13460
13459
13456
13455
13450
13447
13444
13443
13442
13441
13439
13437
13436
13435
13432
13431
13430
13427
13423
13422
13421
13417
13414
13413
13412
13407
13406
13399
13398
13397
13393
13392
13391
13389
13388
13387
13386
13382
13378
13376
13372
13371
13368
13367
13365
13362
13361
13360
13357
13352
13350
13349
13348
13347
13340
13338
13337
13335
13333
13331
13330
13327
13325
13324
13321
13320
13317
13316
13312
13310
13309
13306
13305
13304
13303
13302
13300
13297
13296
13291
13286
13285
13284
13282
13281
13280
13278
13277
13272
13271
13270
13269
13267
13265
13264
13263
13260
13259
13257
13256
13254
13253
13248
13247
13243
13242
13241
13239
13237
13235
13233
13232
13228
13227
13226
13225
13223
13221
13220
13217
13216
13215
13213
13209
13207
13206
13205
13201
13200
13199
13197
13196
13195
13193
13182
13181
13180
13179
13177
13176
13175
13174
13172
13170
13169
13168
13165
13164
13161
13160
13158
13157
13156
13155
13154
13153
13152
13151
13150
13147
13145
13143
13141
13140
13139
13137
13134
13133
13127
13126
13125
13122
13120
13119
13118
13116
13115
13114
13113
13112
13111
13108
13106
13105
13104
13099
13098
13097
13090
13086
13085
13084
13083
13080
13079
13078
13077
13074
13072
13071
13070
13066
13065
13062
13056
13053
13052
13050
13047
13046
13042
13040
13038
13037
13035
13034
13033
13032
13026
13025
13024
13022
13021
13019
13017
13015
13013
13010
13009
13005
13003
12999
12997
12995
12993
12992
12991
12990
12989
12988
12987
12986
12985
12984
12983
12981
12979
12978
12977
12976
12974
12973
12972
12971
12967
12964
12962
12960
12959
12958
12956
12954
12953
12952
12951
12949
12948
12947
12946
12941
12936
12935
12932
12931
12930
12929
12928
12927
12925
12923
12921
12920
12916
12915
12914
12912
12910
12906
12905
12902
12900
12898
12895
12894
12888
12887
12886
12885
12884
12883
12881
12880
12876
12874
12873
12872
12871
12870
12868
12866
12864
12863
12862
12861
12859
12857
12856
12855
12853
12849
12848
12845
12843
12841
12840
12837
12836
12835
12834
12833
12832
12831
12830
12829
12827
12826
12825
12822
12821
12818
12815
12814
12813
12812
12811
12806
12805
12803
12801
12800
12799
12794
12790
12787
12786
12785
12782
12780
12778
12776
12775
12774
12771
12770
12767
12766
12764
12762
12760
12758
12756
12754
12753
12752
12751
12750
12749
12743
12740
12739
12737
12736
12735
12734
12733
12732
12731
12728
12727
12726
12725
12723
12720
12717
12715
12714
12713
12712
12710
12707
12706
12705
12704
12703
12701
12698
12697
12696
12693
12691
12688
12679
12677
12674
12673
12671
12670
12668
12667
12666
12665
12663
12662
12661
12659
12658
12656
12654
12653
12652
12651
12650
12649
12647
12646
12645
12644
12642
12640
12638
12636
12635
12634
12632
12631
12630
12627
12626
12624
12623
12621
12620
12619
12618
12614
12613
12612
12611
12609
12606
12605
12604
12599
12598
12597
12596
12594
12593
12589
12586
12581
12580
12577
12576
12575
12574
12573
12572
12570
12569
12568
12567
12565
12562
12561
12556
12552
12548
12547
12545
12544
12543
12542
12540
12539
12537
12535
12533
12532
12531
12530
12528
12526
12524
12523
12522
12521
12520
12518
12516
12514
12513
12511
12510
12508
12505
12504
12502
12499
12498
12497
12495
12494
12493
12492
12488
12487
12486
12477
12473
12472
12471
12469
12467
12466
12463
12462
12457
12456
12454
12451
12450
12449
12448
12443
12442
12441
12439
12438
12437
12436
12434
12432
12430
12424
12422
12420
12419
12417
12415
12414
12411
12408
12407
12406
12405
12403
12401
12400
12399
12397
12396
12395
12394
12393
12390
12388
12387
12385
12384
12383
12382
12381
12379
12378
12377
12374
12368
12367
12361
12360
12359
12358
12353
12352
12351
12350
12348
12347
12346
12345
12343
12341
12340
12338
12337
12336
12333
12331
12329
12328
12327
12324
12322
12321
12320
12319
12318
12316
12315
12313
12309
12308
12307
12306
12305
12304
12303
12300
12299
12298
12296
12295
12293
12291
12289
12286
12285
12284
12282
12281
12279
12278
12275
12274
12273
12266
12264
12263
12262
12261
12260
12258
12257
12256
12254
12252
12251
12247
12245
12244
12242
12239
12236
12234
12231
12230
12228
12227
12226
12225
12224
12223
12222
12220
12218
12217
12213
12212
12211
12209
12208
12204
12202
12199
12196
12195
12194
12193
12192
12191
12189
12188
12187
12186
12183
12182
12181
12180
12179
12177
12174
12173
12172
12169
12168
12164
12162
12160
12159
12158
12156
12155
12154
12151
12150
12149
12148
12143
12141
12140
12139
12137
12133
12132
12131
12129
12124
12123
12122
12121
12120
12119
12116
12115
12113
12112
12108
12107
12106
12105
12104
12102
12101
12097
12096
12093
12092
12090
12089
12087
12084
12082
12081
12080
12079
12078
12076
12075
12073
12071
12070
12068
12066
12053
12051
12050
12045
12043
12042
12041
12036
12035
12029
12027
12025
12023
12021
12020
12019
12018
12016
12015
12014
12013
12012
12011
12010
12009
12008
12005
12004
12002
11999
11998
11997
11995
11994
11993
11992
11989
11988
11987
11984
11983
11981
11980
11978
11973
11971
11969
11967
11964
11963
11962
11961
11954
11951
11947
11946
11943
11942
11939
11938
11936
11933
11930
11928
11927
11921
11920
11919
11917
11916
11915
11914
11913
11912
11911
11910
11908
11907
11906
11905
11904
11903
11901
11900
11898
11897
11896
11895
11894
11889
11882
11880
11876
11875
11874
11873
11871
11864
11863
11862
11860
11859
11857
11856
11851
11850
11849
11848
11847
11846
11845
11841
11839
11837
11836
11835
11832
11831
11827
11825
11823
11821
11820
11818
11817
11816
11815
11813
11811
11810
11809
11808
11806
11803
11802
11801
11800
11795
11793
11792
11791
11790
11789
11788
11786
11785
11783
11781
11780
11778
11774
11773
11772
11771
11769
11760
11758
11757
11756
11751
11749
11748
11746
11745
11744
11742
11741
11740
11738
11736
11735
11734
11733
11732
11731
11730
11729
11728
11727
11725
11724
11723
11715
11711
11710
11708
11704
11702
11699
11696
11695
11694
11691
11688
11686
11684
11682
11679
11678
11676
11674
11673
11672
11667
11666
11662
11661
11660
11658
11656
11655
11654
11653
11652
11651
11649
11648
11647
11646
11645
11642
11641
11640
11639
11636
11632
11631
11629
11628
11626
11625
11623
11622
11619
11618
11616
11613
11612
11610
11609
11608
11607
11606
11604
11603
11600
11597
11594
11592
11590
11586
11580
11579
11578
11574
11571
11568
11566
11565
11563
11560
11559
11558
11554
11553
11551
11549
11548
11546
11545
11542
11541
11539
11537
11536
11534
11531
11529
11528
11527
11526
11524
11523
11522
11521
11518
11516
11515
11514
11513
11510
11508
11507
11504
11503
11502
11498
11497
11496
11493
11490
11483
11481
11480
11475
11473
11472
11464
11463
11462
11457
11456
11455
11453
11451
11449
11448
11445
11444
11443
11442
11441
11440
11439
11438
11434
11427
11426
11423
11422
11420
11418
11417
11416
11415
11412
11411
11408
11407
11405
11404
11403
11400
11399
11396
11394
11393
11392
11391
11390
11389
11385
11383
11381
11380
11379
11377
11376
11375
11373
11371
11370
11368
11367
11366
11365
11364
11356
11353
11352
11350
11346
11343
11340
11339
11337
11335
11333
11332
11329
11327
11322
11321
11319
11318
11317
11316
11314
11309
11307
11306
11304
11303
11302
11299
11293
11292
11291
11290
11289
11288
11287
11286
11285
11284
11283
11281
11280
11279
11278
11277
11276
11275
11274
11272
11271
11269
11268
11266
11265
11261
11260
11258
11253
11251
11246
11242
11241
11240
11239
11235
11233
11232
11231
11228
11226
11224
11222
11220
11218
11217
11216
11214
11213
11211
11208
11205
11204
11203
11202
11199
11197
11196
11195
11192
11187
11184
11183
11181
11178
11177
11176
11173
11172
11164
11163
11162
11157
11156
11155
11154
11153
11152
11150
11149
11148
11147
11146
11145
11142
11140
11139
11138
11137
11136
11135
11133
11130
11129
11125
11121
11120
11117
11114
11113
11109
11106
11104
11103
11102
11101
11100
11095
11092
11091
11090
11087
11086
11079
11078
11076
11075
11074
11071
11069
11068
11067
11066
11065
11064
11063
11061
11059
11057
11056
11054
11052
11051
11048
11046
11044
11043
11041
11037
11036
11034
11033
11029
11027
11026
11021
11017
11016
11014
11010
11007
11004
11003
11001
11000
10997
10996
10995
10994
10992
10991
10990
10987
10985
10984
10983
10982
10981
10979
10975
10974
10972
10970
10968
10964
10961
10960
10959
10958
10955
10952
10951
10949
10946
10945
10940
10939
10937
10936
10935
10934
10933
10930
10929
10927
10926
10923
10921
10917
10916
10914
10911
10909
10905
10902
10901
10900
10896
10895
10894
10892
10889
10888
10884
10883
10879
10877
10876
10874
10872
10871
10868
10865
10864
10863
10862
10860
10859
10857
10855
10853
10850
10848
10844
10843
10841
10840
10839
10836
10834
10833
10831
10830
10829
10827
10826
10825
10821
10820
10818
10816
10813
10808
10801
10798
10796
10795
10788
10786
10785
10784
10781
10776
10775
10774
10769
10768
10764
10763
10757
10756
10753
10751
10750
10749
10748
10744
10742
10739
10733
10731
10728
10727
10724
10721
10716
10715
10713
10711
10710
10709
10708
10707
10705
10704
10703
10702
10701
10700
10698
10697
10696
10692
10689
10688
10687
10684
10682
10681
10680
10677
10675
10674
10673
10672
10670
10669
10668
10667
10665
10662
10655
10653
10649
10648
10645
10644
10643
10642
10641
10640
10639
10638
10637
10634
10630
10629
10628
10626
10625
10622
10618
10617
10616
10615
10610
10608
10606
10605
10603
10602
10598
10597
10596
10595
10594
10593
10592
10591
10587
10586
10584
10580
10578
10577
10573
10572
10567
10565
10564
10563
10562
10560
10558
10554
10544
10542
10541
10540
10539
10538
10535
10534
10532
10531
10530
10527
10524
10521
10519
10516
10515
10513
10512
10510
10509
10504
10503
10499
10497
10496
10494
10492
10491
10489
10486
10485
10484
10482
10480
10477
10476
10468
10467
10466
10464
10460
10458
10457
10454
10453
10451
10450
10449
10447
10444
10442
10440
10435
10434
10433
10432
10430
10428
10426
10419
10416
10415
10413
10410
10409
10403
10402
10398
10396
10390
10388
10385
10380
10378
10377
10371
10370
10369
10366
10364
10363
10359
10356
10355
10353
10349
10347
10346
10344
10342
10341
10338
10336
10334
10333
10332
10328
10327
10325
10324
10323
10321
10320
10319
10314
10309
10308
10305
10304
10297
10296
10295
10292
10290
10288
10287
10284
10283
10279
10278
10274
10272
10271
10270
10269
10267
10266
10264
10260
10259
10258
10257
10253
10252
10248
10247
10246
10245
10242
10240
10239
10237
10235
10233
10227
10226
10223
10221
10220
10216
10215
10211
10202
10201
10200
10198
10197
10194
10193
10185
10182
10181
10179
10177
10174
10171
10168
10167
10162
10160
10157
10156
10153
10152
10151
10150
10149
10148
10147
10146
10145
10143
10141
10137
10136
10133
10132
10131
10130
10129
10128
10127
10122
10119
10117
10115
10112
10104
10101
10099
10097
10094
10091
10088
10082
10075
10074
10070
10069
10068
10065
10064
10062
10059
10057
10056
10054
10052
10051
10049
10048
10046
10044
10040
10039
10037
10033
10032
10031
10030
10029
10025
10024
10021
10020
10019
10018
10017
10016
10013
10010
10008
10006
10003
10002
10000
9999
9998
9996
9995
9993
9990
9989
9987
9986
9981
9978
9977
9976
9973
9972
9969
9968
9962
9961
9955
9953
9951
9949
9948
9947
9945
9942
9938
9937
9935
9934
9928
9921
9920
9919
9914
9913
9911
9910
9909
9904
9903
9902
9900
9899
9894
9888
9887
9885
9883
9882
9878
9877
9876
9875
9873
9872
9869
9867
9865
9864
9862
9859
9856
9855
9853
9852
9849
9844
9842
9841
9840
9837
9836
9834
9833
9831
9829
9826
9825
9822
9819
9817
9816
9815
9812
9811
9810
9809
9808
9807
9802
9801
9797
9796
9789
9787
9781
9774
9770
9769
9767
9765
9763
9762
9758
9752
9751
9749
9748
9746
9744
9742
9740
9735
9732
9730
9723
9722
9720
9718
9717
9707
9706
9705
9703
9702
9700
9699
9696
9693
9692
9690
9687
9686
9684
9683
9682
9681
9679
9678
9677
9675
9672
9671
9670
9667
9665
9664
9663
9662
9661
9659
9658
9654
9653
9652
9645
9642
9640
9639
9637
9634
9627
9625
9623
9618
9616
9615
9614
9612
9611
9610
9609
9608
9607
9606
9601
9599
9598
9596
9592
9586
9584
9583
9581
9579
9578
9577
9576
9575
9574
9573
9572
9571
9568
9567
9563
9561
9558
9549
9548
9545
9543
9540
9538
9537
9535
9534
9531
9530
9527
9524
9521
9520
9519
9518
9517
9514
9513
9512
9510
9505
9504
9501
9500
9497
9496
9495
9493
9490
9489
9488
9486
9484
9483
9481
9480
9478
9477
9476
9475
9474
9473
9465
9464
9462
9461
9458
9456
9454
9453
9451
9449
9448
9447
9446
9445
9440
9439
9438
9437
9436
9433
9432
9431
9429
9427
9422
9420
9419
9416
9415
9414
9412
9409
9406
9404
9403
9402
9400
9396
9392
9390
9389
9388
9384
9383
9382
9381
9376
9373
9371
9369
9368
9361
9356
9355
9353
9352
9351
9349
9346
9344
9343
9340
9339
9337
9335
9326
9325
9319
9318
9317
9312
9307
9306
9305
9304
9301
9300
9298
9295
9294
9291
9287
9286
9285
9282
9280
9279
9274
9271
9270
9269
9268
9264
9254
9253
9249
9246
9245
9243
9242
9241
9237
9235
9229
9226
9222
9221
9218
9214
9212
9211
9208
9207
9203
9200
9198
9194
9192
9191
9188
9186
9184
9183
9175
9169
9168
9165
9164
9160
9159
9156
9155
9147
9145
9137
9135
9134
9132
9130
9128
9127
9126
9124
9123
9119
9118
9117
9116
9115
9113
9111
9110
9108
9107
9106
9105
9099
9098
9097
9092
9090
9089
9087
9083
9081
9079
9078
9076
9075
9070
9069
9066
9065
9064
9063
9062
9059
9056
9051
9045
9040
9037
9032
9031
9027
9026
9020
9018
9017
9013
9012
9010
9009
9008
9007
9006
9002
8996
8995
8993
8991
8990
8986
8984
8980
8971
8970
8969
8967
8960
8959
8958
8956
8953
8951
8949
8948
8947
8945
8944
8940
8938
8931
8930
8928
8927
8926
8925
8924
8923
8922
8921
8919
8916
8913
8912
8911
8910
8909
8907
8904
8900
8899
8897
8895
8893
8890
8889
8887
8881
8880
8879
8877
8873
8872
8870
8869
8868
8867
8862
8860
8859
8858
8857
8855
8854
8853
8849
8846
8845
8841
8839
8837
8836
8834
8833
8828
8826
8825
8822
8820
8819
8815
8811
8810
8806
8805
8803
8798
8797
8794
8787
8785
8782
8780
8779
8776
8775
8773
8772
8769
8768
8767
8766
8763
8761
8760
8758
8757
8755
8752
8751
8747
8744
8743
8741
8740
8738
8734
8730
8729
8728
8727
8726
8725
8723
8722
8721
8718
8717
8716
8715
8714
8712
8707
8705
8701
8699
8698
8697
8694
8692
8691
8690
8689
8688
8685
8683
8681
8679
8677
8675
8672
8671
8670
8667
8666
8663
8657
8655
8653
8652
8651
8650
8645
8642
8629
8628
8626
8625
8624
8622
8620
8617
8616
8614
8611
8610
8608
8607
8603
8599
8597
8594
8593
8591
8590
8588
8585
8583
8582
8580
8579
8578
8577
8576
8575
8572
8568
8566
8565
8560
8558
8553
8552
8551
8550
8549
8548
8547
8538
8536
8535
8534
8530
8527
8525
8521
8519
8517
8512
8511
8510
8509
8506
8501
8500
8498
8495
8491
8489
8488
8487
8485
8483
8482
8475
8470
8469
21316
8463
8459
21303
8450
21276
8423
8422
21269
8416
21266
8413
8411
8408
8407
8405
8396
8394
8393
8392
8386
8382
8372
21223
8370
8368
8365
21217
8364
8362
8360
8359
8357
8352
8351
8349
8348
8344
8342
8334
8333
8331
8329
21179
8326
8320
8315
8310
8308
8305
8303
8300
8289
8288
8287
8280
8272
8270
8269
8266
21117
8264
8258
8245
8244
8235
8234
8231
8229
8220
8219
8216
21066
8213
8211
8202
8198
8195
21046
8193
8192
8186
8184
8178
21023
8170
8164
8159
8157
8153
8149
8135
8132
8129
8118
8110
8103
8102
8101
8100
8093
8089
8086
8081
8078
8075
20927
8074
8071
20915
8062
8059
20909
8056
8055
20907
8054
8045
8044
8043
8041
8039
8037
8033
8030
8027
8023
8014
8013
8005
8002
7997
7994
7992
7989
20838
7985
20837
7984
7983
7981
7974
7973
7970
7963
7960
20807
7954
7950
20800
7947
20797
7944
20787
7934
7933
7931
7926
20778
7925
7920
7915
20764
7911
20761
7908
7906
20758
7905
7893
7890
7879
7877
7876
7869
7868
7867
7861
7856
7851
20701
7848
7847
7846
7845
7844
7841
7838
7836
7835
7831
7829
7828
7827
7826
7824
7822
7818
7815
7810
7802
7800
20651
7798
7796
7795
7794
20646
7793
7790
20639
7786
7782
20634
7781
7780
7777
20626
7773
7763
7762
7760
7758
7757
7756
20607
7754
7752
7751
7750
7749
20601
7748
7740
7738
7735
7734
7733
7730
7724
7723
7722
7721
7720
7717
7716
7714
7713
7711
7707
7706
7702
7697
7696
7694
7692
7691
7686
7685
7684
7680
7675
7672
7671
7668
7664
7660
7658
7657
7655
7654
7652
7647
20491
7638
7636
7635
20487
7634
7632
20484
7631
7630
7629
7605
7597
7594
20440
7587
7585
7584
7583
7582
7581
7580
7578
7577
7576
7574
7573
7569
7568
7567
7564
7562
7560
20408
7555
7554
7553
20403
7550
7544
7538
20389
7536
20387
7534
7533
20385
7532
7530
7529
7528
20377
7524
7523
7521
7520
7517
7511
7509
7507
7506
7505
7500
7499
7497
7496
20343
7490
7485
7484
7482
20333
7480
7479
7477
20328
7475
7470
7465
7464
7462
7459
7456
20305
7452
7451
20299
7446
7442
7440
7437
7432
7430
7429
7428
7427
7422
7421
7418
7417
7416
20267
7414
7402
7400
7396
7395
7394
7393
7390
7387
7384
7378
7374
20218
7365
7364
7363
7362
7359
7358
7352
7346
7341
20193
7340
7335
7330
7327
7324
7318
7311
20163
7310
20162
7309
7306
7303
7302
7300
7297
20149
7296
7289
7288
7287
7284
7281
20133
7280
7277
7271
20121
7268
7266
7265
7260
7259
7253
7251
7248
7246
7245
7243
7240
7235
7231
7230
7227
7225
20074
7221
7220
7219
7218
7217
7216
7215
7214
20065
7212
7210
7209
7207
7206
7203
7202
7201
7199
7198
20050
7197
7196
20047
7194
7191
7190
7189
20039
7186
7182
20033
7180
20031
7178
7175
20027
7174
20025
7172
7167
20019
7166
20017
7164
20016
7163
20015
7162
7159
20011
7158
7154
20005
7152
7151
7148
19996
7143
19995
7142
19993
7140
19992
7139
19988
7135
7132
19982
7129
19980
7127
7125
19977
7124
7123
19975
7122
7119
19971
7118
19970
7117
19968
7115
7112
19964
7111
19959
7106
19957
7104
19951
7098
7097
19949
7096
19948
7095
19947
7094
19945
7092
19942
7089
19938
7085
19936
7083
19935
7082
19934
7081
19930
7077
7072
7071
7070
19922
7069
19914
7061
19913
7060
19912
7059
19906
7053
7052
7050
19902
7049
19888
7035
7029
19880
7027
7023
7020
19872
7019
19870
7017
19867
7014
19866
7013
7011
19861
7008
19856
7003
7000
6999
6996
19848
6995
19847
6994
6990
19842
6989
6988
19838
6985
19834
6981
6977
6976
19825
6972
19823
6970
6969
6966
6962
19813
6960
19809
6956
19808
6955
19806
6953
19804
6951
19802
6949
6941
19793
6940
19790
6937
19789
6936
19787
6934
19785
6932
19781
6928
19780
6927
6926
19778
6925
19777
6924
19775
6922
19771
6918
19766
6913
19765
6912
6910
19762
6909
19761
6908
6904
19755
6902
6900
6896
6893
6887
6885
19736
6883
19735
6882
6881
19732
6879
19729
6876
19728
6875
6874
19725
6872
19723
6870
19721
6868
19719
6866
19718
6865
19717
6864
6863
19715
6862
19713
6860
6859
19709
6856
19708
6855
19707
6854
6852
6851
19703
6850
19702
6849
19700
6847
6841
19692
6839
6838
19690
6837
6836
19688
6835
19686
6833
6832
19684
6831
19682
6829
19680
6827
19679
6826
6825
19667
6814
19666
6813
19661
6808
19658
6805
19655
6802
19653
6800
19652
6799
19649
6796
19646
6793
19645
6792
19644
6791
6785
19637
6784
19631
6778
19630
6777
19624
6771
19622
6769
19612
6759
6758
19609
6756
19606
6753
19603
6750
19601
6748
19600
6747
19599
6746
19594
6741
19593
6740
19591
6738
19590
6737
19589
6736
6735
19585
6732
6731
19582
6729
6728
19580
6727
6726
19578
6725
19577
6724
6723
6722
19574
6721
19572
6719
19571
6718
19566
6713
6704
19551
6698
19550
6697
6696
19546
6693
19545
6692
6691
19543
6690
19540
6687
19539
6686
19533
6680
19532
6679
6678
19529
6676
19526
6673
6672
6671
19521
6668
19519
6666
19517
6664
6662
19512
6659
19504
6651
19503
6650
19502
6649
19497
6644
6642
19493
6640
19486
6633
19485
6632
19482
6629
19474
6621
19472
6619
19467
6614
19457
6604
19454
6601
6598
19449
6596
6595
19447
6594
19444
6591
6589
19437
6584
19436
6583
19433
6580
19423
6570
6569
19421
6568
19419
6566
6557
19405
6552
6551
19397
6544
6543
19394
6541
19393
6540
19392
6539
6538
19388
6535
19387
6534
19386
6533
19382
6529
19379
6526
19375
6522
19363
6510
19362
6509
19360
6507
19359
6506
6503
19352
6499
19351
6498
19344
6491
19342
6489
19340
6487
19334
6481
6478
6474
19326
6473
6469
19321
6468
19319
6466
19316
6463
6458
19308
6455
19307
6454
19303
6450
19302
6449
6448
19298
6445
19296
6443
19294
6441
6440
19292
6439
19291
6438
19290
6437
19287
6434
6433
6432
19282
6429
19281
6428
19277
6424
19275
6422
19274
6421
19273
6420
6418
19264
6411
6410
19261
6408
19259
6406
19252
6399
6397
19249
6396
19248
6395
19247
6394
19246
6393
19245
6392
6391
19243
6390
6385
19235
6382
6380
19219
6366
19212
6359
19206
6353
19205
6352
19204
6351
6347
19199
6346
19198
6345
6339
19189
6336
19188
6335
6334
6333
6331
19183
6330
6329
6328
19180
6327
19178
6325
19174
6321
19172
6319
6317
19168
6315
6314
19165
6312
6310
19155
6302
6299
19151
6298
6297
19148
6295
19147
6294
19146
6293
19142
6289
6288
6286
19132
6279
19130
6277
19118
6265
19117
6264
19106
6253
19104
6251
19103
6250
19101
6248
19100
6247
19098
6245
19095
6242
19093
6240
6238
19090
6237
6234
19083
6230
19082
6229
19080
6227
19079
6226
19078
6225
19075
6222
19073
6220
6218
19069
6216
19067
6214
19064
6211
19061
6208
6205
19057
6204
19053
6200
6197
19046
6193
19045
6192
19042
6189
19041
6188
6185
19032
6179
19029
6176
19026
6173
19022
6169
6168
6164
19014
6161
19005
6152
6150
19002
6149
19001
6148
18995
6142
18994
6141
6140
18987
6134
6131
18983
6130
18981
6128
18980
6127
18979
6126
18977
6124
18976
6123
18974
6121
18972
6119
6116
6115
6113
18964
6111
18962
6109
18961
6108
18959
6106
18957
6104
6102
18952
6099
18948
6095
18946
6093
18944
6091
18941
6088
18940
6087
18939
6086
6085
6081
18933
6080
6079
6076
18928
6075
18926
6073
18920
6067
18918
6065
18917
6064
18913
6060
18911
6058
6057
18908
6055
18907
6054
18904
6051
18903
6050
18900
6047
18899
6046
18895
6042
18894
6041
18889
6036
18888
6035
18886
6033
18883
6030
18881
6028
18878
6025
6023
18875
6022
6020
6017
18869
6016
6015
18861
6008
18854
6001
18849
5996
18848
5995
18844
5991
18841
5988
18839
5986
5984
18835
5982
5981
18833
5980
5978
18827
5974
18826
5973
18825
5972
5971
18822
5969
18818
5965
5962
18812
5959
5958
18805
5952
18797
5944
18795
5942
5941
5939
18790
5937
5933
18784
5931
18783
5930
5929
18779
5926
18777
5924
18772
5919
18771
5918
18769
5916
5914
18765
5912
18759
5906
18756
5903
5899
5896
18746
5893
18743
5890
18737
5884
18736
5883
18735
5882
18731
5878
5872
18722
5869
18720
5867
18718
5865
18717
5864
5863
18715
5862
18709
5856
5854
18704
5851
18697
5844
18696
5843
5840
18692
5839
5835
5833
18685
5832
18677
5824
18666
5813
18659
5806
18658
5805
18647
5794
5790
18641
5788
18640
5787
5783
18635
5782
18628
5775
18619
5766
5765
18616
5763
5761
5758
18607
5754
18606
5753
5749
18601
5748
18596
5743
18594
5741
18591
5738
18589
5736
18586
5733
18585
5732
18582
5729
18581
5728
5724
5716
18566
5713
18563
5710
18562
5709
18561
5708
18558
5705
18557
5704
18554
5701
18553
5700
18551
5698
18549
5696
18548
5695
5687
18539
5686
18534
5681
18532
5679
18527
5674
18519
5666
18517
5664
18510
5657
5655
5649
18499
5646
5645
18496
5643
18485
5632
18481
5628
18479
5626
18476
5623
5619
18471
5618
5614
18457
5604
18454
5601
18453
5600
18452
5599
5598
18450
5597
5594
18445
5592
5587
18437
5584
5583
5581
18432
5579
18431
5578
18427
5574
18424
5571
5570
18420
5567
18418
5565
18417
5564
18413
5560
5559
18410
5557
5556
18408
5555
18404
5551
18400
5547
18399
5546
18397
5544
18386
5533
18382
5529
5523
18373
5520
18371
5518
18368
5515
18366
5513
18365
5512
18363
5510
5509
18361
5508
18359
5506
18358
5505
5504
18350
5497
18346
5493
5489
18338
5485
18336
5483
5482
18332
5479
5470
18320
5467
5461
18313
5460
18308
5455
18307
5454
5450
18302
5449
18300
5447
18299
5446
5442
18294
5441
18293
5440
18292
5439
18290
5437
5435
18286
5433
5429
5426
18275
5422
18272
5419
18271
5418
5415
5413
5410
18260
5407
18259
5406
18256
5403
18253
5400
18251
5398
5397
18245
5392
18242
5389
18240
5387
18239
5386
18238
5385
5379
5377
5376
18226
5373
18217
5364
5362
18214
5361
5360
18209
5356
18208
5355
5350
18201
5348
5344
5339
18188
5335
18187
5334
5331
18183
5330
18180
5327
5326
18175
5322
18174
5321
5320
18172
5319
18164
5311
18163
5310
5308
5305
18157
5304
18156
5303
18147
5294
18141
5288
5284
18136
5283
5278
5276
5274
5261
18112
5259
18110
5257
5256
18101
5248
5245
18097
5244
18092
5239
18090
5237
18086
5233
5231
18082
5229
18078
5225
5222
18074
5221
18071
5218
18066
5213
5212
18063
5210
18058
5205
18055
5202
18051
5198
18050
5197
18049
5196
5195
18041
5188
18040
5187
5184
5183
18035
5182
5176
18027
5174
18022
5169
5168
5163
18011
5158
5156
18002
5149
5142
17994
5141
17991
5138
17985
5132
5127
17979
5126
17978
5125
17966
5113
17965
5112
5109
17961
5108
5107
17959
5106
17956
5103
17949
5096
17937
5084
17935
5082
17926
5073
17925
5072
17924
5071
17923
5070
5065
17916
5063
5058
17910
5057
17905
5052
17904
5051
17903
5050
5048
17899
5046
17897
5044
17894
5041
17888
5035
5031
17881
5028
5027
17878
5025
5024
5016
17857
5004
17853
5000
4992
4990
4986
4981
17832
4979
17824
4971
17816
4963
17814
4961
17812
4959
17810
4957
17809
4956
17807
4954
17806
4953
17805
4952
17797
4944
17796
4943
4940
4938
17790
4937
17783
4930
4925
17773
4920
4909
17759
4906
17754
4901
17752
4899
4897
17742
4889
17738
4885
17737
4884
17736
4883
17735
4882
17732
4879
17731
4878
17730
4877
4875
17725
4872
4869
17717
4864
17715
4862
4860
17707
4854
4848
17700
4847
17698
4845
17694
4841
17692
4839
17685
4832
17684
4831
17683
4830
17682
4829
17681
4828
17675
4822
17672
4819
4818
17663
4810
17660
4807
17658
4805
17657
4804
4803
4798
17649
4796
4792
17643
4790
17641
4788
4785
4784
17635
4782
4781
17631
4778
17628
4775
17627
4774
17621
4768
17620
4767
17619
4766
17615
4762
4760
17611
4758
17606
4753
17602
4749
17595
4742
4734
17586
4733
4728
17573
4720
17572
4719
17568
4715
17566
4713
17563
4710
17557
4704
17549
4696
4694
17538
4685
17536
4683
17535
4682
17532
4679
4675
4672
4667
17519
4666
4658
17508
4655
17506
4653
17502
4649
17498
4645
17496
4643
4642
4641
17491
4638
17489
4636
17488
4635
17486
4633
17483
4630
17481
4628
17480
4627
17477
4624
17475
4622
17473
4620
17470
4617
17462
4609
4608
4606
17453
4600
17452
4599
17451
4598
17449
4596
4587
4586
4584
4583
17433
4580
17431
4578
17422
4569
17418
4565
17413
4560
4558
17409
4556
4554
17406
4553
17404
4551
17394
4541
4538
17389
4536
17388
4535
17387
4534
4533
17383
4530
17382
4529
17374
4521
17372
4519
4518
17363
4510
17360
4507
17359
4506
17358
4505
17353
4500
17344
4491
17343
4490
17340
4487
17337
4484
17336
4483
4482
4480
4476
17328
4475
17326
4473
4468
4467
17319
4466
17315
4462
4458
17310
4457
17305
4452
17303
4450
17299
4446
17298
4445
17296
4443
4442
17294
4441
17293
4440
17290
4437
17284
4431
17280
4427
17277
4424
17271
4418
4417
17267
4414
17263
4410
4409
17260
4407
17257
4404
4397
4394
17245
4392
17244
4391
17243
4390
17235
4382
17227
4374
17224
4371
17222
4369
17216
4363
17212
4359
4356
4355
4348
4347
17199
4346
4339
17191
4338
4332
4330
17182
4329
17177
4324
17158
4305
4303
17152
4299
4297
4292
17144
4291
17135
4282
17129
4276
17123
4270
4260
17106
4253
17105
4252
17101
4248
17099
4246
4245
17097
4244
17096
4243
4241
4240
4233
17081
4228
4226
4221
17073
4220
17072
4219
4217
4216
17068
4215
4209
17059
4206
17058
4205
4198
17046
4193
4188
4185
17035
4182
17031
4178
17025
4172
17022
4169
17015
4162
17012
4159
4158
17010
4157
4150
17000
4147
16999
4146
16997
4144
4138
4136
16984
4131
4130
16978
4125
4120
16971
4118
16969
4116
4114
16964
4111
16963
4110
4109
4106
16952
4099
16950
4097
16949
4096
4095
16942
4089
16939
4086
16932
4079
16931
4078
16929
4076
16928
4075
16925
4072
16924
4071
16919
4066
4065
16916
4063
4062
16912
4059
16902
4049
16901
4048
16898
4045
16896
4043
16893
4040
16892
4039
4038
4037
4032
16878
4025
4023
4020
16868
4015
4013
4011
4006
16855
4002
16853
4000
16852
3999
16848
3995
16846
3993
16833
3980
16828
3975
16815
3962
16814
3961
16813
3960
16812
3959
16802
3949
16797
3944
3938
16783
3930
3929
16781
3928
3924
3922
16772
3919
3916
16768
3915
16767
3914
16762
3909
16761
3908
16759
3906
16756
3903
3899
16749
3896
16746
3893
16737
3884
16736
3883
16729
3876
16727
3874
16726
3873
3871
3862
3861
16709
3856
16708
3855
16706
3853
16703
3850
16702
3849
16701
3848
3847
16699
3846
3845
16696
3843
16692
3839
3838
16689
3836
16688
3835
16685
3832
16684
3831
16679
3826
3820
3818
16667
3814
16665
3812
16663
3810
16657
3804
3803
16654
3801
16649
3796
3795
16643
3790
16639
3786
16635
3782
16631
3778
16629
3776
3775
16627
3774
3773
16619
3766
3757
16609
3756
16606
3753
16601
3748
16592
3739
16583
3730
3727
16577
3724
16575
3722
16570
3717
16567
3714
3713
3690
16541
3688
16540
3687
3684
3683
16532
3679
3678
16530
3677
16529
3676
16521
3668
16520
3667
3666
3665
16515
3662
3659
16511
3658
16502
3649
3648
16497
3644
3636
3634
16486
3633
16483
3630
16480
3627
3626
3625
16476
3623
3616
3610
16458
3605
3600
16452
3599
16448
3595
3593
16445
3592
16440
3587
16438
3585
3583
16434
3581
16433
3580
16432
3579
16428
3575
16427
3574
16425
3572
16424
3571
16421
3568
16418
3565
16410
3557
16409
3556
16408
3555
3554
16401
3548
16396
3543
16394
3541
3535
3531
16371
3518
16369
3516
16368
3515
3513
16365
3512
16350
3497
3496
16343
3490
3488
3483
3479
16331
3478
16324
3471
16307
3454
16300
3447
16295
3442
16293
3440
16284
3431
16281
3428
16273
3420
3419
16268
3415
16259
3406
16257
3404
16254
3401
16252
3399
3398
16245
3392
3391
3390
16241
3388
16239
3386
16236
3383
3379
16229
3376
16227
3374
16225
3372
16221
3368
16219
3366
16215
3362
3360
16205
3352
16204
3351
16203
3350
16199
3346
16197
3344
16192
3339
16188
3335
16183
3330
3325
3323
3321
16170
3317
16164
3311
3310
16155
3302
16154
3301
16150
3297
16143
3290
16137
3284
16136
3283
3282
3281
3277
16129
3276
16127
3274
3273
3270
16119
3266
3265
16111
3258
16110
3257
16109
3256
3254
16106
3253
3252
3250
16097
3244
16088
3235
3234
16083
3230
16078
3225
3224
16074
3221
16070
3217
3215
16062
3209
16061
3208
16055
3202
16041
3188
3184
3182
3171
16022
3169
16021
3168
16020
3167
16016
3163
16011
3158
3155
3153
16004
3151
16002
3149
3148
15999
3146
3143
3140
15990
3137
15986
3133
15983
3130
3129
15976
3123
15975
3122
3118
15970
3117
15967
3114
15964
3111
15963
3110
15962
3109
15957
3104
15953
3100
15951
3098
15950
3097
15944
3091
15940
3087
15939
3086
15936
3083
15929
3076
3075
15927
3074
15926
3073
15918
3065
15912
3059
15910
3057
15909
3056
15906
3053
15905
3052
15904
3051
3049
3048
3046
15892
3039
3036
3035
15887
3034
3030
15880
3027
3025
3017
15868
3015
15867
3014
15863
3010
15855
3002
15854
3001
15853
3000
2996
15839
2986
15829
2976
15827
2974
15824
2971
15821
2968
15820
2967
15808
2955
2938
2930
15776
2923
15775
2922
15769
2916
15764
2911
15761
2908
15760
2907
15757
2904
15752
2899
2896
2894
15746
2893
15744
2891
15738
2885
2881
2879
15731
2878
2876
15728
2875
2874
15723
2870
15719
2866
15712
2859
15710
2857
2855
15707
2854
2853
2845
15694
2841
15693
2840
15691
2838
15689
2836
15688
2835
15686
2833
15685
2832
15684
2831
15682
2829
15669
2816
15646
2793
15637
2784
15630
2777
2770
15610
2757
2754
15604
2751
2742
15594
2741
15592
2739
15588
2735
15587
2734
15586
2733
15585
2732
2722
2720
15569
2716
15568
2715
15565
2712
2711
15561
2708
2698
15537
2684
15535
2682
15533
2680
15531
2678
15528
2675
15527
2674
15521
2668
15518
2665
15515
2662
2660
15507
2654
2651
15493
2640
15488
2635
2634
15483
2630
2627
15475
2622
15474
2621
15469
2616
15468
2615
2603
2602
15452
2599
15451
2598
15450
2597
15449
2596
2593
15445
2592
15438
2585
15437
2584
15431
2578
2572
2570
2560
15402
2549
15400
2547
15399
2546
15395
2542
15392
2539
15391
2538
15389
2536
2534
15381
2528
15379
2526
15375
2522
15368
2515
15367
2514
15361
2508
15356
2503
2500
15352
2499
15333
2480
15329
2476
15326
2473
2470
15320
2467
15312
2459
15311
2458
15304
2451
2447
15299
2446
2444
15295
2442
15292
2439
2437
15289
2436
2435
15287
2434
15278
2425
2424
2416
15266
2413
15262
2409
15261
2408
15260
2407
15256
2403
15245
2392
15241
2388
15240
2387
2385
2382
2377
15223
2370
15217
2364
2362
15212
2359
15209
2356
15208
2355
15204
2351
15202
2349
15195
2342
15194
2341
2335
15183
2330
15181
2328
15179
2326
15177
2324
15167
2314
15158
2305
15155
2302
2301
15153
2300
15152
2299
15151
2298
15144
2291
15141
2288
2284
15135
2282
15131
2278
15130
2277
15128
2275
15124
2271
15120
2267
2248
2240
15074
2221
15072
2219
2215
15065
2212
15064
2211
2207
2193
15040
2187
15034
2181
15033
2180
15031
2178
15025
2172
2169
15017
2164
15015
2162
15013
2160
15011
2158
15009
2156
2154
15002
2149
2141
14992
2139
14988
2135
14978
2125
2117
2098
2085
14929
2076
14924
2071
2065
14917
2064
14913
2060
14909
2056
21325
8472
14904
2051
14900
2047
8466
2045
14887
2034
2033
2032
14873
2020
14869
2016
8430
2009
14860
2007
8426
2005
8425
2004
8410
1989
14836
1983
21256
8403
14835
1982
8402
14834
1981
14830
1977
14816
1963
8380
14812
1959
1957
8377
1956
21227
8374
14806
1953
8369
1948
14798
1945
8356
1935
8353
1932
8345
14777
1924
8340
14772
1919
8336
14768
1915
21174
8321
14753
1900
14738
1885
14736
1883
8299
14731
1878
14730
1877
8297
14729
1876
8286
14718
1865
21138
8285
14717
1864
8282
14714
1861
8278
14710
1857
8277
14709
1856
8276
1855
8260
1839
8254
14686
1833
1822
1821
8236
14668
1815
8223
14655
1802
8214
1793
1791
8201
1780
14626
1773
14620
1767
8177
14609
1756
8174
14606
1753
8166
14598
1745
8155
1734
8145
14577
1724
8143
14575
1722
8139
14571
1718
14569
1716
14559
1706
14557
1704
8121
14553
1700
8111
14543
1690
1686
8099
14531
1678
8098
14530
1677
8096
14528
1675
8082
14514
1661
8080
14512
1659
20932
8079
14511
1658
14509
1656
1648
8066
14498
1645
20903
8050
14482
1629
8046
1625
14375
1522
14329
1476
7896
14328
1475
7642
14074
1221
20092
7239
13671
818
20029
7176
755
19989
7136
715
6942
13374
521
19683
6830
6819
19672
409
176
12968
115
9569
22422
3159
15997
3144
9565
19218
19229
6376
17044
4191
10612
13830
20262
7409
8917
21770
16954
4101
10511
23364
15376
2523
21786
22246
9393
15825
2972
12554
15792
2939
9360
16328
3475
9896
18719
5866
12287
15490
15486
2633
9043
21896
9136
21989
7279
15339
16741
3888
7076
13497
9374
22227
9385
22161
15796
2943
6146
19459
6606
19863
7021
5358
18200
24632
11779
21248
8395
14827
1974
17173
4320
10730
23583
10741
9559
12747
21422
15012
2159
11768
5353
7648
14069
14080
1227
20490
8908
18528
5675
18689
5836
8998
21851
15471
2618
9039
9737
16169
3316
17733
4880
11301
14504
12447
9244
14861
2008
8418
21271
13874
7453
10656
21667
2449
4056
16909
4067
10488
16905
4052
16894
7270
13691
7276
13697
12357
2590
9011
18661
5808
14556
1703
8113
20966
19365
6512
12933
19380
6527
8268
21110
14700
1847
5020
17862
22793
16372
18013
5160
11570
24423
24434
11581
8363
14784
20470
7617
2815
15668
15679
2826
12435
20030
7177
13598
13245
7666
4433
4422
17275
17316
4463
10893
17325
4472
15609
21289
8436
14838
1985
9967
22809
9997
16507
3654
8445
11663
18095
5242
19209
6356
12777
9102
9091
21944
15036
2183
15003
2150
8571
18191
5338
7603
20445
4389
17242
6072
24762
5488
18341
5499
8660
15081
7224
13645
9660
14554
1701
8122
8032
14464
1611
8021
20874
13695
8985
21838
2963
15805
2978
9399
9328
22181
17401
4548
4537
17390
7766
14187
17856
5003
8191
14612
17766
4913
17755
8146
11308
24161
14889
2036
8457
16494
3641
16553
3700
10121
16538
3685
3674
16527
10125
22978
3715
6894
13315
6846
13288
13299
446
10014
22867
6897
16517
3664
22938
10085
3653
16506
19643
6790
13222
369
6745
13166
19587
11620
23685
10832
22510
9657
16089
3236
16059
3206
16048
4787
24028
11175
4724
23987
15945
16046
3193
9394
17456
4603
2101
8522
16473
3620
16462
18954
6101
12489
4438
14077
7650
14071
6811
24444
5226
10886
5154
18007
8323
14744
14755
1902
21165
11556
18003
5150
7404
15296
2443
2432
15285
8864
16827
3974
10384
23237
7535
12219
2807
9217
22070
9228
4046
10456
23309
6929
8592
17914
5061
17833
4980
4969
17822
16356
3503
22777
9924
14941
5332
11753
18170
5317
18159
8559
11762
19897
13476
8641
11844
15058
2205
2194
15047
5285
9303
16484
3631
10041
22894
8452
21294
5249
18091
14899
2046
8467
14888
4309
10719
23572
17151
7527
15583
2730
9140
21993
9151
18681
5828
18670
18711
5858
23699
9387
22240
15830
2977
7768
12559
15758
2905
9315
22168
7921
16744
3891
23154
10312
19962
7109
12891
16120
3267
9688
2411
15264
8832
21685
18774
5921
18708
5855
9088
15553
2700
15542
9121
9594
16015
20026
7173
13609
7491
24464
11611
18043
5190
17977
5124
24417
5100
17942
11506
11495
24348
16398
3545
16387
13184
19739
6886
14915
2062
11355
24208
17798
4945
5131
11552
17973
11582
5161
8358
14790
1937
14779
1967
8325
21167
10922
23775
17395
4542
10963
23831
10978
17399
17410
4557
12557
13294
19711
6858
13279
6840
13261
9288
12491
6061
12482
15681
2828
9238
22091
17466
4613
20658
7816
15869
3016
19072
6219
10078
16499
5293
11714
18890
6063
12484
20003
7150
3917
21496
11887
9423
22276
15866
3013
12622
6186
12607
19028
14953
5822
12243
5807
18649
5837
11430
24272
5054
17896
24284
16376
3523
6711
13132
16361
3508
9929
16740
3887
19973
7120
20000
7147
18093
5240
14890
2037
8443
7881
14302
20723
9511
15932
19161
6308
12729
4676
17529
11112
23965
11123
22187
9334
20557
7704
14125
21390
8537
18067
5214
11624
24477
8432
8421
21274
9823
3402
15890
3037
12601
19000
6147
18989
8789
15210
18439
5586
12007
7313
16972
4119
13668
20089
14062
17306
4453
17019
4166
10576
23429
17064
4211
7399
13820
10722
4301
20357
7504
19500
6647
13068
9835
3403
16256
9824
22677
14733
1880
21486
8659
21471
7937
14358
14369
1516
6296
19149
6307
8295
14727
1874
3487
16340
16351
3498
16310
7373
3198
9619
19269
6416
7565
13986
17230
4377
18322
5469
11890
15134
2281
2266
21529
8687
20674
7821
6224
5430
16620
3767
10188
19832
6979
13400
16603
11770
15981
8800
14424
8003
7988
1556
14409
22376
17585
20814
7961
14382
7965
20818
7976
15582
2729
2718
15571
22003
9150
2714
15556
2699
9109
21962
17170
4317
10738
4284
17126
8302
14723
17922
5069
24332
24679
11826
15341
2488
8898
21751
3792
16634
10213
8539
21392
9071
15104
2251
15335
2482
8903
20117
7264
13685
18520
5667
12088
18505
5652
5641
18494
8252
14673
8267
18281
5428
18270
10219
16651
3798
10208
23061
22417
19234
6381
19223
11227
24080
11238
4823
24097
11244
4812
17665
14458
1605
8026
20868
18701
15512
2659
9080
5847
12268
17504
4651
7839
14260
9533
3101
15954
3112
19138
6285
6274
19127
19153
6300
12721
1383
7804
13494
19911
7058
19900
1812
8233
22606
3800
3785
10206
19426
6573
16223
3370
18757
5904
12325
8187
8176
21029
9850
9074
16837
3984
10405
16038
3185
16023
3170
9591
19933
7080
13501
13507
18390
5537
18345
5492
5481
18334
24755
18255
5402
11812
24665
24706
11853
8635
2203
15056
21462
9397
22250
9408
15885
3032
19088
6235
4924
24187
8130
14551
8115
8104
20957
17667
4814
8017
8008
1488
7864
20706
11097
14315
7894
12998
19430
6577
16182
3329
9739
22592
3348
16201
16212
3359
9780
8207
21049
14639
1786
14562
16904
4051
16838
3985
23662
10809
13224
16468
3615
10036
14865
2012
14854
8448
16265
3412
9553
3132
3121
15974
16034
3181
9602
9536
22378
12769
11934
24787
4928
17770
14597
14608
1755
17125
4272
10583
23436
4203
10624
11344
24197
7078
13499
19092
6239
6228
19081
12660
15937
3084
7941
1520
4693
19862
7009
19851
5445
11866
3870
16723
10302
16734
3881
3851
3840
16693
18627
5774
16943
4090
10500
23353
10163
13366
11683
24536
19745
17447
17458
4605
6202
15811
16661
3808
7712
20554
14133
20520
7667
20509
7682
14103
18204
5351
8838
21691
8808
21661
13643
20064
16857
4004
10414
23267
16947
4094
11247
24100
17184
4331
23579
7549
13970
4376
23650
10797
7420
13841
7450
17103
4250
4239
17092
10671
23082
19879
18269
5416
2217
15070
15457
2604
9014
21867
2619
2608
15461
7494
5268
8456
14877
16271
3418
9839
14630
15519
2666
21830
4230
10651
13845
7439
10123
16555
3702
13311
22875
19698
6845
13266
10063
9792
23210
14508
1655
14442
1589
14431
14472
1619
8025
7995
5818
9173
22026
18864
6011
16485
3632
10053
16474
3617
22880
10023
10012
22865
19814
6961
6920
19773
18220
5367
16955
4102
10523
7263
20105
13699
10446
23299
9784
16216
3363
8088
20930
16913
4060
10481
10470
23323
7308
10367
3935
16788
19567
6714
19556
19639
6786
13218
365
9963
22816
22827
9974
9240
15672
2819
14926
2073
12077
5656
12062
19295
19306
6453
17220
4367
21170
8328
15978
3125
15306
15317
2464
7255
6384
6373
19226
19300
6447
12879
26
12838
15207
2354
8764
21617
7244
7229
13650
13418
4983
4972
17825
10551
23404
4163
17016
7434
18233
5380
18222
15045
2192
8613
6177
19019
6963
19816
8637
18287
5434
15090
2237
8658
18317
5464
15084
2231
15073
19881
7028
13449
5561
15922
19166
6313
19116
19157
6304
5685
18523
5670
12091
7282
17171
4318
4307
17160
2721
2710
15563
12375
18807
5954
13966
15989
3136
9546
22399
4289
17131
7522
6948
19801
3771
10192
16618
3765
16607
15662
2809
15651
15704
2851
9272
2496
21759
5789
18612
5759
15382
2529
15371
15412
2559
10613
8682
13464
10261
11254
24096
22405
17614
4757
24020
17691
4838
4808
4797
17650
18507
18518
5665
15232
18470
5617
12038
18455
5602
5591
18444
15282
2429
10408
16829
8274
8263
21116
17909
5056
11466
24319
8373
14805
1952
17963
5110
24373
4337
10758
4296
17149
10717
23570
2696
15549
6513
6502
19355
15283
2430
8840
21693
18483
5630
15430
2577
21840
5795
5784
18637
17855
6643
13064
17024
4171
23434
4175
17028
5810
5799
18652
12246
15460
2607
4202
17055
7431
13852
15576
2723
15856
3003
22266
9424
15871
3018
18316
5463
11842
13478
19910
7057
10218
19558
18005
5152
11562
24415
11573
11532
24385
15629
2776
9197
18847
5994
17193
4340
13964
17133
4280
10690
23543
13934
9587
22440
8004
7993
20846
9590
22443
16063
3210
9631
19251
6398
12819
19240
17100
4247
17089
23510
16303
3450
3439
16292
9860
22713
17139
4286
17128
7519
8316
14737
3489
16297
3444
22707
19297
6444
16079
3226
9647
19267
6414
6403
19256
5316
11737
6258
19070
18296
5443
15168
2315
15157
8736
7784
17464
4611
17419
4566
4555
17408
23829
14220
14392
20780
17597
4744
11165
17612
4759
11169
24022
11180
16270
3417
14323
1470
7792
4589
4604
11025
15200
3907
10317
23170
7955
7789
14210
17424
4571
17594
4741
22784
16374
3521
19562
6709
13130
5118
13103
17629
4776
4765
17618
7979
20821
11171
24024
4791
17633
11212
10806
23659
10817
19640
6787
13208
3558
16411
16437
3584
16426
10005
15960
3107
15949
19193
6340
12761
14596
8175
14592
1739
14581
21052
8199
14631
1778
17228
4375
9166
20393
7540
11060
23913
7898
8210
12297
15541
2688
15526
2673
9094
17165
4312
15100
2247
15228
2375
8796
18721
18732
5879
15529
2676
12270
18691
15538
2685
18741
5888
13864
7476
8068
14500
1647
14489
18541
5688
5677
18530
19428
6575
9778
11166
4730
11151
15741
2888
9309
7679
14100
18935
6082
12503
7755
14979
2137
5295
24558
7886
14307
14533
19416
6563
12980
127
12969
8067
14488
19350
6497
12918
16117
3264
22527
17726
4873
11294
8230
14662
1809
14651
9783
22636
17146
4293
13902
12459
14065
18885
6032
18874
9265
2493
15346
21767
10913
23766
9176
18802
5949
12370
2746
9167
18776
7334
13766
913
7319
16879
4026
23289
4451
23714
17349
4496
7678
10345
23198
3950
23213
16792
4034
4777
11198
14463
1610
8031
14712
3458
7945
14399
12238
18655
5802
18644
2656
16755
3902
3033
22296
17582
4729
17541
7917
14349
1496
20755
7902
8148
14580
1727
20990
17828
4975
8371
14792
14803
1950
5153
8341
14773
1920
1909
14762
17997
5144
17964
5111
11491
24344
1893
14735
13326
13359
6938
17412
4559
17356
23777
7747
14168
17397
4544
23818
10965
8283
16312
3459
9880
19530
6677
17050
7426
13847
12259
22727
19065
6212
19054
12633
15862
3009
15851
9430
7957
6360
7948
14345
17589
4736
8778
11966
5412
11833
11822
24675
8619
21472
16719
3866
5892
5881
18734
21788
8946
6967
19805
6952
13373
18223
5370
8562
21415
21426
8573
13454
3830
16672
10251
18356
18367
5514
18326
10273
23126
15136
2283
8704
8693
21546
11937
15405
8060
20902
14481
5678
12099
15337
2484
8905
18555
5702
18466
5613
12034
16977
4124
16966
10907
17354
4501
7674
20516
10866
23719
19998
7145
10262
23115
10303
11814
24667
7067
13488
23097
19892
7039
15860
3007
19063
6210
2420
8830
21683
18521
5668
18506
5653
12074
8874
21701
10387
16742
10310
23163
7193
19625
6772
19610
6757
13178
11486
24339
15328
2475
8885
21738
18576
5723
8962
7328
20181
20225
7372
7361
20214
13793
10549
23402
15401
2548
2537
15390
5740
18593
9057
21910
2647
18703
5850
19395
6542
19384
16207
3354
9775
9734
22587
2865
6059
18901
22134
9292
9296
22149
2886
18154
5301
11722
8462
14883
21304
18142
5289
13319
16548
3695
10116
18318
5465
11886
18234
5381
3784
6367
8424
9139
18751
12330
5909
7542
9347
22200
15779
17420
4567
10988
7785
11798
24651
15053
2200
8621
15042
6461
19314
16122
3269
19289
6436
19278
9669
9498
15408
2555
8976
15422
2569
15411
10543
23396
7381
13787
19619
6766
19608
6781
13202
22501
16091
3238
9644
6426
12847
11190
11223
8020
8823
11315
8097
14518
6482
12903
16147
3294
12937
16151
3298
16140
15834
2981
9391
22244
15900
3047
9468
17168
4315
10725
23578
7563
7541
9171
15603
2750
5953
16534
3681
10102
7811
14232
3460
9881
21586
8733
18383
5530
19956
7103
13524
23133
7088
12200
18621
10706
23559
15895
3042
15884
9463
22305
11126
7923
17591
4738
19203
6350
15946
3093
9503
22356
15961
3108
8842
21695
5650
5639
18492
8442
2021
8412
14833
7916
14337
8173
14594
11433
17865
5012
21068
8215
14650
1797
8218
21038
8185
11248
5486
5220
24483
18103
5250
11671
15121
2268
15110
11922
5501
3220
16073
16114
3261
11282
14390
1537
7913
7928
9522
17988
14811
1958
8379
5095
24358
19613
6760
16380
3527
17968
5115
17957
17998
5145
16625
23057
10204
3828
3813
10234
7031
16289
3436
3425
16278
6654
13075
19511
6669
17886
5033
11454
17875
16586
3733
23007
10154
5307
11717
24570
8555
8514
21367
11428
17830
4977
11387
24240
17794
4941
11362
11351
24204
3377
9798
14129
6144
14162
7741
17376
4523
10944
2069
8490
21332
19660
6807
18085
11664
8446
21288
14867
2040
8461
18081
5228
11638
24491
18070
7350
13771
19162
6309
12730
15908
3055
15897
3040
22303
15132
2279
8700
2294
11784
24637
15039
2186
2175
15028
16630
3777
10187
23040
14921
14947
2094
2083
14936
8515
11718
5282
18124
8247
17840
4987
11397
24250
17844
16695
3842
19898
7045
19883
7030
13451
19857
10230
10316
18312
5459
18301
15139
2286
18297
5444
11854
24707
6817
6806
19659
3358
9779
19399
6546
4570
10980
23833
7812
14233
14274
1421
10989
23842
17623
4770
11191
17617
4764
9621
12824
18130
5277
11698
11687
24540
2078
14931
18664
5811
12232
10635
7408
13829
4190
17032
23438
9174
22027
15621
14942
8119
4916
14525
10569
17005
5778
13002
9814
12745
19144
6291
19133
4403
10824
23824
9407
22260
17164
4311
10732
17134
4281
10691
23544
4344
17120
8134
20976
4931
17281
4428
23691
17347
4494
10915
16131
3278
7332
15547
15543
2690
9100
21953
5548
8791
21644
15234
2381
23142
16747
3894
16831
3978
20034
7181
11659
3012
15865
9444
15664
2811
2796
17196
4354
7557
5088
19776
6923
16573
3720
16562
7946
14367
9499
22352
19190
6337
8884
21696
3305
6368
19221
16447
3594
10004
22857
10015
3564
16406
14850
1997
19476
6623
3364
16217
22638
8253
14685
1832
16981
4128
7316
7305
20158
15318
2465
8886
8875
21728
7205
13637
784
18482
5629
15279
2426
10465
7232
7262
16871
18461
5608
15247
5173
18015
16400
3547
16389
13186
16430
3577
3562
9983
11598
7525
17175
4322
17118
4265
10686
17107
7772
14193
7761
20614
7787
20629
14208
14226
17497
4644
8400
8389
21242
19647
6794
6783
19636
6809
13230
7854
20696
15916
3063
12702
17513
4660
11081
8434
20772
7919
17558
17588
17599
4746
18430
5577
13562
20009
7156
16806
3953
15998
9566
22419
19242
6389
12810
18389
5536
11957
8724
8713
21566
16825
3972
8719
21572
9052
21905
18755
5902
12323
10918
16523
3670
4050
10471
8168
20980
17779
4926
17768
3061
22324
4968
23462
16823
3970
15226
2373
11941
24794
15185
13552
19969
7116
19958
19999
7146
6620
13041
6605
16285
3432
14680
8259
22674
9821
16930
4077
10498
18747
18788
5935
15544
18469
5616
12037
10919
23772
7622
14043
20464
19687
6834
13255
10061
17210
4357
10778
23590
7575
15407
2554
15396
15203
2350
6098
12519
4799
8337
5164
1946
8367
19626
6773
13194
16423
3570
16412
9991
22803
19154
6301
12722
9515
22368
19191
6338
12759
13191
19597
17919
5066
11476
24329
5123
11544
18478
12057
18416
5563
5552
18405
8117
14549
1696
14538
8063
8052
20905
17743
4890
6954
13375
16604
3751
10161
23014
16593
10172
16578
18243
5390
14474
1621
17632
4779
11189
24042
11215
17636
17662
4809
24072
11230
15780
2927
9348
6602
13023
9805
9794
22647
10095
14957
14987
14998
2145
15253
2400
8821
1954
4335
23598
15624
2771
15613
19520
6667
13088
8332
17967
5114
11535
15394
12711
9482
22335
15355
8934
18573
12152
18584
5731
13758
7337
11693
13290
6884
18460
5607
12028
5622
7676
1255
7646
14067
10823
23676
17668
4815
11236
17653
4800
11221
24063
17322
4469
10875
6045
18887
15695
2842
15725
2872
8237
13028
19445
6592
19434
16242
3389
16231
17122
4269
17111
7502
7463
17143
4290
13899
13384
15307
2454
18495
5642
12063
17898
5045
17887
11485
24338
17928
5075
14684
7872
14293
7887
14158
8190
8179
21032
7155
13576
7698
20540
14119
7710
14131
20552
8646
15048
2195
15037
8605
21458
5596
18438
15094
2241
8662
15088
2235
21509
8656
13210
19642
6789
9248
15115
2262
18273
5420
24683
3875
23138
16717
18038
5185
24448
18552
5699
15334
2481
21744
10599
23452
7449
13870
9727
9716
22569
19407
6554
9871
22724
16314
3461
16344
3491
17723
4870
17712
17753
4900
8073
3247
16115
3262
16104
9713
16145
3292
19318
6465
12901
8246
14667
8449
5201
4012
23275
16910
4057
16794
7170
13591
21790
8937
21749
13467
4686
11107
17554
4701
17524
4671
7904
17801
4948
11369
11358
24211
17867
5014
11435
20835
7982
20824
19304
6451
13768
915
7291
23336
7090
13496
19654
6801
19554
6701
13188
19620
6767
19605
6752
13173
3549
9970
11006
7803
7272
7261
20114
4084
16926
10505
2924
9345
18965
6112
7483
13457
7042
19865
7012
19854
11447
24300
11458
11644
19869
7016
19828
3228
9649
9828
13031
16190
22596
19767
6914
18151
5298
21313
12458
9255
17709
4856
19339
6486
12907
19354
6501
3693
16513
3660
10081
5018
17927
5074
8251
21104
9898
15077
2224
15032
2179
21442
8601
21454
8612
18832
5979
10693
23546
7501
17181
4328
9331
17285
4432
4387
7620
14041
18646
5793
9761
9750
22603
3394
22657
15192
2339
15222
2369
20075
5382
18194
8567
3174
9595
12789
17868
5015
24278
13292
6871
16491
3638
16431
3578
9988
22841
14856
8465
21307
14897
2044
20676
7823
14244
2988
15841
23925
4662
8011
24429
4618
17460
17501
4648
6374
12795
6587
13008
19429
14974
2121
8531
21384
8542
15924
3071
16763
3910
10331
13534
6968
2102
14944
18550
5697
12118
21768
8915
15331
2478
8888
21741
18181
5328
18247
5394
15014
2161
18061
5208
17562
4709
17551
20795
7942
8440
18060
5207
11617
24470
22913
5539
24813
11960
2310
15163
8181
14613
1760
17831
4978
17820
17850
5008
19374
6521
12942
16612
3759
13341
16403
3550
9960
22813
13204
19651
6798
19231
6378
16028
3175
19216
6363
12784
13244
6823
16419
3566
4180
17018
4165
10575
23428
7383
19602
6749
19764
6911
13332
10144
3723
16774
7165
15206
2353
9544
22397
9555
6322
19164
8529
14961
2108
14920
2932
19617
6764
7832
3334
22608
9755
7775
14196
10993
11267
14470
9680
16112
3259
9624
22477
9701
8047
20889
17697
4844
17686
19621
6768
13189
9370
18990
6137
12591
16181
3328
6520
19373
8152
14573
8182
14603
14614
1761
12807
17567
4714
11124
23977
18851
5998
18840
2780
9201
22043
2795
8296
17931
5078
11499
3451
9861
22714
6699
21009
8197
6413
20833
7980
14412
1559
4747
11168
17570
4717
11127
23980
17749
4896
22508
19346
6493
18024
5171
18028
5101
24364
5116
17958
14823
1970
8361
14793
1940
14782
14797
8376
16386
3533
9954
9943
22796
19604
6751
8941
17273
4420
7623
7608
14029
18858
6005
15670
2817
15659
22080
19541
6688
13109
3500
16338
3485
9906
21177
8324
1903
14728
8307
14995
2142
5315
5605
16504
3651
10072
19695
6842
16477
3624
22898
10045
9908
16355
3502
1787
8239
5036
17859
5006
17848
4692
18615
15453
2600
17048
4195
16982
4129
17550
4697
11118
7900
14321
17565
4712
8827
8816
21669
16957
4104
10514
23367
16987
4134
10555
10570
17002
4149
18588
18599
5746
7486
13907
5558
24821
18426
5573
5562
18415
13336
3682
10103
10092
22945
16968
4115
10536
7348
10566
16998
4145
3211
22485
9632
4751
24014
7969
20811
12059
8065
5891
12312
7455
13876
20297
10658
23500
6273
19126
6284
9487
19122
6269
12690
7457
14980
2127
12682
15911
3058
3088
15640
9219
9178
22031
4888
11298
24151
8136
11324
4903
4892
17745
8114
1693
14535
15690
2837
9258
22085
12461
15759
2906
18947
6094
18936
12515
10518
23371
10529
4123
7326
17080
4227
2848
18863
6002
12423
9220
18219
5366
24629
2163
18267
5414
18237
5384
13531
3892
16545
3692
10113
19706
6853
17517
4664
14303
8226
14647
16032
3179
9589
22442
6899
19741
8281
21134
11525
11028
20667
14246
7825
5092
8221
14642
11398
24251
21093
21345
11680
24533
14372
1519
7940
7910
7899
20752
17575
4722
11143
19986
7133
16739
3886
10307
7074
19916
11877
8674
18193
5340
11761
18178
5325
18167
21493
2245
2234
15087
11858
24711
8311
14732
10755
23608
14014
7593
22016
2783
9204
20412
7559
20401
4419
17272
15666
15692
2839
9260
20877
19313
6460
12896
8165
14586
7406
6143
17851
4998
6628
13049
16263
3410
12587
15801
2948
15790
6181
20595
7742
17348
4495
7258
20100
13679
19390
6537
10175
16622
3769
14750
1897
17908
5055
11465
24318
8414
18064
5211
18053
14906
2053
2057
14910
8504
11186
6518
12939
22323
19120
12464
16945
4092
10502
23355
18617
5764
12185
8982
17155
17166
4313
17278
4425
7613
14034
14049
7628
5651
12072
3507
9917
22770
3537
9958
7234
13655
7249
16854
4001
10411
23264
6371
12792
11372
24225
4951
17804
17800
4947
11357
24210
17493
4640
11050
23903
13240
16454
3601
3590
16443
19696
6843
6828
13249
4489
10910
17357
4504
17312
4459
23722
18942
6089
18931
23740
7725
14255
7849
4616
11011
23864
16080
3227
3216
16069
8978
17913
5060
11470
24323
8293
18810
12404
17817
4964
11374
24227
17338
4485
10906
7662
20515
14109
17972
7223
5814
12235
17920
5067
24330
11488
1873
8294
10495
23348
16988
4135
23398
13789
7356
16995
17006
4153
20286
15419
2566
12205
14654
1801
8222
17842
4989
8249
10007
11627
24480
18100
5247
11668
2059
11099
6233
16733
3880
7068
13489
16718
3865
10286
9843
22696
9676
16585
3732
16574
10183
3762
19330
7895
7884
20737
8496
11681
17514
4661
11082
19565
6712
9930
6742
2786
22049
18872
6019
12440
17254
4401
10811
23664
7649
6276
19099
6246
9709
22562
16156
17718
4865
17688
4835
11256
4824
17677
4806
17758
4905
11326
14529
19358
6505
12926
16456
3603
4461
10882
19915
7062
13483
7051
19904
16711
3858
23121
16142
3289
6492
5706
12127
6262
12683
3990
7208
16911
4058
7195
7184
20037
18674
5821
10810
19759
6906
14896
2043
21306
20146
4176
10281
10028
3607
13231
19663
6810
15920
3067
8335
9357
15804
2951
11295
10604
17036
4183
7386
13803
12474
20278
7425
12255
15484
2631
7579
9421
22274
6259
11972
24825
8795
18244
5391
8964
7343
13764
20170
17009
10588
2227
8648
2242
7333
20175
17013
4160
18512
5659
18501
16509
3656
10077
16524
3671
17943
5090
11500
24353
8290
8279
21132
14036
7615
19068
6215
12678
5159
5522
24785
18829
5976
6000
12421
2340
21603
2421
15218
8786
21639
15448
2595
9005
21858
10822
23675
7200
2380
21654
8801
16818
3965
10375
23228
4070
16923
10508
7275
7936
2810
16161
3308
9729
16598
3745
10166
23008
6707
16357
3504
16495
8105
14526
8090
13313
16889
7250
15267
2414
21677
7137
13558
18385
13401
5371
8544
8533
21386
2222
8632
21485
10611
23464
18094
17117
4264
10685
7467
13888
7633
14054
4415
14711
1858
9547
16660
3807
15578
2725
18781
5928
5913
12334
15462
2609
9019
21872
2495
15348
22563
10660
3064
16274
3421
6639
13060
7817
17065
4212
17054
10607
23460
15454
9033
21845
11700
14914
2061
14903
18106
9082
21935
15525
2672
19627
6774
9936
22789
7600
20442
19036
6183
19025
7837
17472
4619
11040
17478
4625
14234
17463
4610
11020
23873
11031
17021
4168
12201
19860
7007
11953
12844
6423
17679
4826
12779
7922
14343
9441
22251
16206
19409
7273
13694
4334
6586
7643
12452
14264
11024
23877
19121
6268
12689
3008
9418
22271
19265
6412
19254
4908
8678
19901
7048
13469
18289
5436
18278
5451
11872
9277
17981
5128
17970
8346
14778
1925
14767
17993
5140
24403
21410
18830
5977
18800
5947
18789
17236
4383
10804
17251
4398
19135
6282
19124
9818
22671
19498
6656
6549
11263
24116
16804
3951
19974
7121
13542
10339
15150
2297
18353
5500
15159
2306
18945
6092
5517
11923
17584
4731
11141
23994
16141
3288
22551
8085
7551
4333
10743
23596
15611
15643
2790
5993
5963
9187
15589
2736
21999
17234
4381
10802
19349
6496
4223
23486
18695
15836
2983
12592
11047
23900
17490
4637
19048
6195
19037
11080
18859
6006
12427
9233
18877
6024
12445
18892
6039
18823
5970
12391
4361
23624
17259
4406
8053
9641
16082
3229
9650
15220
2367
8777
21630
7257
14086
5038
11459
8256
17876
5023
8241
8265
17900
5047
11468
16264
3411
3456
16279
3426
9847
11328
24181
20006
7153
16907
4054
16874
4021
10431
23284
4007
16849
16875
4022
10443
4393
10814
16378
3525
9946
9916
22758
14822
1969
17939
17308
4455
17297
20398
10789
8431
14852
18087
5234
19105
6252
24178
7157
13578
16822
3969
18726
5873
15514
2661
15499
2646
9067
17078
4225
10646
8710
8680
15112
2259
21522
16778
3925
7128
16808
3955
19701
6848
18083
5230
18072
8478
17202
4349
9129
21982
6174
12595
19012
6159
15807
5745
12166
8972
5712
17351
4498
10908
23761
7731
14152
7808
14229
7888
14320
1467
14279
17484
4631
19258
6405
9597
22450
8385
14045
8309
1888
21151
14786
1933
11501
24354
15102
3517
14678
19513
6660
13081
21926
9073
18556
5703
18545
3743
14149
17405
4552
10973
17375
4522
10932
23785
13364
17119
4266
17095
4242
23505
10663
7460
17225
4372
23635
10793
7590
17167
4314
10735
19835
6982
13403
16617
3764
16597
19826
6973
13394
19800
3821
7024
17301
4448
10858
23711
17331
4478
10899
22078
7705
18108
8508
2072
11720
8058
14479
3983
23246
20962
8109
11312
19484
6631
6565
17380
4527
10948
20202
7349
13770
18817
17302
4449
10870
8232
14653
17852
4999
11409
24262
17882
5029
11450
17849
4996
17838
13356
17334
4481
17323
15782
2929
9350
18985
6132
12553
19018
6165
15815
2962
6135
4262
10683
3082
22345
15745
2892
9313
2307
15149
8702
21555
3904
10299
23152
10400
14469
17674
4821
9830
14380
19510
6657
19499
8327
14759
1906
14748
5136
11557
17974
5121
12372
7515
11094
8007
20849
9593
22446
9004
12207
18613
18684
5831
9170
22023
18139
5286
11561
24414
10794
23647
14083
7677
2917
16817
3964
14295
1442
18943
6090
9284
5468
18310
9330
9922
5083
5098
11519
17771
5192
18034
14840
3920
10330
23183
15176
2323
19329
6476
12908
55
8028
14449
17720
4867
21080
8227
19477
6624
13045
2498
24744
21559
20036
7183
13604
8807
16003
3150
9560
22413
16102
3249
17987
5134
11540
16322
11543
24396
18001
5148
11569
17626
4773
11194
8006
1585
18567
5714
18537
5684
5673
18526
13744
16466
3613
10034
17239
4386
10807
18902
6049
8248
9771
22624
9782
3331
16173
9741
22594
8994
15415
18620
5767
18609
19471
6618
13039
7930
14351
24087
23613
7610
14031
8638
19043
6190
15799
19010
6157
12578
6797
18842
5989
11799
18246
5393
8587
16550
3697
10107
22960
7018
5634
12055
13625
10381
23234
3207
9617
22470
4950
18225
5372
11782
24635
8665
16694
3841
6114
19501
6648
19435
6582
19424
15092
19894
7041
15169
2316
15773
2920
9341
19466
6613
3222
4035
23298
4053
10474
10463
23316
4068
4825
14473
4042
16884
8095
14527
1674
20937
11313
17734
6555
3367
9788
14996
2143
8564
10090
22943
15428
9022
18970
6117
18428
5575
11996
5757
12178
5742
7375
954
16965
4112
10522
23375
3345
19491
6638
5841
15491
2638
10623
7438
6684
19537
19614
6761
8878
21731
18000
5147
1854
7651
17341
4488
17330
14454
1601
5886
8150
8120
14552
1699
19469
6616
15314
2461
8871
21724
21908
17748
4895
24158
7301
20143
16936
4083
23346
8203
2317
8753
9455
22308
19114
19583
6730
6715
13136
18580
5727
18394
2391
8812
24782
17710
4857
6400
17579
5595
18448
24854
10404
23257
18543
5690
14445
17639
7991
4820
7238
16861
4008
23271
7241
13662
22076
7670
14091
16209
3356
9777
16113
3271
16094
3241
6821
9979
6776
19618
17211
4358
10779
15627
2774
15616
12413
17215
4362
17204
7640
5572
11982
24835
7999
14420
15984
3131
9541
22394
3161
21492
9479
22332
7171
20013
16851
3998
18403
5550
7591
7561
21967
4364
17206
10800
15591
9747
18814
5961
18803
15683
2830
9251
18291
5438
18280
17509
4656
11077
4939
11349
24202
8528
21381
12617
5647
18489
16870
4017
23280
8092
14524
1671
14513
18560
5707
9939
22792
17179
4326
10736
23589
7100
10318
6754
16599
3746
16588
18796
5943
12364
2535
15377
22643
8204
5715
4121
6917
19836
6983
10953
16980
4127
10537
23390
8330
14751
11436
24289
19858
7005
12584
4563
15753
2900
15742
10880
23733
14966
6579
13000
13800
16579
4639
19056
6203
17516
4663
7866
3815
10236
14305
4657
17499
14934
6107
18949
19411
6558
7355
18572
5719
10501
7292
3307
3296
16149
17739
4886
24149
17252
4399
8606
21459
3038
20245
9866
15700
2847
9283
16845
12054
8866
7512
17138
4285
19523
6670
13091
16296
3443
21416
8439
17172
4319
23582
9725
9582
22435
16801
3948
23211
7126
13547
11160
24013
4795
6344
12765
16881
4028
23291
19377
6524
12945
4840
11250
24103
19332
6479
15481
9049
21902
18033
5180
11690
4863
17705
4893
6457
12878
15580
2727
17400
4547
10957
23810
7765
7342
20184
9193
15721
2868
18924
6071
5800
18623
5770
21773
15858
3005
9426
15802
2322
11110
15934
3081
9502
15877
3024
22254
2717
15559
13472
14716
1863
14705
16658
3805
17455
4602
16979
4126
10547
24839
3942
23205
15231
2378
2423
8844
11489
24342
15631
2778
9199
5885
5874
18727
24285
7949
14370
18042
5189
16675
3822
16664
15076
15881
3028
18236
5383
14199
18252
5399
18241
3802
16644
11119
13879
2864
11013
8144
20986
13110
19563
6710
18395
5542
11952
24805
12366
7939
1518
17533
7966
14398
1545
7951
8954
9324
4887
19370
6517
15653
2800
16358
3505
9926
3520
9362
22215
9380
22233
13095
1817
7566
2564
7388
14545
1692
8540
16572
3719
10140
12110
16993
4140
2505
19932
7079
18546
5693
12114
3347
23791
17775
4922
17764
14350
1497
20715
16786
3933
10354
16395
3542
10614
23467
17109
8387
14819
1966
19299
6446
19288
22055
11614
24467
18388
5535
24798
17625
7700
8171
18391
15534
16086
3233
9643
22496
16138
23809
7914
14335
7929
11599
18673
5820
12241
10659
10191
23044
15477
2624
9034
21887
17194
4341
10762
18032
5179
4274
17116
16450
3597
16439
12302
7889
20731
14384
1531
3050
9460
22313
11955
5640
4016
10437
7192
13613
7681
7627
14048
18850
5997
19731
6878
3242
16084
15972
3119
9529
22382
8784
16461
3608
7572
12094
17417
4564
17384
4531
10941
23794
17450
4597
11018
6194
12615
19788
4706
23969
22007
18669
5816
17789
4936
10066
8142
14563
18603
5750
12171
5424
11834
24687
16779
3926
10126
22979
19413
6560
14997
2144
8554
21407
11879
22258
18657
5804
16996
4143
10553
23406
9858
19490
6637
15593
2740
13438
585
16641
3788
