16383
16380
16378
16375
16374
16373
16371
16370
16369
16368
16367
16366
16365
16364
16362
16361
16360
16359
16358
16357
16355
16354
16350
16346
16345
16344
16341
16338
16337
16336
16334
16333
16332
16331
16330
16328
16326
16323
16322
16321
16319
16317
16316
16308
16305
16304
16303
16302
16301
16300
16297
16296
16295
16290
16289
16285
16284
16282
16281
16280
16279
16278
16277
16276
16275
16272
16270
16269
16268
16265
16264
16263
16261
16260
16259
16256
16255
16253
16251
16250
16249
16248
16247
16246
16245
16243
16242
16240
16239
16238
16237
16234
16231
16226
16224
16223
16222
16219
16218
16216
16215
16212
16208
16207
16205
16204
16203
16201
16200
16197
16195
16193
16192
16190
16187
16186
16185
16184
16183
16180
16178
16176
16175
16173
16172
16171
16170
16169
16168
16167
16166
16161
16159
16157
16154
16153
16151
16149
16147
16145
16142
16139
16138
16134
16133
16132
16131
16129
16126
16125
16124
16118
16117
16116
16112
16110
16106
16105
16104
16103
16101
16100
16099
16098
16095
16094
16092
16090
16089
16088
16087
16085
16084
16083
16080
16078
16077
16076
16073
16070
16069
16065
16059
16058
16057
16056
16055
16053
16052
16050
16047
16045
16044
16041
16040
16039
16038
16036
16035
16031
16030
16027
16024
16023
16022
16017
16016
16015
16013
16012
16010
16009
16003
16002
16001
16000
15999
15993
15991
15990
15989
15988
15986
15984
15982
15981
15975
15970
15969
15968
15967
15966
15965
15961
15959
15958
15954
15953
15952
15951
15950
15949
15948
15947
15943
15942
15940
15938
15937
15936
15935
15934
15933
15929
15928
15927
15925
15924
15922
15921
15920
15919
15915
15914
15912
15911
15910
15909
15908
15907
15903
15902
15900
15896
15895
15893
15892
15891
15890
15889
15888
15883
15882
15881
15880
15878
15877
15875
15874
15873
15872
15868
15867
15865
15864
15862
15861
15858
15857
15855
15852
15851
15850
15849
15847
15845
15842
15841
15840
15838
15837
15834
15832
15831
15830
15829
15828
15827
15824
15823
15822
15821
15819
15818
15816
15815
15812
15811
15809
15808
15807
15805
15804
15802
15800
15799
15795
15794
15792
15791
15790
15788
15786
15785
15783
15782
15781
15779
15778
15776
15774
15773
15772
15771
15767
15764
15763
15762
15761
15760
15758
15756
15754
15753
15751
15747
15746
15745
15740
15738
15737
15736
15730
15729
15728
15727
15726
15725
15724
15723
15719
15714
15713
15710
15709
15708
15705
15703
15702
15701
15700
15699
15696
15694
15693
15692
15689
15688
15687
15685
15683
15680
15679
15678
15676
15675
15674
15670
15668
15665
15664
15660
15659
15658
15657
15656
15654
15650
15649
15647
15645
15643
15642
15641
15640
15639
15636
15634
15633
15632
15630
15629
15622
15621
15619
15618
15617
15616
15614
15613
15612
15609
15607
15604
15602
15601
15600
15598
15597
15594
15590
15588
15587
15584
15581
15579
15577
15574
15573
15572
15571
15570
15563
15562
15560
15557
15553
15551
15550
15549
15546
15545
15542
15541
15540
15539
15536
15535
15534
15533
15532
15531
15529
15527
15526
15525
15522
15519
15517
15514
15513
15512
15511
15509
15506
15505
15502
15501
15497
15496
15495
15492
15491
15489
15486
15484
15481
15480
15477
15475
15470
15466
15417
15414
15404
15401
15399
15389
15376
15372
15371
15367
15342
15334
15320
15306
15291
15270
15256
15255
15218
15187
15180
15173
15163
15158
15153
15141
15125
15092
15085
15077
15064
15046
15036
15025
15020
14985
14978
14976
14970
14966
14959
14947
14908
14904
14898
14893
14880
14848
14842
14832
14817
14804
14777
14770
14767
14765
14752
14740
14736
14727
14717
14713
14711
14686
14682
14644
14635
14627
14617
14597
14591
14579
14570
14544
14542
14530
14522
14492
14486
14475
14474
14447
14429
14417
14406
14398
14390
14375
14355
14349
14341
14334
14324
14317
14283
14273
14268
14264
14252
14238
14233
14230
14222
14212
14209
14203
14193
14186
14175
14166
14164
14150
14144
14141
14128
14126
14113
14110
14104
14098
14076
14067
14053
14045
14034
14023
13985
13981
13961
13959
13935
13930
13922
13912
13908
13903
13891
13873
13868
13860
13848
13843
13835
13821
13818
13816
13806
13804
13802
13788
13782
13779
13753
13752
13738
13732
13731
13719
13713
13709
13698
13689
13675
13672
13667
13655
13650
13649
13636
13627
13604
13586
13578
13568
13558
13555
13529
13522
13518
13513
13507
13501
13475
13470
13459
13453
13442
13414
13408
13402
13393
13376
13369
13363
13362
13347
13345
13337
13336
13326
13315
13281
13274
13266
13260
13242
13239
13233
13231
13213
13200
13198
13197
13190
13179
13176
13170
13167
13152
13144
13135
13109
13102
13087
13085
13084
13064
13039
13011
12998
12996
12993
12978
12949
12930
12927
12920
12892
12882
12869
12850
12848
12846
12845
12841
12840
12838
12837
12836
12834
12833
12831
12829
12828
12826
12825
12823
12821
12818
12817
12816
12815
12814
12813
12812
12811
12810
12809
12808
12807
12805
12804
12803
12802
12800
12799
12798
12796
12795
12791
12790
12789
12788
12787
12785
12784
12783
12781
12780
12779
12778
12777
12776
12775
12773
12772
12771
12770
12766
12765
12763
12761
12758
12757
12755
12754
12753
12752
12751
12750
12749
12748
12746
12745
12744
12743
12742
12741
12740
12739
12738
12736
12735
12734
12733
12732
12731
12729
12728
12727
12726
12725
12723
12722
12717
12716
12715
12714
12711
12710
12709
12708
12707
12706
12705
12703
12702
12701
12700
12698
12696
12695
12694
12693
12690
12689
12688
12686
12685
12684
12683
12681
12680
12677
12676
12675
12674
12673
12672
12671
12670
12669
12664
12662
12661
12660
12659
12658
12656
12655
12652
12651
12650
12649
12648
12647
12646
12644
12643
12641
12640
12638
12635
12633
12632
12631
12630
12629
12627
12625
12622
12621
12619
12618
12616
12615
12613
12610
12607
12605
12602
12601
12600
12596
12595
12594
12593
12592
12591
12590
12589
12588
12585
12583
12582
12581
12580
12577
12576
12575
12573
12572
12571
12570
12569
12568
12566
12565
12563
12559
12557
12556
12555
12554
12553
12552
12550
12549
12548
12547
12546
12545
12544
12543
12542
12541
12538
12536
12534
12533
12532
12531
12530
12529
12527
12526
12524
12521
12520
12519
12518
12517
12516
12515
12514
12511
12510
12509
12508
12506
12505
12504
12503
12502
12501
12500
12499
12498
12497
12496
12495
12492
12489
12487
12486
12485
12483
12482
12481
12480
12479
12478
12476
12474
12472
12471
12470
12467
12466
12464
12461
12460
12458
12454
12452
12449
12448
12447
12446
12443
12442
12440
12438
12437
12436
12435
12431
12430
12428
12427
12425
12424
12423
12422
12421
12420
12418
12417
12416
12415
12412
12411
12410
12407
12406
12405
12404
12403
12402
12401
12400
12398
12397
12396
12395
12394
12393
12392
12391
12390
12389
12388
12387
12386
12383
12382
12381
12380
12379
12378
12375
12373
12370
12368
12367
12364
12363
12361
12360
12358
12357
12356
12355
12354
12353
12352
12351
12350
12349
12347
12346
12344
12343
12341
12340
12336
12335
12334
12332
12331
12329
12328
12327
12326
12325
12324
12323
12320
12319
12317
12316
12313
12312
12309
12308
12307
12306
12305
12304
12303
12301
12300
12298
12297
12296
12294
12293
12291
12290
12289
12287
12285
12284
12283
12282
12281
12280
12279
12277
12274
12273
12272
12271
12270
12269
12268
12267
12266
12265
12264
12262
12261
12260
12259
12258
12257
12256
12255
12253
12252
12251
12250
12248
12247
12245
12243
12242
12241
12239
12238
12237
12236
12235
12233
12232
12231
12230
12228
12227
12226
12225
12222
12220
12219
12218
12217
12216
12214
12213
12210
12209
12208
12207
12206
12202
12201
12199
12198
12196
12195
12194
12193
12191
12190
12189
12186
12185
12182
12181
12180
12179
12178
12176
12175
12174
12171
12170
12169
12168
12167
12166
12164
12163
12162
12161
12159
12157
12156
12153
12152
12149
12148
12147
12144
12141
12139
12138
12137
12135
12134
12133
12130
12129
12128
12127
12126
12125
12124
12123
12122
12119
12118
12117
12116
12115
12113
12112
12111
12110
12109
12108
12107
12106
12105
12103
12102
12101
12100
12099
12096
12095
12094
12093
12091
12089
12088
12087
12086
12085
12081
12080
12079
12077
12075
12074
12073
12072
12071
12070
12069
12068
12066
12063
12061
12060
12059
12058
12057
12056
12055
12054
12053
12051
12050
12047
12046
12044
12042
12041
12040
12038
12037
12036
12034
12032
12030
12028
12026
12025
12024
12023
12022
12021
12019
12018
12014
12013
12010
12008
12007
12006
12005
12004
12003
12002
12001
11999
11996
11993
11992
11990
11989
11988
11987
11986
11985
11984
11983
11981
11980
11978
11977
11976
11975
11974
11973
11972
11971
11970
11969
11968
11966
11965
11964
11961
11960
11959
11957
11956
11955
11954
11950
11949
11948
11946
11945
11944
11943
11942
11941
11940
11938
11936
11935
11934
11932
11931
11930
11929
11928
11927
11926
11925
11924
11922
11920
11919
11918
11916
11915
11914
11912
11911
11909
11908
11907
11906
11905
11903
11901
11899
11898
11897
11895
11894
11893
11892
11891
11890
11888
11887
11885
11884
11883
11882
11880
11879
11878
11877
11876
11875
11872
11870
11866
11864
11863
11861
11860
11859
11858
11857
11855
11854
11851
11850
11849
11848
11847
11846
11845
11844
11841
11840
11839
11838
11837
11835
11834
11833
11832
11830
11829
11827
11826
11825
11822
11821
11820
11819
11818
11817
11816
11814
11813
11812
11811
11810
11807
11806
11805
11804
11803
11802
11801
11800
11799
11798
11797
11796
11795
11794
11792
11790
11789
11788
11787
11784
11783
11782
11779
11777
11776
11775
11773
11771
11770
11769
11768
11767
11766
11765
11764
11762
11760
11759
11758
11757
11756
11755
11754
11753
11752
11751
11750
11748
11746
11745
11743
11741
11740
11739
11738
11736
11735
11734
11732
11730
11729
11728
11727
11726
11725
11724
11723
11722
11721
11720
11719
11718
11716
11715
11714
11713
11712
11710
11709
11708
11707
11704
11702
11701
11700
11698
11696
11695
11692
11691
11690
11689
11688
11687
11686
11683
11682
11681
11680
11679
11678
11677
11676
11675
11674
11673
11672
11671
11670
11669
11668
11667
11666
11663
11662
11661
11659
11658
11657
11656
11655
11654
11653
11652
11651
11650
11649
11648
11647
11646
11645
11644
11642
11641
11640
11639
11638
11637
11636
11635
11633
11632
11631
11629
11628
11626
11625
11623
11622
11619
11618
11617
11616
11615
11614
11613
11612
11611
11607
11606
11605
11604
11603
11601
11600
11598
11595
11594
11588
11587
11586
11585
11584
11583
11582
11581
11580
11578
11577
11574
11573
11571
11570
11568
11566
11565
11564
11563
11562
11560
11558
11557
11555
11553
11552
11551
11549
11548
11546
11545
11543
11542
11541
11540
11539
11536
11535
11534
11533
11532
11531
11530
11527
11526
11525
11524
11522
11521
11518
11517
11515
11514
11513
11512
11510
11509
11508
11507
11506
11505
11504
11503
11502
11501
11500
11497
11496
11495
11494
11493
11492
11491
11488
11487
11486
11485
11484
11482
11481
11480
11478
11477
11476
11474
11473
11472
11470
11469
11468
11467
11466
11465
11464
11463
11460
11459
11458
11457
11456
11455
11454
11453
11452
11451
11450
11449
11448
11446
11445
11442
11441
11440
11439
11438
11437
11436
11435
11434
11433
11430
11429
11427
11425
11424
11423
11422
11418
11417
11414
11413
11412
11410
11408
11407
11406
11405
11403
11401
11400
11399
11398
11396
11395
11392
11391
11390
11389
11388
11387
11386
11385
11384
11383
11382
11381
11380
11379
11378
11374
11371
11370
11366
11365
11364
11363
11362
11361
11357
11356
11354
11353
11352
11351
11348
11347
11346
11344
11343
11339
11338
11337
11335
11334
11332
11330
11329
11328
11327
11325
11323
11322
11321
11320
11319
11318
11317
11315
11313
11312
11311
11309
11308
11307
11305
11303
11302
11301
11299
11298
11297
11296
11294
11292
11291
11288
11287
11286
11285
11284
11283
11282
11281
11279
11278
11277
11276
11275
11274
11273
11272
11270
11269
11268
11267
11265
11264
11263
11261
11260
11259
11255
11254
11253
11251
11250
11249
11247
11246
11245
11244
11241
11240
11238
11235
11234
11233
11230
11229
11228
11227
11226
11224
11223
11221
11220
11219
11218
11217
11216
11215
11214
11212
11211
11209
11208
11207
11206
11205
11204
11203
11202
11200
11199
11198
11196
11193
11192
11191
11190
11189
11187
11185
11184
11183
11182
11181
11180
11179
11178
11176
11175
11174
11173
11172
11171
11170
11169
11168
11167
11166
11165
11164
11160
11158
11157
11155
11154
11153
11152
11151
11150
11149
11148
11147
11144
11143
11142
11140
11139
11138
11137
11136
11134
11133
11132
11130
11129
11128
11127
11126
11125
11123
11122
11121
11120
11119
11117
11116
11115
11114
11113
11110
11108
11107
11106
11105
11104
11102
11099
11098
11096
11095
11094
11093
11092
11091
11090
11089
11088
11087
11086
11082
11081
11079
11078
11077
11076
11075
11073
11072
11070
11069
11067
11065
11063
11062
11061
11060
11059
11058
11056
11053
11052
11051
11047
11044
11043
11042
11041
11040
11039
11037
11036
11034
11033
11031
11030
11028
11027
11025
11024
11022
11021
11020
11019
11018
11016
11015
11014
11011
11010
11009
11006
11005
11004
11003
11002
11000
10996
10995
10994
10993
10991
10990
10989
10988
10986
10984
10983
10982
10981
10980
10979
10977
10975
10972
10971
10970
10969
10968
10967
10965
10964
10962
10961
10958
10957
10954
10953
10952
10951
10950
10949
10948
10947
10946
10945
10943
10940
10939
10938
10936
10934
10932
10931
10930
10929
10928
10927
10926
10925
10923
10921
10920
10919
10918
10917
10916
10915
10914
10913
10911
10909
10908
10907
10903
10902
10901
10899
10897
10895
10894
10892
10891
10889
10888
10887
10886
10885
10884
10883
10882
10881
10880
10879
10876
10874
10873
10872
10871
10870
10869
10868
10867
10865
10862
10861
10860
10859
10858
10857
10856
10855
10854
10851
10850
10848
10846
10845
10844
10843
10842
10840
10839
10837
10836
10835
10832
10831
10830
10829
10828
10827
10826
10825
10823
10822
10818
10817
10816
10813
10811
10810
10809
10808
10806
10805
10804
10803
10802
10800
10798
10796
10795
10794
10793
10791
10790
10789
10788
10787
10786
10785
10784
10783
10782
10781
10780
10779
10778
10777
10776
10775
10773
10770
10769
10767
10766
10765
10764
10763
10761
10760
10755
10754
10753
10751
10749
10748
10745
10743
10742
10740
10739
10738
10737
10736
10735
10734
10733
10732
10729
10728
10724
10723
10722
10721
10720
10719
10718
10716
10714
10712
10711
10710
10708
10707
10706
10705
10704
10703
10702
10701
10700
10696
10694
10692
10690
10689
10688
10687
10686
10685
10683
10682
10681
10678
10676
10675
10673
10672
10671
10669
10668
10667
10665
10664
10663
10660
10659
10655
10654
10653
10652
10651
10650
10649
10648
10647
10645
10644
10643
10642
10640
10639
10637
10636
10635
10634
10632
10631
10628
10627
10626
10625
10624
10623
10622
10621
10620
10619
10618
10616
10615
10614
10612
10611
10610
10607
10606
10605
10604
10603
10602
10599
10595
10593
10592
10591
10590
10589
10586
10585
10584
10583
10579
10578
10577
10576
10575
10573
10572
10571
10570
10569
10568
10566
10564
10563
10560
10558
10557
10555
10554
10553
10552
10551
10550
10547
10546
10545
10543
10542
10541
10540
10538
10537
10535
10533
10532
10531
10530
10528
10527
10526
10525
10523
10522
10521
10519
10518
10517
10516
10515
10514
10513
10512
10511
10509
10508
10507
10506
10504
10503
10502
10501
10500
10499
10496
10495
10494
10493
10491
10490
10489
10488
10487
10486
10485
10484
10480
10479
10478
10477
10476
10475
10474
10473
10471
10468
10466
10464
10462
10459
10457
10456
10454
10451
10449
10448
10446
10445
10443
10442
10441
10440
10439
10438
10437
10436
10435
10434
10432
10431
10430
10427
10426
10425
10424
10423
10422
10421
10420
10419
10418
10416
10415
10411
10410
10409
10407
10406
10405
10404
10402
10401
10400
10399
10398
10396
10395
10394
10392
10391
10390
10389
10388
10386
10385
10384
10382
10381
10380
10379
10378
10377
10376
10375
10372
10371
10370
10369
10365
10364
10362
10361
10360
10358
10357
10356
10354
10352
10351
10350
10349
10348
10346
10345
10344
10343
10342
10341
10340
10339
10338
10337
10336
10335
10334
10332
10331
10330
10329
10326
10325
10324
10323
10322
10320
10319
10318
10315
10314
10313
10312
10311
10310
10309
10308
10305
10304
10303
10300
10297
10296
10295
10292
10289
10288
10287
10286
10284
10283
10282
10281
10279
10278
10276
10275
10274
10273
10272
10271
10269
10268
10267
10266
10262
10261
10258
10254
10253
10252
10251
10250
10248
10245
10243
10242
10241
10240
10239
10238
10237
10236
10235
10234
10233
10232
10231
10230
10229
10228
10227
10225
10224
10223
10222
10220
10218
10217
10216
10215
10214
10213
10211
10209
10208
10207
10206
10205
10204
10203
10202
10201
10200
10199
10198
10197
10196
10194
10193
10192
10191
10189
10187
10186
10185
10182
10180
10179
10178
10177
10176
10175
10173
10172
10171
10170
10169
10167
10165
10163
10162
10161
10160
10159
10158
10155
10154
10153
10152
10151
10150
10148
10146
10144
10143
10141
10140
10139
10138
10137
10135
10133
10132
10131
10130
10129
10128
10125
10124
10123
10122
10121
10120
10119
10118
10117
10116
10114
10113
10112
10111
10109
10108
10107
10105
10104
10103
10101
10100
10099
10097
10096
10095
10094
10091
10089
10088
10087
10086
10084
10083
10082
10081
10080
10079
10078
10076
10074
10072
10071
10070
10068
10067
10066
10065
10064
10063
10062
10061
10059
10057
10056
10055
10054
10053
10052
10051
10049
10047
10045
10044
10043
10042
10041
10039
10035
10032
10029
10028
10026
10025
10024
10023
10021
10019
10018
10017
10016
10013
10012
10009
10007
10006
10005
10003
10002
10001
9999
9998
9997
9995
9994
9993
9991
9990
9989
9988
9987
9985
9984
9983
9982
9979
9976
9975
9973
9972
9971
9969
9967
9966
9962
9961
9960
9958
9956
9954
9953
9952
9951
9950
9949
9948
9947
9945
9944
9941
9939
9938
9937
9934
9933
9932
9931
9929
9928
9926
9925
9924
9923
9921
9918
9917
9916
9915
9914
9913
9911
9909
9908
9907
9906
9903
9902
9901
9900
9899
9896
9895
9894
9893
9892
9889
9885
9884
9883
9882
9881
9880
9878
9877
9876
9875
9873
9872
9871
9870
9869
9868
9867
9866
9862
9861
9859
9858
9857
9855
9854
9853
9852
9851
9850
9849
9848
9847
9845
9844
9843
9842
9841
9840
9839
9838
9837
9836
9835
9833
9831
9830
9828
9827
9825
9824
9823
9822
9821
9820
9818
9817
9815
9812
9810
9809
9808
9806
9805
9801
9800
9799
9798
9797
9796
9795
9794
9793
9792
9790
9789
9787
9786
9784
9783
9782
9781
9779
9778
9777
9774
9773
9772
9769
9767
9766
9763
9762
9761
9758
9757
9756
9755
9753
9752
9750
9748
9746
9745
9744
9743
9741
9740
9737
9736
9735
9733
9732
9727
9726
9725
9723
9722
9721
9720
9719
9718
9717
9716
9715
9714
9712
9709
9707
9706
9705
9703
9702
9701
9699
9698
9696
9694
9692
9690
9689
9688
9687
9686
9685
9684
9683
9682
9679
9678
9677
9676
9675
9674
9673
9671
9670
9669
9667
9665
9664
9663
9662
9661
9658
9657
9654
9653
9651
9650
9648
9647
9646
9645
9642
9641
9640
9638
9637
9635
9634
9633
9632
9631
9630
9629
9628
9627
9626
9624
9623
9622
9620
9618
9616
9614
9612
9611
9609
9608
9607
9606
9603
9602
9601
9600
9598
9597
9596
9594
9592
9590
9587
9586
9585
9584
9583
9582
9581
9579
9578
9577
9576
9575
9573
9572
9571
9569
9568
9567
9566
9565
9564
9562
9560
9559
9558
9557
9556
9555
9554
9553
9552
9551
9550
9547
9545
9544
9543
9542
9541
9540
9539
9537
9536
9533
9532
9531
9530
9529
9527
9521
9520
9519
9518
9517
9515
9514
9513
9512
9511
9508
9507
9503
9502
9500
9494
9493
9492
9491
9490
9489
9488
9485
9484
9483
9482
9479
9478
9475
9473
9472
9471
9470
9468
9467
9465
9464
9463
9462
9461
9460
9457
9456
9455
9454
9453
9450
9449
9448
9447
9446
9445
9444
9443
9442
9440
9438
9436
9435
9433
9432
9431
9430
9429
9427
9426
9425
9424
9422
9421
9419
9418
9416
9414
9413
9412
9411
9410
9408
9407
9405
9404
9403
9402
9400
9397
9395
9393
9392
9391
9389
9388
9387
9385
9383
9382
9377
9376
9375
9373
9372
9371
9370
9368
9367
9366
9364
9363
9362
9361
9360
9359
9358
9357
9356
9355
9353
9352
9350
9349
9348
9345
9344
9342
9341
9340
9339
9337
9336
9334
9333
9332
9331
9330
9329
9326
9325
9323
9322
9321
9320
9318
9317
9316
9313
9312
9310
9309
9308
9307
9306
9305
9304
9303
9300
9299
9298
9297
9296
9295
9294
9293
9292
9291
9290
9289
9288
9287
9286
9285
9282
9281
9280
9279
9277
9276
9274
9273
9272
9271
9270
9269
9268
9267
9266
9265
9264
9263
9262
9259
9258
9256
9255
9254
9249
9248
9246
9245
9242
9241
9240
9239
9237
9235
9234
9233
9232
9230
9228
9226
9222
9221
9220
9219
9217
9216
9215
9214
9213
9211
9210
9209
9208
9207
9206
9205
9204
9203
9202
9199
9198
9197
9195
9194
9192
9191
9190
9189
9188
9187
9184
9183
9180
9179
9178
9177
9176
9175
9174
9173
9170
9169
9167
9165
9164
9163
9162
9161
9160
9159
9157
9156
9155
9154
9153
9151
9150
9149
9148
9147
9146
9145
9143
9142
9141
9138
9136
9135
9134
9131
9129
9128
9127
9126
9125
9123
9121
9120
9119
9118
9116
9114
9113
9112
9111
9110
9109
9108
9107
9104
9102
9101
9100
9099
9097
9096
9095
9094
9093
9092
9090
9089
9088
9087
9085
9084
9083
9082
9081
9080
9079
9078
9075
9073
9072
9071
9070
9069
9068
9067
9066
9065
9063
9061
9059
9056
9055
9053
9051
9049
9047
9046
9045
9044
9043
9042
9041
9040
9039
9038
9037
9036
9035
9033
9032
9031
9030
9028
9027
9026
9025
9022
9020
9019
9018
9017
9016
9015
9014
9012
9011
9009
9008
9007
9006
9004
9003
9002
9001
8999
8997
8996
8995
8993
8992
8990
8988
8987
8986
8983
8982
8980
8979
8977
8976
8975
8974
8970
8968
8966
8965
8964
8963
8962
8961
8960
8958
8957
8956
8954
8953
8952
8951
8949
8948
8947
8944
8941
8940
8938
8937
8936
8935
8934
8933
8931
8930
8928
8927
8925
8924
8921
8920
8918
8916
8914
8913
8911
8910
8909
8907
8906
8905
8904
8902
8901
8900
8896
8895
8894
8893
8892
8891
8890
8889
8888
8886
8884
8883
8880
8879
8878
8876
8872
8871
8870
8868
8867
8866
8864
8863
8861
8860
8859
8857
8856
8855
8853
8852
8850
8848
8847
8846
8845
8843
8842
8840
8839
8838
8837
8836
8834
8832
8831
8830
8828
8827
8826
8825
8824
8823
8822
8821
8819
8818
8817
8815
8814
8813
8811
8810
8809
8807
8806
8805
8804
8802
8801
8800
8799
8798
8797
8796
8795
8794
8793
8792
8791
8788
8787
8786
8785
8783
8782
8781
8779
8778
8777
8776
8775
8774
8771
8769
8767
8762
8759
8758
8757
8756
8755
8754
8753
8752
8750
8749
8748
8747
8745
8742
8741
8740
8739
8736
8735
8734
8733
8732
8731
8730
8729
8727
8725
8724
8723
8720
8718
8716
8714
8713
8711
8710
8709
8708
8707
8705
8704
8703
8702
8701
8700
8699
8698
8697
8696
8695
8694
8693
8692
8691
8690
8689
8688
8687
8686
8684
8682
8681
8680
8679
8678
8677
8676
8674
8673
8671
8670
8669
8667
8666
8665
8663
8661
8660
8659
8658
8657
8656
8655
8654
8653
8652
8651
8650
8649
8646
8643
8642
8640
8639
8636
8635
8634
8633
8632
8631
8630
8629
8628
8626
8625
8624
8623
8622
8618
8617
8616
8614
8612
8611
8609
8608
8605
8603
8601
8600
8599
8598
8597
8596
8595
8594
8593
8592
8590
8589
8586
8585
8584
8581
8579
8578
8577
8576
8575
8574
8572
8571
8569
8568
8567
8564
8563
8562
8561
8560
8558
8557
8554
8553
8552
8550
8549
8548
8547
8546
8545
8543
8541
8538
8537
8534
8533
8532
8531
8530
8529
8528
8527
8525
8524
8523
8522
8520
8519
8518
8517
8515
8514
8513
8512
8511
8510
8509
8506
8505
8502
8501
8500
8499
8498
8497
8496
8495
8491
8490
8487
8485
8483
8482
8480
8478
8477
8476
8475
8472
8470
8469
8468
8466
8465
8464
8462
8460
8458
8457
8456
8455
8454
8452
8451
8450
8449
8448
8446
8445
8444
8442
8441
8440
8439
8437
8436
8433
8432
8430
8428
8427
8426
8424
8423
8422
8420
8418
8417
8416
8415
8414
8412
8410
8409
8406
8405
8404
8402
8401
8400
8399
8397
8396
8393
8392
8391
8390
8389
8388
8387
8384
8383
8381
8380
8379
8378
8376
8375
8374
8373
8372
8371
8369
8368
8367
8366
8365
8363
8360
8358
8357
8356
8352
8351
8348
8347
8346
8345
8344
8343
8342
8341
8338
8335
8333
8331
8330
8329
8328
8327
8325
8324
8321
8319
8318
8317
8315
8314
8313
8312
8311
8310
8309
8306
8305
8304
8303
8302
8300
8297
8296
8295
8294
8291
8290
8289
8287
8285
8284
8282
8281
8279
8278
8275
8274
8273
8272
8271
8270
8269
8268
8267
8265
8264
8263
8261
8258
8256
8255
8254
8253
8252
8251
8250
8248
8246
8244
8243
8242
8240
8239
8238
8237
8236
8235
8234
8233
8232
8231
8230
8229
8228
8226
8224
8223
8222
8220
8219
8217
8216
8215
8213
8211
8209
8208
8207
8206
8205
8204
8203
8202
8201
8200
8199
8197
8194
8193
8192
8190
8189
8188
8186
8184
8182
8178
8176
8175
8173
8172
8170
8169
8168
8167
8166
8164
8163
8162
8159
8158
8157
8156
8154
8152
8150
8149
8148
8147
8146
8145
8144
8143
8142
8141
8138
8137
8136
8135
8134
8132
8131
8130
8129
8128
8126
8122
8121
8119
8118
8116
8115
8113
8112
8111
8110
8109
8106
8103
8102
8101
8100
8099
8098
8095
8092
8090
8089
8088
8085
8084
8083
8081
8079
8078
8077
8075
8074
8073
8072
8071
8070
8069
8068
8067
8066
8065
8064
8062
8061
8060
8059
8058
8057
8055
8052
8050
8049
8048
8046
8045
8044
8043
8042
8041
8040
8039
8038
8036
8035
8034
8033
8031
8029
8027
8025
8024
8023
8021
8019
8018
8017
8016
8015
8014
8013
8012
8011
8008
8007
8005
8004
8003
8002
7999
7998
7997
7996
7994
7993
7991
7990
7989
7988
7985
7983
7982
7980
7978
7977
7975
7974
7972
7971
7970
7969
7968
7967
7966
7964
7963
7962
7958
7957
7956
7955
7953
7952
7949
7947
7946
7944
7943
7942
7940
7939
7938
7937
7936
7935
7934
7933
7932
7931
7929
7928
7927
7926
7925
7924
7923
7922
7921
7920
7918
7917
7916
7915
7913
7912
7911
7910
7906
7905
7903
7902
7901
7900
7899
7897
7896
7895
7894
7893
7891
7890
7888
7887
7886
7885
7883
7881
7879
7878
7877
7876
7875
7873
7872
7871
7870
7869
7868
7866
7865
7864
7863
7862
7860
7859
7858
7856
7855
7853
7852
7851
7850
7849
7848
7847
7846
7845
7844
7843
7841
7840
7839
7838
7837
7836
7835
7833
7831
7830
7828
7827
7826
7824
7822
7821
7819
7818
7817
7816
7814
7813
7811
7810
7809
7808
7806
7805
7804
7803
7802
7801
7800
7798
7797
7796
7793
7792
7791
7789
7786
7785
7784
7783
7782
7780
7778
7777
7776
7774
7773
7771
7769
7767
7766
7765
7764
7762
7761
7760
7759
7757
7756
7755
7754
7753
7750
7749
7748
7747
7746
7745
7742
7741
7740
7738
7737
7734
7732
7730
7729
7728
7727
7725
7724
7723
7721
7718
7717
7716
7715
7713
7712
7711
7710
7709
7708
7706
7704
7701
7700
7698
7697
7694
7693
7692
7690
7689
7688
7685
7684
7683
7682
7679
7678
7677
7676
7675
7674
7673
7672
7671
7670
7668
7666
7665
7661
7660
7659
7657
7655
7654
7653
7651
7650
7649
7648
7647
7646
7645
7643
7642
7640
7639
7638
7636
7635
7634
7633
7631
7628
7626
7625
7624
7623
7622
7621
7619
7618
7617
7616
7615
7612
7610
7608
7607
7604
7602
7599
7598
7597
7596
7595
7594
7593
7592
7591
7590
7589
7588
7587
7586
7584
7582
7581
7580
7579
7578
7576
7575
7574
7573
7572
7571
7570
7569
7568
7567
7566
7564
7563
7562
7561
7560
7559
7557
7556
7555
7552
7551
7549
7548
7546
7545
7543
7542
7541
7539
7537
7535
7533
7532
7531
7530
7529
7526
7525
7524
7522
7520
7519
7518
7517
7513
7512
7511
7510
7509
7508
7507
7505
7504
7503
7502
7500
7499
7498
7497
7496
7493
7492
7490
7489
7488
7486
7485
7484
7483
7480
7479
7478
7475
7474
7473
7472
7471
7470
7469
7467
7466
7465
7464
7462
7461
7460
7457
7453
7452
7451
7450
7447
7446
7445
7444
7443
7442
7441
7439
7438
7436
7435
7434
7433
7430
7429
7427
7426
7424
7423
7422
7421
7419
7418
7416
7415
7413
7412
7411
7410
7409
7408
7407
7405
7403
7402
7400
7399
7398
7396
7394
7393
7391
7387
7386
7384
7383
7381
7379
7377
7376
7375
7374
7373
7372
7371
7369
7366
7364
7363
7362
7359
7358
7357
7356
7355
7354
7351
7350
7349
7347
7346
7344
7343
7342
7341
7340
7337
7335
7334
7333
7331
7329
7328
7327
7326
7324
7323
7322
7320
7319
7318
7317
7315
7314
7311
7310
7308
7307
7305
7303
7300
7299
7298
7297
7296
7295
7294
7292
7291
7290
7289
7287
7286
7284
7281
7280
7279
7278
7277
7276
7271
7268
7266
7265
7263
7262
7261
7260
7259
7258
7257
7256
7255
7254
7251
7250
7249
7247
7246
7244
7243
7241
7240
7239
7238
7237
7236
7234
7233
7232
7231
7229
7227
7226
7225
7223
7222
7220
7218
7217
7216
7215
7213
7211
7210
7209
7208
7207
7206
7205
7203
7202
7201
7198
7197
7196
7191
7188
7187
7186
7185
7184
7183
7182
7181
7180
7179
7176
7175
7173
7170
7169
7166
7165
7164
7163
7162
7159
7158
7157
7156
7153
7152
7151
7149
7148
7147
7145
7144
7143
7141
7139
7138
7137
7136
7135
7134
7133
7132
7131
7130
7129
7128
7127
7126
7124
7123
7121
7118
7117
7116
7111
7108
7107
7106
7104
7103
7102
7101
7100
7099
7098
7097
7096
7095
7094
7091
7090
7089
7088
7087
7085
7084
7081
7079
7078
7077
7076
7075
7074
7073
7071
7068
7064
7062
7061
7060
7058
7057
7056
7055
7054
7053
7052
7051
7050
7049
7048
7046
7045
7044
7041
7040
7038
7036
7035
7034
7032
7026
7025
7024
7022
7021
7019
7018
7017
7016
7015
7014
7013
7011
7010
7009
7007
7006
7005
6999
6996
6995
6994
6993
6992
6988
6985
6984
6982
6981
6980
6979
6978
6977
6976
6974
6972
6971
6970
6969
6968
6967
6966
6965
6963
6962
6960
6959
6958
6957
6956
6955
6954
6953
6950
6949
6948
6945
6944
6942
6941
6939
6938
6936
6935
6933
6932
6931
6929
6925
6924
6922
6921
6919
6918
6917
6915
6914
6913
6912
6911
6909
6907
6903
6902
6901
6900
6899
6898
6897
6894
6893
6892
6891
6889
6888
6887
6886
6884
6880
6879
6878
6876
6875
6873
6871
6868
6866
6862
6860
6859
6858
6857
6856
6855
6854
6853
6852
6851
6850
6849
6848
6847
6846
6845
6844
6843
6842
6841
6840
6839
6837
6836
6834
6833
6832
6830
6829
6828
6826
6825
6822
6821
6820
6819
6818
6817
6816
6815
6814
6813
6811
6810
6809
6808
6807
6805
6804
6803
6801
6798
6796
6795
6793
6792
6791
6790
6789
6788
6786
6785
6784
6783
6782
6781
6780
6778
6777
6776
6774
6773
6772
6771
6769
6768
6767
6766
6764
6763
6762
6761
6760
6759
6756
6755
6754
6753
6752
6751
6750
6749
6748
6747
6746
6745
6744
6741
6740
6739
6738
6737
6736
6734
6732
6730
6729
6728
6727
6724
6723
6722
6721
6720
6719
6718
6717
6716
6714
6713
6711
6709
6708
6706
6704
6700
6699
6698
6697
6696
6695
6694
6693
6692
6691
6690
6689
6688
6687
6686
6685
6684
6683
6682
6681
6680
6679
6678
6677
6676
6674
6673
6672
6667
6665
6663
6662
6661
6660
6659
6658
6654
6653
6651
6649
6648
6647
6646
6644
6642
6641
6640
6639
6638
6637
6635
6633
6632
6631
6628
6627
6626
6623
6622
6621
6620
6619
6617
6615
6614
6613
6611
6610
6609
6608
6607
6606
6605
6604
6603
6602
6599
6598
6597
6594
6592
6591
6589
6588
6586
6585
6582
6581
6579
6577
6576
6575
6572
6569
6568
6567
6566
6565
6564
6563
6562
6561
6560
6558
6557
6554
6551
6550
6548
6546
6545
6544
6542
6541
6540
6538
6537
6536
6535
6534
6533
6531
6530
6528
6526
6525
6524
6523
6522
6521
6520
6519
6518
6517
6514
6512
6510
6509
6508
6507
6505
6503
6502
6501
6499
6498
6497
6496
6495
6493
6490
6489
6488
6487
6483
6482
6481
6480
6478
6476
6475
6473
6472
6471
6469
6466
6464
6462
6461
6460
6459
6458
6457
6456
6453
6452
6451
6449
6448
6447
6446
6445
6444
6443
6442
6441
6440
6439
6438
6437
6436
6435
6434
6431
6430
6429
6428
6427
6426
6425
6424
6422
6416
6414
6413
6410
6409
6408
6407
6405
6403
6402
6401
6399
6398
6397
6396
6395
6391
6390
6389
6387
6386
6384
6383
6382
6381
6380
6379
6378
6377
6375
6374
6371
6369
6368
6367
6364
6362
6360
6359
6358
6355
6354
6352
6351
6350
6349
6348
6347
6346
6345
6344
6343
6342
6339
6336
6335
6334
6333
6332
6330
6329
6328
6327
6323
6322
6320
6318
6317
6316
6315
6314
6312
6311
6310
6309
6307
6306
6305
6304
6301
6300
6299
6298
6297
6296
6295
6294
6293
6291
6290
6289
6288
6287
6286
6284
6283
6282
6280
6279
6276
6274
6273
6271
6269
6268
6267
6266
6265
6263
6262
6261
6260
6258
6257
6256
6254
6252
6251
6250
6249
6248
6246
6245
6244
6241
6240
6239
6238
6237
6236
6234
6232
6231
6230
6229
6226
6225
6224
6223
6221
6220
6219
6218
6217
6216
6214
6213
6212
6211
6210
6209
6208
6204
6202
6201
6200
6199
6198
6197
6195
6194
6193
6192
6188
6187
6186
6184
6183
6181
6180
6179
6178
6175
6174
6172
6171
6170
6169
6167
6166
6162
6161
6160
6159
6158
6155
6154
6152
6151
6149
6148
6146
6145
6144
6143
6141
6138
6135
6134
6132
6131
6129
6126
6125
6124
6123
6122
6121
6120
6117
6115
6114
6112
6111
6108
6105
6103
6101
6099
6098
6097
6095
6094
6093
6090
6089
6088
6087
6086
6085
6084
6082
6080
6079
6078
6077
6076
6075
6074
6072
6067
6066
6065
6064
6063
6062
6058
6056
6054
6053
6052
6051
6050
6049
6047
6046
6045
6043
6042
6041
6040
6039
6037
6034
6033
6031
6030
6028
6026
6025
6023
6022
6021
6019
6016
6014
6011
6010
6009
6008
6006
6005
6004
6003
6002
6001
6000
5999
5997
5996
5995
5994
5993
5991
5990
5989
5988
5987
5984
5982
5981
5980
5978
5977
5975
5974
5973
5972
5971
5970
5968
5967
5963
5962
5961
5960
5958
5957
5955
5952
5951
5950
5949
5948
5947
5946
5943
5942
5938
5936
5935
5934
5933
5932
5931
5930
5928
5926
5925
5924
5923
5922
5919
5917
5915
5914
5913
5912
5911
5910
5909
5908
5906
5905
5904
5902
5901
5899
5897
5896
5893
5892
5891
5888
5886
5885
5884
5882
5880
5879
5877
5876
5875
5874
5873
5872
5871
5870
5869
5868
5866
5865
5863
5862
5861
5859
5857
5856
5853
5851
5850
5849
5848
5847
5845
5844
5843
5842
5841
5840
5839
5838
5837
5836
5835
5831
5830
5828
5827
5825
5822
5821
5820
5819
5817
5816
5815
5814
5813
5812
5811
5810
5809
5808
5807
5806
5805
5804
5802
5801
5799
5798
5797
5794
5793
5792
5791
5790
5789
5788
5787
5786
5785
5784
5783
5781
5778
5777
5775
5774
5773
5771
5770
5769
5768
5767
5766
5765
5760
5759
5758
5756
5754
5753
5752
5751
5750
5749
5748
5747
5746
5743
5742
5741
5740
5739
5738
5737
5735
5733
5732
5731
5730
5727
5725
5723
5722
5720
5719
5718
5717
5716
5714
5713
5710
5709
5708
5707
5705
5704
5702
5701
5698
5697
5696
5695
5693
5692
5691
5690
5689
5688
5686
5685
5683
5679
5678
5674
5673
5672
5671
5670
5669
5668
5665
5664
5662
5659
5658
5657
5656
5654
5653
5652
5651
5650
5647
5646
5645
5642
5641
5640
5639
5638
5637
5635
5633
5632
5630
5629
5627
5624
5623
5621
5619
5617
5612
5611
5610
5609
5606
5605
5604
5603
5601
5600
5598
5597
5595
5593
5592
5589
5587
5585
5584
5583
5582
5581
5577
5576
5575
5572
5569
5566
5565
5564
5563
5562
5561
5560
5559
5557
5556
5553
5551
5550
5549
5548
5547
5545
5542
5540
5538
5536
5535
5534
5533
5531
5528
5527
5526
5525
5524
5523
5522
5520
5518
5517
5515
5514
5510
5509
5508
5507
5505
5504
5503
5501
5500
5499
5498
5496
5495
5494
5492
5491
5489
5488
5487
5486
5485
5484
5482
5480
5478
5477
5475
5473
5472
5470
5469
5467
5466
5465
5464
5463
5461
5460
5459
5458
5457
5456
5455
5451
5449
5447
5445
5444
5443
5442
5441
5440
5439
5437
5436
5435
5434
5433
5432
5430
5429
5428
5424
5423
5421
5420
5419
5418
5417
5414
5413
5412
5409
5407
5406
5405
5403
5400
5399
5398
5397
5396
5395
5394
5393
5392
5391
5390
5388
5386
5385
5384
5383
5382
5381
5379
5377
5376
5375
5374
5373
5371
5370
5369
5368
5367
5363
5362
5361
5360
5358
5356
5355
5354
5353
5352
5350
5349
5347
5346
5345
5344
5342
5338
5337
5336
5334
5332
5329
5327
5326
5325
5324
5322
5320
5319
5315
5314
5313
5311
5309
5308
5307
5306
5305
5304
5303
5302
5301
5300
5299
5297
5296
5294
5292
5291
5290
5288
5286
5283
5282
5281
5280
5279
5278
5275
5274
5271
5270
5269
5268
5266
5265
5264
5262
5261
5259
5258
5257
5254
5253
5250
5249
5248
5247
5246
5245
5244
5242
5241
5240
5239
5238
5237
5233
5232
5231
5230
5228
5227
5226
5225
5224
5223
5222
5221
5218
5217
5216
5215
5214
5212
5210
5208
5207
5206
5205
5204
5203
5201
5200
5198
5197
5196
5195
5194
5193
5192
5191
5190
5187
5185
5184
5183
5182
5180
5179
5178
5177
5174
5173
5171
5169
5167
5166
5165
5164
5163
5162
5161
5160
5159
5158
5157
5156
5155
5153
5152
5151
5146
5145
5144
5143
5141
5139
5137
5136
5135
5133
5132
5131
5130
5128
5126
5125
5124
5123
5122
5121
5120
5119
5118
5115
5114
5113
5112
5110
5109
5106
5105
5104
5103
5100
5099
5098
5097
5096
5095
5094
5093
5088
5087
5086
5085
5083
5082
5080
5079
5076
5075
5074
5072
5071
5070
5068
5067
5065
5064
5063
5062
5061
5060
5056
5055
5054
5053
5052
5051
5049
5048
5047
5043
5042
5040
5039
5037
5035
5034
5033
5032
5031
5030
5029
5028
5027
5025
5024
5023
5021
5019
5018
5017
5016
5015
5014
5013
5012
5010
5009
5008
5007
5006
5005
5004
5003
5002
4999
4997
4996
4992
4991
4990
4989
4987
4986
4985
4984
4983
4981
4980
4979
4977
4976
4975
4972
4971
4970
4968
4967
4966
4965
4964
4963
4961
4960
4959
4958
4956
4953
4951
4950
4949
4947
4946
4945
4943
4942
4941
4940
4939
4938
4936
4934
4933
4932
4930
4927
4926
4925
4924
4923
4919
4918
4916
4914
4913
4909
4908
4907
4906
4905
4904
4903
4901
4900
4898
4897
4896
4894
4893
4892
4891
4890
4888
4886
4884
4883
4880
4878
4877
4876
4875
4874
4873
4872
4871
4870
4868
4866
4865
4863
4862
4861
4860
4859
4856
4855
4854
4853
4852
4851
4849
4848
4847
4842
4840
4839
4838
4836
4834
4833
4831
4830
4829
4826
4823
4820
4819
4818
4817
4815
4814
4812
4809
4808
4806
4803
4802
4801
4800
4799
4798
4797
4796
4793
4791
4790
4789
4788
4787
4786
4784
4782
4781
4779
4778
4777
4775
4774
4771
4770
4769
4768
4765
4764
4763
4762
4761
4760
4759
4758
4757
4756
4755
4754
4753
4751
4749
4748
4747
4745
4744
4741
4739
4738
4737
4736
4733
4731
4730
4729
4728
4723
4722
4721
4720
4719
4716
4714
4712
4710
4709
4708
4707
4706
4705
4704
4703
4702
4701
4700
4699
4698
4697
4696
4693
4692
4691
4689
4688
4685
4684
4683
4682
4681
4678
4677
4676
4675
4672
4671
4670
4669
4667
4666
4665
4664
4663
4661
4660
4659
4658
4655
4654
4652
4651
4648
4646
4645
4644
4643
4642
4641
4640
4639
4638
4637
4632
4631
4630
4628
4627
4626
4624
4621
4619
4618
4615
4614
4613
4612
4610
4609
4604
4603
4601
4599
4596
4595
4594
4591
4590
4588
4587
4584
4583
4581
4579
4578
4575
4573
4572
4571
4570
4569
4568
4566
4565
4564
4563
4562
4559
4558
4557
4556
4555
4553
4550
4549
4547
4546
4545
4544
4541
4540
4538
4535
4532
4530
4529
4528
4527
4526
4525
4524
4522
4520
4519
4518
4517
4513
4510
4509
4508
4507
4505
4504
4503
4501
4500
4499
4498
4497
4495
4494
4491
4490
4489
4487
4486
4485
4484
4482
4481
4480
4478
4476
4475
4474
4473
4472
4471
4468
4467
4464
4463
4461
4460
4458
4457
4455
4454
4452
4451
4450
4449
4448
4447
4445
4444
4442
4441
4439
4437
4435
4434
4431
4430
4429
4427
4425
4424
4420
4419
4417
4416
4415
4413
4411
4409
4408
4406
4405
4401
4399
4397
4393
4390
4389
4385
4384
4383
4382
4380
4378
4377
4373
4370
4368
4367
4364
4363
4362
4359
4358
4357
4356
4355
4354
4353
4351
4349
4348
4347
4346
4345
4344
4343
4341
4340
4339
4337
4336
4334
4333
4332
4330
4329
4328
4327
4326
4324
4323
4322
4321
4319
4317
4316
4315
4314
4309
4308
4306
4303
4302
4301
4298
4297
4296
4295
4293
4292
4291
4290
4289
4286
4285
4284
4279
4276
4275
4273
4272
4269
4268
4266
4265
4264
4263
4262
4261
4260
4257
4256
4255
4252
4251
4249
4248
4247
4246
4244
4243
4242
4241
4240
4238
4237
4235
4233
4232
4231
4230
4229
4228
4227
4225
4224
4223
4221
4219
4218
4217
4216
4213
4212
4211
4209
4207
4206
4205
4204
4203
4202
4201
4200
4199
4198
4196
4195
4194
4193
4191
4190
4188
4187
4186
4184
4182
4181
4180
4178
4174
4173
4171
4170
4168
4166
4165
4164
4163
4162
4160
4158
4157
4156
4155
4154
4153
4152
4151
4150
4149
4146
4145
4143
4142
4141
4139
4138
4137
4136
4134
4133
4132
4131
4129
4126
4125
4124
4123
4122
4121
4120
4118
4117
4116
4114
4111
4110
4108
4107
4106
4105
4104
4103
4101
4100
4099
4096
4093
4092
4089
4088
4086
4085
4084
4082
4081
4079
4078
4077
4075
4074
4073
4072
4071
4069
4068
4067
4066
4065
4064
4063
4060
4058
4056
4055
4054
4053
4052
4050
4046
4045
4044
4043
4040
4038
4036
4033
4028
4027
4025
4024
4022
4021
4020
4019
4018
4017
4015
4013
4011
4010
4008
4007
4006
4005
4003
4002
4001
3999
3998
3997
3995
3990
3989
3988
3985
3984
3983
3982
3981
3980
3978
3977
3975
3974
3973
3971
3969
3968
3967
3966
3965
3963
3961
3959
3958
3957
3954
3953
3951
3950
3948
3947
3945
3944
3943
3942
3941
3940
3938
3937
3936
3935
3933
3932
3931
3930
3929
3928
3927
3924
3921
3920
3919
3918
3917
3916
3915
3913
3912
3911
3910
3909
3908
3907
3906
3905
3904
3902
3901
3899
3895
3894
3892
3891
3890
3889
3888
3887
3885
3884
3883
3879
3878
3875
3874
3873
3870
3869
3868
3867
3866
3865
3863
3862
3861
3860
3859
3856
3855
3854
3853
3852
3851
3850
3846
3845
3844
3842
3841
3840
3837
3836
3833
3832
3829
3828
3827
3825
3824
3822
3821
3820
3819
3817
3816
3814
3813
3812
3810
3809
3807
3805
3804
3803
3801
3800
3799
3798
3796
3794
3793
3792
3790
3789
3787
3786
3784
3783
3782
3781
3780
3779
3778
3777
3776
3775
3773
3772
3770
3768
3767
3766
3765
3764
3763
3761
3759
3758
3757
3754
3753
3752
3751
3750
3749
3748
3747
3746
3742
3741
3740
3739
3736
3735
3734
3732
3731
3727
3724
3723
3722
3720
3719
3718
3717
3716
3714
3713
3712
3710
3709
3708
3707
3704
3703
3702
3701
3700
3699
3698
3697
3696
3694
3693
3692
3691
3689
3688
3684
3683
3682
3681
3680
3679
3678
3677
3676
3675
3674
3673
3670
3668
3667
3665
3664
3663
3662
3661
3660
3658
3656
3655
3654
3653
3651
3649
3648
3647
3646
3645
3644
3643
3642
3641
3640
3638
3637
3636
3635
3634
3633
3631
3629
3628
3627
3624
3622
3621
3620
3619
3618
3616
3615
3614
3610
3607
3606
3605
3604
3603
3602
3600
3597
3596
3592
3591
3589
3587
3586
3585
3584
3583
3582
3581
3580
3579
3574
3572
3571
3570
3569
3568
3567
3566
3564
3563
3560
3558
3556
3554
3553
3552
3551
3549
3548
3546
3545
3543
3541
3540
3538
3537
3535
3533
3532
3531
3527
3526
3524
16376
3523
3521
3520
3518
3517
3515
3513
3512
3511
3510
3509
3505
3504
3500
3498
3496
16348
3495
3494
3493
3492
3490
3489
3487
16339
3486
3485
3483
3481
3480
3479
3477
16324
3471
3470
3465
3464
3463
16315
3462
3460
3459
3456
3455
3454
3453
3452
3449
3448
3447
3445
3441
16293
3440
16292
3439
3438
3437
3436
16288
3435
3434
16286
3433
3432
3430
3429
3426
3423
3422
3421
3418
3417
3415
3414
3412
3411
3410
16262
3409
3408
3407
3406
3403
3401
3400
3397
3396
3395
3390
3389
3387
3384
16236
3383
3380
3379
3378
16230
3377
16228
3375
3372
3369
3368
3366
3365
3364
3363
3362
16213
3360
3358
3357
3355
3354
3352
3351
3348
3346
3345
3344
3343
3341
3339
16189
3336
3335
3334
3333
3332
3331
3329
3327
16179
3326
3323
3320
3318
3316
3313
3312
3311
3309
3307
3304
16156
3303
3301
3299
3298
16150
3297
3293
16144
3291
3290
16136
3283
3282
3281
3280
3278
3277
3276
16128
3275
3273
3271
3267
3265
3263
3262
3261
3260
16111
3258
3257
3256
3254
3253
3252
3251
3250
3248
3246
3245
3243
3242
3241
3238
3237
3236
3235
3234
3233
3231
3227
3226
3225
3223
3216
3215
3214
3211
16063
3210
3209
16060
3207
3204
3203
3202
3201
3199
3198
3196
3191
3187
3186
3185
16037
3184
3182
3180
16032
3179
3176
3171
3170
3168
16019
3166
3165
3162
3161
3160
16011
3158
3156
3155
16005
3152
3151
3150
3147
3146
3145
3144
15995
3142
3141
3139
3138
3136
3135
3133
3131
3129
3128
15979
3126
3124
3122
15974
3121
3118
3116
3114
3111
3110
15962
3109
3108
3107
3106
3103
3102
3100
3098
3096
3094
3092
3091
3090
3089
3087
3086
3085
3083
3082
3081
3080
3073
3072
3069
3067
3066
3063
3061
3059
3058
3057
15904
3051
3049
3048
3046
3043
3042
3041
3040
3039
3036
3035
15887
3034
15886
3033
3031
3030
3029
3025
3024
3023
3022
3020
3019
15870
3017
15869
3016
3015
3009
3008
3006
3004
15856
3003
3002
2998
2997
2995
2994
2993
2992
2991
15843
2990
2989
2988
2986
2985
2982
2979
2978
2974
2971
2970
2969
2968
2967
2966
2965
15817
2964
2963
2961
2959
2958
2954
2953
2952
2950
2949
2948
2947
2945
2943
2942
2941
15793
2940
2939
2937
2936
2935
2934
2933
2932
2931
2929
2927
2926
2923
2920
2919
2918
15770
2917
2916
2912
2911
2907
2905
2904
2903
2901
2900
15750
2897
15748
2895
15744
2891
2890
2889
15741
2888
2887
2884
2883
2882
15734
2881
2879
2877
2876
2874
2873
2872
2871
2868
15720
2867
2865
15717
2864
2861
2860
2859
2858
2857
2856
2854
2853
2852
15704
2851
2850
2849
2847
2846
2845
15697
2844
2843
2841
2834
2833
15684
2831
15682
2829
2828
2827
2826
2825
2823
2821
2819
2818
2816
2815
2814
2811
2807
2805
2804
2801
2800
2799
15651
2798
2797
2794
2792
2790
2789
2787
2781
2780
2777
2776
2774
2772
15624
2771
2770
2769
2766
2763
2761
2759
2756
2755
2753
2752
2751
2749
2748
15599
2746
2745
2742
2741
15592
2739
2738
2737
2736
15586
2733
2732
2731
2729
2728
2722
2721
2719
2718
2715
15567
2714
2711
2710
2708
2707
2705
2703
2700
2698
2697
15548
2695
2693
15544
2691
2690
2689
2688
2686
15538
2685
2683
2680
2676
2675
2674
2671
15523
2670
2669
2668
2666
2664
2662
2661
2660
2659
2657
2655
15507
2654
2652
2650
2649
2648
15500
2647
2646
2644
2642
2641
15493
2640
2638
2637
2635
15487
2634
2632
2631
2628
2624
15474
2621
15473
2620
2618
2616
15468
2615
15465
2612
2610
2608
15460
2607
15459
2606
15458
2605
15456
2603
15454
2601
15453
2600
2599
15451
2598
15450
2597
15449
2596
2592
15444
2591
15443
2590
2589
15440
2587
15439
2586
2585
15437
2584
15434
2581
2580
2577
15429
2576
15428
2575
2574
15425
2572
15424
2571
15423
2570
15422
2569
2567
15419
2566
15418
2565
15416
2563
2562
2560
2559
15409
2556
15407
2554
15406
2553
15405
2552
2550
15400
2547
2544
2543
2541
15393
2540
15392
2539
15387
2534
2533
15385
2532
15384
2531
2530
2528
15380
2527
2526
15377
2524
15373
2520
15369
2516
2515
15365
2512
15363
2510
15362
2509
15361
2508
15360
2507
15356
2503
15355
2502
15354
2501
15352
2499
2497
15349
2496
15348
2495
15346
2493
15345
2492
15344
2491
15343
2490
2488
15339
2486
15338
2485
15336
2483
15335
2482
2479
2478
15330
2477
15327
2474
15326
2473
15325
2472
2471
15323
2470
15321
2468
15318
2465
15317
2464
15316
2463
15312
2459
15311
2458
15310
2457
15309
2456
15305
2452
15303
2450
15302
2449
15301
2448
15299
2446
15296
2443
2442
15293
2440
15290
2437
15289
2436
15288
2435
15287
2434
15285
2432
2431
15282
2429
15281
2428
2427
15279
2426
15277
2424
15276
2423
2422
2420
15272
2419
15271
2418
2416
2415
15265
2412
2411
15262
2409
15257
2404
2401
2400
15252
2399
15251
2398
15250
2397
15249
2396
15248
2395
2392
15243
2390
15242
2389
15238
2385
2384
15236
2383
2381
15231
2378
15230
2377
15228
2375
15226
2373
15225
2372
15224
2371
15223
2370
2369
15220
2367
15219
2366
2364
15215
2362
15214
2361
2359
15211
2358
15207
2354
2350
15201
2348
15200
2347
15199
2346
15194
2341
2340
2336
15188
2335
15186
2333
15184
2331
15179
2326
2324
2323
15174
2321
15171
2318
15166
2313
15165
2312
15164
2311
15162
2309
15160
2307
15157
2304
15156
2303
15155
2302
2301
15152
2299
15149
2296
15147
2294
15146
2293
15144
2291
15143
2290
15142
2289
2287
15139
2286
15137
2284
15136
2283
2279
15131
2278
15130
2277
15129
2276
15127
2274
15126
2273
15124
2271
15122
2269
2268
15120
2267
15115
2262
15114
2261
2259
15110
2257
15109
2256
2255
15107
2254
15105
2252
15103
2250
2249
15101
2248
15100
2247
15099
2246
2245
15097
2244
15096
2243
15095
2242
15094
2241
15091
2238
2236
15088
2235
15087
2234
2233
15084
2231
15082
2229
2228
2227
15079
2226
2222
15074
2221
15072
2219
15071
2218
2216
15067
2214
15066
2213
15065
2212
15062
2209
15061
2208
15060
2207
15059
2206
15057
2204
15056
2203
15055
2202
15054
2201
15051
2198
2195
15044
2191
15043
2190
2188
15040
2187
15039
2186
2184
2182
15033
2180
15031
2178
15030
2177
15028
2175
15027
2174
15026
2173
2171
15023
2170
2168
15016
2163
15015
2162
15011
2158
2157
2155
2153
2152
15004
2151
15003
2150
2147
14998
2145
14996
2143
14995
2142
14994
2141
2139
14991
2138
2137
14989
2136
14987
2134
14986
2133
14982
2129
14981
2128
14980
2127
14977
2124
14975
2122
2121
14973
2120
14971
2118
14969
2116
14968
2115
14965
2112
14963
2110
14962
2109
14957
2104
14955
2102
14954
2101
14953
2100
2099
14951
2098
2097
14949
2096
14948
2095
14945
2092
14944
2091
14943
2090
14942
2089
14939
2086
2085
14937
2084
2081
2080
14932
2079
14931
2078
14930
2077
14929
2076
14928
2075
2074
14926
2073
14924
2071
2070
14922
2069
2062
14914
2061
2059
14911
2058
14910
2057
2054
14905
2052
14903
2050
14902
2049
14900
2047
14899
2046
2044
14895
2042
14894
2041
14892
2039
14890
2037
2036
14886
2033
14883
2030
2029
14881
2028
14879
2026
14878
2025
14875
2022
14874
2021
2019
14871
2018
14869
2016
14868
2015
14866
2013
14865
2012
2009
14860
2007
14859
2006
2004
14856
2003
14855
2002
2001
1999
14849
1996
1993
14844
1991
1974
14827
14838
1985
14834
1981
14831
1978
1966
14819
14830
1977
8394
14826
1973
14823
1970
14822
1969
14821
1968
14818
1965
14816
1963
1962
1946
14799
14810
1957
1954
1952
1949
14800
1947
8364
14796
1943
1931
14784
14795
1942
14793
1940
1939
1938
14789
1936
14785
1932
14783
1930
1918
14771
8350
1929
1927
14776
1923
14775
1922
1920
8339
1904
14757
14768
1915
1913
1909
14761
1908
14760
1907
14756
1903
8322
14754
1901
14753
1900
1897
1885
14738
14749
1896
14747
1894
1892
1880
14733
14744
1891
14742
1889
14732
1879
8299
1878
1877
14728
1875
14726
1873
1869
14721
1868
14719
1866
1854
14707
14718
1865
14714
1861
14712
1859
14709
1856
8276
14708
1855
14705
1852
14704
1851
14702
1849
1848
1847
14698
1845
14697
1844
1830
14683
14694
1841
14691
1838
1837
1832
14684
1831
14681
1828
1826
1825
8245
14677
1824
14675
1822
1819
14671
1818
14668
1815
14666
1813
1811
14662
1809
14660
1807
14658
1805
14657
1804
1802
14654
1801
14641
14652
1799
14650
1797
1796
14648
1795
8214
14646
1793
1773
14626
14637
1784
14636
1783
14634
1781
14633
1780
14631
1778
14629
1776
1770
14621
1768
14616
1763
1762
14614
1761
14611
1758
1746
14599
1757
14608
1755
8171
14603
1750
14601
1748
14589
1747
14598
1745
14596
1743
8160
1739
1735
14586
1733
14584
1731
14583
1730
1718
14571
14582
1729
14578
1725
14576
1723
14575
1722
1716
14568
1715
14566
1713
14564
1711
1699
14552
14563
1710
14558
1705
1702
14553
1700
1696
14548
1695
14547
1694
8114
1693
14545
1692
8107
14539
1686
14538
1685
1683
1679
1676
8096
14528
1675
8093
1672
1670
1656
14509
14520
1667
14519
1666
8086
1665
14516
1663
14513
1660
8080
14512
1659
14511
1658
14508
1655
1653
1651
14503
1650
14498
1645
14496
1643
14495
1642
14493
1640
14491
1638
1637
1636
14488
1635
14487
1634
8053
14485
1632
14484
1631
14483
1630
14482
1629
1616
14469
1627
1626
14460
14471
1618
14470
1617
14468
1615
14456
14467
1614
1612
14464
1611
14463
1610
1608
14459
1606
14458
1605
1601
14453
1600
14452
1599
1598
14450
1597
14449
1596
1584
14437
14448
1595
1593
1579
14432
14443
1590
14440
1587
14438
1585
14431
1578
14426
1573
14424
1571
14420
1567
7987
14419
1566
1565
1563
14415
1562
7981
14413
1560
1548
14401
14412
1559
1558
14410
1557
1556
14408
1555
14405
1552
14403
1550
14399
1546
14397
1544
14394
1541
1540
1527
14380
7959
14391
1538
14388
1535
14387
1534
1533
14383
1530
14382
1529
7948
1526
14378
1525
7945
14377
1524
14374
1521
14373
1520
14371
1518
14369
1516
14366
1513
14365
1512
14364
1511
14363
1510
1509
1507
14359
1506
14354
1501
1500
1498
14350
1497
1495
14347
1494
1493
1491
1490
1478
14331
1489
1476
14329
14340
1487
1473
14326
14337
1484
14335
1482
1479
1467
14320
7898
1477
14328
1475
14325
1472
1458
14311
1469
14321
1468
14316
1463
1462
14300
14298
14309
1456
1444
14297
1455
14305
1452
14304
1451
1450
14296
1443
14295
1442
14293
1440
14291
1438
14287
1434
14286
1433
1426
14278
1425
1413
14266
14277
1424
1421
1408
14261
1419
14271
1418
1416
14267
1414
1410
7829
1406
1394
14247
14258
1405
14244
7823
14255
1402
14253
1400
14249
1396
7815
14242
1389
14240
1387
14236
1383
14228
1375
14227
1374
14225
1372
14223
1370
1368
14220
1367
7787
1366
14218
1365
14215
1362
1361
7779
1358
14206
1353
14197
1344
1343
14195
1342
1330
14183
14194
1341
7758
14190
1337
14185
1332
7752
1331
1329
1327
14179
1326
14177
1324
7744
14176
1323
14174
1321
14172
1319
14171
1318
1317
1316
7736
1304
14157
14168
1315
14167
1314
1299
14152
1310
14161
1308
14160
1307
1305
1293
14146
14155
1302
14153
1300
14151
1298
1296
1292
14140
1287
7707
14139
1286
14137
1284
14136
1283
14133
1280
7699
1278
1277
1265
14118
14129
1276
1272
14124
1271
14122
1269
14120
1267
1264
14115
1262
7680
1259
1255
1241
14094
1252
14103
1250
14102
1249
14101
1248
14100
1247
14095
1242
7662
14090
1237
14088
1235
1234
1230
14082
1229
1228
1226
1225
1222
1210
14063
14074
1221
14073
1220
14072
1219
14070
1217
7637
1216
1212
14062
1209
7629
14061
1208
14057
1204
14049
1196
14048
1195
1193
1191
14040
1187
14039
1186
1185
14037
1184
7603
14035
1182
7600
14032
1179
14031
1178
14030
1177
14028
1175
1174
14026
1173
14024
1171
14020
1167
14018
1165
14017
1164
14016
1163
14013
1160
14010
1157
14009
1156
14007
1154
14006
1153
1140
13993
14004
1151
14002
1149
14001
1148
1135
13988
1146
7565
13997
1144
13996
1143
13995
1142
13992
1139
13991
1138
13978
1136
1120
13973
13984
1131
13983
1130
13980
1127
13979
1126
1124
13974
1121
13972
1119
13971
1118
13969
1116
7534
1113
13965
1112
13958
1105
13957
1104
7523
13955
1102
13954
1101
1088
13941
13952
1099
13950
1097
7516
13948
1095
1094
13945
1092
13944
1091
13940
1087
1073
13926
13937
1084
1083
13932
1079
1076
13927
1074
7494
13925
1072
13920
1067
7487
13919
1066
13917
1064
13905
1052
13904
1051
13900
1047
13899
1046
13887
13898
1045
13895
1042
13894
1041
13893
1040
13890
1037
7456
1035
13886
1033
13884
1031
1019
13872
13883
1030
13882
1029
13881
1028
13880
1027
13879
1026
1014
13867
1025
1013
13866
13877
1024
13876
1023
13874
1021
13871
1018
1017
1003
13856
13865
1012
13864
1011
13863
1010
13859
1006
1005
13855
1002
13854
1001
13853
1000
999
13850
997
7414
13846
993
981
13834
13845
992
985
7404
13836
983
13831
978
13830
977
13828
975
13823
970
13819
966
13815
962
13813
960
7380
13812
959
958
7378
13810
957
948
13799
946
13796
943
13795
942
941
7361
13793
940
938
13790
937
923
13776
934
13786
933
13778
925
13775
922
13771
918
7336
13768
915
903
13756
13767
914
13766
913
912
13763
910
13761
908
13760
907
905
13757
904
13755
902
890
13743
901
13750
897
13749
896
13747
894
13746
893
13745
892
13733
13744
891
13742
889
886
13737
884
7304
13736
883
870
13723
881
13730
877
13724
871
858
13711
13722
869
13718
865
13715
862
7282
13714
861
13712
859
13710
857
855
13707
854
7274
13706
853
13705
852
7269
13701
848
13696
843
831
13684
842
13693
840
13690
837
835
823
13676
13687
834
13686
833
13683
830
829
13679
826
7245
13677
824
821
809
13662
13673
820
13669
816
815
812
13664
811
795
13648
13659
806
13657
804
13654
801
800
7219
13651
798
7214
793
13645
792
13644
791
13640
787
786
782
13634
781
13633
780
7200
13632
779
13631
778
13630
777
13628
775
13623
770
13620
767
763
13615
762
749
13602
760
13612
759
13609
756
7171
750
13601
748
13600
747
745
13597
744
732
13585
743
13595
742
730
13583
13594
741
7161
13593
740
13592
739
13590
737
13588
735
13584
731
13581
728
13580
727
13579
726
13577
724
712
13565
13576
723
13574
721
13573
720
13571
718
13570
717
13567
714
713
13564
711
710
13562
709
13560
707
13557
704
13553
700
13541
13552
699
697
13549
696
13547
694
681
13534
13545
692
7112
691
687
13538
685
13536
683
13533
680
13532
679
13531
678
13530
677
13528
675
13525
672
7092
13524
671
13523
670
13520
667
13517
664
13515
662
7080
13512
659
647
13500
13511
658
13509
656
13506
653
13503
650
649
644
7063
13495
642
13493
640
628
13481
13492
639
13490
637
634
13486
633
13485
632
13483
630
13482
629
7047
13479
626
13476
623
620
13471
618
7037
13469
616
614
13466
613
7030
13462
609
13461
608
7028
13460
607
13457
604
601
13452
599
13450
597
13449
596
13448
595
13446
593
13443
590
7008
13440
587
7004
13436
583
7000
13432
579
577
6997
13429
576
13426
573
572
13424
571
13423
570
6990
13422
569
13419
566
6986
13418
565
564
13416
563
13413
560
548
13401
13412
559
558
13409
556
13407
554
13405
552
551
13403
550
13400
547
546
13397
544
542
539
13390
537
13387
534
521
13374
13385
532
13384
531
6951
13383
530
526
13378
525
13377
524
13373
520
504
13357
515
6934
502
13355
513
13364
511
13361
508
6928
507
6927
13359
506
503
13354
501
13352
499
496
13348
495
493
13341
488
13339
486
6906
485
13335
482
13332
479
13329
476
13317
13328
475
6895
13327
474
13314
13325
472
13324
471
13320
467
13319
466
13318
465
449
13302
13313
460
13311
458
13299
457
13309
456
13308
455
13307
454
6874
13306
453
13305
452
439
13292
13303
450
6869
437
13290
13301
448
13300
447
6865
13297
444
13295
442
13282
440
13291
438
13289
436
423
13276
13287
434
13286
433
13284
431
13283
430
426
13275
422
408
13261
13272
419
13271
418
13269
416
13268
415
414
13265
412
13262
409
13257
404
13256
403
13254
401
13252
399
13250
397
13249
396
13245
392
13243
390
13241
388
6806
385
13237
384
13236
383
13234
381
376
13228
375
13227
374
13223
370
13221
368
13220
367
354
13207
13218
365
13217
364
352
13205
363
13215
362
13206
353
13203
350
338
13191
13202
349
13201
348
13199
346
343
13195
342
13194
341
13192
339
6757
336
13188
335
332
13183
330
13181
328
316
13169
13180
327
325
6743
13175
322
321
13173
320
13168
315
313
13161
308
307
13157
304
13155
302
13151
298
13150
297
293
13145
292
13143
290
289
13138
285
13136
283
6701
13122
13133
280
265
13118
13129
276
13128
275
274
13123
270
13120
267
13116
263
13112
259
13107
254
13106
253
13105
252
6666
245
13094
241
13089
236
6656
13088
235
233
13083
230
216
13069
13080
227
226
6645
224
13076
223
13075
222
220
13072
219
13071
218
13063
210
209
196
13049
13060
207
13059
206
203
13044
13055
202
13052
199
13045
192
13036
183
13034
181
13033
180
13032
179
13030
177
6593
13025
172
159
13012
13023
170
13021
168
13009
13020
167
155
13008
166
6584
13016
163
161
13013
160
6580
148
13001
13005
152
13004
151
13002
149
12997
144
12991
138
12987
134
6553
12985
132
12984
131
12983
130
12981
128
127
12979
126
12977
124
12976
123
6543
12975
122
12973
120
6539
118
12970
117
12969
116
12968
115
114
12965
112
12964
111
12962
109
12961
108
12960
107
12954
101
12953
100
12951
98
97
84
12937
6516
12948
95
12947
94
12944
91
6511
90
12942
89
12941
88
12936
83
81
80
12929
76
12928
75
61
12914
12925
72
6491
12923
70
68
55
12908
66
6484
63
12913
60
12909
56
12907
54
53
12903
50
12900
47
12896
43
12895
42
12891
38
12890
37
12889
36
17
12870
28
12880
27
12877
24
23
12874
21
12873
20
12871
18
12866
13
6432
0
12853
12864
11
12861
8
12860
7
12856
3
12844
12855
2
15395
2542
13774
921
14906
2053
8474
13312
459
13428
575
13398
545
13464
611
605
3808
5351
11772
15555
2702
1933
14786
1944
14779
1926
14622
1769
876
1688
1662
14515
14526
1673
8094
8127
14559
1706
14669
14680
1827
1789
14642
14653
1800
4988
11409
13054
13065
212
13050
197
6618
15467
2614
6118
12539
4521
10942
2083
14936
14640
1787
6060
2866
13773
13784
931
13820
967
12155
8967
12366
5945
5900
12321
3028
1728
4931
14134
1281
1270
14123
13951
1098
13921
1068
1057
13910
13987
1134
8316
14748
1895
6454
12886
33
3206
3195
16048
12922
69
3272
2636
9057
2928
3815
14187
1334
14068
1215
7775
8196
14628
1775
4978
5402
11823
12617
12491
6070
14121
14132
1279
1258
14096
1243
7664
2840
9261
4824
12859
6
3194
9615
6412
14107
1254
1224
1213
14066
12469
13051
198
3371
6156
5541
11962
15233
2380
754
13607
13618
765
12857
4
3177
15985
3132
5574
11995
2413
5607
12878
25
14367
1514
14606
1753
12982
129
3317
9738
3302
14008
1155
13967
2788
13278
425
13248
395
2461
8882
5655
12076
6068
5903
2727
2716
15569
2793
2760
9181
14798
1945
5780
13842
989
980
4183
15408
2555
2522
8943
15370
2517
15359
5359
11780
592
3795
3762
10183
1517
7224
13656
803
3991
10412
2460
14055
1202
14025
1172
14014
15655
2802
15644
9223
14867
2014
8435
13285
432
13270
417
6838
1044
4785
7514
1093
13916
1063
5878
12299
2651
2684
9105
2735
13222
369
3557
9978
5154
11575
14276
1423
12459
6038
2778
15620
13277
424
3612
10033
5666
13427
13438
585
3788
15002
2149
8570
3130
15972
1581
12972
119
3322
12963
110
5211
14019
1166
873
2951
7799
14231
1378
1348
12626
6205
666
9054
2633
13163
310
2535
12183
13839
986
971
7392
15421
2568
2557
15410
8989
12598
13496
643
7558
13990
1137
4325
10746
13444
591
580
13433
7012
5415
964
13826
973
4161
10582
8985
15204
2351
8772
3095
9516
15930
3077
9498
3062
5927
12348
13986
1133
13956
1103
13556
703
13126
273
16299
3446
13998
1145
2709
9130
14022
1169
4372
14567
1714
4917
99
3287
9708
5706
4076
10497
8939
5721
12142
14114
1261
14084
1231
7652
5772
15431
2578
13046
193
3321
16163
5757
5724
12145
7360
13792
939
4127
10548
8133
1701
14554
14565
1712
14535
1682
1671
14524
6527
12959
106
3268
16121
12986
133
5474
13728
875
5829
15455
2602
9023
6157
12578
14234
1381
13114
261
5956
12377
1189
4392
2795
13896
1043
9064
15755
2902
1290
5894
12315
3005
6235
14270
1417
4605
11026
2999
9420
13219
366
3539
16381
5202
1961
14814
1972
13643
790
2357
13661
808
13652
799
3987
10408
5127
13505
652
7082
13514
661
3849
10270
5992
12413
6007
5964
12385
2725
14841
1988
13994
1141
13964
1111
13953
1150
10759
1159
12762
807
771
13982
1129
6013
12434
14099
1246
13764
911
12150
5729
15364
2511
8932
15322
2469
14618
1765
12994
141
3314
13589
736
3939
15195
2342
5530
11951
3962
10383
13621
768
7189
3120
13141
288
3476
9897
13132
279
6670
238
13091
14729
1876
14699
1846
1835
14688
3076
3065
15918
1531
14384
14395
1542
5594
12015
13680
827
4030
13671
818
14477
1624
14462
1609
8030
15957
3104
3093
15946
5918
12339
14801
1948
8354
13177
324
3497
351
13909
1056
1062
13885
1032
1071
4259
10680
635
624
13477
7122
13554
701
14790
1937
5140
14772
1919
11528
6370
3137
1568
14421
8000
11188
12039
5618
5887
7481
13913
1060
12224
13889
1036
4239
13837
984
13822
969
7390
13807
954
12883
30
3218
9639
4857
1654
13559
706
13582
729
3926
10347
5532
11953
15167
2314
14445
1592
13780
927
4115
10536
13798
945
4148
5916
12337
14011
1158
4361
15626
2773
6242
12663
6650
13082
229
3402
3391
16244
5898
13960
1107
2740
14751
1898
5101
8292
14724
1871
7174
753
5580
5625
13797
944
15328
2475
5479
11900
11933
5512
7109
6634
13066
213
3386
5867
12288
2679
4270
10691
5682
12956
103
85
11306
4885
6479
12911
58
5675
5544
13907
1054
13472
619
578
13431
14284
1431
4634
12872
19
3192
3181
16034
14478
1625
5628
12049
13124
271
14763
1910
13702
13058
205
3393
9814
242
260
13543
690
3893
15113
2260
2230
5448
11869
9103
2682
14313
1460
12966
113
3286
13061
208
13031
178
16258
3405
9826
13070
217
16273
3420
13067
214
13037
184
13026
15520
2667
5855
12276
7027
610
13463
7042
13474
621
5401
266
13074
221
2421
2410
15263
15340
2487
15307
2454
8875
2466
8887
2451
5235
3611
14829
14840
1987
5175
11596
1990
8411
7194
13626
773
9588
6385
5648
15283
2430
8851
14251
1398
14281
1428
13439
586
3774
10195
15052
2210
13042
189
13027
174
6595
13851
998
4210
3163
13928
1075
13892
1039
13862
1009
13901
1048
10657
14695
1842
5045
2983
2972
15825
3823
10244
3838
641
15076
2223
8644
3835
10256
2220
8641
15058
2205
15047
13617
764
3952
10373
14444
1591
4794
3169
14455
1602
14425
1572
1561
14414
2462
4059
838
4026
10447
13700
847
13685
832
7253
6107
12528
10973
4552
7770
14202
1349
6116
12537
2922
9343
11731
12523
2875
13406
553
3756
13415
562
3154
15996
15216
2363
2352
15205
15246
2393
13535
682
13508
655
3843
10264
3858
5422
11843
1905
5108
13137
284
6705
13230
377
14809
1956
14794
1941
8362
14845
1992
14764
1911
1870
14723
5408
14246
1393
5614
12035
5149
13184
331
16372
3519
9940
1928
5116
11537
14808
1955
2758
3055
3044
15897
1504
14357
1515
4718
1551
8721
13491
638
3826
10247
13521
668
3871
3074
12704
15151
2298
8719
13569
716
3140
12678
708
13561
7140
719
3922
14472
1619
8010
14481
1628
11237
1664
4867
657
3078
3045
9466
6227
3071
15913
4734
14327
1474
13130
277
3450
1853
1409
12017
14494
1641
4844
14476
1623
4811
11232
3164
3153
16006
14514
1661
4864
5744
5711
12132
5476
10393
3972
8773
5570
11991
13647
794
13629
776
3979
746
7167
13666
813
4016
2353
15221
2368
8789
14402
1549
4752
2316
8737
7155
13587
734
3012
1388
4576
10997
6206
6191
12612
13451
598
1320
14833
1980
5168
11589
3011
15853
14333
1480
2908
1470
4673
3001
5284
11705
490
5328
11749
481
3669
10090
2072
8493
14958
2105
5340
11761
15032
2179
14835
1982
5170
11591
13247
394
379
6800
5188
11609
8421
14837
1984
5172
11593
13240
387
3575
9996
2253
11871
5483
13527
674
3014
14376
1523
4726
14210
1357
4551
533
1547
4750
3021
15863
14307
1454
5285
11706
13371
518
3721
15117
2264
8685
2955
2944
15797
12603
5243
11664
6870
5380
5365
11786
5273
11694
14156
1303
4506
14299
1446
4649
5676
12097
7330
13762
909
4112
5622
12043
15353
2500
5661
12082
5694
15347
2494
8915
5712
13480
627
3830
15038
2185
2200
8621
13489
636
7066
13498
645
3848
5454
8672
15104
2251
14310
1457
12636
15259
13703
850
13721
868
13694
841
10450
3672
10093
9319
6092
12513
14142
1289
10898
2880
9301
14885
2032
8453
3695
5289
14127
1274
6083
46
12899
15391
2538
12120
15358
2505
8926
5378
2987
5426
3230
3219
16072
12946
93
3266
16108
3296
4102
13725
872
1412
1403
4606
1376
14199
1346
14188
14710
1857
11511
5090
6024
12445
1016
2583
5833
14245
1392
2144
8565
14645
1792
4995
13048
195
3398
12465
2813
15666
2824
6012
12433
14071
1218
4421
7609
14041
1188
9212
4623
14243
1390
1379
14232
11029
13455
602
13193
340
825
14967
2114
8535
13394
541
3744
5341
14972
2119
8540
9548
3127
14356
1503
7909
14338
1485
15175
2322
8743
5516
11937
13575
722
13614
761
3964
14983
2130
8551
13670
817
15042
2189
8610
15009
2156
13478
625
10260
651
13468
615
15019
2166
8587
13437
584
7790
14237
1384
3112
12721
14988
2135
8556
2925
1301
6110
1708
4889
11310
8140
14572
1719
4922
12957
104
3292
9713
2980
14543
1690
11290
12955
102
3305
2673
14696
1843
5046
14667
1814
14665
1823
5011
11432
1575
14407
1554
4742
11163
12760
2720
1123
1863
14746
1893
13158
305
3508
12718
14381
1539
14005
1152
8195
5001
2786
10771
4365
5944
12365
9168
2747
2717
2706
15559
2750
9171
2765
14021
1168
6671
13103
250
14540
1687
45
14531
1678
4881
12904
51
3224
16066
9660
12939
86
12924
71
6492
3289
3274
9695
14497
1644
1703
8124
12974
121
3324
3294
1850
1820
8241
14940
2087
8508
13340
487
1906
13153
300
3473
318
3506
9927
13162
309
3482
1282
7703
2855
12494
6106
14913
2060
8481
5263
11684
14550
1697
12935
82
3285
16097
3270
9691
1053
7459
2629
9050
5823
12244
4253
10674
13918
1065
2645
15498
9077
13875
1022
7428
13911
1058
2619
15374
2521
1207
7613
1198
4386
10807
14863
2010
14602
1749
11358
14593
1740
5782
12203
2594
7382
13814
961
8180
8177
1756
1364
10955
14595
1742
3018
9439
15860
9481
12699
6278
3027
14178
1325
14148
1295
2892
6139
12560
4542
10963
14198
1345
7751
7397
976
7069
13516
663
12064
2455
2425
2414
15267
1657
4845
11266
1684
14501
1648
1110
5038
14661
1808
1817
5020
1790
14613
1760
4403
10824
14086
1233
4436
15662
2809
2839
6036
12457
8260
1839
13131
278
3451
3466
9887
15610
2757
2784
6017
8835
13699
846
10455
12052
4061
10482
882
13720
867
7288
3115
12441
2817
9238
2035
2024
14877
14918
2065
3632
3617
10038
8615
13663
810
15070
2217
8638
5199
11620
2008
14850
14891
2038
13294
441
14896
2043
13263
410
15168
2315
8751
15150
2297
13619
766
2345
8766
13759
906
895
13748
13789
936
15366
2513
15351
2498
8919
8504
14921
2068
15378
2525
8946
12847
12858
5
16061
3208
3178
16020
631
2165
2154
15007
13041
188
2957
9378
9327
14192
1339
14162
1309
13093
240
9864
3443
13803
950
13785
932
13770
917
7338
994
4197
15159
2306
2270
2240
13499
646
3834
10255
5431
11852
13526
673
1183
4371
10792
14054
1201
4404
6032
12453
14109
1256
4459
1227
14080
14091
1238
4426
10847
2796
15638
4827
11248
2820
2836
9257
14116
1263
4466
4412
10833
6015
2812
2782
1197
4376
10797
9200
14181
1328
4516
10937
4512
4479
10900
14663
1810
4998
11419
14250
1397
4600
5148
11569
11550
1395
4598
1285
7691
4488
1294
6069
12490
2842
4496
142
3330
9751
14619
1766
4954
11375
14033
1180
13962
1109
4312
4258
2595
2625
1240
4428
10849
1199
14052
3038
9459
3053
4617
11038
14282
1429
4586
11007
6189
13968
1115
4318
12932
79
14502
1649
4837
11258
12897
44
6465
3232
3221
16074
12912
59
14473
1620
2140
2764
9185
2712
9133
5939
5966
11808
5387
5372
11793
13024
171
3359
9780
3374
6556
12988
135
3308
15012
2159
15001
3183
3172
16025
9604
1583
15382
2529
8950
13809
956
4144
10565
10580
4159
13264
411
10020
5546
11967
15196
2343
8764
15181
2328
2317
15170
5588
1536
4724
11145
13849
996
3159
9580
3174
9595
6392
7620
13210
357
3530
3590
10011
6823
13255
402
14836
1983
13212
359
3547
9968
13258
405
3593
10014
4070
15260
2407
4037
10458
13805
952
4140
10561
6812
13244
391
3594
14806
8385
13740
887
4090
13101
248
9593
13704
851
4039
10460
15462
2609
4220
10641
2441
695
3898
13539
686
13434
581
3769
10190
15435
2582
13125
272
3475
3469
9890
13134
281
13943
1090
4278
10699
4311
287
13542
689
3877
10298
5590
12011
2387
8808
13637
784
7190
5602
13642
789
3992
3864
10285
4000
15190
2337
13641
788
13551
698
3886
10307
15145
2292
15134
2325
8746
13605
752
3955
13370
517
3705
10126
13388
535
3738
15298
2445
5663
12084
14301
1448
4636
11057
14292
1439
2713
4245
10666
14638
1785
4973
11394
13841
988
4176
10597
13840
987
4175
10596
5763
12184
2545
5796
4208
10629
7892
14339
1486
7880
1459
4647
11068
4633
11054
372
3542
9963
3550
6319
9522
1884
14755
1902
8308
13149
296
3484
9905
14743
1890
5078
11499
3529
9935
3117
6302
3084
9505
9496
7114
13546
693
3881
10302
2921
14159
1306
15022
2169
2899
2914
9335
9365
15045
2192
15034
11831
2893
9314
2878
13172
319
3522
13078
225
16266
3413
9834
3428
175
13028
12642
4375
9137
13975
1122
4310
10731
14000
1147
4335
10756
15576
2723
9144
13970
1117
7538
4320
10741
2678
14059
1206
4394
10815
13942
1089
4277
10698
4172
4288
10709
13923
1070
7476
2604
2593
15446
13857
1004
4192
10613
15976
3149
9570
14813
3601
10022
2768
4398
10819
2744
11111
13273
420
3623
393
2754
15596
14085
1232
15297
2444
8865
4083
12894
41
1647
4835
11256
12885
32
6455
12887
34
3222
9643
12875
22
12893
40
3228
9649
6470
12902
49
8028
4810
11231
14466
1613
14058
1205
4446
10
12822
4804
11225
5084
11490
13110
257
5000
11421
13165
312
14189
1336
10960
4539
6136
15239
2386
14505
1652
3249
13365
512
3715
13117
264
3467
13090
237
3425
9846
2837
15690
14580
1727
4915
11336
13933
1080
4283
1721
1751
14577
1724
4912
11333
13007
154
14585
1732
4935
4920
11341
153
2862
9283
4456
10877
2996
9417
2977
9398
2973
9394
6176
12597
14213
1360
6163
12584
2960
9381
8972
13825
972
13043
190
9351
14935
2082
9034
8582
15029
2176
13396
543
3728
10149
2107
2913
6140
12561
6173
4585
1382
14205
1352
14029
1176
4379
1958
15192
2339
2405
13104
251
13931
1078
4281
194
3367
16209
3382
9803
176
3349
3338
16191
8288
14720
1867
13111
258
3431
3461
3347
204
3392
9813
2822
9243
5213
11634
13832
979
10588
13844
991
4179
10600
5776
12197
15411
2558
15426
2573
8994
164
3337
13035
182
9791
14605
1752
4955
14741
1888
5091
5073
5058
11479
2694
9115
13147
294
13156
303
3491
9912
974
13015
162
9771
12992
139
3342
13783
930
12945
92
4850
11271
2504
7301
4098
4533
9315
4879
11300
13010
157
924
13053
200
1806
8212
4994
11415
4469
10890
14119
1266
7687
14964
2111
13331
478
13367
514
14901
2048
2063
8484
1959
371
3559
9980
13251
398
1754
12990
137
1734
5102
11523
2681
4305
10726
3652
10073
14851
1998
6668
13100
247
5041
11462
5889
12310
2701
9196
4414
4948
11369
8978
14769
1916
8337
3555
14739
1886
14715
1862
11471
14345
1492
4695
11101
9486
4662
11083
4271
14294
1441
4629
11050
14336
1483
4686
1465
4653
11074
3056
9477
10453
13697
844
4035
12865
12
6418
3200
9621
13692
839
4042
12854
1
3189
9610
13681
828
4031
14226
1373
14208
1355
13456
603
3806
13447
594
13353
500
527
3730
13389
536
13350
497
3685
10106
14165
1312
4515
5276
11697
898
13769
916
874
4062
10483
13772
919
3259
9680
12915
62
14788
1935
14803
1950
5138
11559
3544
9965
14594
1741
4929
11350
13625
772
7178
3099
15941
14361
1508
4711
14560
1707
4910
11316
15402
2549
185
1779
3328
9749
4582
582
3785
14625
1772
13298
445
5954
14047
1194
3609
10030
13259
406
6827
14056
1203
4391
10812
9224
13214
361
3534
1967
2734
5333
3726
10147
13391
538
15244
2391
4821
11242
14847
1994
1519
6361
3934
10355
13608
755
4725
11146
15202
2349
15191
8770
5567
6590
14887
2034
13081
228
4048
10469
12931
78
5293
14979
2126
529
13441
588
13351
498
6904
13333
480
3598
522
3725
2131
12999
146
10092
3686
14876
2023
2886
13342
489
13321
468
5277
435
12989
136
684
10293
14319
1466
14427
1574
13182
329
6735
9946
4523
10944
13115
262
12867
14
6420
451
3639
10060
13322
469
14919
2066
5260
239
14858
2005
1244
4432
10853
2146
5295
13381
528
13316
463
3457
13164
311
3499
9920
3896
10317
2626
13148
295
13280
427
13226
373
3576
13211
358
6779
13235
382
15209
2356
14352
1499
2329
15118
2265
14774
1921
13861
1008
1453
4656
6253
13097
244
2808
9229
14909
2056
14521
1668
35
4012
15292
2439
6394
15235
2382
5615
13253
400
13611
758
3946
10367
6406
12827
12868
15
5579
12000
5513
15133
2280
48
14735
1882
5554
1604
4792
11213
5634
12792
4780
14430
1577
15227
2374
13716
863
15148
2295
5558
11979
5573
14941
2088
3745
10166
13410
557
1646
12905
52
2160
14956
2103
5321
11742
3240
16082
15213
2360
2196
5357
11778
15128
2275
11923
6571
150
9759
3269
13800
947
4135
10556
13018
165
1449
14884
2031
1404
4592
11013
15090
2237
3013
9434
268
13781
928
1771
15432
2579
1836
1872
2093
1338
13358
505
14439
1586
13000
147
12712
6324
5521
13159
306
6712
1422
1386
14687
1834
11443
14290
1437
4625
11046
12917
64
1435
5316
3561
14422
1569
12786
13096
243
3416
13099
246
13108
255
4952
11373
5644
13658
805
3993
10414
12879
26
15333
2480
3190
6450
13638
785
13186
333
1975
3113
9534
6340
14254
1401
14224
1371
12862
9
3212
1588
4776
11197
2832
9253
14106
1253
13330
477
6883
301
6707
13344
491
5986
31
6164
1505
1794
12926
73
6325
14533
1680
14551
1698
1351
13040
187
1840
13934
1081
13949
1096
4299
6303
12586
5497
5452
11873
15078
2225
6285
13808
955
10715
2282
6357
6104
14590
1737
