26447
26378
26342
26285
26259
26247
26186
26175
26139
26131
26125
26063
26043
26042
26026
26015
25999
25985
25946
25927
25900
25887
25877
25851
25791
25748
25734
25684
25662
25657
25641
25578
25565
25524
25520
25513
25508
25497
25473
25460
25434
25420
25413
25363
25362
25312
25278
25267
25255
25253
25152
25144
25124
25115
25108
25053
24992
24986
24983
24979
24970
24966
24945
24943
24921
24897
24881
24845
24777
24760
24734
24680
24675
24673
24664
24641
24591
24571
24556
24548
24540
24522
24518
24498
24489
24480
24467
24464
24456
24423
24405
24400
24387
24366
24359
24351
24344
24341
24336
24325
24299
24296
24276
24249
24205
24191
24164
24155
24083
24081
24052
24035
23981
23958
23957
23933
23931
23925
23917
23870
23810
23802
23798
23758
23752
23728
23725
23718
23713
23706
23693
23689
23667
23645
23636
23631
23626
23586
23582
23581
23580
23550
23480
23469
23464
23436
23430
23420
23418
23404
23390
23310
23308
23285
23283
23263
23261
23225
23222
23213
23200
23199
23192
23191
23169
23108
23091
23083
23069
23065
23035
23017
23015
22980
22976
22969
22808
22805
22726
22721
22718
22706
22690
22668
22629
22624
22586
22583
22569
22516
22513
22510
22460
22452
22448
22432
22431
22430
22412
22341
22336
22314
22301
22296
22282
22248
22141
22108
22104
22078
22073
21998
21997
21972
21968
21948
21899
21894
21892
21823
21807
21783
21754
21731
21730
21725
21715
21649
21642
21635
21612
21602
21575
21566
21532
21523
21517
21516
21515
21500
21499
21498
21458
21457
21451
21435
21431
21406
21400
21397
21385
21382
21367
21364
21361
21344
21331
21329
21328
21320
21303
21281
21180
21143
21131
21113
21050
21045
21035
21026
21021
21007
20994
20979
20955
20949
20918
20915
20885
20884
20837
20806
20798
20784
20764
20763
20760
20721
20717
20706
20697
20677
20670
20668
20642
20632
20565
20560
20543
20541
20523
20504
20459
20443
20422
20415
20385
20380
20376
20375
20366
20348
20346
20342
20317
20311
20280
20270
20261
20258
20240
20234
20202
20190
20185
20176
20170
20159
20139
20134
20123
20103
20080
20072
20068
20066
20051
20050
20035
20034
20003
19972
19943
19910
19889
19865
19831
19823
26203
19782
19726
19691
19673
19663
19658
19653
19648
19638
19624
19618
19611
19608
19590
19577
19576
19574
19566
19528
19526
19522
19514
19494
19488
19417
19412
25831
19410
19409
19387
19364
19345
19344
19306
19284
19283
19275
19268
19265
19264
19257
19254
19246
19238
19233
19232
19224
19222
19190
19186
19169
19168
19155
25557
19136
19066
19045
19000
18982
18981
18979
18976
18966
18955
18922
18920
18916
18907
18873
18845
18838
18831
18796
18792
18768
18743
25163
18742
18713
18710
25088
18667
18658
18618
18588
18576
18567
18543
18541
18538
18532
18529
18523
18515
18501
18497
24916
18495
18492
18488
18482
18463
18459
24873
18452
18445
18442
18423
18414
24828
18407
18394
18388
18384
18370
18359
18347
18345
18343
18337
18335
18333
24749
18328
24748
18327
18322
18318
18293
18292
18283
18280
18275
18274
18241
18238
18232
18226
18222
18218
18211
18206
18205
18202
18199
18197
18191
18177
18172
18158
18154
18137
18134
18133
24553
18132
18126
18118
18111
18102
18090
18089
18086
18080
18079
18062
18050
18041
18032
18031
18026
18024
18012
18008
17958
17942
17924
17919
17914
17902
17895
17888
17883
17882
17865
17849
17846
17834
17818
17813
17810
17791
17781
17772
17760
17750
17735
17733
17732
17725
17719
17716
17710
17709
17708
17691
17688
17686
17665
17658
17649
24046
17625
17610
17583
17580
17574
17573
17565
17562
23945
17524
17499
17474
17467
17453
17445
17414
17411
17410
17380
17367
23781
17360
17336
17330
17324
17311
17300
17260
23673
17252
17248
17244
17221
17219
17196
17195
17191
17186
17166
17157
17132
17130
17104
17079
17077
17046
17018
17017
17013
17008
17007
16974
16970
16965
23384
16963
16956
16935
16923
16919
16899
16891
16890
16886
16878
16873
16870
16854
16847
16845
16843
16835
16833
16829
16820
16805
16766
16751
16747
16741
16739
16734
16726
16725
16717
16681
23077
16656
16651
16639
16638
16623
16621
16603
23023
16602
16593
16592
16589
16587
16586
16583
16579
16575
16571
16549
16533
16530
16527
16516
22918
16497
22909
16488
16484
16483
16482
16479
16478
16474
22894
16473
16470
16469
16468
16467
16464
16457
16453
16450
16448
16446
16434
16430
16419
16414
16409
16406
16397
16393
16390
16383
16369
16368
16360
16357
16347
16343
16338
22756
16335
16321
22740
16319
16318
16308
16302
22720
16299
16276
16272
16271
16258
16240
16234
16233
16231
16229
16219
22621
16200
16197
16191
16186
16185
16138
16124
22544
16123
16061
16060
16052
16051
16050
16048
16047
16041
15976
15969
15949
15896
15878
15873
15871
15869
15865
15853
15836
15833
15831
15809
22221
15800
15770
15731
15724
15689
15618
15580
21980
15559
15539
15522
21910
15489
15466
15460
15459
15458
15437
21822
15401
15397
21817
15396
15378
15357
15345
15318
15298
15291
15289
15285
15272
15222
21633
15212
15176
15172
15165
15164
15135
15132
15127
15103
15093
15084
15006
21410
14989
14983
14970
14954
14913
14903
14902
14900
14881
21297
14876
21288
14867
14854
14821
14801
14775
14751
14747
21165
14744
14739
14730
14729
14707
14696
14659
14658
14654
14638
14597
20984
14563
20958
14537
14532
14509
14507
14489
14453
14452
14444
14435
14434
14430
14427
14419
20828
14407
20817
7975
14396
14391
14354
1505
14347
1495
14337
14336
1488
14330
1484
14326
1408
14250
14240
1383
14225
14223
20640
14219
1370
14212
14200
1329
14171
7749
14170
1322
14164
1321
14163
14161
14152
20552
1289
14131
1247
14089
1229
14071
7640
14061
14031
14024
7574
13995
7544
13965
13930
13903
13901
20305
13884
1023
13865
7437
13858
13848
7402
13823
980
13822
13803
13796
13789
7364
13785
918
13760
20180
917
7338
13759
20175
13754
20167
7325
13746
13740
881
13723
879
13721
20132
869
7290
13711
20106
13685
13675
13626
779
7200
13621
7167
13588
13583
13572
26402
718
13560
13544
696
13538
13521
668
13510
13501
7067
13488
13478
627
13469
13464
26299
615
13457
26268
13426
13418
13385
541
13383
13376
13335
478
13320
13299
13264
13258
13248
19661
398
13240
13228
13193
6771
13192
6757
13178
13175
13154
13141
25966
13124
13114
252
13094
13092
13065
105
12947
12939
6498
12919
60
12902
6416
12837
12828
12819
25640
19219
6377
12798
12774
12752
12737
6275
12696
12658
12623
12609
25431
12589
12553
12549
12523
12506
12498
12471
12456
12419
12398
12395
12369
12357
12339
5819
12240
5802
12223
12219
5797
12218
5769
12190
12188
5764
12185
12083
5657
12078
5656
12077
12059
5594
12015
24807
18386
5544
11965
18383
5541
11962
11944
11929
11868
11829
5387
11808
24619
11777
11766
24592
18171
11750
5325
11746
11726
5274
11695
24527
18106
11685
11645
11644
11626
5202
11623
11607
11588
24412
11570
11569
11568
17965
11544
11543
11542
17949
11528
17948
11527
11515
11512
17916
11495
17913
11492
11485
17898
11477
17892
11471
11458
11437
11436
11435
17845
5003
11424
11404
17814
11393
17804
11383
4957
11378
11348
11347
17766
11345
11340
11332
11319
4897
11318
11308
11285
4861
11282
4860
11281
11275
4839
11260
11254
11250
1578
14420
24059
11217
11214
4779
11200
17616
11195
14394
11191
11146
1482
14324
11121
11120
11109
1431
14273
11070
11055
23878
11036
14234
11031
17435
4593
11014
17428
11007
4581
11002
7773
14194
10991
14191
10988
10986
10982
10980
10941
10937
10929
4499
10920
10919
10913
7676
14097
10894
10885
10865
14035
4411
10832
4398
10819
23610
10768
13944
10741
20355
13934
10731
10710
10689
13881
10678
10663
4227
10648
10644
10636
10607
10606
951
13793
4169
10590
13777
10574
10559
10539
13737
4113
10534
10415
10397
3975
10396
756
13598
16816
10395
10355
10334
16740
10319
10315
10312
10265
10250
10197
3770
10191
540
13382
3758
10179
16588
10167
22994
10152
16564
10143
16558
10137
3705
10126
3686
10107
10084
16494
10073
10069
10017
10008
10000
9996
16416
9995
9973
9970
16385
9964
16376
3534
9955
9952
13152
9949
3521
9942
9934
9909
16329
9908
19519
13098
16316
9895
16293
9872
9830
13026
9823
16243
9822
13020
9817
22633
9791
3336
9757
3309
9730
9721
12909
3285
9706
9660
12776
3152
9573
9566
15983
9562
9542
9504
9343
9342
6108
12529
2905
9326
9306
9288
2866
9287
12482
9279
9278
2855
9276
9244
9233
9205
2778
9199
15614
9193
2767
9188
22025
2762
9183
2749
9170
25198
12356
15574
2732
9153
2727
9148
15561
9140
12342
9139
25172
12330
9127
9124
9122
9095
12272
2648
9069
9065
9061
9051
9047
15464
2622
9043
15453
9032
2592
9013
9008
8990
8989
8983
21816
8974
2552
8973
2545
8966
8964
8960
8959
15368
2526
8947
2524
8945
2522
8943
8934
2475
8896
8879
8876
8871
2444
8865
21703
8861
8838
5619
12040
2416
8837
12027
8824
15234
8813
8806
21645
8803
8795
8794
8778
8776
8774
15178
8757
21592
8750
24794
18373
5531
11952
8749
8708
2271
8692
8653
8619
21429
2166
8587
2160
8581
21421
8579
8576
21341
8499
2052
8473
2051
8472
8467
14859
8438
11599
14817
1975
8396
8377
1951
8372
17993
11572
8369
11559
8356
1898
8319
8311
5085
11506
8303
11475
14693
1851
8272
17873
11452
8249
8231
8223
8216
8197
8183
21024
8182
1757
8178
1756
8177
21016
14595
8174
11373
8170
20990
8148
8147
11342
8139
8138
1706
8127
20966
1703
8124
8123
20944
8102
14517
8096
8094
8092
8071
11273
14491
1649
8070
11268
1644
8065
1635
8056
14473
1631
8052
20888
1625
8046
14466
8045
1623
8044
11243
1619
8040
8030
8020
20859
14438
1596
8017
20845
14424
8003
11199
1575
7996
1555
14397
20833
1570
7991
1547
14389
1562
7983
14381
11178
14392
7971
1533
7954
14375
1548
7969
20800
7958
7919
4696
11117
7914
1460
14302
7896
20725
7883
1450
7871
20710
1447
7868
7860
14275
7854
7849
1425
7846
20680
7838
1415
7836
11033
1409
7830
20666
7824
1386
14228
1401
7822
14226
14241
7820
11015
7812
11012
7809
4579
11000
7797
10983
7780
7774
1336
14178
7772
4551
10972
20611
7769
20595
7753
7747
17365
10944
14162
7741
1308
7729
20549
14128
1301
7722
14117
7711
1270
14112
7706
14115
1273
7694
7692
23735
17314
4472
10893
14111
1269
7690
7669
7666
14060
1233
7654
14054
1227
7648
7638
20478
7636
1207
14049
7628
14030
1203
7624
1200
7621
7612
14011
1184
7605
20440
7598
7597
20438
7596
7592
7587
7576
1148
7569
7541
13962
20398
7556
20381
13960
7539
7531
7527
20353
7511
13932
7526
20361
7519
1097
7518
7505
7502
17120
4278
10699
7496
23539
10697
1073
7494
7474
7471
20309
7467
1044
7465
7458
20297
13876
7455
7453
7448
10643
1019
7440
23477
10635
13853
7432
13852
7431
7422
7414
7412
7400
964
7385
20226
963
7384
7351
7332
20164
901
7322
875
7296
854
13696
23335
16914
10493
7289
838
7259
4032
10453
7250
20059
796
7217
13610
20046
13625
7204
7187
26429
745
13587
7181
13568
7147
7143
10324
19963
700
13542
7121
671
7092
649
7070
19907
644
7065
7064
26290
7027
13448
13463
7042
16659
10238
7035
7016
3768
10189
19828
565
6986
19799
6957
6953
531
6952
6932
505
6926
495
6916
479
6900
435
6856
6853
6839
19637
374
6795
13166
6745
6704
255
6676
13097
6691
268
6689
19517
6675
6668
25929
13087
6666
6654
6649
13062
6641
6635
205
6626
195
6616
6612
6609
12997
25854
19433
6591
19432
169
6590
12961
6555
6509
6458
12879
6473
6453
29
6450
9646
6443
19251
6409
6403
9591
6388
6373
6369
12770
6364
9564
6361
12766
15984
9563
6360
19167
6325
19151
12730
6324
19154
6312
6296
6279
9481
6278
6276
25532
6269
6266
6260
6254
12632
6226
6214
6200
6199
19037
6195
6194
12599
6193
6191
6175
15798
9377
6174
6170
9352
25412
6149
25394
6131
6125
12507
25364
6101
6079
12476
15694
2852
9273
6070
6033
6026
6024
6020
15597
9176
5973
5961
18789
5947
12362
5941
15563
9142
18781
5939
2720
9141
5938
9131
5928
5922
9123
25183
5920
5913
5908
5894
25149
5886
18717
5875
5873
12276
2652
9073
5870
5863
25117
5854
5847
5836
5833
5831
12251
5830
5827
5826
5822
5821
25067
12225
5814
25071
5808
5807
12203
9000
5788
5785
5783
5766
25012
12170
8967
15376
8955
5752
12166
5745
2523
8944
5741
8940
25000
5737
5733
24978
12136
2512
8933
24993
5730
5722
18563
5721
24981
5718
5712
12100
5694
5674
5669
5667
15287
2445
8866
5663
24924
5661
2438
8859
5652
12066
5645
5643
5639
8836
5633
5628
8810
5607
5602
21644
2381
8802
12020
5599
15219
2377
8798
5595
5593
5589
5588
5583
18419
5577
11975
24832
5569
11974
5568
5567
5561
5558
5551
5549
5534
2313
8734
21571
8729
24789
5526
11931
5525
24784
5521
5509
5506
5500
18338
5496
8687
5484
5483
18323
5481
5478
24735
5472
11891
5470
8668
5465
24726
5463
5460
5444
11865
18301
5459
2239
8660
5457
11877
5456
18297
5455
5452
2231
8652
5449
8649
5446
11851
8648
5445
5439
18248
5406
5403
21443
8601
5398
5395
2174
8595
5392
18231
5389
5388
11792
24649
18228
5386
5383
2167
5370
2135
8556
2150
5353
18193
5351
2139
5342
5326
11747
11762
5341
2123
5314
18149
5307
2079
18124
5282
2053
8474
5271
2055
11679
5258
2023
8444
2038
5241
5230
5197
11602
21256
1993
24459
18038
5196
5157
5144
21188
1925
11549
5128
5115
5095
17910
11489
5083
5057
21072
8230
1809
5012
24274
11432
5011
4966
4964
11379
4958
20970
8128
20985
1722
17767
4925
1700
17745
4903
1653
4856
4824
7979
14400
4791
4786
1551
14393
11205
4784
1561
7982
7927
4724
14310
4701
20714
1451
14293
23947
4684
1423
14265
1453
17498
4656
4648
11061
4640
11045
4639
11043
4637
4604
7781
14202
7787
4584
1346
10970
4549
7744
4541
17371
4529
17369
4527
1296
10884
4478
1239
14081
4457
4448
20469
14048
10845
4439
4436
7632
4429
1202
7623
4420
20471
1208
4405
7579
14000
4391
7586
10804
4383
20402
1139
13981
13996
7575
4372
10763
4357
4352
20372
7530
4327
13916
10713
13931
7510
4307
4306
4303
20328
13907
20358
7516
1095
4298
13906
4297
20330
7488
4285
4282
20325
7483
23543
4280
1028
13870
1058
10682
4261
4258
1020
13862
7456
4253
23507
4244
7446
20303
1040
17085
4243
13842
4233
1022
4225
4220
23441
4178
20229
966
4156
16994
4152
891
13733
7327
4124
4117
23373
4110
4108
4105
4099
16934
4092
4091
4084
4082
4079
4065
16906
4064
4053
10435
4029
13650
808
23274
4011
794
3997
3992
23231
10389
13622
780
10404
3983
16808
3966
10387
778
3981
3967
762
3965
701
16746
3904
3852
23112
16691
3849
613
13455
3846
23082
3819
16657
3815
581
16626
3784
13419
577
3780
5367
23032
3769
5365
3753
10174
11783
5362
3765
11765
5359
544
6965
3762
3743
10164
522
13364
552
3755
16580
10159
19788
6946
24600
5337
10146
3740
6896
13317
3708
2099
5302
13314
6901
3698
6897
3694
16521
3679
26135
451
6872
10090
3669
465
22931
3668
440
6861
3658
11627
18063
5221
13233
3624
413
3616
388
3591
24417
5154
3557
3556
16375
3533
3525
22779
3516
21156
8314
1908
17953
5111
3514
22773
16352
3510
3509
3506
9880
3459
3453
6653
16292
3450
9861
3440
22688
3425
3419
16254
3412
6613
3410
3381
3379
171
22637
3374
168
16213
3371
145
16190
3348
24196
4933
22581
3318
6532
111
3314
6512
3289
9710
3304
3295
12903
3294
3272
9693
25753
12911
69
6490
3287
53
12895
68
6489
83
9707
3286
9681
6478
3275
19302
6460
12881
54
6475
3269
3266
31
12873
3264
3261
24118
4855
55
3258
9661
3255
22515
16094
3252
3238
16078
3236
3233
3216
9637
3231
9647
3226
3217
12816
9628
3207
9596
3190
3188
3183
3180
1557
7978
1572
4775
9599
3178
14380
4771
12783
3174
22436
3173
3171
3164
12772
3163
3138
9559
3153
7951
4748
3151
3150
15989
3147
15988
3146
7953
1532
23998
4735
3135
11135
1526
4729
19162
12741
15974
3132
7912
4709
3112
3111
3110
3106
3090
9511
3105
3079
9500
3094
3086
6277
3074
12673
3064
15889
3047
9468
3062
14294
1452
4655
3058
1449
4652
15897
3055
7845
4642
3045
4636
12648
3039
6225
12646
3037
15877
3035
3034
22293
3030
25476
12634
3025
3006
9427
3021
12627
3018
4613
6219
3016
3015
15840
9419
6216
3013
3010
3008
19032
12611
3002
10998
4592
2995
2986
2969
9390
15826
2984
2976
6177
2974
15815
2973
22217
9375
2968
15808
2966
12574
2965
9383
2962
2961
2960
2959
2957
9355
2949
2945
2938
6138
2935
2929
2925
20581
1318
23784
4521
9345
2924
15758
2916
2893
9314
2908
15734
2892
9313
2907
2901
14105
4496
2899
2895
6094
2891
9296
2890
4484
2887
15725
2883
2874
2856
9277
2871
6068
15707
2865
12473
2864
1246
17291
4449
6053
2850
22097
2834
9255
2849
15688
2846
12444
2835
15675
2833
2825
1201
7622
4419
22085
2822
2820
6022
2819
2813
25257
12415
2806
1167
14009
4400
12412
25269
6006
2803
4399
2802
15623
9202
2796
2792
12399
22053
2790
9191
2785
2768
9189
2783
13985
4376
2779
4375
18823
5981
9179
2773
12380
2771
5970
18811
5969
2766
2763
22010
9168
15599
2757
2756
2754
2753
2752
2750
5952
2731
9152
5949
2746
4337
5943
2740
25188
12346
2737
12340
2729
2724
9129
2723
2715
2713
4309
5915
2712
5914
2711
2707
4281
10702
1093
4296
5902
15541
2699
10716
4295
2698
15538
2696
2687
2686
12288
2679
5880
2677
12285
9082
5879
2676
21936
2673
2668
1056
4259
2662
9064
2658
15496
2654
5853
2650
15462
2620
9041
2635
4231
2634
5818
2615
12215
2606
17023
10602
4196
25050
12208
2599
5801
2598
5800
15439
2597
2578
8999
2593
986
23452
4189
2590
25055
5792
2589
2586
8984
5778
15417
2575
2571
25021
12179
18615
5773
2570
2564
8963
2557
941
23407
4144
2547
8951
5748
5738
2535
2531
2529
21774
8932
16949
10528
16964
4122
5728
2525
5727
4120
18568
5726
2517
7307
4104
2507
24955
5692
12113
2504
4098
5704
2501
2497
21747
2484
2483
23341
4078
2481
8885
2479
8881
8863
18502
5660
2457
16880
4038
2426
8847
2441
18484
5642
2439
23298
4035
21686
8844
2433
2413
8834
2428
16850
10429
820
4023
2420
21667
8825
2419
8817
18456
5614
2411
2393
8814
21671
15250
2408
2402
5604
2401
24849
5586
2383
21629
8787
5584
2354
8775
2369
8767
5564
2361
5548
2345
2337
18372
5530
2327
15163
2321
2310
707
11913
18349
5507
2304
13504
3895
2298
2296
2288
18317
5475
2272
18315
5473
2270
13454
3830
10251
642
5442
11857
5436
15075
8654
2233
634
5434
628
11834
18270
5428
2225
583
13425
16658
3816
2219
619
2216
19870
607
2204
569
13411
26283
599
21459
2196
5368
3771
3763
8572
5354
10163
3757
2144
18189
5347
21416
2153
2152
19816
553
24601
5338
539
18181
5339
2136
19796
533
8536
5333
2130
18165
5323
2129
5318
527
2124
5317
26158
6895
489
3692
24546
5283
11704
5298
2095
2063
8484
5281
10099
490
2087
5268
2074
2056
2054
13268
3659
13298
456
5256
2043
18088
5246
5240
11661
454
5252
2049
2033
3613
10034
26109
6846
425
2022
2020
419
8437
2016
8405
21271
2008
2006
1996
6802
396
1980
24446
5183
16422
10001
6813
392
1974
8395
1989
1988
11596
21235
8393
21250
1987
1985
11584
5168
377
376
1973
1957
24406
11564
8376
1955
5156
1953
5145
11556
8368
1947
1931
17976
5134
1940
11531
8328
5125
11538
21192
1929
1926
11520
17956
5114
3517
21183
1920
17944
11523
1914
1910
1900
1895
25978
294
1891
8285
1879
11486
17922
5080
1877
24330
5067
9885
13103
6682
276
21136
1873
3469
25959
6696
275
1872
25958
274
1871
9873
264
24312
5049
11470
8267
1861
1859
24314
5051
22717
3454
5045
11466
1857
8253
1847
5048
1845
1835
5038
11453
1844
19505
242
1839
16277
3435
11447
1838
19501
238
1819
8240
1834
1829
13029
22683
3420
8229
1823
1805
5008
11423
1814
11416
1792
8213
21070
1807
200
3403
17836
11415
21069
8227
1806
1804
21066
1803
13007
11401
150
12992
16225
3383
189
1786
11390
1781
4973
1779
6550
9768
3347
11359
1750
3337
1740
1720
11344
4923
102
12944
132
8135
17774
4932
1729
14529
8108
4905
3308
9723
114
24177
4914
1711
25793
109
98
3301
20967
14546
8125
1704
11291
24148
4885
3288
19357
94
11300
1691
1660
6451
12872
11266
14499
1657
1632
8053
4850
1656
20900
14479
1637
12839
27
3230
8054
1633
14418
11215
8012
17651
4809
1606
14443
1601
14410
8004
14440
1598
3193
3177
14422
1580
11182
1573
14383
1571
14406
1564
3144
9565
3159
15981
9560
3154
6334
3131
11143
1534
720
3923
729
15153
8732
21589
2326
3126
7935
1529
7124
23184
3921
2324
1527
11132
20786
1523
9525
3119
1492
14334
1522
719
2316
11128
1519
11114
21563
2300
14345
1503
693
3896
2299
1463
14305
11102
9505
3099
11111
7923
1502
1496
3092
11104
7894
2284
11096
1487
7892
14328
1486
8688
21545
2282
6285
3082
1485
23935
11093
4677
15922
3080
11092
1483
4676
14283
1456
7877
4674
3077
7886
1480
15909
3067
1470
11072
14290
7869
11068
1459
11066
7863
20720
1457
20718
1455
10262
653
2250
3050
13493
651
21511
2248
6251
3048
3046
2229
8650
2244
22307
3044
10244
635
3838
21489
2226
8647
15083
2241
3041
1444
2223
20659
1396
14238
1426
3020
8623
2217
25468
12626
15859
3017
14232
11029
4623
1420
6209
1394
7815
20665
1402
2983
22245
15824
2982
10994
14227
1385
10992
3764
1361
1337
4540
14156
1344
1331
1325
2919
14134
1317
2912
10924
7736
1315
23764
10922
1313
4493
10908
7705
1299
2083
5286
3689
2092
4483
10904
1295
2886
1283
2070
5273
12488
2879
7688
14124
1282
473
14085
5263
10087
3666
2069
10881
7693
1272
6069
9269
2863
7672
1266
1264
10856
3643
2037
6040
2837
1240
8397
21254
14833
1991
5194
2000
11606
21260
1997
12406
2797
1982
7591
20448
1185
16403
3561
5152
11573
21227
1964
4358
1164
1958
1161
20378
13957
1145
13956
1144
10747
23604
4341
1138
4340
1137
17155
4313
7525
20382
1119
4301
20370
1107
3481
287
1884
25944
13102
290
10687
2684
20320
13899
1087
4267
1063
2653
11450
8247
8262
1841
11446
1837
1820
13825
1013
4216
13832
4208
10629
6611
3408
11420
1811
7435
1014
8206
1800
7409
1003
20250
987
1773
179
976
13784
972
931
13773
17006
4164
970
4954
11375
8172
1766
172
20232
969
158
13758
20209
946
4149
8958
955
13763
10560
11352
1743
9740
131
3334
1737
940
14557
1715
7324
5717
2514
6510
104
20125
13704
892
23358
16937
4095
2498
12097
2488
7263
13684
23323
10481
4075
872
20100
837
13679
867
14505
1663
5666
15305
2463
10475
866
23321
16900
4058
2446
8867
18506
5664
21724
2461
7255
834
13676
20127
864
857
56
4059
856
12855
3246
11258
16076
9655
12888
46
3249
10467
4046
852
1642
48
845
839
3232
41
3621
19690
427
2024
2824
3224
1627
791
13633
821
4024
24893
5630
2427
13642
830
11630
2021
23675
10833
7630
1224
10427
818
16863
4021
2409
8830
2424
827
12831
3222
19
1616
20073
810
23276
16855
10434
4013
20082
819
11221
1612
815
1992
5195
21264
2001
2801
14016
10813
1204
8010
14446
1604
807
793
3996
10411
802
20457
1194
14436
8015
1594
797
5596
10405
2391
3986
20040
7198
20055
792
752
13594
23248
16827
3985
2376
17611
4769
11184
761
10368
759
20803
1540
7961
758
5557
10366
26441
757
3943
10364
13597
755
3148
754
723
13565
753
20000
7158
9151
2745
14351
11148
24005
4742
751
10756
20395
7553
7568
1147
5550
2347
750
1943
22006
2743
1146
1516
14358
11155
1546
26433
749
21202
1939
10751
1142
2342
3535
1938
7547
1141
11950
2341
744
19182
6340
3137
11149
8746
2340
743
1130
4333
7545
742
20799
1536
23196
3933
739
10347
20001
738
15972
3130
7939
18378
5536
2333
736
1531
734
1927
733
3522
1128
3125
20776
7934
1528
23173
10331
23188
3925
731
3123
5520
2317
3117
11129
1520
714
16759
3917
2315
721
717
24765
18344
11923
21577
2314
1517
5516
4710
11125
4305
20359
7517
1111
3908
14316
7910
1504
258
13100
16333
3491
1894
2694
21554
2291
7103
26381
697
296
13507
695
19937
674
677
2268
1466
13481
669
663
2234
3843
640
638
2224
630
194
13036
6630
25908
224
11430
21084
1821
5027
1824
19490
227
12230
15463
2621
7430
1024
6651
230
624
5424
2221
9411
6208
22268
3005
20641
14220
7814
611
4198
13816
7410
1004
15043
2201
1380
7801
4598
3001
14216
1404
7006
600
8603
5400
2197
7009
603
183
3386
8195
21052
1789
592
18214
5372
10984
1375
578
12556
9353
2947
1350
3342
21008
14587
1745
3345
3339
9760
16196
3354
151
12551
2942
4548
1345
548
538
3332
6544
138
20998
1735
141
25820
136
2127
1330
2521
10533
924
19393
130
21363
2100
5303
2109
2909
10921
1312
506
16551
3709
6921
515
5310
2107
11710
21349
8507
24567
5304
513
13319
507
5294
17333
10912
1303
25770
86
25779
95
2489
2089
5278
24550
5287
2084
6087
2884
1287
16512
3670
14915
2073
11059
16498
3656
453
5253
21313
2050
20498
7656
1250
11451
21105
14684
1842
2642
20278
1015
13857
7451
1045
8651
18290
5448
2245
648
24911
5648
848
1648
20114
851
12857
16090
3248
5242
13254
10051
22908
3645
2836
445
2041
6865
444
16668
3826
3835
632
13250
13280
438
3028
11040
431
2028
2828
20479
7637
1231
34
11240
2031
12440
2831
1234
5228
437
3022
14455
1613
8034
1628
20091
828
19650
13229
16462
3620
19692
429
21273
14852
2010
14025
1213
20079
13658
816
3610
21261
14840
8419
2013
5612
4015
20075
812
2009
10015
3609
415
20048
785
1168
1968
10081
16517
3675
481
2478
87
1478
681
19544
281
11487
8284
1878
25953
6690
284
1869
1464
2264
667
76
26354
670
1867
9882
273
20121
858
22103
9261
20521
1258
26145
461
1855
1858
17673
11252
14485
1643
20109
846
26133
449
7643
1237
23703
4440
2843
849
21103
1840
5043
6658
1033
1833
11445
8257
1836
25923
239
1021
16063
3221
20087
824
2212
6215
3012
618
17639
11218
4812
3215
8024
1618
24
21455
15034
8613
2207
19837
13416
3807
219
13802
4193
2596
10608
7405
13841
999
1799
202
3790
24644
11802
2193
174
13016
204
291
13792
3380
186
2977
3777
1970
3262
865
2062
1265
10068
3662
468
3268
3277
74
5468
2265
271
11365
24222
17801
4959
3362
1765
10568
4162
12174
2565
20231
968
21010
8168
4965
12977
3368
3563
369
16199
3357
163
24211
11369
1760
8160
13008
166
13775
4753
7965
20822
1559
8765
5562
2359
1162
21225
1962
365
13368
3759
164
957
11366
8163
160
14166
7760
1354
5348
557
4950
3353
16183
9762
22619
16198
3356
19425
162
9054
1051
22711
3448
257
3449
7358
952
1029
11835
8632
1429
2029
7626
20483
1220
17
3220
6432
26
126
9820
19459
196
6617
211
22068
2805
25677
6414
16053
3211
3305
11317
1708
2505
908
13311
3687
10108
499
2939
10951
1342
24599
5336
6951
26229
545
13607
20058
795
16428
10007
6804
3395
201
11399
14632
1790
3390
14635
1793
3887
2090
3699
496
99
936
12542
9339
6136
2933
10945
21234
14813
8392
1986
22746
16325
9904
295
19174
6332
3129
5535
2332
26419
735
3529
11541
1932
338
13290
1875
880
8465
14901
2059
9265
2859
1262
24322
17901
5059
13071
16304
3462
3562
368
2118
10930
8518
18157
5315
10133
524
9680
3274
80
877
2238
1244
25707
6444
16083
3241
5647
7253
847
6950
4990
199
11440
5034
3437
1043
249
2191
597
20863
14442
1600
6
289
3680
20122
7280
874
21670
15249
8828
2422
825
3316
11328
20982
1719
4916
125
14958
2116
13334
22973
10131
128
21697
2434
23694
4431
1012
3009
14224
11021
1412
3212
1615
24461
5198
2004
2007
13616
16849
4007
2410
813
2011
6014
2811
1214
16456
3614
19668
6826
420
17647
11226
20880
1617
