0
1
2
275
3
4
5
6
7
8
9
1019
10
11
12
13
14
183
136
17
18
10159
19
20
104
21
22
23
95
553
24
25
26
27
29
138
31
32
4099
34
111
35
194
38
552
881
41
42
43
1617
2136
1844
46
47
48
1164
49
50
51
52
53
54
4735
55
56
59
60
202
742
68
69
4285
946
71
72
74
4149
75
290
76
166
82
83
86
87
90
91
1804
12203
93
196
94
97
628
98
99
101
102
103
6444
105
15462
109
110
112
2531
848
114
115
117
118
125
126
128
130
12507
195
219
131
132
135
141
142
144
1869
145
147
150
151
204
156
158
159
160
1402
162
163
164
165
169
170
171
172
1910
174
289
178
15464
179
15463
184
185
186
187
189
191
10415
193
197
613
669
199
200
201
205
461
207
209
211
213
214
215
569
1958
223
1207
224
225
227
228
238
1873
2174
230
7338
234
235
1898
239
240
241
242
295
249
1470
252
254
255
257
2153
258
260
1409
11218
264
266
268
269
271
427
273
274
2006
276
281
282
599
821
2959
5908
284
287
1240
9995
291
292
294
296
298
299
24035
304
14389
307
309
10069
312
338
365
367
478
368
369
374
376
7910
648
388
391
392
396
398
1460
404
405
406
413
414
415
416
419
420
425
429
431
432
435
3347
436
4472
9909
931
437
438
1517
440
443
444
445
449
450
451
453
1894
2634
454
455
456
458
459
462
465
468
2668
471
472
858
473
15859
479
480
481
489
490
494
4333
495
496
499
505
506
507
511
512
513
515
516
517
522
700
524
526
527
528
531
533
534
537
544
538
539
540
541
542
543
794
545
548
549
550
557
558
560
563
577
578
1033
580
581
583
597
600
601
739
602
603
604
605
607
609
3843
611
612
614
615
7412
618
619
620
621
1167
624
625
9628
627
629
630
632
634
635
638
640
641
642
2866
644
646
649
650
2570
651
1987
653
952
655
4113
658
2268
661
951
663
666
667
668
670
671
672
673
674
676
677
26441
681
6277
684
1137
687
693
695
1562
696
834
795
697
698
701
707
713
714
717
718
719
720
721
722
723
724
1551
726
2753
727
12482
14557
729
731
732
733
15417
734
735
736
738
3759
1250
743
744
745
746
747
749
750
751
752
753
754
755
756
757
758
759
761
762
763
771
2300
774
777
778
779
1740
780
781
782
783
785
791
792
793
796
797
798
802
803
805
806
807
808
810
811
812
839
813
814
815
816
817
818
5902
819
820
822
823
824
825
826
827
828
830
831
5660
835
836
837
838
840
842
1303
845
846
847
849
7511
851
852
853
854
856
857
860
1466
3112
864
865
866
867
869
870
872
873
3154
875
877
5712
879
2095
880
9427
883
1138
885
886
888
889
892
890
896
897
901
1931
904
905
908
910
4839
912
913
6950
915
917
918
920
921
922
924
926
927
929
934
936
941
15458
947
948
949
955
957
999
958
959
960
962
963
964
966
967
10629
968
969
970
1313
3318
972
1022
976
1213
1807
980
986
987
988
991
993
996
997
998
1000
1003
6260
1004
1005
1006
2100
1010
1011
1012
1013
1014
1015
1020
1023
1024
1026
1028
1029
1031
1034
1035
1036
1900
1038
2593
1043
1044
1735
1045
1049
1050
2413
1051
1052
1056
1058
24222
1063
1065
1331
1066
1069
1073
1074
1075
1076
1079
1085
1087
1089
1091
1092
1093
1095
1097
1098
1700
9952
1104
1106
1239
1107
1111
3383
1119
1120
1128
1129
1130
1224
2521
1139
1140
1141
1142
1144
1145
1146
1147
1148
1149
2233
1151
1153
1154
1157
2139
1161
1162
1163
1168
1172
1174
1175
4824
1308
1184
1185
1186
1187
1188
11950
1192
1194
1195
1197
1199
1200
1201
1202
1203
8896
1204
1205
1206
1208
1214
1215
1220
1221
8536
1225
1227
2947
3454
1229
1230
1231
3337
1233
1234
9000
1236
1237
1243
1244
1246
1247
1251
3764
1258
3286
1261
1262
1289
1264
1282
1265
1266
2324
1269
1270
1272
1273
1274
1275
1279
1283
1284
1287
1294
1295
1296
1299
8795
2299
2512
1301
1304
1306
1307
2296
1309
1310
9064
1312
1314
1315
1316
1317
1318
1321
1322
1325
1327
1328
1329
1330
1334
1336
1337
1342
1344
1345
1346
1350
3981
2361
1352
1354
1356
1357
1361
1364
1365
3763
1368
1369
1370
1372
1374
1375
1377
1378
1380
1381
1383
1384
1385
1386
1387
1388
8405
17688
1392
1394
1396
1399
1401
1404
12658
1406
1408
1729
1412
1415
1420
1421
1423
2041
1426
1429
1431
1433
1435
1444
1445
1446
1447
1448
1449
1450
1451
1452
1453
1455
5496
1456
1457
1458
1459
1461
1463
1464
1465
1474
1477
3217
1478
1479
1480
1481
1482
1483
1484
1485
1486
1487
1488
1490
1491
1492
1494
1495
1496
1502
1503
1504
1505
1511
1515
1516
1518
1519
1520
1522
1523
1524
1525
1526
1527
1528
1529
1531
1532
1533
1534
1535
10885
1536
1537
2855
1538
1539
1540
1541
1542
1544
1545
2976
1546
1547
5336
1548
5273
1553
1555
1556
1557
2803
1625
1559
1561
1563
1564
11404
1567
1568
1570
1571
1572
1573
1575
10941
1576
1578
1580
1581
1583
1588
1589
1590
1592
1594
1596
1598
1600
1601
1604
1605
1606
15212
1609
1610
1611
1800
1612
1613
1615
1616
4258
1619
1621
1623
1627
1719
1628
1630
1631
1632
1633
1635
1637
1639
1641
11746
1642
1643
1644
1647
1648
1649
2642
1650
1651
1653
1654
1656
1657
1658
1660
1661
1663
15460
1671
1688
1691
15459
1703
1704
1705
1706
1708
1709
1711
1715
1720
12542
1722
1833
2118
1731
8750
2824
13957
1734
1737
1738
1743
1745
1750
12215
6006
1756
1842
1757
1760
1765
1766
1773
4295
1779
1781
4391
1786
14693
1789
1790
8966
1792
1793
1797
1798
1799
6953
1803
1805
1806
5195
1809
4478
1811
1813
1814
1815
4696
1816
4429
1819
1820
1821
1823
1824
1825
1829
1830
1834
1835
1836
1837
1838
1839
1840
1841
1845
1847
1848
1849
4973
1851
12881
1855
1857
1858
1859
1861
5721
1867
13008
1871
1872
1875
2606
1877
1878
1879
1883
1884
1886
1888
1891
1895
1902
1906
4244
1908
1914
1916
1920
1922
1923
1925
1926
1927
1929
1932
1933
8650
1937
1938
1939
12752
1943
1947
1950
1951
1953
1955
1957
1960
1961
1962
1963
1964
1965
1966
1967
1968
1969
1970
1972
1973
5666
1974
2820
1975
1977
1980
1981
2648
1982
1985
1986
2763
1988
1989
1990
1991
1992
1993
1994
1995
1996
1997
2000
2001
2003
2004
2005
2007
8052
2008
2009
2010
2011
2013
5764
2016
2020
2021
2022
2023
2024
2025
2027
2028
2029
2031
2032
2033
2034
2037
5548
2790
2038
21320
2040
7526
2043
21250
2051
2049
2050
2052
2053
2054
2055
2056
3002
2059
11068
2062
2063
2066
3132
2069
2070
21024
2074
2076
11096
5915
2079
2082
2083
2084
2087
2088
2089
2090
2092
2099
2102
2103
2107
2114
2116
2117
2123
2124
7327
2127
2129
2130
2133
2535
2134
2135
2144
2146
2150
2622
2152
2155
2156
2160
2162
2635
2166
2167
4297
4966
2175
2176
2177
2185
2191
2192
2193
2197
6957
2201
2202
2204
4023
2206
2207
5194
6275
2211
8272
2213
2216
2217
2219
2221
2223
2224
2225
2226
2229
2231
2234
2238
2239
2241
2245
6276
2248
6696
2250
2251
10467
2255
2256
2261
4261
2264
2265
2270
2271
2272
2529
2284
2285
2288
2290
2291
3699
2297
2298
2302
2304
2305
2307
2309
3334
2310
2312
2313
2314
2315
2317
2318
2319
2321
3379
2326
2327
2329
8983
2332
2333
2337
2338
2340
2341
3753
8865
2342
13504
2344
3777
2345
2346
2347
2354
2359
2362
2367
2368
2369
2370
2372
2373
2374
2375
2376
2377
2378
2379
2380
2381
2383
2385
2391
2393
2394
3887
2397
2398
2399
2400
2401
2402
2408
2409
2410
2411
2412
8967
2416
12961
2419
2420
2422
2424
3838
2427
2428
2431
2433
2434
2437
3354
2438
2439
3896
2441
3762
2444
2445
2446
9141
2450
2453
2457
2458
2461
2463
2465
7688
6951
2469
2471
2474
2475
2476
12992
2478
2479
3816
2481
2483
2484
14744
2486
2488
2489
10001
2496
2497
2498
2499
2501
2504
2505
2507
2508
2522
2523
2524
4861
5034
2525
2526
2528
2534
2537
3449
2541
2545
2547
6020
2552
2555
2564
2571
5157
2575
5095
2578
2583
2586
2589
2590
2592
2596
2597
2599
2600
2604
2605
2615
2616
2618
2620
2628
2631
12737
9273
2649
2650
2651
2652
2653
2806
2654
2655
2656
2687
2658
2886
2662
2663
2665
2671
2673
2674
2676
2677
11542
2684
2864
2686
2690
14427
2694
2696
2698
2699
2706
2707
2709
2711
2712
2713
2715
7919
7692
2718
2720
2722
2723
2724
2725
2727
2729
2730
2731
2732
2733
13901
2737
2738
2739
2740
14489
2743
2745
2746
2995
4013
10025
2749
2750
2752
2754
2755
2756
2757
2760
2762
5943
2766
2767
2768
2792
2771
2773
2774
2775
2778
2779
5507
2780
2781
2782
2783
3082
2784
2785
5535
2796
2797
2813
2800
17902
2801
2802
2804
2805
2807
3183
2809
2811
2814
2818
2819
2822
2825
2826
2827
2828
2830
2831
14131
2833
2834
2835
2836
2837
2840
2841
2842
2843
2846
2849
2850
2852
2856
2857
2859
16659
14225
2863
2865
2870
2871
2872
2874
2877
11254
2879
23798
2881
2882
2883
2884
2887
2888
2890
5639
2891
2892
2893
7669
2895
2897
2898
2899
2905
2907
2908
2909
11556
2910
2912
5604
2916
7648
2920
2923
2924
2925
2933
16271
16393
2935
13996
2938
2939
2941
2942
2943
2945
3236
2949
2952
2953
2956
2957
5278
2960
2961
5516
2962
2965
5863
2966
2967
2968
2969
2971
2973
2974
2977
2982
2983
2984
2986
2989
2990
2991
2992
3015
2998
3212
20358
3001
3005
3006
3008
3009
3010
3012
3013
3016
3017
3018
3020
3021
3022
3025
3028
13853
3030
3031
3032
3034
3035
3037
3039
3040
3041
3044
3045
3046
3047
3048
3049
3050
20159
3055
3058
3060
3061
3063
5525
3064
3066
3067
3074
11012
3077
3078
3079
3080
16196
3086
7621
3090
3092
3094
3095
5667
3099
3104
3105
3106
11215
3110
3111
20240
3116
3117
3177
3119
3123
3125
3131
3129
7668
3130
14115
3135
3137
3139
3141
3143
3144
3146
3147
3148
3150
3151
3277
3152
3153
3157
3159
7760
3163
3164
3167
3169
3171
3173
3174
3176
11458
3178
3180
3181
7586
3188
3189
3190
3193
5607
16369
3207
3208
3211
3215
3216
3220
3222
3224
3225
3226
3230
3231
3232
3233
3237
3238
3241
3246
5836
3249
3250
16564
3252
3255
3258
3261
3262
3263
3264
3265
3266
5283
3268
3269
3271
3272
3274
3275
14479
3278
3285
3287
3975
3288
3289
3290
3291
3353
3294
3295
3419
3510
3301
3304
3305
3308
3309
3614
8879
3314
3316
3317
3323
3332
3668
3333
3743
3336
13154
3339
3342
3344
3345
3348
3643
3356
3357
3359
3453
3362
3363
8774
3689
3368
3371
3374
3375
3376
3380
8844
3381
3386
3389
8933
9061
3687
8824
8990
3403
3405
3407
3408
3410
3411
22586
3412
3425
3429
8960
17079
3435
3437
3439
13622
3440
3441
3708
9073
3448
3450
3459
8830
3462
3469
13588
22718
3481
8806
3491
3493
3496
3506
3509
3514
3516
3517
3521
3522
9306
3525
3527
3529
3533
3769
3561
3562
3563
3575
3588
18359
3591
3609
3610
3611
3612
3613
3616
3620
3621
13175
3631
3645
3784
3658
3659
13583
3662
3664
3665
3666
3669
3670
3675
3676
3679
3680
13457
3768
8787
3686
3690
3692
3693
3694
8836
9148
3698
3700
3705
3770
22688
3735
3740
3755
3756
3757
3758
3761
3765
3775
3780
3790
13036
3807
3815
3819
3821
3826
3830
3832
3835
9013
13094
3846
3849
3852
3886
13416
3894
3895
22740
3904
3907
3908
3914
3917
3921
3933
3965
3967
3978
3982
3983
3985
3986
13376
4298
3995
3996
3997
4007
4015
4011
4014
4021
4024
4028
4029
4032
15127
4038
19045
4045
4046
4078
4053
4058
4748
4063
4064
4065
5197
4071
9723
4074
4079
4082
4084
4091
4092
4095
4098
4101
15084
4105
4107
4108
4110
4117
4119
4120
4122
4124
4128
4133
4137
4142
4144
4145
4146
8267
4152
4156
4157
4162
4164
4165
4167
9681
4169
4175
4178
4189
4191
4193
4194
4196
4198
4208
4209
4216
4218
4220
5080
4225
4227
10813
4233
4238
7280
4243
4250
4253
4256
4257
4259
12872
7121
4267
4268
4270
4274
4280
4281
4282
9908
4288
4296
5253
4301
4303
4305
4306
4677
4307
4309
4311
4312
5057
12225
4313
4315
4325
4327
4337
4340
4341
4344
7289
12357
4351
15164
4352
4356
19306
4358
6932
9730
4372
4375
4376
4381
4383
4395
17647
4399
4400
4405
10648
4411
4416
4417
4418
4419
4420
4426
4431
4433
5196
4440
4441
4447
4448
4449
4452
4454
4456
4457
9882
4475
7009
4483
4484
4492
4496
4499
8734
8372
4516
4521
19345
14563
4524
10000
4530
4540
4541
8654
4548
4549
18768
4551
4565
4566
4569
4570
4572
12611
4579
4584
4592
4593
4598
4600
4603
4604
4605
4611
4613
4614
9964
4623
15725
4627
4636
4637
4640
4642
4648
4652
4655
4656
4659
8319
4660
4661
4663
4665
4671
4676
4684
5144
4695
10164
4701
4702
4709
4724
4725
4727
4729
4730
4734
4742
12939
4746
6813
8687
4753
4758
19151
10179
4769
4771
4775
4779
19566
6612
4784
4786
4787
4791
4792
6952
4809
4812
4825
4831
4835
4837
7187
4850
4854
4855
4856
4857
26429
10396
4872
12828
4885
15357
12174
4897
4903
4905
4914
4916
4923
4925
4931
4932
4933
8603
4946
4947
8303
4950
4953
4954
4956
4957
4958
4959
4960
4962
4964
4965
4967
5000
5003
5004
5011
5012
5026
5027
5038
14707
5048
5049
5051
6611
5067
10559
5074
17435
5082
5083
5085
5089
5097
15285
5111
5114
5115
5116
5125
5128
5130
5134
6068
5145
5152
5154
5156
5164
5167
5168
5175
5179
5180
5183
5198
5202
14729
5209
5214
5970
5221
8473
5230
5231
5238
5240
5241
5246
6986
5252
5255
5263
5268
5271
5272
5274
5279
5281
5282
20114
5286
5289
7741
5294
5295
5298
5302
5303
5304
5307
5310
5311
5313
5314
5315
5316
5317
5318
5319
16347
5323
5324
5326
5327
5329
5333
5334
7539
5337
5338
5339
5341
7597
5346
5347
13754
5348
11607
5351
11332
5353
5354
5355
5359
5362
5365
5367
5368
5369
5370
5371
5372
5379
5383
11240
5386
5536
5387
5388
5389
5390
5395
5550
11143
5398
5400
5401
5403
20051
5406
5418
5419
5423
5424
5428
5431
5433
5434
5436
5438
5439
5440
5442
5444
5446
5448
5449
8045
5451
5452
5455
5457
5459
5460
5463
5468
5470
5472
5475
5477
11252
5478
5481
5483
5484
5490
5491
16751
5500
5506
5508
5509
5664
5520
5521
5523
5526
5530
5531
5534
5540
5541
5543
5544
5545
5549
5551
5557
16937
5561
5562
5564
5566
5567
5568
5569
5574
5576
5577
10988
5581
5583
5584
5586
5588
5589
5593
5594
5595
14397
5599
5602
5603
5612
5614
5619
5625
5628
5630
5634
5636
5642
5643
5645
5647
5648
5652
5656
5657
7747
5661
5663
5665
5669
5671
5672
5674
10991
5678
11523
14011
5687
7863
5692
5694
5702
5703
5704
5706
5707
5714
18293
5717
5722
5726
5727
5729
5732
5733
5734
5737
5738
7690
25851
5741
5745
5746
5747
5748
5750
5752
5766
5768
5769
5773
5778
5781
5782
5783
5785
20068
5788
5789
5790
5792
5793
5794
5797
5800
5801
5802
5803
5806
5807
5808
10922
16457
5814
11125
5818
5819
5820
5821
5822
5826
11379
5827
5830
5831
5833
5840
5843
5847
13985
5861
5870
5873
5874
5875
5879
5880
5885
5886
5889
5893
5894
7636
5913
5914
5920
5922
5928
5930
5931
5938
5939
5941
5944
5947
5949
5952
5953
5961
5969
10716
8135
5976
7124
15163
5981
15378
5988
5989
5994
14881
6022
6030
6033
6047
9707
6049
19943
6063
10644
6065
6069
6070
6073
10250
6079
6334
6087
12170
6097
6101
13960
6124
6125
6127
8177
6131
9244
6136
6138
6140
15453
6149
6155
12066
6174
6175
6177
18710
6183
6184
6191
6192
6193
6194
6195
6199
6200
6926
6208
6209
6214
6215
6216
23931
6219
6225
6226
12444
6245
6251
6254
19837
6266
6269
7516
6278
6285
6296
6301
6305
6312
6324
6325
6332
6333
6338
6340
6345
6613
19284
6361
6362
6364
12506
6367
6369
6371
6373
6375
6376
6377
6386
6389
6396
19692
6403
21724
6409
8438
6414
6416
6419
6429
6432
6441
6450
6451
6453
6457
6460
6512
6475
6484
6487
6489
6490
6495
6498
6509
14913
17104
6549
6550
6551
6555
8285
15318
6585
6590
6609
8746
6617
9970
6626
6630
6641
6644
6646
6649
6651
6653
6654
19544
8376
6666
6675
6676
6682
6689
6691
15694
6709
6719
6737
6738
8653
6745
7263
6750
14900
6757
6762
6769
6771
6772
6776
6778
6781
15291
6790
6795
14876
6800
6802
6804
17221
6812
6820
6826
19222
12188
6839
6846
6851
6853
6856
6861
6863
8649
8652
6872
6877
6879
6885
6895
6896
10099
6897
6900
6901
6912
19409
17574
6921
6925
15538
6942
6955
13520
21910
7003
7006
7010
7015
12888
15272
24148
7027
7033
7035
17445
7038
7040
9820
7042
7048
7064
7066
7067
7068
7070
17155
7088
11913
7099
7103
19865
21998
10663
7133
8369
7143
7147
7167
7175
7181
7183
11644
14505
7200
17330
15618
7215
7217
7225
7250
7255
7259
7281
7287
7296
11891
21747
7322
7324
7332
7351
11931
7374
7384
18315
7390
7394
7395
7399
7400
7402
17845
7409
7410
7411
7414
7418
14326
7422
7431
7435
7437
7440
7446
7448
7450
7451
7453
11405
7455
7456
7458
20521
7465
7467
7471
7474
7483
7486
7488
7491
7494
7496
7502
7505
7506
7510
7518
7519
7523
7525
20258
14048
7528
7530
7531
7538
7545
7547
7553
10912
7555
7556
7568
7569
10937
7578
7579
7584
7587
7591
7592
7596
7598
7611
7612
7620
7622
7623
7626
7628
7630
18301
7637
7638
7639
7640
17895
7643
17716
7654
7656
7666
7670
7671
7672
7673
7674
7681
7685
7686
7687
13934
7693
7694
7704
7705
7708
7711
7717
7720
7722
7729
7733
7734
7738
7744
7746
7749
7750
7752
7753
7754
7772
7773
7780
7781
7787
7795
7797
7801
11072
16225
7809
7812
7814
7820
7822
7824
7838
11352
7845
7846
7849
7854
7860
7868
7869
7871
7877
7880
7883
7886
16422
7892
7894
7896
7899
7901
7903
7904
14162
7912
7914
9591
7923
7927
7928
7935
16919
18158
7939
7948
7951
7953
7954
7956
7958
7959
7961
7965
7969
7971
7974
7975
7978
7979
7982
7991
7996
8003
8004
8007
8010
8015
8017
8020
20079
8024
8030
13758
8034
8038
8040
8041
8042
8043
8044
8046
8053
8056
11451
16588
8070
8071
8079
15153
8092
8096
8102
8108
8123
8124
8125
8127
8128
8129
8138
8139
8143
23957
8147
8148
8160
8164
12609
22314
9693
8172
12276
8174
14537
8182
10539
8195
8197
8206
8213
14751
8216
8223
8227
8229
8230
8231
8232
8240
8247
8249
8253
8262
8283
8311
8314
8328
8341
8344
8347
8356
8373
8377
8382
8393
8395
8396
19522
8397
8399
8408
8419
8444
19590
8465
8466
8472
8474
9823
8484
8491
8495
8499
8507
11200
11747
8556
10756
8572
8575
8577
8579
8581
8587
8601
8604
8606
8613
8619
8623
10087
8637
8647
8648
8651
12634
8663
8668
8681
8688
8708
8729
10146
8749
8760
10493
8766
8767
8775
8778
8780
8785
8944
8934
8794
8885
8798
8802
8804
13501
8807
8813
8814
9188
8817
9352
8828
8834
8837
8847
8851
8853
8973
8854
8859
8861
8863
8867
8871
8876
8881
8894
8932
9375
8937
8940
8945
8946
8947
13587
8951
9124
8958
8959
8962
22683
13488
8964
8974
8984
8999
9007
9008
9011
13319
9034
9041
9047
9048
9065
9069
22637
9082
9095
13320
9278
9122
9123
9129
9131
9140
13454
9142
9146
9151
9159
9164
9168
9173
9176
9288
9179
9183
9190
9191
9193
9206
9226
9233
9269
9276
9277
9279
9280
9296
9298
9313
9314
9316
13493
9341
9342
19251
9345
9353
13098
9355
13334
9362
9383
9419
9468
9499
9500
9511
9531
11015
9560
9562
9563
9564
9565
9566
15580
9573
9574
12412
9596
11645
9637
9646
9655
9660
9661
10174
9676
9678
9680
15675
9727
15075
9757
9762
9768
9778
9791
12362
9797
9810
9815
9817
9830
9835
17453
9855
19663
19190
9872
9878
9880
22104
9895
9897
9904
9912
9919
9942
9949
12097
9955
9973
9986
9996
10007
10008
10010
10015
22336
10034
10037
10040
10042
10063
10068
10073
10081
10084
10126
11808
10108
10119
10129
10131
10133
10137
10163
10167
10189
23917
10197
10211
10238
10244
10251
10262
15865
10277
10299
10301
10324
10334
10347
10364
10395
10405
10429
10434
17195
10475
22307
10499
11783
10533
10560
10568
10574
17380
10601
10606
10607
10608
22010
10627
10635
10643
10678
15368
10687
10694
10697
12599
10710
10712
10713
10754
10763
10803
10804
10827
10833
10856
10865
10877
10881
10884
10888
10893
10894
10897
10904
10908
16375
10915
10920
10921
10924
10929
10930
10939
10944
10945
10951
11055
10960
10970
10972
10980
10982
10984
10986
18290
10992
10994
10997
10998
11000
11002
21192
11007
11011
11014
11027
11029
11033
11036
11040
11043
14216
11048
11049
13822
11059
11061
11065
11066
11070
11258
11092
11093
21431
11109
11110
11111
11114
11117
11118
11120
11121
17719
11128
11129
11132
11134
11140
11146
11148
11149
14410
11167
11169
11177
11178
11182
11184
11185
11191
18181
11195
11197
11205
11214
11217
11221
11226
21416
11244
11250
16219
11273
11275
14035
11281
11282
11285
11291
11308
11311
11317
11318
11475
16906
11340
11342
25172
11345
14418
11348
11351
11359
11365
11366
11416
11369
11373
11378
17993
11383
11384
11390
13773
11399
20822
11401
11410
11411
11420
11423
11424
11430
11432
11435
11436
11437
11440
11445
11446
11447
11450
14396
17888
11470
11471
11473
14336
11477
11486
11492
11506
11515
11518
11520
11522
11527
11528
11531
11532
11534
11538
11541
11549
11559
16446
11564
24322
11568
11570
11576
11579
11584
11588
11596
11599
11602
11606
11623
11626
14638
11630
11647
15439
11679
11685
11686
11695
11704
12166
11710
11723
11738
11750
11762
11777
11792
21731
11829
11834
11835
11876
11925
11928
11929
15707
11944
11949
11951
11954
11962
14840
12018
12020
12040
12047
12059
12083
12070
12077
15800
12100
18838
18576
12219
12179
12180
12190
12208
12218
12230
12238
18982
12251
12257
12285
14597
12342
12346
17365
12356
12358
12369
12398
12399
12445
15871
12472
12473
12495
17085
12902
12538
15305
12549
15496
12574
12589
12601
17691
12618
12623
12626
12627
12648
12655
12673
12697
12741
12772
12783
15172
12819
12839
12857
12860
12879
19168
12896
12909
12911
17046
15178
12919
12947
12977
17562
12982
12983
13004
13016
13020
13026
13029
13060
13314
13065
13087
13072
13092
14509
13100
13114
13133
13166
13178
13258
13192
13229
13233
13240
13248
13264
13268
13269
13275
13280
13299
13298
17467
13309
13322
13335
13364
13382
13385
13448
13425
13427
13429
13449
13455
13456
13469
13471
13476
13478
13481
13486
22918
13684
13557
13586
13614
13625
13633
13685
13676
13677
13679
22994
13704
22973
13718
13723
22908
22706
13739
13759
13760
16185
13777
14345
13784
13785
13788
13789
13792
13793
13796
13797
16199
13802
13811
13813
13841
13816
13825
13832
13836
13837
16533
13842
13848
13854
13857
23384
13858
13865
13881
13888
13899
13903
16516
13916
24205
13918
13930
13932
13944
17956
13956
13958
13963
13965
13981
24966
13993
14000
14009
14016
16319
14024
18338
17942
14031
14049
14051
14054
24992
14058
14060
14071
14081
14084
16229
14105
14106
14112
14117
14121
14226
14124
14128
14143
14150
14152
14156
14158
14161
14163
14170
20000
14178
20381
14191
14194
14200
14202
16234
14212
14219
14220
14223
14224
14438
14227
14228
14234
14238
14240
14252
14253
16850
14264
14265
14270
14273
14279
14283
14290
14293
14294
14298
14302
14305
14310
14440
14316
14328
14330
17846
14335
14337
18378
14342
14344
14347
14354
14358
14359
14372
14375
14380
14381
14383
14391
14392
14393
14394
14400
14406
14407
14419
14420
14424
14425
14428
14430
14434
14435
14436
18132
14443
16483
14444
14446
14452
14459
14466
14472
14485
14488
14499
14507
14517
14532
19828
14546
14566
14567
14595
17565
14915
14654
14658
14659
14668
14684
14696
14699
14813
14831
14859
15689
14901
14902
14903
14958
14970
19219
15034
15043
17013
15083
15165
15176
15234
15249
15262
15287
15289
15298
19650
18274
19831
15419
15437
16551
17360
15522
15563
15574
21980
15648
15724
15731
15754
15770
15784
15786
15787
15878
15798
15801
15873
15809
15815
15824
15836
15840
15877
15853
15907
15952
15981
15988
16035
16050
16047
16048
16052
16051
16053
16083
16094
16113
16183
16186
16190
16191
16197
16198
16200
16213
16233
16316
16240
16243
16254
16272
16273
16274
16276
16277
16279
16285
16292
16293
16294
16308
16318
16321
16332
16333
16334
17916
16341
16343
16352
16357
16360
16368
16373
16376
20164
16383
16934
16397
16530
16409
16414
16416
16426
16434
23543
16448
16450
16453
21070
21458
24924
16456
23539
16462
16463
16464
16467
16469
16470
16473
16474
16478
16482
16488
16512
16964
16521
16527
20541
16549
16574
16579
16580
16586
16589
16590
16914
16592
16593
16594
16603
16615
16623
16625
16626
16638
16639
16651
16654
16658
16668
16678
16681
16692
16734
16739
16740
16741
16746
16747
17735
16759
16766
24527
16805
16810
16827
16829
16833
16836
16843
17639
16847
16849
16854
16863
16865
16867
16870
16873
16878
16880
16892
16894
18202
16899
16900
16903
16923
16930
20231
16935
16936
20167
16949
16952
16956
23335
16963
16965
16970
16971
16974
17006
17007
17023
17055
22293
19528
17157
17166
17248
17260
17291
17301
17333
17336
17362
17370
17371
17397
17410
17443
17472
17474
17499
17583
17610
17611
17616
17664
17665
17704
17710
17725
17726
17732
17738
17745
17751
17754
17760
17761
17771
17801
17804
21443
17814
17828
17829
17836
17843
20046
17865
18137
17874
17897
17898
17901
17913
17914
17919
17922
17924
17939
17944
17947
20813
17949
17958
17965
17967
17973
17983
18024
21084
18031
25108
18032
18038
18041
18050
18062
18063
18075
18079
18086
18088
18089
18090
18093
18095
18102
20984
18116
18124
18126
18135
18149
18154
18157
18165
21455
21103
18171
18172
18177
18189
20091
18197
18204
18214
18218
18222
18226
18228
23703
20348
18232
18237
18240
18241
18254
21602
18275
18276
18280
18297
18317
18318
18322
18323
18482
18337
18343
18344
23077
18355
21225
18370
18372
18373
18407
18412
24734
18442
18445
18452
18458
18463
18465
18470
21331
18484
18488
20982
18497
18501
18502
18506
18515
18523
18541
18543
18618
18667
21822
18713
18727
18792
22245
18916
18920
18955
18976
19417
19167
19174
19254
19275
22097
19344
19357
21816
19410
19412
19433
19505
19514
19574
19598
19624
19638
19726
19823
19870
19910
22341
19963
21667
20035
20048
20059
20073
20087
20100
20103
20106
20123
20132
20139
20147
20155
21341
23675
20170
20172
20175
20185
23477
20192
24619
20806
20222
20226
20227
20229
20232
20250
20270
20278
20280
20297
20301
20305
20309
20311
20312
20329
20677
20342
20353
20359
20366
20370
20375
20376
20378
20380
20392
20395
20402
20415
20422
20423
20438
20440
20443
20459
21234
20469
20471
20478
20479
20524
20543
24911
20549
20560
20565
20569
20595
20600
23310
20627
20632
20640
20641
20642
20655
20665
20666
20668
20670
20680
20697
20706
20717
20721
20725
20738
20744
20763
20764
21498
20776
20798
24832
20800
20803
20824
20833
20828
20836
20842
20866
20885
23645
20900
20902
20918
20944
20949
20958
20961
20966
20968
20990
20998
21007
21016
21021
21026
23758
21052
21066
21086
26419
21105
21113
21136
21143
21161
21165
21167
21174
21180
21188
21227
21254
21260
21264
23604
21273
21281
21288
21303
21317
21328
21329
21344
21349
21354
21356
21363
21364
21373
24726
21397
21400
21410
21635
21421
21451
21459
21515
21487
21489
26139
21500
24341
21516
21532
21554
21566
21589
21600
21612
21626
25460
21642
25985
21670
21703
21783
21857
21892
21997
22073
22085
22413
22432
22460
22597
22619
22621
22633
22690
22773
22909
23015
23017
23035
23074
23082
23083
23091
23108
26268
23122
23159
24405
23200
23184
23203
23213
23222
23225
23237
23248
23285
23298
23321
23323
23361
23373
26042
23407
23425
23430
24344
23464
23493
23527
23550
23560
23577
23586
23610
23626
25831
25887
23689
23693
23739
23752
23764
23782
23784
23802
23814
24174
24325
24336
26125
24406
24979
24446
24455
24459
24489
24490
24498
24748
24502
24550
24553
24571
24591
24592
24705
24749
24784
24845
24872
24912
24943
24970
24981
24983
24995
25023
25050
25115
25117
25183
25249
25267
25363
25406
25408
25420
25434
25497
25508
25513
25548
25566
26283
25698
25707
25791
25944
25978
26229
26109
26259
26397
26433
