26441
26042
25887
25851
25520
25460
25363
25152
25108
24992
24966
24760
24748
24734
24680
24673
24641
24489
24480
24464
24405
24366
24359
24083
24081
24035
23981
23931
23917
23810
23758
23728
23645
23631
23436
23430
23310
23261
23222
23200
22980
22808
22721
22718
22629
22586
22513
22341
22336
22141
22078
21998
21972
21754
21715
21671
21635
21566
21516
21515
21500
21499
21458
21451
21435
21406
21397
21385
21382
21344
21331
21320
21281
21131
21050
21045
20994
20915
20763
20721
20632
20443
20422
20415
20376
20342
20328
20280
20270
20258
20234
20190
20176
20170
20159
20134
20123
20051
20035
20003
19910
19865
19788
19782
19663
19638
19608
19576
19566
19528
19522
19409
19306
19284
19283
19268
19265
19233
19232
19222
19169
19167
19045
18982
18981
18955
18920
18838
18796
18792
18713
18710
25088
18667
18658
18576
18541
18538
18529
18482
18359
18337
18335
18333
18293
18292
18274
18241
18232
18222
18197
18158
18133
18126
18124
18102
18079
18026
18008
17993
17958
17919
17902
17888
17813
17791
17772
17760
17735
17725
17719
17716
17708
17688
17658
17562
17474
17467
17411
17336
17330
17311
17300
17260
17252
17244
17219
17195
17079
17046
17013
16974
16970
16965
16949
16919
16845
16843
16833
16805
16751
16725
16639
16638
16592
16575
16533
16530
16527
16516
22918
16497
16484
16482
16474
16470
16469
16468
16467
16464
16457
16446
16434
16393
16390
16383
16369
16357
16347
16308
16299
16271
16234
16233
16231
16219
16191
16061
16060
16050
16048
16047
15873
15871
15865
15853
15809
22221
15800
15689
15580
15563
15466
15460
15378
15357
15345
15291
15212
15172
15165
15164
15127
15093
15006
14970
14954
14913
14903
14751
14729
14696
14597
20984
14563
14509
14507
14489
14453
14444
14430
14427
14419
14410
14383
14336
14310
14283
14240
14234
14228
14191
14161
20549
14128
14054
20469
14048
14035
14030
14025
13996
13995
13956
13903
13901
20305
13884
13848
13832
13803
13796
13792
13784
13675
13504
13501
13478
13454
19837
13416
13385
13376
13368
13334
13319
13314
13299
13258
13254
13248
13228
13193
13154
13141
25944
13102
13026
12961
12903
12879
12828
12766
12752
12737
19151
12730
12673
12658
12627
12611
12574
12553
12542
12507
12498
12471
12444
12399
12357
12276
12219
12215
12203
12188
12174
12027
11931
11913
11868
11746
11645
11626
11607
11602
11596
11584
11559
11556
11543
11542
11531
11515
11512
17916
11495
11475
11458
11453
11451
11404
11401
11390
11383
11373
11365
11359
11352
11342
11332
11319
11317
11291
11258
11254
11250
17639
11218
11215
11214
11200
17616
11195
11184
11155
11149
11148
11143
11132
11125
11120
11096
11072
11068
11066
11059
11055
11040
11029
11021
11015
11012
10994
10991
10986
10984
10983
10982
10951
10941
10929
10919
17333
10912
10885
10813
10763
10756
10663
10636
10607
10590
10560
10559
10539
10475
10415
10355
10265
10250
10244
10163
10146
10099
10069
10051
10007
16422
10001
16385
9964
9952
9909
16316
9895
9882
9873
16293
9872
9830
9823
9820
9723
9721
9681
9680
9591
9573
9542
9505
15889
9468
9339
9288
9278
9269
9265
9244
9191
9179
15597
9176
22010
9168
9141
9139
9124
9123
9122
9082
9065
9064
9061
15453
9032
9000
8990
8989
8983
8967
8964
8963
8960
8958
15376
8955
8934
8885
8879
8876
8847
21645
8803
8778
8774
8749
2160
8581
8576
21341
8499
2051
8472
14859
8438
8377
1898
8319
8303
8231
8183
1756
8177
20944
8102
14473
1631
8052
14466
8045
8024
14438
1596
8017
14424
8003
1575
7996
7919
7860
7849
20680
7838
7809
7780
7774
14194
7773
7747
1301
7722
14115
1273
7694
7692
14111
1269
7690
7648
1200
7621
20440
7598
7597
7592
7556
7531
7527
1097
7518
13932
20353
7511
1073
7494
7471
7458
13876
20297
7455
7453
7412
13823
7402
13785
7364
7351
13759
917
7338
7289
7143
7016
6953
531
6952
6950
6932
6926
435
6856
268
6689
13087
6666
6612
29
6450
6296
6276
12696
6275
6266
6254
6200
6199
6125
25364
6101
6024
6020
18789
5947
18781
5939
5938
5915
5908
5894
5875
5863
5836
5833
5826
12240
5819
5814
12218
5797
5788
5785
12190
5769
12185
5764
5741
5722
18563
5721
5712
5674
5667
5657
5652
12066
5645
5639
5602
21644
2381
8802
12020
5599
5593
5589
5588
5568
5551
5549
5534
5525
18338
5496
18323
5481
5478
5457
5456
5388
11762
5341
24599
5336
18165
5323
18157
5315
11704
5283
5230
8405
11623
5202
24461
5198
5197
5157
11573
5152
5145
5144
5095
24330
5067
24314
5051
4966
8168
4965
11379
4958
11318
4897
11281
4860
4824
11205
4784
17611
4769
7951
4748
23947
4684
4677
4676
11061
4640
4639
4636
4613
11002
4581
10972
4551
4484
4439
23694
4431
7632
4429
4399
7586
10804
4383
4358
4352
4337
4309
4306
4297
10716
4295
4258
4244
7446
17085
4243
4233
10534
4113
4098
16934
4092
4079
16906
4064
4053
10467
4046
10453
4032
3986
10396
3975
3967
10364
3943
3887
3835
16668
3826
3790
3770
3769
3764
3763
10179
3758
3757
10174
3753
3740
3708
3694
3680
16521
3679
16456
3614
3563
3562
3535
9942
3521
3506
16333
3491
3481
22717
3454
3453
3449
230
6651
3448
3440
22688
3425
3390
16225
3383
3381
3380
3379
16199
3357
3345
3337
3332
22581
3318
3316
3304
3294
3288
9706
3285
3274
3269
3268
3261
3238
3236
3224
16063
3221
3217
9637
3216
3215
3212
3183
3180
3178
3177
19219
6377
3174
22436
3173
3171
15988
3146
9559
3138
3135
6334
3131
15972
3130
3125
3123
3112
3111
3110
3106
9511
3090
6285
3082
15922
3080
6277
3074
15909
3067
3050
22307
3044
3034
3025
3018
6219
3016
3015
3008
3002
3001
2995
2986
2983
15824
22245
2982
2976
2968
2965
9383
2962
2960
2959
2957
2939
6138
2935
6136
2933
2925
2909
2895
2887
15725
2883
2871
6068
15707
2865
2863
2859
15694
9273
2852
2835
15675
2833
2824
2820
2813
2802
2792
22053
2790
2785
2783
5981
9199
2778
2771
2763
2757
2756
2754
5943
2740
15574
9153
2732
2729
2724
5902
15541
2699
2698
2687
2686
2684
2679
21936
2673
2668
15496
2654
2653
9069
2648
2642
15464
9043
2622
15462
9041
2620
2596
2593
9013
2592
2590
2586
2571
5773
2570
2547
2531
2529
18568
5726
8944
2523
2521
8933
2512
2504
2497
21747
2484
2483
2478
5666
15305
2463
8844
8859
2438
21697
2434
2420
21667
8825
2419
2413
5612
8830
2409
2402
8814
2393
12015
5594
2391
15219
8798
2377
5550
2347
2342
8746
2340
18378
5536
2333
2324
5520
2317
2316
2310
2299
2296
2268
2250
2229
8650
2244
2204
8587
2166
2152
5342
2139
18181
5339
2136
11747
5326
2123
2118
14958
2116
2092
2089
2084
8484
2063
2062
2056
2055
2054
5253
2050
2041
2033
2028
2020
21261
14840
8419
2013
2011
14852
2010
2006
2000
1996
24459
18038
5196
21256
1993
1988
1982
8396
14817
1975
8395
1974
1973
1968
1958
1957
5156
1953
5154
8372
1951
1927
1910
21156
8314
5111
1908
1900
1894
8284
1878
21136
1873
1869
1867
8267
1861
1859
1855
1836
8257
14693
8272
1851
1844
1839
5038
1835
1820
1804
8213
1792
1786
1781
1779
1765
1750
14587
21008
1745
1708
14505
1663
1660
14491
8070
1649
1644
8056
1635
8054
1633
1628
8046
1625
1616
14455
1613
20863
1600
14400
7979
1573
1571
7991
1570
1562
7978
1557
14393
1551
14375
1533
7954
7969
1548
1534
23998
4735
7953
1532
1531
7935
1529
1527
20786
1523
1502
7923
1517
14337
1495
1492
1487
1485
1470
1466
14302
1460
20718
1455
14293
1451
1444
14273
1431
20665
1402
14238
1396
7801
1380
14212
1370
1317
1313
7729
1308
1296
1295
20552
14131
1289
1272
7693
1287
1283
7688
14124
1282
7672
1266
20521
1258
20498
7656
1250
17291
4449
1246
1244
1240
14081
1239
1214
1213
7624
1203
7622
1201
14009
1167
1146
1145
7545
13981
20402
1139
1051
7465
1044
1033
1014
7435
1029
13865
1023
1021
7440
1019
1012
20250
987
13822
980
972
970
7385
964
20226
7384
963
955
13773
931
7324
13760
918
4078
7296
875
7280
874
866
854
852
20114
851
846
845
20091
828
20087
824
20082
819
20079
13658
816
815
797
795
791
13621
7200
779
3965
762
750
26433
749
742
739
26419
735
3923
720
717
13542
7121
19963
700
7103
697
696
3896
693
681
677
19937
674
13510
668
638
634
628
619
618
13457
26299
615
599
597
13411
569
19816
553
548
6951
26229
545
13383
541
10164
3743
13382
540
539
538
527
507
499
3699
496
6900
479
22931
3668
465
461
453
26135
6872
451
26133
449
445
6865
444
437
19692
429
19690
427
415
6804
13240
398
6802
396
6813
392
3591
388
19637
374
369
368
295
25978
294
25959
275
6696
290
289
19544
281
274
258
13097
6676
255
13094
252
249
19505
242
238
19490
227
219
204
202
201
6617
196
195
189
186
174
172
13008
166
19425
162
16196
3354
151
16190
3348
145
6544
138
9760
3339
136
132
128
114
3314
6532
111
99
87
80
76
12902
60
3258
55
48
41
31
3220
17
1204
14016
12419
14089
1247
10856
10068
3662
2008
20382
1119
7525
734
20776
7934
1528
3670
16512
2073
14915
18118
21303
21250
1987
21235
8393
2908
2893
9314
1329
21105
14684
1842
11466
5045
1722
20985
4648
1045
7451
1063
1926
24222
17801
4959
3645
22908
592
5548
2345
2300
5473
18315
5268
6690
25953
13317
6896
490
2087
21629
8787
5584
2291
21554
718
26402
13560
16626
3784
581
5372
1805
5008
23550
24046
17625
14407
20828
4198
5783
14854
1997
21260
481
6839
16448
4724
7927
11492
17913
1943
22740
16319
20448
1185
7591
5952
9170
2749
9140
15561
20001
738
10347
11944
4391
7579
14000
5314
5278
18090
23735
10893
17314
4472
3983
13622
780
7198
20055
792
23213
1619
8040
14446
11243
3249
12888
46
16076
9655
19264
23384
16963
23441
4178
2811
6014
2441
802
10411
20059
796
7217
1496
6260
15869
20697
4285
7488
4225
1022
20240
7912
4709
3094
3079
9500
2715
17007
18497
8253
1847
14659
24205
22569
3336
9757
13711
7290
20132
869
4376
13985
3233
19251
6409
1627
3009
7836
1415
16579
11802
24644
2223
18238
23035
19907
644
7065
2265
5468
18280
20710
1447
7868
13364
522
22973
10131
20048
785
8810
5607
5577
18419
5643
12819
3255
14434
8285
1879
7467
20309
2745
9151
9148
2727
15539
6757
13178
25172
1857
1884
21084
1821
11415
17836
5317
14517
8096
19275
17845
5003
11424
1845
5048
11436
1561
7982
8015
14436
1594
16602
23023
12272
5822
839
16854
2481
4839
4809
17651
22412
19224
11070
15439
2597
5800
2606
23083
12346
2737
21910
5913
15522
10731
4280
23543
13098
19519
5080
17922
20317
16450
2053
8474
5271
2313
8734
11952
18373
5531
18328
24749
14324
1482
20611
7769
4521
23784
6175
2916
22097
2834
25255
9342
1303
6094
2891
25312
2079
14876
21297
2966
2524
8945
8124
20966
15459
7474
864
20127
16900
4058
23321
8172
1766
1425
7846
25413
6195
16240
557
6846
26109
1706
8127
17369
4527
18873
16243
8249
11452
273
7422
3437
3371
16213
8216
171
16186
20232
969
23390
13062
6641
11549
5128
21143
12609
3045
17445
1412
14224
16229
3188
9564
6361
22726
7628
14049
1207
2855
9276
9345
2924
12506
5500
8649
24664
3616
413
419
1947
8368
21225
1962
21180
4786
21523
8765
5562
2359
8004
14440
1598
183
3386
16090
1128
20346
14011
17665
9710
3289
25770
86
8071
2711
5914
20320
13899
1087
16726
22025
2762
9183
908
16923
2224
10251
3830
13469
627
14200
7812
5821
4227
10648
12251
5830
11445
6609
22624
25791
8376
1955
24406
11564
19870
607
577
13419
8652
2231
5434
2201
15043
3058
2945
7736
1315
10924
21459
2196
18211
513
1229
14071
9313
2892
20459
7877
1456
211
16360
7623
1202
4405
20375
4642
7845
23689
10937
23713
1346
10970
4549
14275
7854
5463
18275
6509
12097
2488
1877
11486
1020
9095
2707
10689
4301
22779
3516
17498
4656
1453
1423
14265
4674
19823
18226
23017
21602
9730
3309
6512
6079
4411
10832
7638
10108
3687
14833
1991
21254
1336
14178
7772
22268
3005
6208
18349
5507
2304
707
20725
7883
12083
2501
8865
2444
18459
533
5449
667
2264
24983
7587
17196
4420
98
3301
8125
20967
14546
1704
3295
12919
6498
11226
17647
8053
1632
2766
18811
5969
13957
20378
23581
9768
3347
6550
8147
22619
16198
3356
12911
69
6490
3287
12881
19302
818
10427
6006
2803
12412
17006
4164
21731
20167
7325
13746
1773
179
1161
23582
20370
1107
7483
20325
5853
2650
5808
25071
2713
5928
9131
2743
431
1872
3119
9525
16740
10319
5483
21498
13507
695
13264
2052
8473
163
4954
21816
8974
7869
14305
1463
15836
7147
13568
4957
11378
26429
745
13587
7181
8044
1623
14435
8776
23248
16827
3985
1720
14532
4923
12992
150
3353
4950
15368
8947
2526
21774
8932
2535
5738
13455
613
16658
3816
19831
17324
1345
23781
17360
4548
7167
13588
4015
812
794
3997
5558
18370
5567
15176
3557
6745
13166
8444
2023
19726
478
13320
3705
10126
18111
5778
15417
2575
8861
21703
13685
20106
5733
12223
5802
25050
12208
2599
4196
17023
10602
5656
12077
24344
21234
14813
8392
1986
11568
24807
11965
5544
2341
8732
15153
11950
21577
2314
18344
24765
11923
21532
16741
6251
3048
6215
3012
5439
24164
1743
3420
22683
3435
16277
16739
13114
338
2428
8750
21592
296
19514
2753
5941
12362
18768
3408
6626
205
12939
19345
20990
8148
13721
879
4082
2416
8837
21649
1691
11300
16558
10137
16849
4007
23225
849
13676
7255
834
17017
966
20229
2090
14902
4120
2514
5717
3838
26259
635
18202
10629
4208
1312
10921
473
19691
22909
16488
3153
19168
14443
1601
13679
20100
837
5628
7643
1237
23703
4440
2843
4341
23604
25267
2846
1231
20479
7637
2837
6040
10395
17610
2797
12406
21980
15559
25198
12356
20979
4964
2049
5252
10034
440
6861
19673
3658
2007
2016
18031
8654
2233
15075
5484
8687
1148
7569
13960
7539
20381
20471
1208
15731
14134
1322
2949
9355
12549
19433
6591
12997
22621
16200
7187
20372
7530
4327
24
6489
68
3241
16083
12909
18502
5660
2457
8863
8775
2354
3151
17524
1488
14330
3469
9791
22633
16053
3211
25677
6414
19190
26
6432
14326
1484
17499
23935
11093
10167
16588
22994
21783
24986
2806
15618
10881
23693
11829
8653
18301
5459
5444
11865
2433
4305
23108
15132
11929
3159
3144
9565
1824
21072
1809
8230
5027
4973
24191
1833
2974
6177
3231
19246
6443
9646
16052
24118
4855
13521
3055
12634
25476
11432
5011
21026
11435
14638
9880
3459
18743
5886
25149
20457
1194
15083
2241
21489
2226
8647
8692
2271
701
16746
3904
13335
22073
22103
9261
21589
2326
729
13777
10574
18452
24873
8828
15249
21670
810
20073
16855
10434
4013
23276
4652
1449
3046
14219
20640
11031
3010
12589
25431
9707
3286
83
6444
25707
830
13642
8668
5870
5879
12285
2676
23082
3819
2879
14202
7781
1375
2315
5509
13029
8229
1823
10389
23231
3765
11783
5362
24592
18171
11750
11695
5274
18086
611
11835
8632
7035
1793
11685
18106
24527
12398
5920
25183
2825
23586
7894
20706
25497
2505
872
23323
10481
7263
13684
16878
17710
20970
8128
4925
4916
125
53
13853
7432
23477
10635
7414
10644
9047
21823
13841
999
7405
10608
23420
4193
13802
4220
5718
24981
847
7253
2174
5347
18189
5359
21202
1939
524
10133
16551
3709
3643
19658
12599
6193
25468
12626
15859
3017
4623
1420
14223
6373
9973
3659
13268
13298
456
3686
11627
18063
5221
16409
3996
793
10387
16808
808
13650
7259
838
2977
10980
20541
2947
12556
9353
34
11240
5737
8940
8973
2552
3846
5406
18248
11857
5436
3669
21349
8507
24567
5304
24522
11710
21328
468
438
13280
16483
3689
2074
18089
5168
1920
21183
377
21192
1929
11538
11523
17944
14452
6653
16292
3450
1790
11369
24211
11399
6635
17814
1799
2662
1056
4259
20202
2635
105
12947
17435
11014
4593
18966
7760
14166
23188
821
4024
7612
17221
23675
10833
7630
1224
7456
4253
4753
17565
15989
3147
12741
19162
12774
21103
1840
5043
15318
8160
17766
11345
2589
21822
15401
25055
5792
21807
1837
11446
17834
10702
4281
10687
13881
10678
3514
5801
2598
9073
2652
20666
7824
2284
13493
651
7042
13463
2298
3895
4540
1337
2337
3264
11282
4861
11252
17673
17691
11285
16094
20885
18831
1264
20982
1719
11328
1737
18523
2144
2836
25257
2899
4478
10884
16847
16820
16964
4122
892
16937
23358
4095
20125
13704
10865
12113
5692
7307
20164
7322
901
4104
865
16880
13789
1740
14537
20958
21024
8182
827
24845
2424
18394
18976
2961
4011
23274
15289
4065
20080
23407
4144
16956
941
20231
968
10568
4162
891
936
2479
5748
8966
2545
8951
24921
18515
25412
6149
9352
3610
6771
13192
18012
11606
3621
2024
16397
1970
21188
8824
9205
952
4110
23373
13857
20278
1015
5752
24970
16368
22756
8356
17965
239
25923
9306
7676
14097
10894
291
6682
13103
3517
9908
16329
16657
3815
603
7009
16403
3561
9949
13152
376
13565
744
3917
16759
5526
21571
8729
3933
168
16183
18372
5530
2327
2282
21545
1262
6053
2850
14112
1270
5535
2332
24979
12230
15463
2621
24924
5661
9152
2731
17104
18423
856
21227
1964
5194
24412
8397
3525
25946
7327
4124
20139
5766
11777
24619
2153
21416
18270
5428
2225
11834
23112
16691
3849
16197
12872
6451
12857
6478
3275
14595
8174
21016
1834
8240
7448
15287
2445
24911
5648
7502
3262
6170
1325
20543
7496
924
5818
2615
630
2288
20358
1095
7516
17155
4313
24322
17901
5059
1841
8262
5348
2100
21363
8138
2248
5460
642
2564
5961
18488
15285
12369
14392
7971
17580
12816
9628
3207
25565
7669
2031
5561
15034
8613
21455
18228
5386
24649
14220
20641
1331
23752
2245
8651
18290
5448
23015
18172
9419
15840
3028
3064
3037
12646
5880
2677
5807
24148
4885
14479
1637
20900
663
8648
5445
7027
13448
16651
24735
5472
8817
2411
18456
5614
24601
5338
2135
24556
3759
16571
2828
2819
6022
23580
23610
10768
11178
14381
14396
7975
14389
1547
1520
11129
74
3277
15877
3035
2270
649
7070
1522
3226
1932
11541
19526
17732
8123
8108
14529
4775
1572
2849
1234
14061
7640
11661
5240
2037
21264
2001
14420
1578
6360
9563
14354
6369
653
10262
24400
11588
5134
17976
5619
15234
8813
11471
17910
11489
17895
5083
1024
7430
2083
5286
6901
3698
6916
495
18062
11630
2021
10015
3609
19624
1985
3852
4296
1093
20311
1138
10747
1580
20798
1526
11135
4729
7914
4696
11117
22314
20717
25508
3150
24387
2029
5383
2043
18088
5246
164
1162
1147
7568
20380
17186
12395
16623
3077
7886
1480
2197
8603
5400
4400
5663
15272
5034
17846
11440
1858
3410
6613
19410
25831
6649
3419
22637
8030
3230
22448
12839
1503
14345
25524
6324
25557
19136
21421
8579
18206
2191
3362
16123
22544
7896
3105
18501
15298
1789
21007
8195
11416
21070
1807
1408
7910
1504
14316
23925
3164
4105
2517
18532
16935
2912
15724
9566
20799
1536
23957
6388
12776
3771
16583
3807
11792
7519
20361
26015
10000
1612
11221
7961
1540
20803
20884
11275
22894
16473
1330
14163
1321
10930
20395
7553
2696
15538
365
24446
5183
1980
1429
21892
5922
22432
22460
3305
102
19517
6675
22690
5827
2221
5424
10197
16603
600
7006
18218
552
3755
12100
5694
5664
18506
20103
25420
19972
16343
11477
17898
15815
2973
5642
21612
15826
2984
16479
16494
10073
4932
17774
26125
5403
1459
20677
20565
20595
7753
14901
2059
8465
11111
3099
3126
18137
264
23452
4189
986
1013
4216
13825
13858
7437
1144
2723
9129
16549
6895
26158
16564
10143
2129
24550
18177
2207
10189
3768
19828
6986
565
10159
16580
17371
4604
7822
1401
3843
640
17883
16352
22773
3510
2694
25115
4375
13930
10697
23539
1344
14156
867
20121
858
16873
18318
5506
16185
14227
1385
11000
4579
1058
10682
4261
13793
951
13763
14162
7741
17365
10944
8020
4850
1656
4108
8896
2475
8881
19618
454
8795
11962
7705
1299
10908
2890
9296
22108
7744
4541
5353
24571
2150
16586
21443
8601
8959
9970
25985
2746
5949
1895
14707
21113
9904
16325
22746
9934
1760
8178
1757
11366
8163
4903
17745
24196
4933
719
16734
8767
2361
5564
21997
2779
1478
1409
7830
20642
2525
5728
8619
21431
19254
848
16863
1700
20918
8536
5333
2130
26139
6921
21066
1803
21021
877
23298
940
1043
23464
13852
7431
3013
25434
6216
4340
1137
13934
20355
2167
5370
1361
7510
13916
3039
9279
12482
2864
12473
10008
16414
9277
2856
16462
3620
19590
23933
3154
15981
9560
224
6630
6416
19
12831
3222
807
23192
13583
20822
1559
7965
17574
4771
17583
14380
4029
7871
1450
20668
14328
1486
7892
14499
6590
169
25793
11447
1838
1811
11420
2383
5586
3992
7250
3981
778
16829
13626
1653
4856
6453
4278
4156
1871
11450
8247
271
5273
2070
11679
9995
16416
5281
3675
10081
1004
7410
13816
5831
1111
20359
7517
19393
130
26447
2193
1615
8012
1606
14418
14391
4791
20806
1642
9660
54
6475
9693
3272
25734
2038
5241
3021
15833
2369
18384
19182
6340
15949
3137
4419
22085
2822
5470
11891
8688
14347
1505
11114
6278
3030
22293
24325
1940
9188
2767
5970
21364
19943
10334
1711
4914
16899
23335
10493
16914
7541
13965
3529
1168
5730
24978
12136
13754
20175
957
23065
10238
16659
26268
94
19357
3342
15178
8757
2422
4333
20348
13175
1220
20483
1265
4457
9326
2905
6108
284
257
16272
3403
200
12170
25012
25117
16376
3534
5125
8328
5516
1546
20764
10988
14170
7749
10922
23764
12770
6364
20800
7958
14406
1564
11146
1519
11128
2095
5298
13250
16453
24456
11644
18050
18032
5256
9562
1184
7596
20438
7626
11340
20949
5012
8197
7400
16994
4152
23077
1516
21457
2239
5442
7797
11007
3022
4598
17410
6194
5337
5307
18149
11217
3232
23285
1800
8206
1003
17018
7409
2522
24943
12166
5745
7526
11348
11975
24832
5569
20366
6826
420
11599
24351
10992
14225
1383
10087
3666
16478
2069
14881
13418
9427
3006
6209
14226
14241
7820
6069
9287
2866
9233
20478
7636
14024
18024
2009
14821
1648
6555
13229
19650
24423
5310
2107
23626
15458
12225
25067
22706
6691
24498
7332
3908
20998
1735
17750
126
19344
8806
18388
4493
12623
7787
4584
23802
3041
2217
8623
18205
578
16593
6957
26175
19889
671
8467
4655
14294
1452
20670
25362
160
9817
13020
1814
11423
2773
8708
714
669
13481
22248
489
3692
9127
17157
1142
16375
3533
21575
18297
5455
23798
1404
14216
1891
11470
5049
24312
17924
13124
17948
11527
6191
5367
2901
18916
2886
22104
5395
21410
13488
7067
14801
14747
25877
13065
16304
3462
199
19417
18193
5351
18407
5595
5604
2401
16747
14117
7711
2929
7863
11036
23878
20720
1457
14744
21165
2907
18922
11528
17949
3190
3163
12772
16766
18041
4483
10741
17914
141
8135
1729
3509
16321
4267
2634
13036
194
19412
9051
6033
18845
7654
1233
17248
5302
2099
10084
1350
16681
18317
5475
2272
15084
648
23069
3129
19174
6332
6269
15878
4298
16276
11485
21817
15396
2557
14397
1555
2969
22217
9375
5354
24518
2127
24548
6226
12632
5727
24945
10998
6131
10324
6026
15614
9193
2805
18742
25163
3522
1931
2752
3020
6214
2658
10643
21724
2461
2446
8867
11273
5389
18132
24553
17380
3368
12977
11808
5387
18199
1483
11092
731
17453
4701
4231
1028
2219
761
2376
18322
3762
6965
5368
3780
5630
2427
18442
14060
15103
10312
5521
5303
2109
13723
881
4084
10945
2874
12456
8871
12059
1426
3132
759
11191
4812
17865
5195
1992
2938
4023
820
16850
10429
276
11506
5085
11437
20837
1318
14900
2124
5318
7547
1141
825
5057
2801
2004
2022
12551
1342
20560
4099
23308
3117
11102
16254
2750
11109
9189
2768
1938
17956
5114
11520
1875
24296
287
18543
1806
14557
1715
1643
2216
3777
16589
1617
2796
3193
743
18618
5228
2578
8984
6070
13425
583
8369
14775
17166
21948
5847
8092
3092
25513
1829
5294
3148
4742
10710
19155
8794
3266
23191
8094
2507
21725
4149
20209
946
13758
13737
24916
6654
721
25779
95
22516
158
3334
131
9740
14031
813
20046
13625
15222
15770
624
9996
4372
3308
4905
18463
5669
8836
18445
20000
7158
10331
23173
3921
23184
104
6510
15437
15163
2321
7124
670
23091
10315
733
1164
3246
11347
6174
15798
9377
