0 0
1 1
2 2
3 3
4 4
5 5
6 6
7 7
8 8
9 9
10 10
11 11
12 12
13 13
14 14
15 15
16 16
17 17
18 18
19 19
20 20
21 21
22 22
23 23
24 24
25 25
26 26
27 27
28 28
29 29
30 30
31 31
32 32
33 33
34 34
35 35
36 36
37 39
38 40
39 41
40 42
41 43
42 44
43 45
44 46
45 47
46 48
47 49
48 50
49 51
50 52
51 53
52 54
53 55
54 56
55 57
56 58
57 59
58 60
59 61
60 62
61 63
62 64
63 65
64 66
65 67
66 68
67 69
68 70
69 71
70 72
71 73
72 74
73 75
74 76
75 77
76 78
77 79
78 80
79 81
80 82
81 83
82 84
83 85
84 86
85 87
86 88
87 89
88 90
89 91
90 92
91 93
92 94
93 95
94 96
95 97
96 98
97 99
98 100
99 101
100 102
101 103
102 104
103 105
104 106
105 107
106 108
107 109
108 110
109 135
110 136
111 137
112 138
113 139
114 140
115 141
116 142
117 143
118 144
119 145
120 146
121 147
122 148
123 149
124 150
125 151
126 152
127 153
128 154
129 155
130 156
131 157
132 158
133 159
134 160
135 161
136 162
137 163
138 164
139 165
140 166
141 167
142 168
143 169
144 170
145 171
146 172
147 173
148 174
149 175
150 176
151 177
152 178
153 179
154 180
155 181
156 182
157 183
158 184
159 185
160 186
161 187
162 188
163 189
164 190
165 191
166 192
167 193
168 194
169 195
170 196
171 197
172 198
173 199
174 200
175 201
176 202
177 203
178 204
179 205
180 206
181 207
182 208
183 209
184 210
185 211
186 212
187 213
188 214
189 215
190 216
191 217
192 218
193 219
194 220
195 221
196 222
197 223
198 224
199 225
200 226
201 227
202 228
203 229
204 230
205 231
206 232
207 233
208 234
209 235
210 236
211 237
212 238
213 239
214 240
215 241
216 242
217 243
218 244
219 245
220 246
221 247
222 248
223 249
224 250
225 251
226 252
227 253
228 254
229 255
230 256
231 257
232 258
233 259
234 260
235 261
236 262
237 263
238 264
239 265
240 266
241 267
242 268
243 269
244 270
245 271
246 272
247 273
248 274
249 275
250 276
251 277
252 278
253 279
254 280
255 281
256 282
257 283
258 284
259 285
260 286
261 287
262 288
263 289
264 290
265 291
266 292
267 293
268 294
269 295
270 296
271 297
272 298
273 299
274 300
275 301
276 302
277 303
278 304
279 305
280 306
281 307
282 308
283 309
284 310
285 311
286 312
287 313
288 314
289 315
290 316
291 317
292 318
293 319
294 320
295 321
296 322
297 323
298 324
299 325
300 326
301 327
302 328
303 329
304 330
305 331
306 332
307 333
308 334
309 335
310 336
311 337
312 338
313 339
314 340
315 341
316 342
317 343
318 344
319 345
320 346
321 347
322 348
323 349
324 350
325 351
326 352
327 353
328 354
329 355
330 356
331 357
332 358
333 359
334 360
335 361
336 362
337 363
338 364
339 365
340 366
341 367
342 368
343 369
344 370
345 371
346 372
347 373
348 374
349 375
350 376
351 377
352 378
353 379
354 380
355 381
356 382
357 383
358 384
359 385
360 386
361 387
362 388
363 389
364 390
365 391
366 392
367 393
368 394
369 395
370 396
371 397
372 398
373 399
374 400
375 401
376 402
377 403
378 404
379 405
380 406
381 407
382 408
383 409
384 410
385 411
386 412
387 413
388 414
389 415
390 416
391 417
392 418
393 419
394 420
395 421
396 422
397 423
398 424
399 425
400 426
401 427
402 428
403 429
404 430
405 431
406 432
407 433
408 434
409 435
410 436
411 437
412 438
413 439
414 440
415 441
416 442
417 443
418 444
419 445
420 446
421 447
422 448
423 449
424 450
425 451
426 452
427 453
428 454
429 455
430 456
431 457
432 458
433 459
434 460
435 461
436 462
437 463
438 464
439 465
440 466
441 467
442 468
443 469
444 470
445 471
446 472
447 473
448 474
449 475
450 476
451 477
452 478
453 479
454 480
455 481
456 482
457 483
458 484
459 485
460 486
461 487
462 488
463 489
464 490
465 491
466 492
467 493
468 494
469 495
470 496
471 497
472 498
473 499
474 500
475 501
476 502
477 503
478 504
479 505
480 506
481 507
482 508
483 509
484 510
485 511
486 512
487 513
488 514
489 515
490 516
491 517
492 518
493 519
494 520
495 521
496 522
497 523
498 524
499 525
500 526
501 527
502 528
503 529
504 530
505 531
506 532
507 533
508 534
509 535
510 536
511 537
512 538
513 539
514 540
515 541
516 542
517 543
518 544
519 545
520 546
521 547
522 548
523 549
524 550
525 551
526 552
527 553
528 554
529 555
530 556
531 557
532 558
533 559
534 560
535 561
536 562
537 563
538 564
539 565
540 566
541 567
542 568
543 569
544 570
545 571
546 572
547 573
548 574
549 575
550 576
551 577
552 578
553 579
554 580
555 581
556 582
557 583
558 584
559 585
560 586
561 587
562 588
563 589
564 590
565 591
566 592
567 593
568 594
569 595
570 596
571 597
572 598
573 599
574 600
575 601
576 602
577 603
578 604
579 605
580 606
581 607
582 608
583 609
584 610
585 611
586 612
587 613
588 614
589 615
590 616
591 617
592 618
593 619
594 620
595 621
596 622
597 623
598 624
599 625
600 626
601 627
602 628
603 629
604 630
605 631
606 632
607 633
608 634
609 635
610 636
611 637
612 638
613 639
614 640
615 641
616 642
617 643
618 644
619 645
620 646
621 647
622 648
623 649
624 650
625 651
626 652
627 653
628 654
629 655
630 656
631 657
632 658
633 672
634 673
635 674
636 675
637 676
638 677
639 678
640 679
641 680
642 681
643 682
644 683
645 684
646 707
647 708
648 709
649 710
650 711
651 712
652 713
653 714
654 715
655 716
656 717
657 718
658 719
659 720
660 721
661 722
662 723
663 724
664 725
665 726
666 727
667 728
668 729
669 730
670 731
671 732
672 733
673 734
674 735
675 736
676 737
677 738
678 739
679 740
680 741
681 742
682 743
683 744
684 745
685 746
686 747
687 748
688 749
689 750
690 755
691 756
692 757
693 758
694 759
695 760
696 761
697 762
698 763
699 764
700 765
701 766
702 767
703 768
704 769
705 770
706 771
707 772
708 773
709 774
710 778
711 779
712 780
713 781
714 782
715 783
716 784
717 785
718 786
719 787
720 788
721 789
722 823
723 855
724 856
725 857
726 858
727 859
728 860
729 861
730 908
731 917
732 918
733 919
734 925
735 926
736 927
737 928
738 929
739 930
740 931
741 932
742 933
743 934
744 935
745 936
746 937
747 938
748 939
749 940
750 941
751 942
752 943
753 944
754 945
755 946
756 947
757 948
758 949
759 950
760 951
761 952
762 953
763 954
764 960
765 981
766 982
767 983
768 984
769 985
770 986
771 987
772 988
773 989
774 990
775 991
776 992
777 993
778 994
779 995
780 996
781 997
782 998
783 999
784 1000
785 1001
786 1002
787 1003
788 1004
789 1005
790 1006
791 1010
792 1011
793 1012
794 1013
795 1014
796 1015
797 1048
798 1049
799 1050
800 1051
801 1055
802 1056
803 1057
804 1058
805 1059
806 1060
807 1061
808 1062
809 1063
810 1064
811 1065
812 1066
813 1067
814 1068
815 1069
816 1070
817 1071
818 1072
819 1073
820 1074
821 1075
822 1076
823 1077
824 1078
825 1079
826 1080
827 1081
828 1082
829 1083
830 1084
831 1085
832 1086
833 1087
834 1088
835 1089
836 1090
837 1091
838 1092
839 1093
840 1094
841 1095
842 1096
843 1097
844 1098
845 1099
846 1100
847 1101
848 1102
849 1103
850 1104
851 1105
852 1106
853 1107
854 1108
855 1109
856 1110
857 1111
858 1112
859 1113
860 1114
861 1115
862 1116
863 1117
864 1118
865 1119
866 1120
867 1121
868 1122
869 1123
870 1126
871 1127
872 1128
873 1129
874 1130
875 1131
876 1132
877 1133
878 1134
879 1135
880 1136
881 1137
882 1138
883 1139
884 1140
885 1141
886 1142
887 1143
888 1144
889 1145
890 1146
891 1147
892 1148
893 1149
894 1150
895 1151
896 1152
897 1153
898 1168
899 1169
900 1170
901 1185
902 1186
903 1187
904 1188
905 1189
906 1190
907 1191
908 1192
909 1193
910 1194
911 1195
912 1196
913 1197
914 1198
915 1199
916 1200
917 1201
918 1202
919 1203
920 1204
921 1205
922 1206
923 1207
924 1208
925 1209
926 1210
927 1211
928 1212
929 1213
930 1214
931 1215
932 1216
933 1217
934 1231
935 1232
936 1233
937 1234
938 1235
939 1236
940 1237
941 1268
942 1269
943 1270
944 1271
945 1272
946 1273
947 1274
948 1284
949 1307
950 1308
951 1309
952 1310
953 1314
954 1336
955 1384
956 1385
957 1386
958 1387
959 1399
960 1400
961 1403
962 1404
963 1405
964 1406
965 1407
966 1408
967 1409
968 1410
969 1411
970 1412
971 1413
972 1428
973 1429
974 1430
975 1438
976 1439
977 1440
978 1441
979 1442
980 1443
981 1444
982 1445
983 1446
984 1447
985 1448
986 1449
987 1450
988 1451
989 1452
990 1453
991 1454
992 1463
993 1464
994 1465
995 1466
996 1467
997 1545
998 1546
999 1547
1000 1548
1001 1549
1002 1550
1003 1551
1004 1552
1005 1561
1006 1562
1007 1570
1008 1571
1009 1596
1010 1597
1011 1598
1012 1599
1013 1600
1014 1601
1015 1602
1016 1627
1017 1628
1018 1629
1019 1630
1020 1631
1021 1632
1022 1633
1023 1645
1024 1646
