15011
14903
14888
14867
14773
14708
14638
14618
14549
14545
14457
14451
14430
14411
14358
14355
14225
14171
14136
14129
14082
14073
14067
14042
13975
13974
13946
13661
13612
13587
13583
13478
13474
13420
13337
13298
13272
13200
13106
13001
12977
12971
12916
12906
12849
12848
12847
12844
12843
12842
12841
12839
12837
12836
12834
12831
12830
12828
12825
12819
12818
12816
12815
12814
12813
12811
12810
12808
12806
12805
12804
12803
12801
12800
12798
12794
12793
12790
12786
12785
12784
12782
12781
12780
12778
12777
12774
12773
12772
12771
12770
12769
12767
12766
12764
12762
12761
12758
12754
12752
12751
12750
12749
12748
12747
12742
12740
12739
12738
12735
12732
12731
12730
12729
12728
12727
12725
12724
12723
12716
12715
12713
12711
12708
12705
12702
12694
12691
12689
12688
12686
12684
12682
12680
12679
12678
12676
12673
12670
12669
12663
12660
12657
12655
12654
12649
12647
12646
12641
12639
12638
12636
12635
12634
12631
12626
12624
12623
12621
12617
12616
12613
12605
12603
12602
12600
12598
12596
12594
12593
12592
12590
12587
12585
12584
12581
12578
12576
12575
12568
12567
12560
12559
12549
12548
12546
12542
12536
12535
12534
12533
12532
12529
12523
12522
12521
12520
12519
12513
12511
12510
12509
12504
12499
12498
12497
12495
12492
12490
12487
12485
12481
12480
12478
12476
12471
12469
12457
12456
12455
12454
12450
12448
12447
12446
12445
12444
12443
12441
12440
12438
12437
12436
12435
12433
12431
12430
12428
12427
12425
12424
12422
12421
12417
12416
12413
12411
12410
12409
12407
12406
12404
12403
12402
12401
12400
12399
12395
12394
12385
12382
12381
12375
12374
12371
12370
12369
12368
12367
12359
12356
12355
12346
12345
12343
12342
12341
12340
12339
12338
12337
12335
12334
12333
12332
12329
12328
12323
12321
12315
12314
12313
12309
12308
12307
12303
12297
12296
12294
12292
12291
12290
12288
12287
12286
12281
12279
12277
12276
12274
12270
12268
12266
12263
12262
12261
12260
12259
12258
12256
12255
12254
12252
12250
12249
12247
12245
12243
12242
12240
12236
12235
12233
12232
12230
12226
12225
12224
12222
12220
12217
12215
12213
12212
12210
12208
12207
12206
12205
12204
12202
12201
12197
12196
12193
12188
12181
12180
12179
12175
12173
12171
12170
12169
12168
12167
12166
12165
12163
12162
12157
12155
12154
12151
12150
12149
12147
12145
12144
12139
12136
12134
12133
12132
12131
12129
12128
12127
12126
12124
12120
12119
12118
12116
12115
12114
12113
12112
12110
12108
12107
12103
12102
12101
12100
12097
12096
12095
12093
12092
12091
12090
12087
12086
12085
12083
12081
12079
12078
12075
12074
12073
12072
12071
12069
12068
12067
12066
12065
12064
12063
12060
12058
12057
12054
12051
12050
12049
12047
12046
12045
12044
12042
12039
12038
12037
12035
12031
12030
12029
12026
12025
12024
12023
12022
12021
12019
12013
12012
12011
12008
12007
12006
12003
12002
12001
11998
11997
11996
11995
11993
11991
11989
11980
11979
11978
11977
11976
11975
11974
11973
11968
11967
11965
11964
11963
11962
11961
11960
11958
11957
11955
11952
11951
11950
11949
11948
11946
11944
11943
11942
11941
11940
11939
11938
11937
11936
11933
11931
11930
11929
11927
11924
11923
11922
11921
11920
11919
11917
11916
11915
11914
11911
11910
11909
11908
11906
11905
11904
11903
11901
11899
11898
11897
11896
11894
11892
11891
11890
11888
11887
11885
11882
11880
11879
11878
11877
11876
11873
11871
11869
11865
11861
11860
11859
11858
11856
11855
11851
11849
11845
11843
11838
11837
11836
11835
11834
11833
11832
11826
11825
11824
11819
11818
11816
11815
11814
11812
11808
11807
11806
11805
11803
11799
11795
11793
11792
11791
11789
11788
11787
11784
11783
11782
11781
11780
11779
11777
11775
11774
11773
11771
11770
11769
11767
11760
11759
11756
11753
11752
11750
11748
11747
11746
11745
11742
11740
11738
11737
11735
11734
11733
11731
11729
11728
11727
11725
11722
11721
11719
11718
11717
11715
11714
11713
11712
11711
11709
11707
11706
11705
11704
11703
11701
11697
11695
11694
11693
11692
11690
11688
11687
11686
11685
11682
11680
11679
11676
11675
11674
11672
11671
11670
11668
11667
11663
11661
11659
11657
11654
11652
11651
11650
11649
11648
11647
11644
11642
11641
11638
11637
11636
11633
11632
11630
11629
11628
11627
11626
11624
11623
11622
11621
11620
11618
11617
11614
11613
11612
11610
11609
11608
11607
11606
11603
11602
11599
11596
11594
11592
11590
11589
11588
11587
11585
11583
11581
11578
11576
11575
11574
11573
11571
11569
11568
11566
11565
11561
11560
11559
11558
11553
11552
11551
11549
11546
11545
11542
11538
11537
11536
11535
11533
11532
11531
11530
11528
11525
11524
11523
11522
11520
11519
11515
11514
11512
11511
11510
11509
11508
11507
11506
11504
11503
11502
11501
11500
11498
11497
11495
11491
11490
11489
11487
11486
11485
11484
11483
11482
11481
11479
11478
11477
11476
11475
11473
11471
11470
11466
11463
11462
11460
11459
11456
11455
11453
11452
11451
11450
11449
11447
11446
11442
11441
11440
11437
11436
11435
11433
11432
11431
11430
11429
11428
11427
11425
11422
11421
11418
11417
11414
11413
11412
11411
11410
11409
11404
11401
11400
11399
11398
11397
11394
11392
11391
11390
11389
11386
11384
11383
11382
11379
11378
11376
11374
11373
11369
11366
11364
11363
11361
11360
11359
11358
11356
11353
11352
11351
11350
11348
11346
11344
11342
11341
11340
11338
11337
11334
11333
11331
11329
11327
11326
11324
11323
11321
11320
11318
11317
11316
11312
11310
11309
11307
11304
11303
11301
11300
11299
11298
11295
11293
11292
11291
11290
11289
11288
11287
11285
11281
11279
11278
11277
11276
11275
11274
11273
11272
11270
11268
11267
11262
11261
11260
11259
11258
11257
11256
11255
11254
11249
11247
11246
11243
11242
11240
11238
11237
11236
11234
11233
11232
11231
11230
11228
11226
11223
11222
11221
11220
11218
11217
11216
11215
11214
11212
11211
11210
11209
11203
11201
11199
11197
11194
11191
11190
11189
11188
11185
11184
11182
11181
11180
11179
11175
11174
11173
11168
11167
11165
11164
11163
11162
11160
11159
11158
11157
11156
11153
11152
11151
11150
11147
11146
11144
11143
11141
11138
11136
11135
11134
11132
11131
11130
11128
11127
11125
11121
11120
11119
11117
11116
11115
11113
11112
11109
11108
11107
11105
11103
11101
11100
11099
11098
11096
11095
11091
11090
11089
11083
11081
11076
11075
11073
11070
11065
11064
11063
11062
11060
11056
11054
11049
11048
11044
11042
11040
11039
11037
11029
11028
11027
11026
11024
11023
11021
11019
11018
11017
11015
11014
11012
11007
11001
10996
10994
10989
10988
10987
10983
10981
10980
10978
10977
10971
10970
10965
10963
10962
10961
10958
10954
10952
10951
10950
10949
10948
10947
10946
10945
10943
10942
10940
10938
10936
10935
10934
10933
10932
10930
10929
10928
10927
10926
10924
10923
10922
10921
10914
10913
10912
10909
10907
10906
10904
10902
10901
10900
10899
10897
10896
10893
10892
10891
10890
10889
10888
10887
10881
10880
10877
10875
10868
10867
10864
10863
10862
10861
10860
10858
10856
10855
10850
10849
10848
10846
10844
10843
10842
10839
10838
10837
10836
10833
10830
10829
10828
10827
10826
10825
10824
10823
10821
10819
10818
10817
10816
10815
10812
10811
10808
10807
10805
10803
10802
10798
10793
10792
10791
10790
10788
10785
10783
10781
10779
10778
10777
10776
10774
10773
10770
10769
10767
10764
10761
10760
10759
10757
10756
10755
10754
10753
10752
10751
10750
10749
10746
10744
10743
10742
10741
10739
10737
10736
10735
10733
10731
10730
10729
10727
10722
10720
10719
10718
10710
10708
10707
10705
10703
10702
10701
10699
10698
10696
10694
10693
10689
10688
10687
10686
10685
10681
10678
10677
10676
10674
10673
10672
10671
10670
10669
10668
10665
10660
10659
10657
10656
10653
10651
10649
10645
10641
10640
10637
10636
10635
10634
10631
10630
10629
10625
10624
10623
10622
10621
10620
10619
10618
10616
10615
10612
10610
10609
10608
10607
10605
10601
10598
10596
10594
10593
10589
10588
10586
10582
10581
10580
10579
10578
10577
10576
10574
10571
10570
10569
10566
10565
10564
10563
10562
10561
10560
10559
10558
10557
10556
10555
10554
10553
10552
10551
10550
10549
10548
10547
10546
10544
10543
10542
10541
10540
10539
10536
10535
10533
10532
10531
10530
10529
10526
10524
10523
10517
10516
10515
10512
10511
10510
10509
10507
10506
10505
10503
10502
10501
10499
10497
10496
10495
10493
10492
10490
10489
10485
10483
10482
10481
10480
10479
10477
10476
10475
10474
10472
10471
10469
10467
10466
10465
10464
10463
10462
10461
10460
10459
10457
10456
10455
10454
10453
10445
10444
10443
10442
10439
10438
10436
10435
10433
10432
10431
10429
10428
10427
10426
10425
10423
10422
10421
10419
10418
10416
10415
10414
10413
10411
10410
10409
10408
10407
10405
10404
10402
10400
10395
10390
10389
10388
10387
10386
10385
10381
10380
10377
10373
10372
10371
10368
10367
10366
10364
10361
10360
10359
10358
10357
10355
10354
10353
10352
10351
10342
10341
10339
10336
10335
10334
10333
10332
10331
10330
10329
10328
10326
10325
10324
10323
10322
10320
10318
10317
10316
10315
10312
10310
10309
10308
10307
10306
10305
10304
10303
10302
10301
10299
10298
10297
10295
10294
10293
10292
10287
10285
10283
10282
10280
10279
10278
10276
10274
10270
10269
10268
10267
10266
10265
10264
10263
10262
10261
10260
10258
10256
10255
10254
10253
10252
10249
10248
10247
10243
10240
10239
10236
10234
10232
10231
10230
10229
10228
10227
10226
10225
10224
10223
10218
10217
10215
10208
10207
10206
10205
10203
10202
10199
10198
10196
10195
10194
10193
10192
10191
10190
10189
10188
10187
10186
10185
10184
10183
10181
10180
10179
10178
10177
10176
10174
10173
10170
10169
10168
10167
10166
10163
10162
10161
10160
10159
10158
10157
10156
10155
10154
10152
10149
10148
10145
10144
10142
10141
10140
10139
10138
10137
10136
10135
10133
10132
10131
10130
10127
10126
10125
10124
10122
10121
10119
10117
10116
10114
10112
10110
10109
10108
10107
10106
10101
10099
10098
10097
10096
10095
10094
10093
10092
10090
10089
10088
10087
10084
10083
10078
10077
10076
10074
10071
10070
10068
10066
10065
10064
10063
10060
10059
10058
10057
10056
10054
10053
10052
10051
10050
10049
10048
10047
10046
10045
10043
10042
10041
10036
10032
10031
10028
10026
10023
10022
10021
10020
10019
10018
10014
10013
10012
10011
10009
10008
10007
10006
10005
10004
10003
10002
10001
10000
9999
9998
9997
9996
9995
9993
9992
9990
9988
9987
9986
9983
9982
9981
9980
9978
9977
9976
9975
9974
9971
9970
9969
9967
9965
9963
9962
9959
9956
9955
9952
9951
9950
9949
9947
9946
9942
9941
9940
9939
9938
9937
9936
9935
9934
9933
9932
9931
9930
9929
9925
9922
9921
9919
9918
9916
9915
9914
9913
9912
9911
9910
9909
9907
9906
9905
9904
9903
9902
9901
9900
9898
9897
9895
9894
9893
9892
9890
9889
9888
9885
9884
9882
9881
9880
9879
9878
9876
9874
9873
9872
9871
9869
9865
9864
9861
9860
9859
9858
9857
9855
9854
9853
9852
9851
9850
9848
9846
9845
9844
9843
9841
9839
9838
9834
9832
9831
9830
9829
9828
9826
9824
9823
9822
9820
9819
9817
9815
9814
9813
9812
9810
9809
9807
9805
9804
9803
9802
9801
9799
9797
9795
9794
9793
9792
9791
9790
9789
9788
9787
9785
9784
9782
9778
9777
9776
9775
9773
9772
9770
9769
9768
9765
9763
9761
9760
9759
9758
9757
9755
9754
9753
9750
9749
9748
9747
9745
9744
9743
9740
9739
9738
9737
9736
9735
9734
9733
9732
9729
9728
9727
9726
9725
9723
9721
9720
9719
9718
9716
9715
9713
9712
9710
9709
9708
9707
9706
9705
9703
9702
9701
9700
9699
9698
9697
9696
9694
9693
9692
9689
9688
9687
9685
9682
9681
9679
9678
9676
9672
9671
9670
9669
9668
9667
9665
9664
9663
9662
9661
9659
9655
9654
9653
9652
9651
9650
9649
9648
9647
9646
9645
9644
9643
9640
9638
9636
9634
9633
9632
9631
9630
9629
9624
9622
9621
9620
9619
9618
9615
9614
9613
9612
9611
9609
9608
9607
9606
9605
9604
9600
9599
9598
9597
9596
9595
9594
9593
9592
9590
9589
9588
9585
9584
9583
9582
9581
9579
9578
9577
9576
9574
9573
9570
9569
9568
9567
9565
9564
9562
9559
9558
9557
9555
9552
9551
9550
9549
9548
9547
9545
9544
9543
9540
9538
9535
9534
9533
9531
9530
9528
9527
9526
9525
9524
9523
9520
9518
9517
9516
9515
9513
9511
9510
9508
9507
9505
9504
9503
9502
9501
9500
9496
9495
9494
9493
9492
9490
9489
9488
9487
9486
9485
9484
9483
9482
9481
9480
9479
9478
9477
9476
9475
9473
9471
9469
9468
9466
9464
9463
9462
9460
9459
9458
9456
9455
9454
9453
9452
9449
9448
9447
9446
9445
9444
9443
9442
9440
9439
9436
9434
9433
9431
9429
9428
9426
9425
9424
9422
9420
9418
9417
9416
9415
9414
9413
9412
9411
9409
9408
9405
9401
9398
9397
9394
9393
9391
9390
9389
9388
9387
9386
9382
9381
9380
9378
9377
9376
9373
9372
9371
9370
9368
9367
9365
9364
9363
9362
9361
9360
9359
9358
9356
9355
9354
9353
9352
9351
9350
9348
9347
9346
9345
9343
9342
9341
9338
9335
9334
9333
9332
9330
9329
9328
9327
9324
9322
9321
9320
9319
9318
9315
9314
9311
9310
9309
9307
9301
9300
9298
9297
9296
9295
9294
9293
9292
9291
9290
9289
9288
9287
9286
9285
9284
9283
9282
9280
9279
9277
9276
9275
9274
9273
9271
9270
9269
9267
9266
9265
9264
9262
9261
9260
9259
9258
9256
9255
9251
9249
9248
9247
9246
9245
9244
9243
9242
9241
9240
9239
9238
9237
9235
9234
9233
9232
9231
9230
9229
9228
9227
9224
9223
9222
9221
9220
9219
9218
9217
9216
9215
9214
9213
9212
9211
9209
9208
9207
9204
9203
9200
9199
9198
9197
9196
9195
9194
9192
9191
9190
9188
9187
9186
9185
9183
9182
9180
9179
9178
9177
9175
9172
9171
9170
9169
9168
9167
9166
9165
9164
9163
9162
9160
9159
9157
9156
9155
9154
9152
9151
9150
9149
9148
9146
9145
9144
9143
9142
9139
9137
9135
9134
9132
9131
9130
9128
9127
9125
9124
9123
9122
9121
9119
9118
9117
9116
9115
9114
9112
9111
9110
9109
9107
9106
9105
9102
9099
9098
9097
9096
9095
9094
9092
9091
9090
9089
9088
9087
9084
9083
9081
9080
9078
9076
9075
9074
9073
9072
9071
9069
9068
9067
9066
9065
9064
9063
9062
9061
9060
9059
9058
9057
9056
9055
9053
9052
9050
9049
9048
9046
9045
9044
9043
9042
9040
9039
9038
9037
9036
9035
9031
9030
9029
9028
9026
9024
9023
9022
9021
9019
9018
9017
9016
9015
9014
9013
9011
9010
9008
9007
9006
9005
9004
9003
9002
9001
9000
8999
8998
8997
8996
8995
8994
8993
8992
8991
8990
8987
8984
8983
8982
8979
8978
8974
8973
8971
8970
8968
8966
8965
8963
8962
8961
8959
8958
8957
8956
8955
8954
8953
8952
8944
8942
8941
8940
8939
8938
8937
8936
8934
8933
8932
8931
8930
8928
8927
8926
8925
8924
8921
8920
8919
8918
8917
8916
8913
8912
8911
8910
8909
8908
8907
8906
8905
8904
8901
8900
8899
8898
8897
8896
8895
8894
8893
8892
8891
8890
8889
8888
8887
8885
8884
8882
8880
8878
8877
8876
8875
8874
8873
8872
8871
8870
8869
8868
8865
8864
8862
8861
8860
8859
8858
8856
8855
8853
8852
8846
8845
8844
8843
8842
8841
8840
8839
8838
8836
8835
8833
8832
8831
8829
8828
8827
8826
8825
8824
8823
8822
8821
8820
8819
8816
8815
8814
8812
8807
8806
8805
8804
8803
8802
8799
8798
8797
8795
8794
8793
8791
8790
8789
8787
8785
8784
8783
8780
8779
8773
8772
8770
8769
8768
8765
8762
8761
8760
8759
8756
8755
8753
8752
8751
8748
8740
8739
8737
8736
8735
8734
8733
8732
8731
8730
8729
8728
8727
8726
8725
8724
8720
8719
8718
8717
8714
8713
8712
8711
8710
8709
8708
8707
8706
8705
8704
8703
8702
8699
8697
8694
8691
8689
8688
8686
8685
8684
8682
8681
8680
8678
8677
8676
8675
8674
8673
8672
8670
8668
8667
8665
8664
8663
8662
8661
8660
8659
8657
8655
8654
8653
8652
8651
8650
8649
8647
8646
8645
8644
8643
8642
8641
8639
8638
8637
8636
8635
8633
8632
8630
8629
8628
8627
8626
8625
8624
8622
8621
8617
8614
8613
8612
8611
8609
8608
8607
8605
8604
8603
8602
8600
8599
8595
8594
8593
8591
8590
8589
8588
8586
8585
8583
8581
8580
8577
8576
8575
8574
8573
8572
8570
8569
8568
8567
8566
8565
8564
8563
8562
8561
8560
8558
8557
8556
8555
8554
8553
8552
8551
8550
8549
8548
8547
8546
8545
8544
8543
8542
8541
8540
8539
8538
8537
8536
8535
8534
8533
8531
8530
8528
8527
8526
8525
8522
8521
8520
8519
8517
8516
8515
8514
8512
8511
8510
8509
8508
8507
8506
8505
8504
8503
8502
8500
8499
8498
8497
8496
8494
8493
8492
8490
8489
8488
8487
8486
8483
8482
8481
8480
8478
8477
8476
8475
8474
8473
8471
8470
8469
8467
8466
8465
8464
8462
8461
8460
8459
8458
8455
8452
8451
8450
8449
8447
8446
8445
8442
8441
8440
8439
8438
8437
8435
8434
8433
8432
8431
8430
8429
8428
8427
8426
8425
8424
8423
8422
8421
8420
8419
8418
8417
8416
8415
8414
8413
8412
8411
8410
8409
8408
8407
8406
8404
8403
8402
8401
8400
8398
8397
8396
8394
8391
8390
8389
8388
8386
8385
8384
8383
8382
8381
8380
8379
8375
8374
8373
8372
8371
8370
8369
8368
8367
8366
8364
8363
8362
8361
8358
8357
8356
8354
8353
8352
8351
8350
8349
8348
8347
8346
8345
8344
8343
8342
8341
8340
8338
8337
8336
8335
8334
8333
8332
8331
8329
8328
8327
8326
8323
8322
8320
8319
8318
8317
8316
8314
8313
8312
8311
8310
8308
8307
8306
8305
8303
8302
8301
8300
8297
8296
8295
8294
8293
8290
8289
8287
8285
8284
8283
8282
8280
8279
8278
8277
8276
8275
8274
8272
8271
8270
8269
8268
8267
8266
8265
8264
8263
8262
8261
8260
8259
8258
8257
8256
8255
8254
8253
8252
8249
8248
8246
8245
8244
8241
8239
8238
8236
8234
8233
8232
8230
8229
8228
8227
8226
8225
8224
8223
8222
8220
8219
8217
8216
8214
8213
8209
8208
8206
8205
8204
8203
8202
8201
8200
8199
8198
8196
8195
8194
8193
8192
8191
8189
8187
8184
8183
8182
8181
8180
8179
8174
8173
8172
8170
8169
8167
8166
8165
8161
8159
8156
8155
8154
8153
8152
8151
8150
8149
8148
8147
8146
8145
8144
8143
8142
8141
8139
8138
8136
8134
8133
8132
8130
8129
8128
8127
8126
8125
8124
8123
8122
8121
8120
8119
8118
8117
8116
8114
8112
8111
8110
8109
8108
8107
8104
8103
8102
8101
8100
8099
8097
8094
8093
8090
8089
8086
8085
8084
8082
8081
8080
8079
8077
8076
8075
8074
8073
8072
8071
8070
8069
8068
8067
8066
8065
8064
8062
8060
8059
8058
8057
8056
8055
8054
8053
8052
8051
8050
8047
8046
8045
8044
8043
8042
8041
8040
8039
8038
8037
8036
8035
8034
8032
8031
8030
8029
8028
8027
8026
8024
8023
8022
8021
8020
8019
8018
8017
8016
8014
8012
8010
8008
8007
8006
8005
8004
8003
8002
8000
7997
7996
7992
7991
7989
7987
7986
7985
7984
7980
7979
7978
7977
7976
7975
7974
7973
7972
7971
7970
7968
7967
7966
7965
7963
7961
7960
7958
7957
7956
7955
7954
7953
7951
7950
7948
7947
7943
7942
7939
7938
7934
7933
7930
7929
7928
7926
7925
7923
7921
7920
7919
7917
7916
7914
7913
7912
7911
7910
7909
7907
7905
7904
7902
7901
7899
7897
7896
7895
7892
7891
7890
7889
7888
7887
7886
7885
7884
7881
7880
7879
7878
7877
7876
7875
7874
7873
7872
7871
7870
7869
7868
7867
7866
7865
7864
7863
7862
7861
7859
7858
7857
7856
7855
7854
7853
7852
7851
7850
7849
7848
7847
7846
7845
7844
7843
7842
7841
7840
7839
7838
7836
7835
7834
7832
7831
7830
7829
7826
7825
7824
7823
7821
7819
7818
7817
7816
7815
7814
7813
7812
7811
7810
7807
7806
7805
7804
7803
7802
7801
7800
7798
7797
7794
7792
7790
7788
7787
7786
7785
7784
7782
7781
7780
7779
7777
7776
7773
7771
7770
7769
7767
7766
7765
7764
7763
7762
7761
7760
7759
7758
7756
7755
7754
7753
7752
7751
7749
7746
7745
7744
7742
7741
7740
7739
7738
7737
7735
7733
7731
7729
7728
7727
7726
7725
7723
7722
7721
7720
7719
7716
7715
7714
7713
7709
7708
7707
7706
7705
7704
7701
7699
7698
7697
7696
7695
7694
7693
7692
7691
7690
7689
7688
7687
7685
7682
7680
7679
7678
7677
7676
7675
7674
7673
7672
7671
7670
7669
7668
7667
7666
7665
7664
7663
7662
7660
7659
7658
7657
7655
7654
7653
7652
7651
7650
7649
7648
7647
7646
7645
7644
7641
7640
7639
7638
7636
7634
7633
7632
7631
7630
7629
7628
7627
7626
7625
7624
7623
7622
7621
7619
7617
7616
7615
7614
7613
7612
7611
7610
7609
7607
7606
7605
7604
7603
7602
7601
7600
7596
7595
7594
7593
7592
7591
7590
7589
7587
7586
7585
7584
7582
7581
7580
7579
7578
7577
7576
7574
7573
7571
7570
7569
7568
7567
7566
7565
7564
7563
7562
7561
7560
7559
7558
7557
7556
7554
7552
7550
7549
7548
7546
7545
7544
7543
7541
7540
7539
7537
7536
7535
7534
7533
7530
7526
7525
7523
7522
7521
7520
7519
7518
7517
7516
7514
7513
7512
7509
7508
7506
7504
7503
7502
7501
7500
7498
7494
7493
7492
7491
7490
7489
7488
7486
7485
7484
7483
7482
7480
7479
7477
7476
7475
7474
7473
7472
7471
7470
7469
7468
7467
7466
7464
7462
7461
7460
7459
7456
7455
7454
7453
7452
7451
7450
7449
7447
7446
7445
7444
7440
7439
7438
7437
7434
7433
7432
7431
7430
7429
7428
7427
7425
7423
7421
7420
7418
7417
7416
7414
7413
7412
7410
7409
7408
7407
7406
7405
7402
7400
7399
7398
7397
7396
7395
7394
7393
7392
7391
7390
7388
7387
7383
7382
7381
7379
7378
7375
7372
7371
7369
7368
7367
7366
7365
7363
7361
7360
7359
7358
7357
7356
7355
7353
7352
7351
7350
7349
7348
7346
7345
7344
7343
7341
7340
7339
7338
7337
7336
7335
7334
7333
7332
7330
7329
7326
7325
7324
7322
7321
7320
7319
7318
7317
7316
7315
7314
7313
7312
7307
7306
7305
7304
7303
7301
7298
7297
7296
7295
7294
7293
7292
7289
7288
7287
7286
7285
7284
7283
7282
7281
7280
7279
7278
7277
7275
7274
7273
7271
7270
7269
7268
7267
7266
7265
7261
7259
7257
7254
7252
7251
7247
7246
7245
7244
7241
7239
7238
7237
7236
7235
7234
7233
7232
7231
7230
7229
7228
7227
7226
7225
7224
7222
7220
7219
7218
7217
7216
7215
7214
7213
7212
7211
7210
7209
7208
7207
7206
7205
7204
7203
7202
7201
7200
7199
7198
7197
7196
7195
7194
7193
7192
7191
7190
7189
7188
7187
7186
7185
7184
7183
7182
7181
7179
7177
7176
7174
7173
7172
7171
7170
7169
7168
7166
7164
7163
7162
7161
7158
7156
7155
7154
7152
7151
7150
7149
7148
7147
7146
7145
7144
7143
7142
7141
7140
7139
7138
7137
7136
7135
7134
7133
7131
7129
7127
7125
7124
7123
7122
7121
7120
7119
7116
7115
7114
7113
7112
7111
7110
7109
7108
7107
7106
7105
7104
7103
7102
7101
7100
7099
7098
7096
7095
7094
7093
7092
7091
7090
7089
7087
7086
7084
7083
7082
7081
7080
7079
7078
7077
7076
7075
7074
7073
7072
7070
7068
7067
7066
7065
7064
7063
7062
7061
7059
7058
7057
7056
7055
7054
7051
6988
6985
6905
6887
6873
6866
6840
6768
6740
6674
6569
6545
6538
6484
6474
6424
6421
6420
6419
6418
6417
6416
6415
6414
6413
6412
6411
6410
6409
6407
6405
6404
6403
6402
6401
6400
6399
6398
6397
6396
6395
6391
6390
6389
6388
6387
6385
6384
6383
6382
6381
6380
6379
6378
6377
6376
6375
6374
6373
6372
6371
6369
6368
6367
6365
6364
6363
6362
6361
6360
6358
6357
6355
6354
6353
6352
6351
6350
6349
6348
6347
6346
6342
6341
6340
6339
6338
6337
6336
6335
6332
6331
6330
6329
6328
6327
6326
6325
6324
6323
6322
6321
6320
6319
6318
6317
6315
6314
6313
6312
6311
6310
6308
6307
6306
6305
6304
6303
6302
6301
6299
6298
6297
6296
6295
6294
6293
6292
6291
6290
6289
6286
6284
6282
6281
6280
6278
6276
6275
6274
6273
6272
6270
6269
6268
6267
6264
6263
6262
6261
6260
6259
6258
6257
6256
6255
6253
6252
6251
6250
6249
6247
6246
6245
6244
6243
6242
6241
6240
6239
6238
6237
6236
6234
6233
6232
6231
6230
6228
6227
6225
6223
6222
6221
6220
6219
6218
6217
6216
6215
6214
6212
6211
6210
6209
6208
6207
6206
6205
6204
6203
6202
6201
6200
6199
6198
6197
6196
6195
6194
6193
6192
6191
6190
6189
6188
6187
6186
6185
6184
6183
6182
6181
6180
6179
6178
6177
6176
6175
6174
6173
6172
6171
6170
6169
6168
6167
6166
6165
6164
6163
6162
6161
6160
6159
6158
6157
6156
6155
6154
6153
6152
6151
6150
6149
6148
6146
6145
6144
6143
6142
6141
6140
6138
6137
6136
6135
6134
6133
6132
6131
6130
6129
6128
6127
6126
6125
6124
6123
6122
6121
6120
6119
6118
6117
6115
6114
6113
6112
6111
6110
6109
6108
6107
6106
6105
6104
6103
6102
6098
6097
6096
6095
6094
6093
6092
6091
6089
6088
6087
6086
6085
6084
6083
6082
6081
6080
6079
6078
6077
6076
6075
6074
6073
6072
6071
6069
6068
6067
6066
6065
6064
6063
6062
6061
6059
6058
6057
6055
6054
6053
6052
6051
6050
6049
6048
6047
6046
6045
6044
6043
6042
6041
6040
6039
6038
6037
6036
6035
6034
6033
6032
6031
6030
6029
6028
6027
6025
6024
6023
6022
6021
6020
6019
6018
6017
6016
6015
6014
6013
6011
6010
6009
6008
6007
6006
6005
6004
6003
6002
6001
6000
5998
5997
5996
5995
5994
5993
5992
5991
5990
5989
5988
5987
5986
5985
5984
5983
5982
5981
5980
5979
5978
5977
5976
5975
5974
5973
5972
5971
5970
5969
5968
5967
5966
5965
5964
5963
5962
5961
5960
5959
5957
5956
5955
5954
5953
5952
5951
5950
5949
5948
5947
5946
5945
5944
5943
5942
5941
5940
5938
5937
5936
5935
5934
5933
5932
5931
5930
5929
5928
5927
5926
5925
5924
5923
5922
5921
5920
5919
5918
5917
5916
5915
5912
5911
5910
5909
5908
5907
5906
5905
5904
5902
5900
5899
5898
5897
5896
5895
5894
5893
5892
5891
5890
5889
5888
5887
5886
5885
5884
5883
5882
5881
5880
5879
5878
5877
5876
5875
5874
5873
5872
5871
5870
5869
5868
5867
5866
5865
5864
5863
5862
5861
5860
5859
5858
5856
5854
5853
5852
5851
5850
5849
5848
5847
5846
5845
5844
5843
5842
5841
5840
5839
5838
5837
5836
5835
5834
5833
5832
5831
5830
5829
5828
5827
5826
5825
5823
5822
5821
5820
5819
5818
5817
5816
5815
5814
5813
5812
5811
5810
5809
5808
5806
5805
5804
5803
5802
5801
5800
5798
5797
5796
5795
5794
5793
5792
5791
5790
5789
5788
5787
5786
5784
5783
5782
5779
5778
5777
5776
5775
5774
5773
5772
5771
5770
5769
5768
5767
5766
5765
5764
5763
5761
5760
5759
5758
5757
5756
5755
5754
5753
5752
5751
5750
5749
5747
5746
5745
5744
5743
5742
5741
5740
5739
5738
5737
5734
5732
5731
5730
5729
5728
5727
5726
5724
5723
5722
5720
5719
5718
5716
5715
5714
5713
5712
5711
5710
5709
5708
5707
5705
5704
5703
5702
5701
5700
5697
5696
5695
5694
5692
5691
5689
5688
5686
5685
5684
5683
5682
5681
5679
5678
5677
5676
5674
5673
5672
5671
5670
5669
5668
5667
5665
5664
5663
5662
5661
5660
5659
5658
5657
5656
5655
5654
5653
5652
5651
5648
5647
5646
5645
5644
5643
5641
5638
5637
5634
5633
5632
5631
5630
5629
5628
5627
5626
5625
5624
5623
5622
5621
5620
5619
5617
5615
5614
5613
5612
5611
5610
5609
5608
5607
5606
5605
5604
5603
5602
5601
5600
5599
5598
5596
5595
5594
5593
5592
5591
5590
5589
5588
5587
5586
5585
5584
5583
5582
5581
5580
5579
5578
5577
5576
5575
5574
5573
5571
5570
5569
5568
5566
5565
5564
5563
5562
5561
5560
5559
5558
5556
5555
5554
5553
5552
5550
5548
5547
5546
5545
5544
5543
5542
5541
5540
5539
5538
5537
5536
5534
5533
5532
5531
5529
5527
5524
5523
5522
5521
5520
5519
5518
5516
5515
5514
5513
5512
5511
5510
5509
5508
5507
5506
5505
5504
5503
5502
5501
5500
5499
5498
5497
5495
5494
5493
5492
5491
5489
5487
5486
5485
5484
5483
5482
5481
5480
5479
5478
5477
5476
5475
5474
5473
5472
5471
5470
5469
5468
5467
5466
5464
5463
5462
5461
5460
5459
5457
5456
5455
5454
5453
5452
5451
5450
5449
5448
5446
5445
5444
5443
5442
5440
5439
5437
5436
5435
5434
5433
5432
5431
5430
5429
5428
5427
5426
5425
5424
5423
5422
5421
5420
5419
5417
5416
5414
5413
5412
5410
5409
5408
5407
5406
5405
5404
5403
5402
5401
5400
5399
5398
5397
5396
5395
5394
5393
5392
5390
5389
5388
5387
5386
5385
5384
5383
5382
5381
5380
5379
5378
5377
5376
5375
5374
5373
5372
5371
5370
5369
5368
5367
5366
5365
5364
5363
5360
5357
5356
5355
5354
5353
5351
5350
5349
5348
5347
5346
5345
5343
5341
5340
5339
5338
5337
5336
5335
5334
5333
5332
5331
5330
5329
5328
5327
5326
5325
5324
5322
5321
5319
5318
5317
5316
5315
5314
5313
5312
5311
5310
5309
5308
5307
5306
5305
5304
5303
5302
5301
5300
5299
5298
5297
5296
5295
5294
5293
5292
5291
5290
5289
5288
5287
5286
5285
5284
5283
5281
5280
5279
5278
5277
5276
5275
5274
5273
5272
5271
5270
5269
5268
5267
5266
5265
5264
5263
5262
5261
5260
5259
5258
5257
5256
5255
5252
5251
5250
5249
5248
5247
5246
5245
5244
5243
5242
5241
5240
5239
5238
5235
5234
5233
5232
5231
5230
5229
5228
5227
5226
5224
5223
5222
5221
5220
5219
5218
5217
5216
5215
5214
5213
5212
5211
5210
5209
5208
5207
5206
5205
5204
5203
5202
5201
5199
5198
5197
5196
5194
5193
5192
5191
5190
5189
5188
5187
5186
5185
5184
5183
5182
5181
5180
5179
5178
5177
5176
5175
5174
5173
5172
5171
5170
5169
5168
5167
5166
5165
5164
5163
5162
5161
5160
5159
5158
5157
5156
5155
5154
5153
5152
5151
5150
5149
5148
5147
5146
5145
5144
5143
5142
5141
5140
5139
5138
5137
5136
5135
5134
5133
5132
5130
5129
5128
5127
5126
5125
5123
5122
5121
5120
5119
5118
5117
5116
5115
5113
5112
5111
5110
5108
5107
5105
5104
5103
5102
5101
5099
5097
5095
5094
5093
5092
5091
5090
5089
5088
5087
5086
5084
5083
5082
5081
5080
5079
5077
5075
5073
5072
5071
5070
5069
5068
5067
5064
5063
5062
5061
5060
5058
5057
5056
5055
5054
5053
5052
5050
5049
5048
5047
5046
5044
5043
5042
5041
5040
5039
5038
5037
5035
5034
5033
5031
5030
5029
5027
5026
5025
5024
5023
5022
5021
5020
5019
5018
5017
5016
5015
5012
5011
5010
5009
5008
5007
5006
5005
5004
5001
5000
4999
4998
4997
4996
4994
4993
4992
4991
4990
4989
4988
4987
4985
4984
4983
4982
4981
4979
4978
4977
4976
4975
4974
4973
4972
4970
4969
4968
4966
4964
4963
4961
4960
4959
4958
4957
4956
4954
4953
4952
4951
4950
4948
4947
4946
4944
4943
4942
4941
4939
4938
4937
4936
4934
4933
4932
4931
4930
4928
4927
4926
4925
4924
4921
4920
4919
4917
4916
4915
4914
4913
4912
4911
4909
4908
4907
4906
4904
4903
4901
4900
4899
4898
4897
4896
4895
4894
4893
4892
4891
4890
4889
4888
4886
4885
4884
4883
4882
4881
4879
4878
4877
4876
4875
4874
4872
4871
4870
4868
4866
4865
4864
4862
4861
4860
4859
4858
4857
4856
4854
4853
4851
4850
4849
4848
4847
4846
4845
4844
4842
4841
4840
4839
4838
4837
4836
4835
4832
4831
4830
4828
4827
4826
4825
4824
4822
4821
4820
4819
4818
4817
4816
4815
4814
4813
4812
4811
4810
4809
4808
4807
4806
4805
4804
4803
4802
4801
4800
4799
4798
4797
4795
4794
4793
4792
4791
4789
4788
4787
4786
4785
4784
4783
4782
4781
4780
4779
4778
4777
4776
4775
4774
4773
4772
4771
4770
4769
4768
4767
4766
4765
4764
4763
4762
4761
4760
4759
4758
4757
4756
4755
4754
4753
4752
4751
4750
4749
4748
4747
4746
4745
4744
4743
4742
4741
4740
4739
4738
4737
4736
4734
4733
4732
4731
4730
4729
4728
4727
4726
4725
4724
4723
4722
4721
4720
4719
4718
4717
4716
4715
4714
4713
4712
4711
4710
4709
4708
4707
4706
4705
4704
4703
4702
4701
4700
4699
4698
4697
4696
4695
4694
4693
4692
4691
4690
4689
4688
4687
4686
4685
4684
4683
4682
4681
4680
4679
4678
4677
4676
4675
4674
4673
4672
4671
4670
4669
4668
4667
4664
4663
4662
4661
4660
4659
4658
4657
4656
4655
4654
4653
4652
4651
4650
4649
4648
4647
4646
4645
4644
4643
4642
4641
4639
4638
4637
4636
4635
4634
4633
4632
4631
4630
4629
4628
4627
4626
4625
4624
4623
4622
4621
4620
4619
4618
4617
4616
4615
4614
4613
4612
4611
4610
4609
4608
4607
4606
4605
4604
4603
4601
4600
4599
4598
4596
4595
4593
4592
4591
4590
4589
4588
4587
4586
4585
4584
4583
4582
4581
4580
4579
4578
4577
4576
4575
4574
4573
4572
4571
4570
4569
4568
4567
4566
4565
4563
4561
4560
4559
4558
4554
4553
4551
4550
4549
4548
4547
4546
4544
4543
4541
4540
4538
4536
4535
4534
4533
4532
4531
4530
4529
4527
4526
4525
4524
4522
4521
4519
4518
4517
4516
4515
4514
4512
4511
4510
4509
4507
4506
4505
4504
4501
4500
4498
4496
4495
4494
4493
4492
4491
4490
4489
4488
4487
4484
4483
4482
4481
4480
4479
4478
4477
4476
4475
4474
4471
4470
4469
4467
4466
4463
4462
4461
4460
4459
4458
4457
4456
4455
4454
4453
4452
4451
4450
4449
4447
4445
4444
4443
4442
4441
4440
4439
4438
4435
4434
4433
4432
4431
4429
4428
4427
4426
4425
4424
4423
4420
4419
4418
4417
4416
4415
4414
4413
4412
4411
4410
4409
4408
4407
4405
4404
4403
4402
4401
4400
4399
4398
4397
4395
4393
4392
4389
4388
4387
4386
4385
4384
4382
4381
4379
4378
4377
4376
4375
4374
4373
4372
4371
4370
4369
4368
4367
4366
4364
4363
4362
4361
4360
4359
4358
4357
4355
4354
4353
4352
4351
4350
4349
4347
4346
4345
4343
4342
4340
4339
4337
4336
4335
4334
4333
4332
4331
4330
4329
4328
4327
4326
4325
4324
4323
4322
4321
4320
4319
4318
4317
4316
4315
4314
4313
4312
4311
4310
4308
4307
4306
4305
4304
4303
4302
4301
4300
4299
4298
4297
4296
4295
4294
4293
4292
4291
4290
4289
4288
4287
4286
4285
4284
4283
4282
4281
4280
4278
4276
4275
4274
4273
4272
4270
4269
4268
4267
4265
4263
4262
4261
4260
4259
4258
4257
4256
4255
4254
4253
4252
4251
4250
4249
4248
4247
4246
4245
4244
4243
4242
4241
4239
4238
4237
4236
4235
4234
4232
4231
4230
4229
4228
4227
4226
4225
4224
4223
4222
4221
4220
4219
4218
4217
4216
4215
4214
4213
4212
4211
4210
4209
4208
4207
4205
4204
4203
4202
4201
4200
4199
4198
4197
4196
4195
4194
4193
4192
4191
4190
4189
4188
4187
4186
4185
4184
4183
4182
4181
4180
4179
4178
4177
4176
4175
4174
4173
4172
4171
4170
4169
4168
4167
4166
4165
4164
4163
4162
4161
4160
4159
4158
4157
4156
4155
4153
4152
4151
4150
4149
4148
4147
4146
4145
4144
4143
4142
4141
4140
4139
4138
4137
4136
4135
4134
4133
4132
4131
4130
4129
4128
4127
4126
4125
4124
4123
4122
4121
4120
4119
4118
4117
4116
4115
4114
4113
4112
4111
4110
4109
4108
4107
4106
4105
4104
4103
4102
4101
4100
4099
4098
4097
4096
4095
4094
4093
4092
4091
4089
4088
4087
4086
4085
4084
4083
4082
4081
4080
4079
4078
4077
4076
4075
4074
4073
4072
4071
4070
4069
4068
4067
4065
4064
4063
4062
4061
4060
4059
4058
4057
4056
4055
4054
4053
4052
4051
4050
4049
4048
4047
4046
4045
4044
4043
4041
4040
4039
4038
4037
4036
4035
4034
4033
4032
4031
4030
4029
4028
4027
4026
4025
4024
4023
4022
4021
4020
4019
4018
4017
4016
4015
4014
4013
4012
4011
4010
4009
4008
4007
4006
4005
4004
4003
4002
4001
4000
3999
3998
3997
3996
3995
3994
3993
3992
3991
3990
3989
3988
3987
3986
3985
3984
3983
3982
3980
3978
3977
3976
3975
3974
3973
3972
3971
3968
3966
3965
3963
3962
3961
3959
3958
3957
3956
3955
3954
3953
3952
3951
3950
3949
3948
3947
3946
3945
3944
3943
3942
3941
3939
3938
3937
3936
3935
3934
3932
3930
3929
3928
3927
3926
3924
3923
3922
3921
3920
3919
3918
3917
3916
3915
3914
3912
3911
3910
3908
3907
3906
3905
3904
3903
3902
3901
3900
3899
3898
3896
3895
3894
3893
3892
3889
3888
3887
3886
3885
3884
3883
3882
3881
3880
3879
3878
3877
3876
3875
3873
3872
3871
3869
3868
3867
3866
3865
3862
3861
3860
3859
3858
3857
3856
3855
3854
3853
3852
3851
3850
3849
3848
3846
3845
3843
3842
3841
3840
3839
3838
3837
3836
3835
3834
3833
3832
3831
3830
3829
3828
3827
3826
3825
3824
3823
3822
3821
3820
3819
3818
3817
3816
3814
3812
3811
3810
3807
3806
3805
3804
3803
3802
3801
3800
3799
3798
3797
3796
3795
3794
3793
3792
3791
3790
3789
3788
3787
3786
3785
3784
3783
3782
3781
3780
3779
3778
3777
3776
3775
3774
3773
3771
3770
3769
3768
3767
3766
3765
3764
3763
3760
3758
3757
3754
3753
3751
3750
3749
3748
3747
3746
3745
3744
3743
3742
3741
3740
3739
3738
3737
3736
3735
3734
3733
3732
3731
3730
3729
3727
3726
3725
3724
3723
3722
3721
3720
3719
3718
3717
3716
3715
3714
3713
3712
3711
3710
3709
3708
3707
3706
3705
3704
3703
3702
3701
3700
3699
3698
3697
3696
3694
3693
3691
3690
3689
3687
3686
3685
3684
3683
3682
3681
3680
3679
3678
3677
3676
3675
3674
3673
3672
3671
3670
3669
3668
3667
3666
3664
3663
3662
3661
3660
3659
3658
3657
3656
3655
3654
3653
3652
3651
3650
3649
3648
3647
3646
3645
3644
3643
3642
3641
3640
3639
3638
3637
3636
3635
3634
3633
3630
3629
3628
3626
3624
3623
3622
3621
3620
3619
3618
3617
3616
3615
3613
3612
3611
3610
3609
3607
3606
3605
3604
3603
3602
3601
3600
3596
3595
3594
3593
3592
3591
3589
3587
3586
3585
3584
3583
3582
3581
3580
3579
3578
3577
3575
3574
3573
3572
3571
3570
3569
3568
3567
3566
3564
3563
3562
3561
3560
3558
3557
3554
3552
3551
3550
3549
3548
3547
3546
3545
3543
3542
3541
3539
3538
3537
3536
3535
3534
3533
3532
3531
3530
3529
3527
3525
3524
3522
3521
3520
3519
3518
3517
3516
3515
3514
3513
3512
3511
3510
3509
3508
3507
3506
3505
3504
3503
3502
3501
3500
3499
3498
3497
3496
3495
3494
3493
3492
3491
3490
3489
3488
3487
3485
3484
3483
3482
3481
3480
3479
3478
3477
3476
3475
3474
3473
3472
3471
3470
3469
3468
3466
3465
3464
3463
3462
3460
3459
3457
3456
3455
3454
3453
3452
3451
3450
3449
3448
3447
3446
3444
3443
3441
3440
3439
3438
3437
3436
3435
3434
3433
3432
3431
3430
3429
3426
3425
3424
3423
3422
3421
3420
3419
3418
3417
3416
3351
3327
3321
3320
3266
3256
3206
3203
3202
3201
3200
3199
3198
3197
3196
3195
3194
3193
3192
3191
3190
3189
3188
3186
3185
3184
3183
3182
3181
3180
3179
3178
3177
3176
3175
3174
3173
3171
3170
3169
3168
3167
3166
3165
3164
3163
3162
3160
3159
3158
3157
3156
3155
3154
3153
3152
3151
3149
3148
3147
3146
3145
3144
3143
3142
3141
3140
3138
3137
3136
3135
3134
3133
3132
3131
3130
3129
3128
3127
3126
3125
3124
3123
3122
3121
3120
3119
3118
3117
3116
3115
3114
3113
3112
3111
3110
3109
3108
3107
3106
3105
3104
3103
3102
3101
3100
3099
3098
3097
3096
3095
3094
3093
3092
3091
3090
3089
3088
3087
3086
3083
3081
3080
3078
3077
3076
3075
3074
3073
3072
3071
3070
3069
3068
3067
3066
3065
3064
3063
3062
3060
3059
3058
3057
3056
3055
3054
3053
3052
3051
3050
3049
3048
3047
3046
3045
3044
3043
3041
3040
3039
3038
3037
3036
3035
3034
3033
3032
3031
3030
3029
3028
3027
3026
3025
3024
3023
3022
3021
3020
3019
3018
3017
3016
3015
3014
3013
3012
3011
3010
3009
3008
3007
3006
3005
3004
3003
3002
3001
3000
2999
2998
2997
2996
2995
2994
2993
2992
2991
2990
2989
2988
2987
2986
2985
2984
2983
2982
2981
2980
2979
2978
2977
2976
2975
2974
2973
2972
2971
2970
2969
2968
2967
2966
2965
2964
2963
2962
2961
2960
2959
2958
2957
2956
2955
2954
2953
2952
2951
2950
2949
2948
2947
2946
2945
2944
2943
2942
2941
2940
2939
2938
2937
2936
2935
2934
2933
2932
2931
2930
2929
2928
2927
2926
2925
2924
2923
2922
2921
2920
2919
2918
2917
2916
2915
2914
2913
2912
2911
2910
2909
2908
2907
2906
2905
2904
2903
2902
2901
2900
2899
2898
2897
2896
2895
2894
2893
2892
2891
2890
2889
2888
2887
2886
2885
2884
2883
2882
2881
2880
2879
2878
2877
2876
2875
2874
2873
2872
2871
2870
2869
2868
2867
2866
2864
2863
2862
2861
2860
2859
2858
2857
2856
2855
2854
2853
2852
2851
2850
2849
2848
2847
2846
2845
2844
2843
2842
2841
2840
2839
2838
2837
2836
2835
2834
2833
2832
2831
2830
2829
2828
2827
2826
2825
2824
2823
2822
2821
2820
2819
2818
2817
2816
2815
2814
2813
2812
2811
2810
2809
2808
2807
2806
2805
2804
2803
2802
2801
2800
2799
2798
2797
2796
2795
2794
2793
2792
2791
2790
2789
2786
2785
2783
2782
2781
2780
2779
2778
2777
2776
2775
2774
2773
2772
2771
2770
2769
2768
2767
2766
2765
2764
2763
2762
2761
2760
2759
2758
2757
2756
2755
2754
2753
2752
2751
2750
2749
2748
2747
2746
2745
2744
2743
2742
2741
2740
2738
2737
2736
2735
2734
2733
2732
2731
2730
2729
2728
2727
2725
2724
2723
2720
2719
2718
2717
2716
2715
2714
2713
2712
2711
2710
2709
2707
2706
2705
2704
2703
2702
2701
2700
2699
2698
2697
2696
2695
2694
2693
2692
2691
2690
2689
2688
2687
2685
2684
2683
2682
2681
2680
2679
2678
2677
2676
2675
2673
2672
2671
2670
2669
2668
2667
2666
2665
2664
2663
2662
2661
2660
2657
2654
2653
2652
2651
2650
2649
2648
2647
2646
2645
2644
2643
2642
2641
2640
2639
2638
2637
2636
2635
2634
2633
2632
2631
2630
2629
2628
2627
2626
2625
2624
2623
2622
2621
2620
2619
2618
2617
2615
2614
2613
2612
2611
2610
2609
2608
2607
2606
2605
2604
2603
2602
2601
2600
2599
2598
2597
2596
2595
2594
2593
2592
2591
2589
2588
2587
2585
2583
2582
2581
2580
2579
2578
2577
2576
2575
2574
2573
2571
2570
2569
2568
2567
2566
2564
2563
2562
2561
2560
2559
2558
2557
2556
2555
2554
2553
2552
2551
2550
2549
2548
2547
2546
2545
2544
2543
2539
2536
2535
2534
2533
2532
2531
2530
2529
2528
2527
2526
2525
2524
2523
2522
2521
2520
2519
2518
2516
2515
2514
2513
2512
2511
2509
2508
2507
2506
2505
2504
2503
2502
2501
2500
2499
2497
2496
2495
2494
2493
2492
2491
2490
2489
2488
2487
2486
2485
2484
2483
2482
2481
2480
2479
2478
2477
2476
2475
2474
2473
2472
2471
2470
2469
2468
2467
2465
2464
2463
2461
2460
2459
2458
2457
2456
2455
2454
2453
2452
2451
2450
2449
2448
2447
2445
2444
2443
2442
2441
2440
2439
2437
2436
2435
2434
2433
2432
2431
2430
2429
2428
2427
2426
2425
2424
2423
2422
2420
2419
2418
2417
2415
2414
2413
2412
2411
2410
2409
2408
2407
2406
2405
2404
2403
2402
2401
2400
2399
2398
2397
2396
2395
2394
2393
2392
2391
2390
2389
2388
2387
2386
2385
2384
2383
2382
2381
2380
2379
2378
2377
2376
2374
2373
2372
2371
2370
2368
2367
2365
2363
2362
2361
2359
2358
2357
2356
2355
2354
2353
2352
2351
2350
2349
2348
2347
2346
2345
2344
2343
2342
2341
2340
2339
2338
2337
2336
2335
2334
2332
2331
2330
2329
2328
2326
2325
2323
2321
2320
2319
2318
2317
2316
2315
2314
2313
2312
2311
2310
2309
2308
2306
2305
2303
2302
2301
2300
2299
2298
2297
2296
2295
2294
2292
2291
2290
2289
2288
2287
2286
2283
2282
2281
2280
2279
2278
2277
2276
2275
2274
2272
2271
2270
2269
2268
2267
2266
2264
2263
2262
2261
2260
2259
2258
2257
2255
2254
2253
2252
2251
2250
2249
2248
2247
2246
2245
2244
2243
2241
2240
2239
2238
2237
2236
2235
2234
2233
2232
2231
2230
2229
2228
2227
2226
2225
2224
2223
2222
2221
2220
2219
2218
2217
2216
2215
2214
2213
2212
2211
2210
2209
2208
2207
15059
2206
2205
2204
2203
2202
15054
2201
2200
2199
2198
2197
2196
2195
15047
2194
2193
15045
2192
2191
2190
2189
2188
2187
2186
2185
2184
15036
2183
2182
2181
2180
2179
2178
2177
2176
2175
2174
2173
2172
2171
2170
15022
2169
2168
2167
2166
2165
2164
2163
15015
2162
2161
2160
2159
15010
2157
15009
2156
2155
15006
2153
15005
2152
2151
2150
15002
2149
2148
2147
2146
2145
2144
14996
2143
2142
2141
2140
2139
2138
2137
2136
2135
2134
14986
2133
14985
2132
2131
2130
14982
2129
2127
2126
2125
14977
2124
2123
2121
2120
2119
14971
2118
14970
2117
2116
2115
2114
2113
2112
14964
2111
2110
2109
14961
2108
14960
2107
2106
2105
2103
2102
2101
2100
2099
14951
2098
2097
2096
2095
14947
2094
2093
2092
2091
2090
2089
2088
14940
2087
2086
2085
2084
2083
14935
2082
14934
2081
2080
2079
14931
2078
2077
2076
2075
2074
2073
2072
2070
14922
2069
2068
2067
2066
2065
2063
2062
14913
2060
14912
2059
2058
14910
2057
2056
2055
2054
2053
2052
2051
14901
2048
2047
2046
2045
2044
14896
2043
2042
2040
2039
2037
14889
2036
2034
2033
2032
14884
2031
2030
2029
14881
2028
14880
2027
14879
2026
2025
14877
2024
14876
2023
14875
2022
2021
2020
2019
2018
14870
2017
2016
14868
2015
2013
2012
2011
2010
14862
2009
2008
14860
2007
2006
2005
2004
2003
2002
14854
2001
2000
1999
1998
1997
1996
1995
1993
1992
14844
1991
14843
1990
1989
1988
1987
1986
1985
1984
1983
1982
1981
1980
1979
1978
1977
1976
1975
1974
1973
1972
1971
1969
1968
14820
1967
1966
1965
1964
1963
1962
14814
1961
14812
1959
1958
1957
1956
1955
14807
1954
1953
14805
1952
1951
14803
1950
1949
1946
1943
1942
1941
1940
1939
1936
14788
1935
14786
1933
1932
1931
1930
1929
1928
1927
1926
1925
1924
14776
1923
1922
1921
1919
14771
1918
14770
1917
14769
1916
14768
1915
1914
1913
14765
1912
1910
1909
1907
14759
1906
1905
14755
1902
1901
1900
1899
14751
1898
1897
14749
1896
1895
1894
14746
1893
1892
1891
1890
14742
1889
1888
14739
1886
1885
14737
1884
1883
1882
1881
14733
1880
1879
1878
1877
1876
14728
1875
14727
1874
1873
1872
1871
1870
1867
1866
1865
1863
1862
1861
1860
1859
1858
1857
1856
1854
14706
1853
1852
14704
1851
14702
1849
1847
1846
14698
1845
1844
14696
1843
1842
1841
14693
1840
1839
1838
1837
1836
14688
1835
1834
1833
1832
14684
1831
1830
14682
1829
14681
1828
1827
1826
1825
1824
14676
1823
1822
1821
14673
1820
1819
14671
1818
1817
14669
1816
1815
1814
1813
14665
1812
1811
1810
14662
1809
14661
1808
14660
1807
1806
1805
14657
1804
1803
1802
1801
1800
14652
1799
14651
1798
14650
1797
1796
1795
1794
1793
1792
1791
1790
14642
1789
14641
1788
1787
1786
1784
1783
1781
1780
1779
1778
1777
14629
1776
1775
1774
14626
1773
1771
1770
1769
14621
1768
1767
1766
1764
1763
1761
14613
1760
14612
1759
14611
1758
1757
1756
1755
14607
1754
14606
1753
1752
1751
14603
1750
1749
1748
14599
1746
1745
1744
1742
1741
1740
1739
1738
1737
1736
1735
14587
1734
1733
14585
1732
1731
1730
1729
1728
14580
1727
14579
1726
1725
1724
14576
1723
1722
1721
1720
14572
1719
1717
1716
14568
1715
1714
1713
1711
1710
1709
1708
1706
1705
1704
1703
1702
14554
1701
1700
1699
14551
1698
1695
14547
1694
14546
1693
1691
1690
14542
1689
1688
14540
1687
1685
1684
14536
1683
1681
14513
1660
1650
14450
1597
1596
1595
14447
1594
1593
14445
1592
1591
1590
1589
1588
1587
1586
14438
1585
14437
1584
14436
1583
1582
14434
1581
14433
1580
14432
1579
14431
1578
14429
1576
14427
1574
1573
14424
1571
1570
1569
14421
1568
1567
14419
1566
1565
1564
14416
1563
14415
1562
14414
1561
1560
14412
1559
1557
1556
14408
1555
14407
1554
14406
1553
1552
14404
1551
14403
1550
1549
1548
14400
1547
14399
1546
1545
14397
1544
1543
14395
1542
1541
1540
1539
1538
1537
1536
1535
1534
1533
1532
1531
1530
1529
1528
14380
1527
1526
1525
14377
1524
14376
1523
14375
1522
1521
1520
14372
1519
1518
1517
1516
1514
14366
1513
14364
1511
1509
1508
14360
1507
14359
1506
14357
1504
14354
1501
1500
14352
1499
14351
1498
14350
1497
1496
14348
1495
1494
14346
1493
1492
1491
1490
1489
1488
1487
1486
14338
1485
14337
1484
14336
1483
14335
1482
1480
14332
1479
1478
14330
1477
14329
1476
1475
14327
1474
1473
1472
14324
1471
1470
14322
1469
1468
1467
14319
1466
1465
14317
1464
1463
14315
1462
14314
1461
1459
1458
1457
14309
1456
1455
14307
1454
1453
14305
1452
14304
1451
14303
1450
1449
1448
14300
1447
14298
1445
1444
14296
1443
1442
14294
1441
1440
1439
1438
14290
1437
1436
1435
1434
1433
1432
14284
1431
1430
1429
1428
14280
1427
1426
1425
14277
1424
1423
14275
1422
1421
14273
1420
1419
1418
1417
1416
1415
14267
1414
1413
14265
1412
1411
1410
14262
1409
1408
1407
1406
1405
14257
1404
1403
1402
14254
1401
1400
14252
1399
1398
1397
1396
1395
14247
1394
1392
1391
1390
1389
1388
14240
1387
14239
1386
1385
1384
14235
1382
14234
1381
14233
1380
1379
14231
1378
1377
1376
14228
1375
1374
14226
1373
14224
1371
14223
1370
1369
1368
14220
1367
1366
1365
14217
1364
1363
14215
1362
1361
1360
14212
1359
14211
1358
14210
1357
1356
14208
1355
1354
14206
1353
1352
14203
1350
1348
1347
1346
14198
1345
1344
1343
14195
1342
14194
1341
1340
1339
1338
1337
1336
1335
1334
1333
1332
1331
14183
1330
1329
1328
1327
1326
14178
1325
14177
1324
1323
1322
1321
1320
1319
1317
1316
14168
1315
14167
1314
14166
1313
1312
1311
1310
1309
1308
1307
1306
1305
1304
1303
1302
14154
1301
1300
1299
14151
1298
14150
1297
1296
14148
1295
1294
1293
14145
1292
1291
1290
14142
1289
14141
1288
14140
1287
14139
1286
1285
14137
1284
14135
1282
14134
1281
14133
1280
1279
1278
1277
14128
1275
14127
1274
1273
14125
1272
14124
1271
14123
1270
14122
1269
14121
1268
14120
1267
1266
14118
1265
1264
14116
1263
14115
1262
1261
1260
14112
1259
14110
1257
1256
14108
1255
14107
1254
1253
14105
1252
14104
1251
1249
14101
1248
14100
1247
14099
1246
1245
14096
1243
14095
1242
14094
1241
14093
1240
14092
1239
1238
1237
1236
1235
1234
1233
14085
1232
14084
1231
1230
14081
1228
1227
1226
1225
1224
1223
1222
14072
1219
1217
1216
14068
1215
1213
14065
1212
1211
1210
14061
1208
1207
1206
1205
1204
14055
1202
1201
1200
1199
1198
14050
1197
1196
1195
1194
1193
1192
1191
1190
14041
1188
1187
1186
1185
1184
1183
14035
1182
1181
14033
1180
1179
1178
1177
1176
1175
14027
1174
14026
1173
1172
14024
1171
1170
14022
1169
1168
1167
14019
1166
1165
1164
14016
1163
14015
1162
1161
1160
1159
1158
14010
1157
1156
1155
1154
1153
1152
14004
1151
1150
1149
14001
1148
14000
1147
1146
13998
1145
1144
1143
1142
13994
1141
13993
1140
1139
13991
1138
13990
1137
1136
13988
1135
13987
1134
1133
13985
1132
1131
1130
1129
1128
1127
13979
1126
13978
1125
13977
1124
1123
1120
1119
1118
13970
1117
1116
1115
1114
1113
13965
1112
13964
1111
1110
13962
1109
13961
1108
13960
1107
1106
1105
13957
1104
13956
1103
13955
1102
13954
1101
13953
1100
13952
1099
13951
1098
1097
1096
1095
1094
1092
13944
1091
1090
13942
1089
1088
1087
1086
13938
1085
13937
1084
1083
13935
1082
13934
1081
1080
1079
13931
1078
13930
1077
13929
1076
13928
1075
1074
1073
13925
1072
13924
1071
1070
1069
1068
1067
1066
13918
1065
1064
1062
13913
1060
13912
1059
1058
1057
13909
1056
1055
13907
1054
13906
1053
1052
13904
1051
13903
1050
1049
13901
1048
13900
1047
13899
1046
1045
1044
13896
1043
1042
13894
1041
13893
1040
1039
1038
13890
1037
1036
1035
1034
13886
1033
1032
1031
1030
13882
1029
1028
1027
1026
13878
1025
1024
13876
1023
13875
1022
13874
1021
1020
13872
1019
13871
1018
1017
1016
1015
13867
1014
1013
13865
1012
1011
1010
1009
1008
13860
1007
13859
1006
1005
1004
13856
1003
1002
1001
13853
1000
13852
999
13851
998
13850
997
13849
996
13848
995
13847
994
993
13845
992
991
13843
990
13842
989
988
13840
987
13839
986
13838
985
984
13836
983
982
13834
981
13833
980
979
978
977
976
975
974
13826
973
13825
972
13824
971
970
13822
969
13821
968
967
13819
966
13818
965
13817
964
13816
963
962
961
960
13812
959
13811
958
13810
957
13809
956
13808
955
13807
954
953
952
13804
951
13803
950
949
13801
948
947
946
13798
945
13797
944
943
942
941
13793
940
937
936
935
13787
934
933
13785
932
931
13783
930
13782
929
928
13780
927
13779
926
13778
925
13777
924
13776
923
13775
922
13774
921
920
919
13771
918
13770
917
916
13768
915
13767
914
13766
913
912
13764
911
13763
910
909
13761
908
13760
907
13758
905
13757
904
13756
903
902
13754
901
900
899
898
13750
897
896
895
13747
894
13746
893
892
890
889
13741
888
13740
887
886
885
884
13736
883
13735
882
881
13733
880
13732
879
13731
878
877
13729
876
875
13727
874
13726
873
872
871
13723
870
869
868
867
866
13718
865
13717
864
863
13715
862
861
860
13712
859
13711
858
13710
857
856
855
854
13706
853
13705
852
851
850
849
848
13700
847
846
845
13697
844
843
842
841
13693
840
839
838
13689
836
13688
835
13686
833
832
13683
830
829
800
13650
797
796
13648
795
13647
794
793
792
13644
791
790
13642
789
13641
788
787
786
13638
785
13637
784
783
782
13634
781
780
13632
779
778
777
13628
775
774
773
13625
772
771
770
769
768
13620
767
766
13618
765
13617
764
13616
763
762
13614
761
760
758
13610
757
13609
756
755
754
13606
753
752
751
750
749
13601
748
747
746
745
744
743
742
13594
741
740
13592
739
738
736
735
733
13585
732
13584
731
13582
729
728
726
725
13577
724
723
13575
722
721
720
13572
719
13571
718
717
716
13568
715
13567
714
13566
713
712
711
710
709
708
13560
707
706
705
13557
704
13556
703
702
701
700
699
13551
698
697
13549
696
13548
695
13547
694
693
692
691
690
689
688
13540
687
13539
686
685
13537
684
13536
683
682
13534
681
13533
680
679
13531
678
13530
677
676
13528
675
674
13526
673
13525
672
671
670
669
13521
668
13520
667
13519
666
13518
665
13517
664
13516
663
662
13514
661
659
658
657
13509
656
655
654
13506
653
652
13504
651
13503
650
13502
649
648
13500
647
13499
646
13498
645
644
643
642
13494
641
640
639
638
13490
637
636
635
634
13486
633
13485
632
13484
631
13483
630
629
7049
628
7048
627
7047
626
7045
13477
624
7044
13476
623
7043
13475
622
620
7040
13472
619
618
7038
617
7037
13469
616
615
7035
13467
614
7034
613
7033
612
7032
13464
611
7031
610
7030
609
7029
13461
608
13460
607
7027
13459
606
7026
13458
605
7025
604
603
7023
13455
602
13454
601
7021
600
7020
599
7019
13451
598
13450
597
596
7016
595
594
7014
593
13445
592
7012
591
7011
13443
590
7010
589
7009
13441
588
7008
587
7007
13439
586
13438
585
7005
584
13436
583
7003
582
7002
581
7001
13433
580
7000
13432
579
578
577
6997
576
6996
575
6995
574
573
6993
13425
572
6992
13424
571
6991
570
6990
13422
569
6989
13421
568
6987
566
6986
565
6984
563
6983
13415
562
6982
561
6981
560
6980
13412
559
6979
558
6978
13410
557
6977
556
6976
13408
555
6975
554
6974
13406
553
6973
13405
552
6972
13404
551
13402
549
13401
548
547
13399
546
6966
13398
545
6965
13397
544
6964
13396
543
6963
13395
542
6962
541
6961
540
6960
13392
539
6959
13391
538
6958
13390
537
6957
536
6956
535
6955
534
6954
13386
533
6953
13385
532
6952
13384
531
6951
13383
530
6950
13382
529
6949
528
6948
527
6947
526
6946
13378
525
6945
524
6944
523
522
6942
13374
521
6941
13373
520
6940
13372
519
13371
518
517
6937
13369
516
6936
515
6935
514
6934
13366
513
6933
512
6932
511
6931
13363
510
6930
13362
509
6929
13361
508
6928
13360
507
6927
506
6926
505
504
6924
503
6923
502
6922
501
6921
13353
500
6920
13352
499
6919
498
6918
497
6917
496
6916
495
6915
494
6914
13346
493
6913
492
6912
13344
491
6911
13343
490
6910
13342
489
6909
488
6908
13340
487
6906
485
6904
13336
483
6903
482
6902
481
6901
13333
480
6900
479
6899
478
13330
477
6897
476
6896
13328
475
6895
474
6894
473
6893
13325
472
6892
471
6891
13323
470
6890
13322
469
6889
468
6888
13320
467
6886
465
6885
464
6884
463
6883
462
6882
13314
461
6881
13313
460
6880
459
13311
458
6878
13310
457
6877
456
6876
13308
455
6875
454
6874
13306
453
6872
451
450
6870
13302
449
448
6868
13300
447
6867
13299
446
6865
13297
444
6864
13296
443
13295
442
6862
441
6861
13293
440
6860
439
438
6858
437
6857
13289
436
6856
435
6855
13287
434
6854
433
6853
432
431
6851
13283
430
13282
429
6849
13281
428
6848
427
426
13278
425
6845
13277
424
13276
423
6843
422
6842
13274
421
6841
420
6839
13271
418
6838
13270
417
6837
13269
416
6836
13268
415
6835
414
6834
13266
413
6833
13265
412
6832
13264
411
6831
13263
410
6830
409
6821
400
13250
397
6817
396
6816
13248
395
6815
13247
394
6814
13246
393
6813
392
6812
391
390
6810
13242
389
6809
388
6808
387
6807
13239
386
6806
385
383
382
6802
13234
381
6801
13233
380
13232
379
6799
378
377
6797
376
6796
375
6795
374
6794
373
372
6792
13224
371
6791
13223
370
6790
369
6789
368
6788
367
6787
366
6786
13218
365
6785
364
6784
363
6783
13215
362
6782
361
6781
13213
360
6780
359
6779
13211
358
6778
357
6777
13209
356
13208
355
6775
354
6774
353
6773
13205
352
6772
351
6771
350
6770
349
6769
348
6767
346
6766
13198
345
6765
344
6764
13196
343
6763
13195
342
6762
341
13193
340
6760
13192
339
6759
338
6758
13190
337
6757
13189
336
6756
335
6755
334
6754
13186
333
6753
332
6752
13184
331
6751
13183
330
6750
329
6749
13181
328
6748
327
6747
326
6746
13178
325
6745
13177
324
6744
323
6743
13175
322
6742
13174
321
6741
320
6739
318
6738
13170
317
6737
316
6736
13168
315
6735
314
6734
313
6733
13165
312
6732
311
6731
310
13162
309
6729
13161
308
6728
307
6727
306
6726
305
6725
304
6724
13156
303
6723
13155
302
301
6721
13153
300
6720
13152
299
6719
298
6718
297
296
295
6715
294
6714
293
6713
13145
292
6712
291
290
289
6709
13141
288
6708
287
6707
13139
286
6706
285
6705
13137
284
6704
283
6703
282
6702
281
6701
13133
280
6700
279
6699
278
277
6697
13129
276
6696
13128
275
6695
13127
274
6694
273
272
6692
271
6691
270
269
6689
13121
268
6688
267
6687
266
6686
13118
265
6685
13117
264
6684
13116
263
6683
262
6682
13114
261
6681
13113
260
6680
13112
259
6679
13111
258
6678
257
6677
13109
256
6676
13108
255
13107
254
6673
13105
252
13104
251
6671
250
13102
249
6669
248
247
6667
246
6666
245
6665
244
6664
243
6663
13095
242
6662
241
240
6660
13092
239
6659
238
6658
13090
237
6657
236
6656
235
6655
13087
234
6654
233
232
6652
13084
231
6651
13083
230
6650
13082
229
6649
228
6648
227
6647
226
6646
225
6645
13077
224
6644
13076
223
6643
13075
222
6642
13074
221
6641
220
6640
219
6639
13071
218
217
6637
13069
216
215
6635
13067
214
6634
213
3415
6633
212
3414
13064
211
3413
6631
210
3412
6630
13062
209
3411
6629
208
3410
6628
207
6627
206
6626
205
3403
200
3400
6618
13050
197
3399
6617
13049
196
3398
6616
13048
195
3397
6615
194
3396
6614
13046
193
3395
6613
192
3394
6612
191
6611
13043
190
6610
189
3391
6609
13041
188
3390
6608
13040
187
3389
6607
186
3388
6606
185
3387
6605
13037
184
3386
183
3385
6603
13035
182
3384
6602
13034
181
3383
6601
180
3382
179
3381
6599
178
3380
6598
177
3379
6597
176
3378
6596
13028
175
3377
6595
174
3376
6594
173
3375
172
3374
6592
171
3373
6591
170
3372
6590
13022
169
3371
6589
13021
168
6588
167
3369
6587
13019
166
3368
13018
165
3367
6585
164
3366
6584
163
3365
162
3364
6582
161
3363
13013
160
3362
159
3361
6579
158
3360
6578
157
3359
13009
156
3358
13008
155
3357
6575
13007
154
3356
6574
13006
153
3355
6573
152
3354
6572
13004
151
3353
150
3352
6570
13002
149
3350
6568
147
3349
6567
12999
146
3348
6566
145
3347
6565
12997
144
3346
6564
12996
143
3345
6563
12995
142
3344
6562
12994
141
3343
6561
12993
140
3342
6560
139
3341
6559
138
3340
6558
12990
137
3339
6557
12989
136
3338
6556
12988
135
3337
6555
134
3336
6554
133
3335
6553
12985
132
3334
6552
131
3333
6551
12983
130
3332
6550
129
3331
6549
128
3330
127
3329
6547
126
3328
6546
125
3326
6544
123
3325
6543
12975
122
3324
6542
121
3323
6541
12973
120
3322
6540
119
3319
6537
116
3318
115
3317
6535
114
3316
113
3315
12965
112
3314
6532
12964
111
3313
6531
110
3312
6530
109
3311
6529
12961
108
3310
107
3309
6527
12959
106
3308
6526
12958
105
3307
6525
12957
104
3306
6524
103
6523
12955
102
6522
12954
101
3303
6521
12953
100
3300
6518
12950
97
3299
6517
12949
96
12948
95
3297
6515
12947
94
3296
6514
12946
93
3295
6513
92
3294
6512
12944
91
3293
90
3292
12942
89
3291
12941
88
3290
6508
87
3289
6507
12939
86
3288
6506
85
3287
6505
84
1680
3286
83
3285
6503
12935
82
1678
3284
81
1677
3283
6501
80
1676
3282
6500
12932
79
1675
3281
6499
78
1674
3280
6498
77
14526
1673
3279
6497
76
1672
3278
6496
75
14524
1671
3277
6495
12927
74
14523
1670
6494
12926
73
3275
6493
72
1668
3274
6492
12924
71
1667
3273
70
1666
3272
6490
69
14518
1665
3271
12921
68
14517
1664
3270
6488
12920
67
14516
1663
3269
6487
12919
66
1662
3268
6486
12918
65
1661
3267
6485
12917
64
3265
6483
12915
62
1658
3264
6482
61
1657
3263
6481
60
1656
3262
6480
12912
59
1655
3261
12911
58
14507
1654
3260
6478
57
1653
3259
6477
56
14505
1652
3258
6476
12908
55
1651
3257
6475
12907
54
1649
3255
6473
52
1648
3254
6472
12904
51
1647
3253
6471
12903
50
1646
3252
6470
12902
49
1644
3250
6468
12900
47
14496
1643
3249
6467
12899
46
3248
6466
45
14494
1641
6465
12897
44
1640
3246
6464
43
14492
1639
3245
6463
12895
42
14491
1638
3244
6462
12894
41
1637
6461
12893
40
1636
3242
6460
12892
39
1635
3241
6459
38
1634
3240
6458
37
1633
3239
6457
12889
36
14485
1632
3238
6456
12888
35
1631
3237
6455
12887
34
1630
3236
6454
33
1629
3235
6453
32
13681
828
1628
3234
6452
31
1627
3233
6451
30
826
1626
3232
6450
29
825
1625
3231
6449
28
824
1624
3230
6448
27
823
14476
1623
3229
6447
12879
26
13675
822
1622
3228
6446
12878
25
13673
820
1620
3226
6444
23
13672
819
1619
3225
6443
22
818
1618
3224
6442
21
817
1617
3223
6441
20
13669
816
14469
1616
3222
6440
19
815
14468
1615
3221
6439
18
814
1614
3220
6438
17
13666
813
1613
6437
16
13665
812
14465
1612
3218
15
13664
811
1611
3217
6435
12867
14
13663
810
1610
3216
12866
13
6829
13261
408
1608
3214
6432
11
6828
13260
407
807
3213
6431
10
406
806
1606
3212
6430
9
13258
405
13658
805
1605
3211
6429
12861
8
6625
13057
204
6825
13257
404
13657
804
3210
6428
7
3405
6623
202
6823
402
13655
802
14455
1602
3208
6426
5
3404
6622
201
6822
13254
401
13654
801
1601
3207
6425
12857
4
3302
6520
99
6620
199
6820
13252
399
799
1599
3205
6423
2
3406
6624
203
6824
13256
403
803
1603
3209
6427
6
809
1609
3215
6433
12865
12
13674
821
14474
1621
3227
6445
12877
24
1645
3251
6469
12901
48
3301
6519
12951
98
3401
6619
13051
198
6819
13251
398
13651
798
3204
6422
1
