0
1
2
3
4
5
6
7
8
9
10
11
12
13
14
15
16
17
18
9848
19
20
21
22
23
24
25
26
27
28
29
2532
30
31
32
33
34
35
36
37
38
39
40
41
1810
42
43
44
45
46
47
48
49
50
51
52
53
54
55
56
1025
57
58
59
60
3134
61
62
63
64
65
66
67
1779
5485
68
69
70
71
72
8985
73
74
75
8331
76
388
91
77
78
79
80
81
82
83
84
379
85
86
87
88
89
721
90
4941
92
93
573
1161
94
142
95
96
3886
97
1151
98
99
100
101
102
3265
103
104
105
106
107
108
109
110
4164
111
4510
1159
743
112
838
113
463
114
2666
115
116
117
132
118
3428
444
119
120
121
122
123
124
4224
125
2254
2922
4105
126
5821
127
128
129
130
4894
131
133
134
135
1679
3492
136
137
138
3282
139
140
141
143
144
2045
145
146
3659
147
6225
1649
148
149
160
150
151
244
152
294
153
154
155
3751
156
1139
157
158
12411
159
2066
1935
161
251
4534
296
162
163
683
164
165
7652
166
167
177
168
169
4533
170
5909
171
4222
2219
172
173
3308
174
175
3976
176
178
179
5016
180
3899
4923
815
181
3911
182
1960
183
2303
184
323
2097
185
2611
186
1947
187
5412
450
188
189
190
191
192
2057
1310
193
939
194
195
196
197
198
199
200
201
202
203
204
205
206
207
208
297
209
210
589
211
7872
212
6438
7881
213
3255
214
3954
215
316
216
217
218
219
2424
220
1695
221
222
2221
223
4370
2194
224
225
2068
226
227
228
1711
3054
229
230
231
4306
232
233
234
3875
2250
1850
3910
235
236
237
4680
238
239
240
241
5443
242
1210
2307
2323
243
7634
3216
245
246
248
5302
247
249
250
252
253
254
2165
6836
2189
255
256
4081
257
2667
7165
258
4077
259
260
7065
261
262
2567
2668
2582
4005
382
263
1396
264
265
266
267
268
269
270
271
272
3900
1969
273
274
275
276
4369
277
278
3285
279
280
281
282
448
283
284
285
3975
889
1999
286
287
288
289
290
291
292
6885
293
295
806
298
1887
6873
1981
299
3842
5529
300
2623
301
2589
3088
302
3210
2013
303
304
6212
5041
305
306
7752
307
308
3371
309
857
310
311
7245
2200
5855
312
6171
313
7733
314
3326
2859
315
317
3205
1213
3036
318
319
558
5764
320
6349
321
2696
322
2171
324
325
326
1738
1739
327
330
383
328
329
331
332
333
334
4320
335
336
2824
4036
337
338
339
1397
340
341
342
7883
343
5766
8148
344
466
4551
345
346
347
4390
411
348
8653
2264
349
1521
350
4333
3752
6734
3892
2684
351
352
353
354
4089
355
356
3787
357
358
2862
3437
359
360
570
361
3771
4098
362
363
364
365
366
367
368
369
370
371
2604
2526
372
373
5820
1247
3971
2560
374
3994
527
3829
375
376
417
377
1194
685
378
380
5852
381
2900
384
385
386
387
2641
1848
389
1157
390
4410
503
391
468
392
393
1269
480
394
3792
395
511
396
5018
397
4604
398
1707
2738
399
4100
400
401
7730
6854
1654
402
1432
9994
403
4359
522
404
405
7229
7888
4413
1292
2075
406
407
408
2565
1314
2665
409
410
1199
412
3067
413
1333
414
7786
1339
525
415
1221
416
3806
418
1904
419
420
5870
1944
421
9021
6617
5013
1233
422
423
1909
424
425
426
7739
3519
427
1815
1510
428
429
7404
4924
430
431
811
432
433
3946
1356
434
1263
435
436
437
2596
438
4315
4006
1351
5056
439
440
4127
441
442
6467
443
445
2197
446
447
3815
449
1946
451
452
836
453
454
839
863
455
13286
456
2327
457
8390
1318
458
459
460
1377
3814
1188
7425
461
2791
462
5537
464
465
7177
2601
467
2592
7775
560
469
3477
595
2029
1200
470
471
472
473
10020
474
475
6460
476
1917
5047
477
1226
2127
478
479
481
3924
482
5415
483
10898
6023
484
485
4322
7905
3411
486
671
487
488
489
490
1342
11745
1718
4916
491
492
3325
2019
493
7773
494
495
3233
496
1425
1696
1306
7641
497
4846
8081
1223
4223
498
499
3064
500
501
502
6795
504
505
506
507
1179
508
4280
509
510
512
513
514
3816
3509
2107
2868
515
516
3424
517
4645
4639
518
1128
519
3683
520
3823
521
523
9247
524
526
528
529
530
531
532
533
7097
9476
534
535
536
537
2187
538
539
2049
540
541
542
1212
543
544
3115
7224
3148
545
546
2990
547
1372
548
9555
8294
7663
1896
2587
549
2004
550
7373
4556
551
4855
552
1117
1403
553
941
1557
4144
554
555
556
3549
557
559
3405
4900
561
562
8442
563
6985
564
565
566
567
568
569
571
572
574
575
576
577
579
580
581
582
7281
583
584
793
585
594
586
1457
587
588
590
591
3834
592
7734
3322
593
2987
596
5818
597
598
599
600
601
4475
6884
2148
602
4925
603
604
605
606
607
608
609
610
611
612
613
614
615
616
617
618
619
620
5435
9330
621
622
623
624
625
626
627
628
7296
5205
629
630
5206
631
632
633
634
635
636
637
638
639
640
641
654
847
642
829
643
4752
2856
644
824
645
930
657
646
845
7212
647
733
648
4218
8462
649
6505
780
650
651
652
653
655
821
6705
656
3356
10081
5321
1859
658
3105
659
660
8222
2711
661
662
663
2643
664
2055
665
666
2688
667
668
669
2724
670
7681
1606
2739
3199
672
3081
3715
673
9228
675
676
677
3341
934
2073
678
679
2061
782
680
681
682
684
1079
1426
686
687
688
689
690
691
692
928
693
4220
4366
694
695
696
1582
868
697
698
699
5055
8299
700
5486
701
702
703
704
705
706
8150
707
11706
708
732
709
710
3046
892
711
712
713
3727
714
715
1307
2705
716
4481
717
718
6504
719
720
722
1391
723
724
10790
725
8895
726
727
728
729
2440
730
3700
1056
731
734
1048
735
2062
736
737
738
855
4610
739
1235
740
741
742
744
3191
745
746
5834
747
5084
748
749
750
2766
751
752
753
754
755
756
757
1275
758
759
760
8378
761
762
10483
763
764
2142
765
766
2314
767
3169
768
851
769
770
771
8804
772
3964
773
774
2515
775
4108
776
4225
4650
4488
6500
777
9556
778
1279
1406
779
7585
3515
781
783
784
785
2897
2731
1256
786
787
8229
788
789
2270
790
2562
791
4712
792
794
795
5817
3346
874
796
3728
8285
797
5325
2044
1858
798
799
800
801
802
803
804
805
7944
5589
807
808
809
8289
810
3258
4745
5345
812
8531
813
2647
1238
814
1115
3743
816
3712
817
1555
818
819
3720
820
4073
822
823
1398
825
826
1260
827
3235
2735
830
831
4254
832
833
10796
11169
1614
834
2126
835
837
840
2925
841
842
843
844
846
848
849
850
852
853
6165
854
856
858
3735
859
860
1234
861
862
864
865
866
5626
8448
867
869
7248
870
1776
871
4628
872
2117
873
875
876
877
878
879
3929
10057
880
881
882
5895
883
884
6537
1240
885
886
2674
887
888
890
891
893
11450
3291
894
895
896
897
898
2742
899
900
1664
901
1623
902
903
1071
8068
904
5180
905
3922
906
907
908
909
910
3256
911
912
3385
1218
913
914
915
3075
2745
916
917
3694
918
919
920
2851
921
2751
922
3224
923
3527
924
12806
926
927
6887
929
931
932
933
935
936
937
938
2771
940
942
943
944
945
946
947
948
949
950
951
952
953
954
955
956
957
958
959
960
961
962
963
964
965
966
967
968
4914
969
970
971
9220
972
973
974
975
976
1770
1313
2213
977
2354
978
979
980
981
982
983
12249
6415
984
985
986
987
988
989
990
7619
991
1007
992
993
3689
994
4636
3993
995
996
7055
997
998
2718
999
1000
4137
1001
1002
1003
1901
1005
2755
3432
1006
2615
3238
1008
9968
1009
3165
2185
1010
1011
1012
1013
1014
1015
1016
4363
1321
1017
8099
1018
2321
1019
1020
1021
1022
1023
1475
1024
1026
3313
5252
1027
1028
1029
4064
1030
1031
1032
3079
1033
1034
1035
1036
2772
1037
1080
1038
5264
1039
2999
1040
2087
1041
3717
1042
3001
1043
1044
1045
2860
1046
1092
1047
1049
1089
1050
3719
1748
1112
1051
1052
8397
1053
2253
2024
3267
1054
1126
1055
1057
2621
1058
2780
1059
8403
2090
3744
3579
1060
3517
1061
2783
1062
1063
1075
1064
1065
1066
4447
2677
3213
1067
2795
1068
1132
1737
1069
2712
1070
2972
1072
5774
1073
1137
3392
1074
1322
4133
1076
4277
7640
1077
2869
1078
2295
1081
1082
1083
9813
1084
1085
7719
2091
1794
3986
1086
1087
1353
1088
1090
1420
1091
4337
3729
1093
2888
1094
1095
2797
1096
10090
3997
2812
1097
1098
1099
1100
8106
8224
1101
4879
2092
2730
2557
1102
1103
1104
6845
1105
7644
1106
4548
6288
1107
1108
8153
2844
1109
1110
2343
1120
9362
1111
9905
1113
1114
1116
1118
1119
1121
1122
2539
1123
7274
1124
2192
1125
1127
1129
3696
1869
1804
1130
1131
1133
1134
1135
11692
5577
1136
1138
1140
1141
1142
4434
7379
1143
1276
1144
1145
1146
3057
7091
7042
1721
3329
4318
1602
1147
1148
1374
4245
3478
1338
4839
1175
4068
1149
1150
9514
3268
1152
1153
1154
2011
1155
2793
6389
1156
1197
1158
2845
1160
1162
5628
4329
1163
1164
4696
1165
2220
1166
1167
2847
4040
1254
1168
1980
1169
1170
11187
1834
1171
1172
1173
5030
3801
1174
1176
1863
4084
5029
1177
1178
1977
3253
1791
1180
3372
1181
7792
1182
1183
4541
1184
3867
1185
1186
1945
3225
1187
1189
3320
1190
1191
5098
3107
5636
7123
5310
3750
5000
9119
1192
4428
4273
4194
1193
1195
1196
1198
1201
1202
1203
4262
1204
1205
1206
11159
8429
1207
1208
1209
4252
3196
1211
1214
1215
3936
2892
1216
3010
1217
5365
1219
1220
10793
1222
4115
2709
1841
1224
4417
6802
3396
1225
2120
1227
1940
4140
8551
1840
1847
1852
1237
1228
1229
8865
4516
1230
3219
1231
1232
2591
6355
1252
1268
1236
1239
1883
3293
1273
1241
4071
1242
2477
5383
1243
3408
2533
1278
6993
1291
1244
2734
1245
1246
8389
5413
5493
1248
1249
1250
1251
8686
4952
1253
1255
7148
1257
1258
2050
1259
4522
1261
5004
1262
1264
7621
2052
1265
2540
4052
4075
1266
2047
3298
1267
1910
1270
3725
9815
4247
1271
1272
3895
1274
1277
1280
4236
2071
1281
1282
5402
1855
1290
1283
7260
1936
2879
1284
1285
1286
7104
1287
8731
4141
1288
1912
2800
1289
1293
5514
1294
1295
2653
1296
1297
1298
1299
1300
8984
9120
1301
1302
1929
1303
1304
1305
4927
3312
1308
1309
8000
3830
1311
6721
2649
2799
1312
1752
6150
1315
1316
4312
1337
1317
1319
1320
2382
1323
1924
1324
3978
1325
2064
4076
1967
1326
1327
3868
1328
7751
4257
2648
1329
2673
5792
1330
3669
1331
6750
1332
1334
2468
1335
1336
4526
4559
1340
1962
1968
1341
4272
1930
1343
4131
3479
1344
3780
4284
3905
4935
4136
1350
1345
1346
1347
4600
4519
1348
1349
4910
2367
1970
1352
1975
1354
1355
1357
1972
1359
1358
1381
1415
1360
4552
1361
1760
1362
10660
1363
4296
8158
4009
1596
1774
1364
1365
1366
1367
1368
1369
1370
1371
1373
1375
1995
1376
1386
3745
1378
7781
1379
3810
1380
2814
1382
1383
7394
1993
1384
1385
7884
1387
1388
1389
10691
1390
1392
1393
4334
1394
9756
5132
1395
1399
1400
1401
3532
1996
3097
1431
1402
5127
1404
3510
1405
2583
3843
1407
2659
3923
2501
4582
1408
2687
4584
1409
11287
1410
1411
2877
3358
1412
1413
3365
1414
2835
1416
5040
2001
1417
4342
1418
7867
5048
1419
11345
3380
8062
3500
1421
3495
1422
1423
1424
2006
2028
1427
1428
1429
1430
6453
1436
2034
1433
1434
9278
6646
1435
1437
4729
1438
1439
4319
1440
1441
1442
1443
1444
1445
1446
1447
1448
1449
1450
1451
2631
1452
2927
1453
1454
1455
1456
2309
3018
1458
1459
1460
3031
5630
1461
1462
1463
1464
1465
1466
3000
5693
3069
1467
1468
1469
1470
1471
1472
1473
1474
1476
3012
1477
1478
1479
1480
3016
4549
1481
1482
1483
1484
5403
1485
6468
1486
2967
1487
1488
1489
2233
1490
1491
1492
1493
9250
1494
5710
5074
5681
9450
1495
2842
1496
2662
3609
1497
1498
1499
8983
1500
1501
2076
2970
1502
1503
1504
1505
2932
5680
7140
3002
1506
3017
2310
1507
1508
1509
1511
1516
1518
1512
5278
1513
1514
1515
5953
2921
1517
5882
5645
1519
6963
9430
6515
1520
5606
3487
5298
1522
1523
1524
7685
1525
2722
1526
1527
1528
1529
2296
1530
1531
6069
6595
1532
11081
5857
10993
1533
1534
1535
1536
3839
1537
1538
2671
1539
4289
3376
5686
4498
3918
1540
8872
1541
4622
1542
9708
3620
1543
1544
1545
5599
1546
2543
1548
1547
1549
3095
2548
1550
1551
1552
1553
1554
1556
2201
1558
1559
3526
1560
2252
7205
1561
9930
1562
1563
1570
1564
1565
1566
3893
1567
1568
1569
1571
4042
1572
1573
7779
1574
1575
8253
1576
1577
9479
1578
7418
1579
4462
1580
1581
4730
1583
3177
4307
1584
3790
1585
1586
1587
2715
3426
1723
1588
4960
1589
1590
8407
3803
1591
1592
1593
3172
1594
4527
1595
1597
4074
2536
1598
1599
1600
1601
10707
1603
3190
1604
1605
1607
7220
1608
1609
1610
3166
4453
1611
1612
1613
1615
1616
3514
3217
2032
1617
1618
1619
3161
2460
1620
2520
1621
1622
1624
1625
1626
1627
1628
1629
1630
4754
1631
1632
1633
1634
1638
1635
4942
1636
1637
1639
1640
3592
1641
1642
4241
1643
3637
1644
1645
1646
1647
3640
3617
1648
4056
1650
5966
1651
1652
2070
1653
6318
1655
1990
1656
3226
1657
1658
8178
2658
1659
1660
1661
1662
9223
9286
1663
3539
1665
1666
1667
1668
2910
6320
1669
8655
13817
1670
1671
1672
5591
9593
8968
1673
5961
3573
1674
8565
3540
1675
1676
1677
3542
1678
3548
1680
1681
3639
3541
1682
3566
1683
1684
1685
1686
3550
3581
1687
1688
1689
1690
5371
1691
1692
1693
1694
1697
1698
1699
1700
1701
5011
1702
1793
1703
4532
1704
8006
4341
1705
1706
1708
1709
1710
1712
1803
2654
1713
3982
1714
6209
3246
1715
2758
1716
6350
1717
1719
1800
1720
1951
10999
1722
2940
8103
2707
1724
1725
8970
1726
1727
4660
1728
1729
1730
1731
1732
1733
1734
3218
1735
1736
1740
1741
4085
2393
3666
1742
3351
1743
1744
1745
1746
5327
3570
1747
4384
2778
1749
1750
1751
9629
4375
1753
1754
4047
6881
1755
1756
2760
4347
1757
3498
1758
3239
1759
3071
6623
1761
1762
2841
2043
1763
4393
3413
1764
1765
6366
3440
3409
1766
1811
3066
1789
3364
1823
1767
1768
1769
1771
1772
1773
4103
3698
1775
1777
1778
1780
2756
7167
1781
5481
8219
1782
2337
1783
1784
2618
1785
1786
2554
1787
5525
1788
6390
1876
1790
3350
1792
5028
3228
1842
1856
1795
1796
1797
1798
1799
1801
1802
3251
2632
1805
1806
1807
1808
1809
6136
1812
1813
1814
3537
1816
1817
1948
3206
1818
6180
1819
1905
3838
9536
1820
3005
2906
1821
6793
1822
1824
1825
1826
1827
9389
1828
6922
1829
3553
4945
3178
1830
5384
1831
6739
3568
1832
1833
1835
1836
4332
4249
3391
1837
4204
1838
3160
3254
1839
1843
1985
1844
1845
1846
1849
2733
2121
1851
1853
1854
1857
1860
1861
1862
7880
1875
1864
3260
1865
11390
1866
1867
1868
1870
4844
3261
3262
1871
3703
1872
1873
6176
1874
2695
3276
1877
1878
8468
1879
3619
2381
1880
3660
4576
1881
2743
1882
8478
1884
10800
1885
4661
1886
1888
1889
2609
3264
1890
2872
2304
1891
1892
1893
3269
2752
1894
6133
3271
2754
1895
4544
4248
2060
3283
1897
1898
1899
1900
2129
1902
3425
1903
4082
3427
3284
1906
2881
1907
1908
1911
1913
4265
3289
1914
2773
2867
1915
7994
5508
1916
1918
4050
1919
2781
1920
3333
3473
1921
1937
7324
1922
7041
6967
1923
8272
5012
1925
1926
1927
3439
3476
1928
1931
1932
1933
1934
1938
1939
1941
7432
4088
3294
3295
4429
2782
1942
1943
2923
3576
3296
1949
7005
1950
1952
2882
4011
1953
3176
4274
3299
1954
1955
1956
3764
6135
1957
1958
1959
6243
5906
2650
1961
1963
3301
1964
1965
2792
1966
1971
6446
1973
7744
3279
1974
4939
4564
2794
3305
1976
7003
1978
1979
2007
1982
1983
1984
1986
10828
2796
1987
1988
4687
2174
3083
1989
4278
3805
1991
1992
2686
1994
1997
1998
4553
4554
2000
2002
2003
2005
2008
3360
3098
2009
4028
3818
2010
2012
2014
2015
2016
6481
2017
2018
2020
3820
2260
2021
4953
4013
4507
2022
2023
2025
3306
3319
2026
2027
2457
2030
2031
4293
2033
2088
2035
2036
3667
2037
3981
2038
10280
2039
2813
2040
2818
2822
4589
2041
2042
3327
2046
3999
3804
2048
2051
2053
6156
2054
2056
2058
3347
2059
2063
2065
3334
3808
2199
2067
2069
4700
2072
4063
2074
2077
2078
5483
3084
7257
2942
2079
3552
7137
2080
2081
3593
4451
2082
4908
2083
3367
2084
3623
3625
11218
2085
4385
2086
2089
2093
2681
2706
8438
4940
2094
7219
2095
3337
2096
2098
4889
3776
4101
4118
2099
6184
3383
2100
8336
4365
2101
2202
2102
2103
2104
2105
8185
2106
2108
2581
3368
2109
8184
2110
2111
4664
2112
2113
6248
2114
11235
2115
2116
2118
9069
2166
2119
5517
3941
2122
2123
7332
4228
2124
2125
5533
2128
3403
2130
2843
2131
2132
4594
3384
2133
6990
2134
2135
2529
2136
3042
5166
2137
2138
5534
4237
2747
2586
2139
8969
2140
2141
2143
2144
6536
3198
2145
2146
2147
11698
2149
2846
2150
2151
2848
2152
2153
2154
2710
2163
2155
2156
2157
2864
2158
6578
11036
2159
10355
2160
2398
2161
2162
4382
2164
2167
10314
10312
7319
8046
2168
7447
2169
7346
5316
2170
4215
2172
4219
2173
4746
2175
2176
5121
5037
2177
2178
3749
2179
6810
2180
2181
3416
2182
6746
2183
2184
3452
2186
2188
2190
3486
5347
2191
2193
2195
3765
4130
2196
4281
3314
4132
3345
4323
3349
2198
4682
2203
6387
2204
2205
2206
2207
2208
10880
2209
2210
3942
2211
2212
2214
2215
9615
4246
2837
2216
2217
5952
2218
2222
2223
2224
5756
5678
3140
2225
3701
3930
2226
2258
2227
2228
2229
2230
6478
2231
2232
5604
3189
2234
2235
3006
3793
2236
3035
2237
5251
2238
2239
5971
2240
2241
2242
8667
2243
2244
4299
2245
2246
2247
4217
2528
2248
3671
2249
2251
2831
2255
2256
2257
2259
2261
4383
2262
3876
2263
2265
2266
9268
2267
2336
2268
2269
4478
2282
2271
2272
2273
7424
2274
2275
6511
11102
9253
2276
4921
2277
4403
2278
2279
2280
2281
4473
2283
2284
2915
2285
4404
2286
3681
6520
2287
2288
2289
7183
3874
2290
3615
3653
2291
2292
6333
2293
2294
5815
6237
2297
2298
2299
10166
2300
11394
2301
2302
2305
2306
2308
2386
2311
2312
2315
2316
6880
2317
5518
2318
2319
4536
7593
2320
2322
2324
2325
2326
5667
7050
5902
2328
4420
4441
5528
2329
3435
2330
3159
2331
7912
2332
5138
2333
2334
2335
2338
4595
9974
2339
8533
2340
6631
10140
2341
2342
2344
2348
2361
2345
2346
2347
2349
5893
2350
2351
2353
2355
2356
2357
2358
2359
2360
3100
2362
2363
12196
2364
7134
2459
2682
2365
2656
2366
2368
2369
7887
2370
2371
2372
4197
4316
2373
2375
2379
2376
2377
2378
2380
2383
2384
2385
3567
3590
2387
2388
2389
5955
2390
8756
2391
2392
2394
6820
2395
5838
2396
2399
4635
2400
7322
2401
11020
2402
11572
2403
11822
2404
9451
5300
2405
2406
2407
2408
5958
11129
2409
7031
2410
2411
2412
7138
2413
3928
2414
2415
2416
2417
2418
2419
2485
2420
2421
2422
2423
6076
2492
2425
9239
2426
2427
2428
2429
2430
2499
2431
2432
2433
8576
7155
2434
8688
4608
2435
5634
2436
6676
6614
2437
2507
6175
2438
7886
2439
5059
2441
6647
2442
4915
2443
4444
2444
3451
2757
2445
2446
2764
2447
2448
3417
2449
2450
2451
2452
2453
2454
2455
2456
2458
2776
3003
2461
2462
7745
4683
2463
2464
2465
5717
2466
2467
4793
2469
2470
8566
2471
3270
2472
2473
2474
2475
2476
2478
2479
2480
2497
8264
2481
2482
10179
2483
11510
5638
2484
2486
7596
2487
2488
2489
2490
2491
2493
2494
2502
2495
8835
7223
2496
2498
4616
2500
10875
9297
7363
8627
2503
2504
2505
2506
2508
2509
2510
2511
2512
2513
2514
3011
2516
2517
7186
2518
2519
8590
7326
4525
3990
2521
8020
2522
2523
2541
4148
2524
2525
2527
7882
6161
4129
2530
2531
4102
2534
2535
2537
4317
2538
6738
4012
3201
2542
5830
2544
9542
2545
3908
4973
2546
2547
6931
2549
2550
2551
2552
2553
11611
2555
2556
6723
2838
2558
2559
7180
7201
6479
2561
2563
10077
3642
5978
6786
2564
5044
2566
2568
11704
2569
2570
2571
2572
2573
6648
6725
2676
2574
2575
7768
4324
4959
2576
2577
2578
4394
3871
2579
2580
4928
2584
2585
8911
2588
6989
2590
2595
2593
6442
5555
3897
6383
2594
7594
4812
3275
2597
2598
3608
2599
10326
6385
4667
2600
3632
7316
2602
2603
5020
2605
8585
5560
3465
2606
3395
3774
2607
2651
2694
2634
2608
2610
4673
8167
3052
2612
2613
6742
2614
2957
2616
2617
6368
2619
2620
2622
8344
4899
2624
6203
2625
2626
2627
2628
2629
2939
2943
3523
2630
2633
2635
2636
2637
7227
2638
4150
2639
2640
2642
2644
8495
5945
2645
5960
3053
2646
10873
2652
3404
5885
2655
4555
2657
6408
2660
2661
2663
2664
7967
2669
10536
6353
3505
2670
4808
2672
2675
3948
3167
3956
2678
2679
2680
6994
4597
2683
8172
6671
4087
6660
2685
2689
4529
3935
2786
2690
2691
3961
3297
3352
2692
2693
4972
9143
2697
11009
2904
2698
3909
4119
2699
7599
5111
2700
2701
2702
4297
2703
2704
2708
6766
2713
2714
2716
3811
4147
6773
2816
2717
9466
2719
6953
2720
2721
3813
2723
2725
7754
2753
9857
6378
2726
8994
3266
2727
2728
2988
2729
8408
4521
3518
3354
4514
2732
2736
2737
5428
2740
8959
4811
4891
2750
2741
4396
2770
2744
2746
2748
4198
2749
2759
2855
2761
4819
2767
2762
6445
2763
2765
7546
2768
8208
2769
7496
3865
4234
2774
2775
2777
2779
2784
2785
4275
4107
4751
3988
2787
2788
3171
4010
4958
2789
2790
3008
7089
2954
3192
2798
2801
2802
8676
4345
2803
2804
2805
2806
4884
2807
7735
2808
4823
4943
2826
2809
5053
2810
4304
2811
3766
3485
2815
7217
2817
4816
4372
3362
4022
4041
2819
2820
6162
2821
2823
8242
2825
2827
2828
2829
9378
2830
4836
2832
9710
2833
6402
2834
2836
2839
2840
2849
8843
3466
7006
2850
4440
2852
7331
8043
3028
3353
2853
7854
7043
2854
5301
4936
2857
2858
4398
3197
2861
3363
2863
2865
7124
6185
6430
2866
3434
2870
5306
2871
2873
4212
2874
2875
3746
2876
2878
3572
2880
12599
2883
2884
2885
7595
6186
2886
2887
3903
4195
3227
4208
4607
2889
2890
8316
2891
2893
2894
2895
2896
3488
3412
2898
2899
4581
3245
3622
4000
2901
8269
2902
3697
7129
2903
2905
2907
2908
2909
2911
2912
10916
4340
2913
2914
2916
4443
3162
3450
2917
2918
2919
2920
2924
3586
5614
7173
2926
3651
2928
2929
2930
2931
3907
6747
2933
2934
2935
2936
2937
2938
2941
2944
2945
2946
4697
6111
2947
9675
9375
2960
3026
2948
4092
2949
2950
7601
2951
2952
3072
2953
5273
2955
2956
2958
2959
2961
2962
2963
4122
2964
2965
9920
7060
2966
9341
10197
2968
2969
2971
2973
3158
2974
2975
6728
2976
5419
2977
4949
2978
2979
3595
2980
2981
2982
6049
2983
2984
9024
2985
5688
3033
2986
5139
6947
5032
2989
2991
2992
4617
5641
2993
2994
9267
2995
2996
6667
2997
2998
3004
3007
3009
5683
3013
3014
3015
3019
9623
3020
5833
7790
3021
3022
5694
3023
10115
3827
6785
4726
3024
3025
4230
3027
8921
3029
3030
7760
4355
3032
3034
3037
3038
7624
3039
5896
3040
3041
5615
3043
3044
4350
3045
11623
3503
3047
6132
4259
5378
3048
8198
3049
3050
3051
7723
5713
3055
3056
3058
3059
3060
3061
3062
3063
3065
4868
5436
3068
3070
4563
4199
6502
3073
3074
3076
3077
3078
7126
3080
3241
3082
3085
3086
7966
3087
3089
3610
3090
5097
3091
3092
3280
3093
3094
3096
6754
3099
5583
3101
3102
3103
3104
3106
3108
3109
8262
3110
3111
3112
3113
3114
3116
6629
3117
3118
3132
4760
6716
3119
3120
3121
3122
3123
9540
3124
3125
3126
3127
3128
3129
3130
3131
3133
3135
3136
5182
3137
3138
3139
9773
3141
3142
3143
3144
3145
3146
3147
3149
3150
3151
3152
3153
6382
3154
3155
6216
6755
3493
4378
4251
4196
3156
4685
7552
3157
3840
6188
3163
3164
3168
3170
3173
3174
3175
3179
11183
3529
3180
3181
4496
5385
5669
3182
3183
5360
3184
3194
3185
9590
3186
3187
3188
4485
3193
3195
8550
3200
3202
3203
3204
8149
3318
3207
3357
3208
3209
3901
4200
3211
3212
3998
3214
10878
3215
3220
3221
3656
6792
3983
3222
10200
3223
3229
8463
3230
3231
3232
3445
3234
3236
3237
3240
9656
8934
5159
3242
4405
3243
6736
3244
3247
3248
4203
3502
3249
5881
3250
5244
4512
8061
3252
7401
3257
5853
4391
3259
6486
6997
3263
3809
5007
3272
3273
3274
3277
4288
3278
3281
8979
3286
3287
3288
3290
5505
7869
3292
3300
3302
3491
5054
8300
3303
3304
4641
3307
7169
3309
3310
3388
3311
3315
3316
3317
6427
3321
3323
3324
3328
3330
3331
7741
3332
8395
3973
3456
3335
3406
3336
3338
7398
4298
3339
6541
3340
3342
3343
10146
3344
3348
3785
4416
3355
3359
3361
6210
3366
3369
8668
11073
10416
3781
3370
3373
4338
3374
3991
4271
4343
3375
6760
3377
8795
3378
12846
3379
10220
4469
4480
3381
3382
6392
3386
4492
3387
3768
3389
4476
3390
4442
9150
5073
5076
3393
3652
3654
3655
5860
3394
4840
3397
3398
4624
3399
9040
6102
3400
3401
3499
3471
4201
3402
3407
3410
7268
3414
3415
7620
3418
4043
3419
3420
3421
4163
4279
3888
3422
3423
3429
3430
4474
6418
3431
6496
3433
3436
4736
3844
3762
3438
3441
3442
3443
4829
4310
6737
6153
5932
3784
5090
3444
3926
3446
3447
3448
3449
6665
3453
10540
3454
8079
3455
9193
3457
3458
4456
3459
3460
3461
5832
4625
3462
3463
3464
3467
8058
4938
3684
3468
9363
3469
3470
3472
3474
8190
3475
3480
3481
3482
4968
3483
5008
3678
3484
13293
7361
5031
3489
8001
11182
3490
7117
3494
3496
3497
5021
8279
3501
3504
3506
3507
3508
3511
3512
3513
3516
4523
5368
3520
10135
3521
3522
3524
3525
10161
3528
11475
3530
3531
3533
3534
3535
3536
3538
7906
3543
3544
3545
3598
3636
3575
4991
3546
3547
3551
3554
8630
6254
9276
8637
3555
3556
3557
7419
3558
3559
3560
3616
4888
3921
6847
3561
7420
3646
11221
7433
7153
8801
10781
7133
3562
3563
9281
9295
3583
3594
5596
3564
6251
3565
7441
3649
3569
3664
3571
3665
3574
3602
3577
5970
3578
8026
7189
3580
3582
3584
7191
9412
7146
3585
3644
5979
3587
3588
3589
3591
3599
3658
9409
3596
5974
3597
3600
3601
3603
3633
3604
10295
3605
3606
3607
3611
13086
8260
6429
3612
6131
3613
3614
3618
3621
3624
5819
5652
6242
3626
3627
3628
3629
3630
7766
3631
3634
10576
3661
3770
3635
9022
3638
3641
3643
5975
3645
3647
10079
4741
3648
7434
3650
8809
3657
3662
5968
3663
3668
4642
3670
3672
4397
3673
5835
3674
8012
6828
3675
6441
9692
3676
4117
5153
3677
3679
3680
3682
3685
5573
6800
4156
4744
3686
5351
3687
3688
6425
3690
3691
3692
3693
3695
3699
3702
3716
3704
4877
3705
3721
3706
3873
3707
3708
7668
3709
9782
6817
3710
12733
3711
3713
3714
3718
3722
3723
4387
3724
3726
3730
3731
3937
3732
8376
3733
3734
3736
3737
3738
3739
3740
8952
3741
6772
3742
3872
3747
3748
5330
3753
5985
6618
3754
6114
4425
3755
3756
3757
3758
3759
3760
3761
4134
3763
3767
3769
4066
7772
3772
5033
3891
10153
3773
7218
3775
5911
5912
3777
3778
3779
5190
5570
4044
3782
3783
3786
9563
3835
3788
3789
3791
6914
3794
6167
3795
3796
7738
3797
3798
11088
4154
6414
4501
4568
3799
7154
7239
6374
3800
5236
3802
3807
4294
3812
3817
3819
3821
3822
3824
7246
4969
4025
3825
7136
3826
3828
3831
4838
4392
3832
3833
7890
4538
6311
3836
3837
7067
10052
4414
8067
3841
4014
3852
3845
3846
3847
3848
3849
3850
3851
3853
3854
10098
14618
8237
5984
4561
7548
3855
4817
3856
3857
6104
3858
6148
3859
8965
6599
3860
3861
3862
3863
3864
3866
3869
5237
3870
3877
3878
7750
4360
4242
3879
3880
7323
7152
7320
3881
3882
3883
3884
3885
6699
3887
3889
7170
3890
6781
3894
6778
3896
3898
9997
3902
8658
8729
3904
6457
5400
7329
3906
10643
3912
11812
8553
3913
4748
3914
3915
3916
3917
3919
6141
4389
3920
5811
6124
3925
4630
3927
3931
8512
8511
6473
3932
3947
3933
4567
3934
11011
3938
3939
9192
3940
5163
3943
3944
3945
3949
4537
4033
3950
3951
11101
3952
5934
3953
3955
4911
5317
5077
5130
3957
3958
3959
3960
6281
3962
4286
3963
3965
3966
8102
3967
3968
3969
3970
4457
3972
8802
3974
3977
9039
4024
4018
4002
4026
3979
6490
3980
3984
3985
3987
4029
8814
6375
3989
7118
7122
3992
3995
4930
5867
3996
4001
4003
4037
4004
4007
4008
4015
12007
4016
4083
4017
7742
8683
4019
4020
6359
4021
4023
4027
4030
4109
4031
9379
5900
4032
6748
4034
4035
4833
4038
4039
7907
4045
4679
4046
11168
8938
4048
4049
4571
4051
4053
7426
4054
4055
10150
5649
4057
4058
4669
4843
5516
4059
8342
4060
7785
4061
4062
7388
4065
6470
4067
4069
6449
4070
9967
4072
6532
4078
4079
4080
4086
4090
8786
4091
4093
4094
6170
4535
4095
4096
7266
8346
5919
4097
4099
4376
4104
4106
6314
4110
5705
6941
4111
4112
4113
4114
4116
5014
4409
4120
4431
4121
4123
5052
5786
4124
4125
4126
7139
4632
4905
6867
4128
4135
4138
4139
4142
5603
7438
4143
4145
4146
7856
4149
4151
4152
4153
9431
11523
5003
4155
4157
4158
4159
4160
4161
4162
4165
7859
4166
4167
4168
5948
4190
4169
4170
4250
4171
4178
4172
8523
4173
4174
7303
4175
4176
4177
4179
4180
7707
4181
4182
4183
4184
6710
4185
4186
4188
6204
4189
4191
5484
4192
4193
5723
4202
4205
4583
5101
4651
4206
4207
4209
4210
11420
12845
4211
4213
4214
4560
4243
4216
4471
6420
4221
4226
6071
4227
4229
4231
7032
4232
4233
4235
4238
7128
4239
4371
4240
4244
4253
8280
4255
10419
4256
4258
4260
4261
4263
5369
4264
4266
4875
4267
8380
4268
8226
8124
4269
4876
8789
5711
6973
4950
4599
4336
4270
4964
4695
5348
4276
4313
4282
4283
4285
4287
4290
4291
6882
8775
7476
7147
4292
4344
4412
4963
4295
4300
4860
4301
4461
4302
4303
4305
4308
4309
4311
5933
4314
4321
4325
4326
5664
4511
4368
4327
10886
7953
4328
5556
4430
4330
4331
6044
4335
4339
4346
7655
4348
4349
4351
5937
4352
4353
4354
11351
4356
8231
4357
4358
4361
6476
7175
6088
7176
6091
4362
7817
4364
4367
4373
5926
4374
9806
6533
6351
5416
4377
4379
4380
4381
4386
4388
5258
4395
4399
4400
4401
5511
4402
4406
4407
4408
5397
4411
4415
4418
5496
4419
4421
5497
4422
7682
4423
4424
4426
4427
4432
6920
4433
4435
4436
4437
4438
5338
4439
6813
5697
7027
4445
4446
4448
4449
5607
6336
4918
4450
4452
4454
6121
6122
7788
4455
4458
4459
4460
9129
6380
9547
4463
4464
4465
4466
4467
6419
8752
6326
7376
4470
6432
4472
4477
5246
4479
4482
4483
5186
4484
4486
7636
4487
4489
7130
7648
5096
6878
4490
4491
8277
7234
4524
4493
4494
10374
4495
4497
4499
4500
4502
5793
4503
4504
6744
4505
6840
7697
4506
4508
8519
7977
4509
4513
4961
4515
4517
4518
9195
7588
5113
4520
10062
4528
4530
6257
4531
4539
4540
4542
5099
8004
5042
4543
4545
4546
4547
4550
4557
4558
7747
4562
4565
4566
5458
6743
4569
5890
6475
4570
9057
4572
9472
4573
4574
4575
8268
5841
4577
4578
4579
4580
4956
6735
4585
6032
4586
4587
4588
4590
4591
4592
7141
4593
4966
4932
4596
4598
4601
9065
4602
4849
4603
4605
4606
4609
4611
4612
4613
4614
4615
4618
10417
4619
4620
10172
4621
4874
4623
4626
4627
4629
4631
4633
6948
4634
5232
4637
4638
4640
7125
4643
8170
8337
4644
4841
6377
4646
4647
4648
4649
4652
5650
4653
4654
4655
6145
4656
4657
8044
4658
4659
4662
6921
4663
12235
8505
6524
4665
5167
4666
5009
6987
4668
10075
4670
4671
6155
5879
4672
4674
4675
8947
4676
6394
6945
4677
8284
4678
5916
4681
4684
4931
7013
4686
8263
4688
5267
4689
4690
7618
4691
4692
4693
4694
4698
4699
4701
4702
4703
4704
4705
4706
4707
7488
4708
4709
4710
4711
4713
4714
4715
4716
4717
4718
4719
5275
5276
4957
4720
4721
4722
4723
4724
4725
4727
4728
6899
7149
4731
7222
4732
4733
4734
4735
9481
8616
4737
11431
4738
4951
4739
4740
4742
4743
8854
4747
4749
8817
4750
4753
5162
4755
4756
4757
4758
4759
9311
4777
4761
4791
5179
4762
5210
4763
8556
4764
7312
4765
5215
4766
4767
9323
5230
4768
4769
4770
4771
4772
4786
5227
4773
4774
4775
5183
4776
4778
4779
4789
4780
4781
5240
4782
8574
6574
10979
7289
4783
4784
4785
5176
4787
4788
6260
6280
6038
5177
4790
5209
4792
6284
4794
4795
7692
4796
4797
4798
8633
4799
6082
4800
4801
4802
5986
4803
4804
6264
5174
4805
4806
4807
4809
4810
4813
7463
4814
4815
4818
7464
4820
5875
4821
4822
4824
4825
4826
7858
4827
7500
4828
8319
4830
4831
8239
4832
4834
4835
4837
10827
4842
4845
4852
4847
4848
4850
10773
5747
4851
4853
4854
4856
6833
4857
4858
4859
4861
4862
4863
4864
5283
4865
4866
9852
4867
6593
4869
4870
4871
4872
7161
4873
4878
4880
4881
6998
9477
4882
4883
4885
5350
4886
7864
4887
4890
4892
4895
7667
4896
5886
4897
5339
4898
8675
4901
4902
5103
4903
4904
4906
4907
6852
4909
6344
7004
4912
4913
4917
4919
4920
4922
4926
4929
4933
4934
4937
4944
4946
4948
4954
4955
8542
4962
4965
8060
8073
4967
4970
4971
8964
4974
4975
4976
4977
11408
4978
11261
4979
4980
4981
4982
4985
4994
4983
6868
4984
4986
10644
10645
4988
4989
4990
13170
4992
9313
4993
4995
4996
4997
4998
4999
5001
5394
5002
5005
6363
5006
5010
5015
5017
5019
5022
5023
5024
5025
8473
8561
7922
5026
5027
5035
5036
5038
5039
10808
5043
5045
9201
5046
6464
7557
5049
6729
8842
5050
7627
5331
5051
8939
5057
5058
5060
5067
5061
5062
5063
5149
7898
5064
9157
6717
6054
5065
5148
5066
5068
5069
5095
5070
5071
5072
6870
5075
5078
5079
8935
9162
5092
5299
5080
9317
5081
7580
7587
5941
6357
5082
5311
5943
5083
8234
5085
5086
5087
10578
5088
8095
8470
5089
5091
9154
5093
9158
9163
5094
7729
5100
5102
5104
5147
5105
6851
5106
10641
8526
5107
10136
5947
5108
5109
5110
5946
5112
5114
5115
5116
5117
6875
5118
5344
5119
5120
5122
5123
5124
5355
5125
6860
5305
5126
5128
5129
5944
6871
9147
7816
5131
5133
5373
5134
5135
5889
5136
5137
6395
9561
7818
5140
5141
5142
6858
5143
6859
5144
5145
5188
6959
5146
5150
5151
5152
5154
5158
5155
5156
5157
5160
5161
5164
5165
5201
5168
5169
5170
5171
5172
5185
5990
5173
5175
5178
5241
5181
5184
6230
5187
5189
5191
5192
8552
5193
9334
6040
9304
5194
5195
6262
5196
6294
5197
5988
5993
5198
5199
5200
5202
9308
5991
9312
5203
5992
5204
5207
9310
5998
6001
6003
5208
10466
8554
5211
5212
5213
5214
7295
5216
5217
5218
5989
10465
5219
6012
5220
5221
5222
6042
12252
9314
5223
5224
5225
5226
5228
5229
10982
10983
5231
5233
5234
5235
6282
7301
5238
9319
8558
5239
5242
5243
5245
6439
6988
5247
7145
5248
7649
5249
5491
5250
5254
5253
5255
5256
8625
8631
5611
5257
5259
5260
11312
6072
7088
5261
5262
5263
5265
5959
8730
6448
5266
7357
5268
7157
7202
5269
5270
14140
5271
5272
5274
5277
5279
5280
5282
5285
5281
5284
9962
7462
5286
5287
5288
5289
5290
5291
5292
11274
5293
7078
5294
8840
5295
5296
5329
5892
5335
5297
7045
5303
9324
5304
9765
5395
5307
11186
5637
5308
7210
5309
5312
6103
5313
11724
5359
9819
5314
7092
5315
5318
10771
6861
5319
5320
5322
5323
11210
5324
5326
5328
5332
5333
6864
5334
6951
5336
5337
6228
5340
5672
5632
5341
5342
5343
5346
6211
5349
5352
5353
5354
5356
5357
6636
9207
5381
5358
5361
5362
5363
5364
5366
5367
5370
8480
5372
5374
5375
5376
5377
5923
5379
5380
6783
5464
11710
7407
5382
5386
7000
5387
5388
5915
5389
12120
5390
7713
5391
5396
6924
5392
5393
5398
5399
5401
5404
5407
5405
5406
5408
5409
5410
5411
5414
5417
5418
5420
5421
5422
5423
6283
6286
6256
5424
11963
5425
5426
5427
5429
5431
5430
5432
5433
6014
6026
5434
5647
5682
5437
6118
7083
5438
5439
10792
5442
5440
5441
5451
5444
5445
5446
5447
5448
8564
8298
5449
5798
7702
5450
5452
6827
5453
5454
5455
5456
9296
5552
5457
5459
5462
5461
5463
5465
5466
5467
5468
5469
5470
11185
10569
6323
5471
8465
7698
5653
5472
5473
5474
5475
8694
5476
7762
5477
8374
5478
5479
5480
10451
5482
5487
5503
5488
5642
5489
5490
5492
5494
5495
5498
5509
5499
8098
5500
6168
5501
5502
5504
5506
6391
5542
5507
5510
5512
5513
5538
5515
5519
5580
5520
6780
5521
5522
5523
5524
10185
5526
5527
5530
5531
7304
6299
5532
10406
6707
6365
5535
5536
6477
5539
5540
5541
5543
11211
5544
5545
5546
5548
5550
13180
7740
5551
5553
5554
8916
5557
5558
5559
5562
12561
5563
5564
5565
10900
5566
5567
5568
5569
5571
5574
11771
5576
5578
7549
5579
6177
5581
5582
5584
5585
5586
5587
5588
9152
5593
5594
5595
5597
7650
5598
5600
5601
5602
5609
5605
5608
5612
5610
5613
5616
5617
5618
5619
6246
8303
5620
5621
5622
5643
5623
5624
5648
6612
5625
5627
10281
7720
6028
5629
6086
8624
5631
5633
9726
6289
5635
5639
12537
11714
7746
8728
5640
11071
5657
5684
5709
5644
5646
5651
5654
5655
5670
5733
5656
5658
5722
6059
5685
5726
5659
5660
5661
11429
5662
5757
5663
5665
5735
5666
5668
5671
8919
5673
5674
5750
5762
5675
9527
5676
5677
5743
8635
10865
6459
5679
5687
5689
5690
5691
5692
7656
5695
5696
5698
8727
5731
5699
5700
5701
5702
5703
5704
5706
5707
5708
5712
5714
8986
5715
9074
6066
5716
5718
5719
7717
5720
5721
6047
5724
5725
9617
7370
5727
8128
6334
5728
5729
11717
5730
5732
5734
5736
5737
8874
11292
7576
5738
6669
5739
5740
5741
5751
5742
10918
5744
13645
5745
5746
6250
7350
5748
10915
5749
5752
5753
7895
7571
5754
5814
5755
5758
5759
5760
5761
5763
5765
5767
6233
5770
6245
5768
9553
5769
11223
5771
5772
5773
5775
5776
5777
11518
5778
7982
7038
5779
5780
5781
9327
6292
5782
6275
5783
5785
5784
6971
6339
6079
5787
5788
5789
6313
5790
5791
5794
5795
5796
5797
5799
5800
5801
10424
8626
5802
5803
5804
5805
5806
8140
5807
5808
5809
5810
5812
5813
6841
6154
5816
10040
5822
5823
6796
8737
5861
5824
5825
10301
5826
6113
5827
11103
5828
11348
5829
7390
5831
6053
7071
9300
5836
5837
5839
5840
8283
6140
6123
5842
8450
5843
5844
5845
5846
5847
7708
5848
12730
5849
12337
5850
5851
6935
5854
8955
5856
5858
5859
5862
5863
5864
5865
5866
5868
5869
8978
5872
5873
5874
5876
7669
5877
5878
8002
5880
5883
5884
8607
7623
5887
5888
5894
5899
12241
5901
5903
10293
6226
5904
5905
5907
5908
6316
5910
5913
5917
8567
5918
7962
5920
5921
9289
5922
5924
8755
8760
5925
9254
6259
9279
5927
5928
5929
5930
5931
5935
5936
5938
5939
5940
5942
5949
5950
5951
5954
6454
5956
5957
9411
5962
5963
5964
5965
7610
6021
5967
5969
9140
5972
8893
7493
6905
9793
7100
5973
10118
5976
5977
6896
5980
5981
5982
5983
5987
5994
5995
9256
6031
5996
5997
6010
5999
6039
9316
6000
6002
6004
6005
6025
6006
6007
6008
6015
6009
6011
6019
6013
8944
6016
6017
6018
6020
6022
6024
6877
7559
6027
6029
6030
6037
6261
6033
6034
6035
6036
6041
6043
12555
6057
6045
6046
6050
6051
6052
6055
6056
8138
6058
6060
6061
6062
6063
6850
9672
6064
6065
9632
6067
10269
6068
6070
9856
6073
12360
7375
6074
6075
6077
11445
13447
6080
9854
6560
6081
6083
6330
6084
6085
6087
6649
6089
9677
6090
6092
6093
8484
6094
6095
6097
6098
9774
6099
6100
10124
6101
6105
6106
6166
9448
6107
6108
6109
6110
9670
6112
10282
6115
6589
6116
6117
6119
6144
6120
6125
6126
6127
6128
6752
6129
6130
6134
6137
6138
12211
6139
6142
6143
6146
6147
6911
6149
6151
10134
6152
6157
6727
6159
6160
6163
6169
6172
6173
6174
11277
9959
6178
6179
11342
6181
6182
6183
6187
6189
6190
8288
6397
6191
6192
6193
6194
6195
6196
6197
6198
6199
6200
9287
6293
6201
6202
6205
8307
7093
6206
9235
6207
6208
6213
12609
6214
6215
12578
6217
6218
7249
9668
6219
6220
6221
6222
10228
6223
6265
6267
6224
6227
6229
6231
6232
6234
6235
8018
6236
6244
6269
6238
6239
11012
6258
6240
9209
6241
9274
10874
9293
9236
6287
9243
6271
6247
6249
6252
7298
6290
6253
6255
7996
6263
6266
6268
6270
6272
6273
10896
6274
11068
8999
6276
9720
6296
10318
6277
7010
6278
6279
6285
6291
6308
6297
6298
6300
6301
6302
6303
6304
6305
6306
6779
6309
6310
6312
7158
6327
6891
6315
8771
9245
9249
6317
6319
6321
11896
12588
6322
6324
6325
6328
6641
6329
6546
6331
6332
6335
6337
7673
6338
6340
6341
6342
6343
6345
6346
6347
6348
6451
8808
6352
6354
6356
9562
6874
6358
10412
6360
12019
6361
6362
6364
6367
6369
6370
6371
8734
6372
6373
12057
8360
7876
6376
6902
6379
6381
6384
10459
6386
6388
6393
8536
6396
6398
7778
6399
9512
6401
6403
7502
6404
6417
6405
6406
6407
6409
6410
6424
6411
8963
6412
7510
6413
6416
6421
6422
6423
6426
6428
6431
9326
6433
6434
11500
6435
6436
6437
6440
6443
10294
6606
6444
6447
7622
8314
6450
6452
8948
8537
6455
9764
8019
6458
6461
6463
6462
6465
6466
6469
8131
6824
6471
7121
8873
8833
6822
7237
6472
6474
6495
7677
9099
7972
6480
8313
6482
6483
6484
11236
6485
6487
6488
6489
8347
6491
6492
7187
6493
6494
6498
6497
9783
11389
8857
8341
6499
6501
6503
6506
6507
6508
6509
6510
8089
6512
6513
6514
7823
6516
14045
6517
6518
6519
6521
7166
7874
6522
6523
6525
6526
6527
6528
6529
6530
6531
11536
6534
12421
6535
7903
8924
6758
6538
11378
6539
7813
6540
9733
10080
6542
10832
6544
6545
6547
6548
6552
6550
6551
6553
6554
6555
6556
6558
6559
10542
9213
9584
6642
6562
11104
8092
6563
9255
6564
6565
6566
6567
6568
6569
6570
6585
6571
6572
6573
7262
6575
6576
14768
12693
6579
9688
6580
6581
6582
10286
6583
11687
6584
6586
6590
6591
6592
6594
6596
6597
6598
6600
6601
6602
6603
7243
6604
6654
6610
6605
6607
6608
6609
10850
6611
6613
6615
6616
6619
9929
8005
6620
6621
10463
6622
8562
6624
6625
8371
6626
6627
6628
6630
9264
6632
6633
6639
6634
9524
6640
7690
6635
10441
6637
14375
6643
6644
6645
6650
6651
8696
6652
7625
6952
7081
6653
6655
6659
6661
6656
6657
6658
7671
6900
6662
6663
8796
6664
6666
6668
6670
8517
6908
6672
6673
6674
8763
12890
8767
6675
6677
6678
6679
6681
8605
6682
6683
6684
6685
6686
6688
6687
6689
6690
6691
6692
6693
6694
6695
6696
6697
10965
10461
6698
6700
10151
9066
6701
6702
6703
10055
6704
6706
6708
7317
11587
6709
7221
6712
7208
6711
6713
7343
11105
6714
6715
10614
6718
6719
6720
6745
8045
6722
6724
6726
9251
12121
6730
7231
7184
7577
7797
8882
6731
6732
6980
6733
6741
7983
11200
6823
6974
11222
10853
6749
6751
6753
6756
8859
8270
6757
6759
6761
9271
6762
6763
6764
6765
6767
6768
6769
6770
6771
6774
6775
7235
7240
6776
10236
6777
9127
6782
10213
6784
6787
6788
6789
6790
6791
6794
6797
6798
9491
7749
6799
6801
6803
6804
6805
6806
6808
6809
6811
6812
6814
8168
9292
6815
6816
6818
6819
6821
6825
6826
7196
9351
6829
6830
6831
6832
6834
6835
6837
12180
6838
6839
6843
6844
7384
6846
6848
6853
6855
9237
6856
6857
6862
6863
6865
9178
9164
6869
6866
10636
6872
6876
6879
6883
6886
6888
7489
6889
6890
6892
11325
6893
6894
6895
6897
6898
8271
6901
6903
6904
6906
7866
6907
7827
6909
6910
11525
6917
6913
6915
6916
7302
6918
6919
6923
6925
7079
6926
6927
8614
6928
6929
6930
6932
7946
6933
6934
6936
6937
6938
6939
6940
6942
6943
8151
8856
6944
6946
6949
6950
9365
6954
9538
6955
6956
6958
6960
6961
8851
6962
6964
9019
6965
9200
6966
6968
12672
6969
6970
6972
7340
6975
6976
9026
6977
8196
6978
6979
6981
8257
6982
10319
10353
11097
6983
6984
6986
6991
6995
9690
6996
6999
7001
10888
7002
7008
7009
7011
12138
10632
7012
10167
7014
7015
7016
7017
7018
7019
7020
9779
7021
10546
9401
7022
9266
7023
7024
7025
7026
8907
7028
7029
7030
7033
7034
9550
11037
12340
7035
7036
7037
7758
7040
8471
9987
7044
7046
7047
8228
7048
7049
7051
7052
7368
7053
7054
7056
11448
7057
7069
7058
7059
9958
8297
7062
7063
7064
7066
7068
11076
8200
7070
9697
7771
7072
7073
7074
7075
7076
7077
7080
7082
8173
7084
10943
7085
7086
7087
9499
7090
9965
7094
7095
7096
7106
7099
7101
7102
7103
7114
9725
7116
7105
7107
7108
7109
8844
7112
7113
7115
7119
7120
7127
7160
7131
7132
7135
8370
7142
12240
7143
7144
7150
7151
7156
7159
7163
7538
7164
7168
7171
7172
7174
7178
7179
7181
7182
7185
7188
7190
7192
12768
7193
7194
7195
7197
7198
8889
7199
7203
7200
7204
9497
7206
7207
12428
7421
7209
7211
7213
7214
7215
7216
7225
7226
7228
7230
7232
7233
11641
7236
7238
7241
7242
8785
7247
7250
7251
7252
7253
7254
7255
7261
7755
7256
7258
7259
7263
7369
7264
7308
7265
7267
7269
7270
7271
7285
7272
7273
7275
7276
7282
7277
7278
7279
7280
7283
7284
7286
7287
7288
7290
7309
7306
7291
7292
7293
7294
7297
7299
7300
7305
7307
7310
7311
7313
10638
7314
9307
7315
7318
7321
7325
7327
7328
7330
7333
12940
9073
8732
7334
7335
7336
7337
7338
7339
7341
7342
7344
7345
7347
7348
7349
7351
11902
7352
7353
7354
7355
7356
7358
7359
7362
7364
11545
7365
7366
7367
7371
10194
7372
7385
7374
7377
7378
7380
7393
7381
7382
7383
7386
7387
7389
7391
7392
7395
11989
7396
7397
7399
8040
7400
7402
11023
7403
7405
7406
7408
10178
7544
7410
7411
7412
7413
7415
7414
7417
7422
8946
7423
7427
7428
12467
8515
7429
9011
7430
7431
7435
7436
7437
9244
7439
7440
7442
7443
7444
7445
8209
7446
7448
7449
10102
7450
7451
10605
7455
7452
7453
7454
7660
7456
7457
7458
7459
7460
7461
7465
7466
7467
7468
7522
7495
7469
7505
7515
7470
11406
7471
9611
7701
7715
7472
7473
7474
7475
7499
7509
7477
7478
7479
13507
7974
7480
8902
7676
9109
7481
7482
10639
10919
13051
7492
7483
7527
7484
10437
7485
11324
7975
7486
10699
7487
10966
7490
9098
7491
7494
7508
7497
11904
7498
7501
7503
7504
11786
10937
7506
7507
8904
9116
7511
7687
7512
7513
9934
7514
7516
7517
7518
7519
7520
7521
7523
7524
7525
7526
7528
7529
7530
7531
7532
7533
7534
7535
7536
7537
7540
7541
7542
7543
7553
7545
7547
7550
7551
7554
7555
7556
8506
7558
7560
7561
7563
7564
7565
7566
7570
7567
7568
7569
8758
7572
7573
7574
12148
10980
7578
7579
7581
11098
7582
7602
7583
7584
11179
7586
7589
7590
7591
7592
7597
7598
10225
7600
7603
7787
7604
9033
8090
7605
7606
7607
11268
7608
7609
7611
7612
7613
7614
7616
7617
8464
7626
7628
7631
7629
7630
7632
9639
10791
7633
9582
7635
7637
7638
7639
7642
7643
7645
8430
7646
7647
7651
7653
11213
7654
7657
7658
7659
7661
7662
10897
7703
7664
7665
7666
7670
7672
9798
7674
7675
7695
7678
10876
7679
7680
7683
7684
7686
7688
7689
11425
7691
7716
9503
8335
7693
9791
7694
7696
7699
7700
10186
7704
7705
7706
7709
7710
7711
7712
7714
7718
7721
7728
7724
7722
7725
7726
11412
7727
10336
9419
7731
7732
7736
7737
7743
8003
7748
7753
7756
7757
7759
7761
7763
8501
7764
7765
7769
7770
7774
8900
8966
7777
8075
7780
7782
7783
8207
7784
7789
8691
7791
7793
7794
12065
9416
7795
7796
7798
11783
7799
9070
7800
13379
7801
7802
8433
8137
7803
7804
7805
7806
7807
7811
7808
7809
7810
7812
7814
7815
7819
7820
7821
7822
7824
7825
7826
7828
7829
7831
8330
7832
9102
7833
7848
7834
7835
8221
9944
7837
7838
7849
7839
7850
7840
7841
8681
7843
7844
7845
7846
7847
7851
7852
7853
7855
10688
7857
7860
7861
10059
12864
7862
7863
8726
7865
8559
13748
7868
7870
8992
7871
7873
7875
7878
7879
10033
7885
7889
9786
7891
7892
7894
7897
7899
7901
7902
7904
7908
7915
7910
11147
7911
7913
9439
9367
7916
7917
7918
7919
7923
7925
8532
8363
7926
7927
9796
7928
7929
7930
7931
7933
7934
7935
7936
8368
7937
7938
7939
8672
7940
7941
7942
7943
7945
7947
7948
7949
7950
7951
7952
8056
7954
7955
7956
9919
7957
7958
9384
11053
7959
7960
7961
10310
7963
7964
7965
7968
7969
7970
7973
7976
7978
7979
7980
7981
7984
7985
7986
7987
7988
7989
7990
7991
7992
9606
7993
7997
7998
7995
7999
8007
8008
9124
8011
8013
8014
8015
8016
8017
8021
8023
8024
8025
8027
8030
8028
8029
8032
11415
12210
12767
8033
8035
8036
8037
8038
8039
8340
8041
8042
10693
8047
8048
8049
10817
8050
8051
8052
8053
8054
10921
8055
8057
8059
8640
8063
8962
8064
8065
8066
8069
8070
8071
8072
8074
8078
8076
8077
8080
8082
8085
8083
9616
8084
8086
8087
9329
8091
9840
8093
8096
8097
12228
8100
8101
8104
8105
8682
9470
8107
8108
8109
8110
8111
9426
8113
8114
8115
8476
8116
9961
8117
8118
8119
8120
8121
8123
8125
8126
8127
8129
8130
8132
8133
8134
9122
8136
8139
8141
8142
8143
8144
8145
8146
8646
8147
9689
8154
8155
10547
8161
8156
8157
8159
9029
8162
8163
8164
8650
8589
8204
8165
8166
8169
8663
11010
8171
10309
8174
8179
8175
8176
9364
8520
8177
8180
11756
8182
8188
8187
8186
8189
8210
8191
8192
8193
8194
8195
8479
8837
8197
8199
14735
8201
8202
8203
8205
11017
12606
8206
8211
8212
8213
8225
8214
8215
8216
8218
8220
8223
8227
8230
9996
8233
8235
8236
8238
14684
8240
8241
8243
8244
8245
8246
8247
8248
8249
8250
8251
8252
8254
8255
8256
8258
8259
8261
9413
8265
8266
8267
8273
8275
8278
8281
8282
9071
10438
8286
13966
11951
8287
8290
8291
8292
8293
8295
8296
8301
13362
8302
8304
8305
8306
8308
8309
9358
8310
8311
8312
8315
8317
8318
8320
8321
8322
8323
8324
8325
8326
8328
8329
8332
8333
8334
8338
8339
8845
8460
8343
8345
8348
10296
8349
8350
8352
8353
8354
8355
8356
10934
8357
8358
8375
8444
8359
8362
8361
8364
8365
8366
8367
8369
8372
8373
8381
8377
8379
8382
8383
8384
8385
8386
11241
11649
8387
8391
8392
8393
8394
8396
8398
9230
10259
10813
8399
8400
8401
8402
8404
8405
11992
8406
8409
10835
8410
8412
9368
8413
8414
8415
8416
8418
8420
8421
11915
9851
8422
8423
8425
11442
8427
8431
13005
8434
8435
8436
8437
8439
8440
8441
8443
8445
8446
8447
8449
10005
8451
9991
8452
8453
8454
8455
8456
8457
9374
8459
8461
11464
10252
9128
8469
8466
8467
8474
8475
9063
8477
8481
8482
8483
8486
8488
8489
8490
8491
8492
8493
8494
8497
8498
8499
8500
8502
10188
9758
9357
8503
8504
8507
8509
8510
8513
8514
8516
8518
8521
8528
9446
8524
11184
8525
8527
8529
8530
8534
8535
8538
8539
8540
8541
8543
8544
9548
13481
8545
8546
8547
8548
8549
8555
8557
8560
8563
8568
8569
8570
8571
8572
8573
8575
8577
8578
8579
8654
9970
8580
8581
8582
8583
8584
8586
10120
8587
8588
8591
8592
8593
8594
8595
8596
8597
8598
12619
12229
8599
9429
8600
8601
9121
8602
13144
8604
8606
8608
8609
10653
8610
8611
8612
9131
8613
8615
8620
8617
8618
8619
8621
8622
8623
8628
8629
9087
8632
9880
8634
8636
8661
8638
8639
8641
11226
8642
9000
8643
8644
8647
8648
8649
8651
8652
8656
8657
8659
8662
8660
8664
8665
8669
8670
8671
8674
8677
8678
11152
8794
8679
8684
8685
8687
8690
8692
8695
8697
8698
8699
11230
8700
8701
14807
8718
8703
8704
8713
8705
13998
8706
8707
11693
8712
8708
8709
8710
9917
8711
8714
8715
8716
8717
8719
8721
8722
8723
8724
8725
8733
8735
8736
8738
8740
8739
8741
8742
12911
8743
8744
8745
9871
8746
8747
8748
10117
8749
8750
8751
8753
11220
8754
8757
13684
8759
10984
9685
8762
8769
8764
8765
9734
8766
8768
8770
14687
9508
8772
8773
10230
11916
9160
8774
9903
9280
8777
8778
8779
8781
8782
8783
8784
8787
8788
12285
8790
9896
8791
8792
8793
12452
8797
8798
8799
8800
8803
12803
8805
11118
9016
8806
11293
8810
8811
8958
8812
10177
8813
8815
14779
8816
10159
8818
8819
8820
10116
8821
8822
8823
8824
9480
8825
9088
8826
8827
8828
11511
8829
8830
12490
8831
8832
8834
8836
8838
8839
8841
8847
8848
13092
8849
8850
9939
8852
10037
11775
11590
8858
8860
8861
8862
8863
10101
11032
8864
8866
8867
8868
13387
11193
11610
8869
8870
11872
8871
11054
8875
8876
8877
8878
8879
9894
8880
8881
8883
12396
8886
8887
8888
8890
12279
8891
8892
8894
8896
8897
8898
8899
8901
8905
8906
8908
8909
8910
8912
11720
8913
8914
8929
8918
8917
9855
11142
9203
8920
8922
8925
8923
8926
8927
8928
8930
8931
8932
8933
8936
8937
8940
8941
8942
8945
8949
8950
8951
8953
8954
8956
11804
9509
8960
8961
8967
8971
8973
8972
8974
8975
8976
13708
8980
11637
10484
10587
8981
8982
8990
8991
8993
8995
10571
8996
8997
8998
9001
12312
9002
9003
9005
9007
9010
9012
9017
9018
9025
9030
10690
9034
9768
9035
9037
9038
10039
9041
9042
9045
9046
9294
11952
9054
9056
9058
9060
10291
9062
9467
9064
9067
12271
9068
9072
9075
9076
11722
9077
9078
9079
9080
9081
9082
9083
9084
9085
9086
9089
12412
9090
9091
9092
9093
9094
9096
9097
9100
9101
9103
9104
9105
9106
10235
13598
11791
9107
9108
9110
9111
9113
9114
9115
9117
9118
9125
13505
9126
11315
9130
9132
9134
9135
9370
9136
9137
9138
9139
9141
9142
9144
9146
10789
9148
9149
9153
9155
9156
9159
10881
9513
9161
11056
9165
9166
9787
9167
10384
9171
9183
14268
9172
9174
9175
9177
9179
11522
9184
9185
9186
9187
9188
9196
9197
9198
9202
9212
9204
9205
9206
9208
9210
9211
10599
9214
11776
10612
9216
10288
9217
9218
9219
9221
9252
9222
9224
9226
9227
9229
9231
9935
12173
9233
9234
9238
9240
9241
9257
13408
9667
9592
9246
9248
9258
9259
9260
10543
10323
9261
9262
9263
9265
9298
10556
9269
9270
13311
9272
9273
13866
9557
9275
9277
9718
9283
9795
10316
9284
9285
9288
10871
9290
9291
9794
10324
9299
9302
9303
9305
9306
9309
9315
11946
10502
9318
9320
9321
9322
12671
9325
10212
9328
9331
9332
9333
9336
9337
9338
9339
9340
9343
9344
9345
9346
9347
9348
9349
12033
9350
9352
9354
9355
9356
11035
9359
9360
9890
9371
9372
9373
9376
9377
9380
9381
10413
9382
9385
11165
9386
12247
10734
9388
9390
9391
9392
9393
9396
9397
9398
9399
9400
9404
9402
9405
9406
9407
9408
9410
9414
9415
9417
9418
11601
9421
9422
9423
9427
9428
9432
9433
9434
9435
9436
9437
9438
9441
9442
9443
9444
9445
9447
9449
12876
9452
9453
9454
9456
9457
9459
9460
9461
11749
9462
9463
9464
9469
9471
10834
9473
9474
9475
9482
9484
9485
10501
9486
13161
9487
9488
9489
9490
9492
9493
9494
9496
9498
13789
9501
9502
13355
11930
13718
9504
9505
9507
9510
9515
9517
9518
10521
9522
9523
9525
10541
10217
9526
9528
9529
9531
9533
9534
9537
9539
11343
9541
9543
9545
9546
9549
9551
9554
9559
9565
9566
9567
9568
9569
11594
12635
9570
9571
9572
9574
9575
9576
9577
9581
9583
9586
9587
9589
9594
9595
9596
9597
9598
9600
9602
9604
9605
9607
9608
13397
10278
9612
9613
9614
9618
12847
11395
13889
10287
9620
10308
9628
10156
10739
10947
11628
9626
9630
9631
9633
9636
9638
9640
9644
9645
12958
9647
13250
9648
9649
15391
9657
9651
9652
9653
9654
9655
9658
9660
9662
9663
9665
9669
9671
12346
9673
12345
9845
9850
9674
9676
9679
9678
9680
9853
9682
9686
9687
9691
9693
9695
9696
9698
9699
9700
9701
9702
10498
9703
9707
9709
9711
9713
9714
9716
9717
9719
9722
9723
9724
13372
9727
10667
9736
9731
9732
9735
9737
9738
9739
9740
9741
9742
9743
9744
9745
9746
9747
9748
9749
9750
9751
9753
9754
9755
9757
9759
9760
9761
9762
13586
9763
9766
9767
9769
9770
9771
9772
9775
9776
9777
9778
9781
9784
9785
9788
11048
9792
9797
9799
9800
9803
9807
12284
12485
9808
9809
9810
9811
10797
9814
9936
9818
9820
9821
9822
9824
9825
11003
9826
9827
9828
9829
9830
9831
9833
9835
9858
9837
9838
13235
9842
9843
9844
9847
9849
9860
10863
9862
9863
10094
9864
9865
10922
9866
9869
9870
9872
9873
9875
9876
9877
12603
9878
9879
9881
9882
12305
9883
9884
9885
9887
10535
10539
10537
9888
9891
9893
9895
9897
9898
9899
9900
9901
9904
9906
9907
9908
9909
9910
9911
9912
9913
9914
9915
9916
9918
13123
9921
9980
9923
9924
9925
9926
9928
9931
9932
9933
9937
9938
9940
9941
9942
9943
9945
9946
9947
9948
9949
9954
10089
9952
9951
9953
10232
9955
9956
9957
9960
9963
9964
9966
9969
9975
9977
9978
9979
9981
9983
9984
11040
9986
9988
9989
9990
14081
9992
11090
9993
9995
9998
10000
10002
10001
10003
10007
10004
10008
10009
10010
10011
10014
10015
10523
10016
10017
14516
10018
10019
10038
10021
10022
10023
10024
10025
10026
10027
10028
10029
10031
10470
10471
10892
10034
10035
10041
10042
10043
11138
10044
10045
10046
10048
10049
10051
10053
10056
10058
10060
10061
10064
10065
10066
10067
10068
10069
10070
10467
10894
10072
10073
10074
10082
10084
10083
10085
10086
10087
10088
10091
10600
10096
10097
10099
10107
10104
10105
10106
10108
10110
10111
10112
10113
10148
10121
10122
10123
11607
10126
13025
12446
10128
10129
10698
10141
10130
10131
10132
10133
10137
10138
10139
11630
12049
10142
10143
10144
10145
10154
10155
10157
10158
10160
10162
10163
10992
10165
10168
10169
10171
10175
10176
10180
10182
12224
10187
11690
10189
10190
10192
10191
10193
10434
10195
10196
11402
10447
13243
10201
10208
10203
10206
10204
10205
10207
10209
13936
10210
10211
10215
13675
10216
14288
10700
10218
10219
10221
10222
10223
14895
11925
10224
10226
10231
11397
10233
10234
10237
10238
10240
10241
10491
10245
13554
10246
10247
10248
11157
10249
10253
10254
10255
10257
12163
10262
10260
10264
10265
10266
10267
10963
10271
10273
10275
10276
10277
10279
10284
10289
10290
10297
10978
10298
10300
10302
10303
10304
10306
12088
10307
14177
13229
10311
14130
10317
10320
10321
10322
10325
10327
10328
10329
10330
11173
10332
10333
10334
10338
10337
10339
10340
10341
10343
10344
10346
10347
10348
10349
10350
10938
10356
10351
10352
10361
10357
10358
10359
10360
11396
10362
11251
10363
11322
12658
10364
10365
10367
10368
10369
10370
10371
10373
10375
10377
10378
10379
10380
10382
12405
10387
10388
10389
10390
10391
12050
10392
10393
10395
11978
11535
11278
10399
10400
10944
11845
10402
10403
10404
10405
10407
12587
10408
10409
10410
10411
10415
10420
10421
10422
10423
10427
10431
10429
10430
10432
10433
10436
10439
10440
10442
10443
10444
10445
11178
10446
10448
10449
10450
10558
10452
10453
10454
10455
10456
10889
10457
10460
12705
10462
10464
10469
11256
10473
10476
10475
10477
10478
10482
11224
10485
10489
10490
10492
10722
10494
10499
10497
10500
10503
10504
10505
10506
10507
10510
10508
14157
10509
10851
10511
10512
10513
10723
10515
10516
10518
10519
10520
10524
10525
10526
15064
10527
10528
10529
10530
10531
10532
10538
10544
10548
10549
10551
10552
10553
10554
10555
10557
10559
10560
10562
10565
10566
10570
12362
10574
10575
10579
10580
10581
10582
10583
10584
10585
10593
12938
10586
10588
10589
10590
10591
10592
13194
10594
10595
10596
10597
10601
10602
10603
10606
11174
11316
10608
10609
10610
10611
10613
10617
10615
10616
10618
12636
10620
10752
12135
10621
10622
10624
10625
10626
10628
10631
10633
10634
10635
10637
10640
10642
10647
10650
10646
10648
10649
10651
10652
10654
10657
10656
10658
10659
10662
10664
13406
10669
10670
10671
10672
10673
10674
10675
10681
10677
10678
10679
10680
10683
10684
10686
10687
10689
10692
10694
10696
10697
10701
10702
10705
10706
10708
14050
10709
10710
10711
10712
10716
10713
10714
10715
10717
11123
10720
11124
10721
10725
10726
10727
10728
10729
10731
10732
10735
10736
10738
10737
10740
10741
10742
10743
10744
10746
14468
10750
10751
10753
10754
10755
10756
13187
10759
10760
10758
10761
10764
10765
10767
10768
11912
10770
10774
10775
10776
10777
10778
12222
10779
15601
13749
10783
10786
10784
10785
10787
10788
10794
10801
10803
10804
10805
10806
10807
10809
13263
10810
10811
10812
10814
10815
10816
10818
11263
11250
13788
14891
10819
10820
10822
10829
10830
10833
10836
10837
10839
10840
10842
10843
10846
10847
10848
10856
10857
10858
10859
10860
10861
10864
10866
10867
12564
10869
10872
10883
10884
10885
10887
10893
10895
11602
10899
10902
12675
10903
10904
10905
12987
10906
10907
10908
10910
10911
10912
10913
10914
10920
10924
10925
10926
10927
10928
10930
10931
10932
10933
10936
10939
10940
10941
10942
10946
10952
10948
10949
11490
10951
10955
10957
10959
10960
10961
10962
10964
10967
10968
10972
10974
10975
10976
10977
10981
12910
10985
10986
10987
11918
10988
10990
11757
10994
10995
10996
10997
10998
11000
11004
11006
12008
11013
11014
11015
11018
11026
11027
11028
11030
13451
11033
11039
11041
11044
11045
11049
12425
11050
11051
11055
11057
11058
11059
11060
11063
11064
11069
11066
11067
11070
11072
11074
11078
11080
11082
11575
11083
11084
13469
13342
11086
11087
11089
11091
12077
12012
12641
11093
11094
11096
11099
13287
11106
11107
11112
11110
11113
11114
11115
12933
11117
11119
11120
11121
11127
11128
11130
13374
11132
11133
11135
11136
11137
13080
11143
11140
12432
11141
11144
11146
11149
11151
11153
12261
11156
11160
11161
11162
11163
11164
11167
11172
11177
13640
12288
11473
11181
11188
11190
11192
12583
11194
11196
11197
11198
11201
11202
11204
11206
11207
11208
11209
11212
11214
11215
13149
11225
11229
11231
11233
11234
11237
12638
11243
11245
11246
11248
11249
11252
11253
11255
11259
11260
11264
11266
11267
14968
11269
11270
11271
11272
11273
11275
11282
11755
11276
11279
12820
13682
11283
11284
11285
11286
12877
11288
11289
11290
11294
11295
11299
11298
11300
11301
11303
11304
11305
11306
11308
11309
11747
11313
11314
11317
11318
12137
11319
14696
11321
13153
11326
11327
11328
11894
12762
11330
11331
11332
11333
11334
11336
11337
11338
11339
12859
11340
11341
11344
11346
11347
11349
11353
11356
11357
11359
13074
11362
13208
12263
11367
11370
11371
11373
11374
12805
11375
11376
11377
11379
11380
12341
11381
11382
11383
11385
11387
11388
11392
11391
11393
13055
11399
12953
14364
11701
11401
11403
11404
11405
11407
11409
11411
11413
11414
11416
13120
11417
11418
11419
11421
11422
11424
11426
11427
11428
11432
11433
11434
11435
11436
13076
11926
11439
11443
11444
11446
11447
11451
11453
11454
11455
11456
11458
11462
11463
11465
11466
11467
11468
11808
11470
11471
11474
11476
11477
11479
11481
11482
13456
11487
11488
12602
11489
11491
11493
11495
11496
11498
11501
11504
11509
11512
11513
11514
11516
11517
11519
11524
11527
11528
11529
11530
11531
11532
11533
11534
11538
11540
11541
11544
11546
11548
11550
11553
11554
11558
12414
11563
11564
11565
11566
12980
12025
11567
13525
11569
11570
11571
11573
11574
11576
11577
11578
11579
11580
11581
11582
11583
11584
11585
11586
11589
11591
11592
12204
11596
11598
11599
11603
11604
11605
11728
11608
13922
11609
11613
11855
11621
12884
11616
11617
11619
11620
11622
11625
11631
11632
11633
11634
11635
11636
11638
11639
11642
11643
11644
11646
11648
12515
11650
11652
11655
11656
11657
11659
11663
11670
11672
11674
11744
11684
11685
11688
11689
11691
11694
11695
11697
14736
11699
13179
11700
11702
11707
11708
11711
11709
11712
11713
11715
11716
11718
11721
11725
11726
11727
14239
11730
11731
11733
11735
11736
11737
11738
11740
11741
11748
11750
11751
14639
11754
11758
12649
11760
11761
11765
12400
11770
11778
11779
13454
11780
13970
11785
11787
11789
13211
11792
11793
11802
11795
11846
11796
11797
11798
11799
11800
11801
11807
11809
11810
12169
11811
11813
11814
11815
11817
11819
12683
13184
11823
11824
13256
11825
11826
11831
11827
11828
11829
11830
11837
11839
11843
11844
12956
11851
11854
11856
11857
11858
11859
11860
11863
11862
11864
11865
11866
11867
11869
11870
11871
11874
11877
11879
11881
11884
11887
11890
11885
11886
11888
11889
11892
11893
11895
11897
11899
11900
11901
11903
11905
11906
11907
11908
11909
11911
11921
11923
11927
11928
11929
11931
11932
11933
11934
11936
11937
13071
11938
11939
11940
11941
11943
11945
11950
11954
11956
11957
11958
11960
11961
11962
11964
11965
11966
13389
13984
11969
13687
15931
13809
11977
11976
11974
11975
11982
12422
11987
11988
12001
11990
11993
11994
11995
11999
12006
12000
15028
12003
12004
12005
12961
12426
12899
12011
12015
12016
12018
12020
12023
12024
12026
15468
12028
12029
12030
12031
12034
12035
12036
12037
12038
12039
12040
12041
12042
12043
12045
12044
12046
12047
12949
12048
12051
12053
12058
12059
12061
12063
12067
12068
13780
12070
12073
12074
12076
12078
12080
12081
12082
12083
12084
12085
12086
12087
12089
12090
13777
12093
12094
12097
12096
12098
12099
12100
14172
14174
12102
12104
12106
12108
12778
12109
12110
12112
12113
12114
12117
12122
12123
12124
12125
12129
12127
12130
12131
12133
12136
12140
12141
12142
12143
12144
14889
12146
12147
12150
12151
12152
12157
12153
12155
12158
12161
12162
12164
12166
12165
12168
12170
12172
12174
12175
12178
12179
12181
13048
12182
12183
12184
12185
12187
12188
12189
12190
12192
12193
12194
12195
12199
12198
12201
12202
12332
12785
12206
12207
12208
12213
12214
12216
12217
12218
12220
12221
12223
12230
12236
12238
12242
12245
12248
12250
12253
12255
12256
12257
12259
12258
12260
12481
12264
12265
12267
12269
12273
12274
12277
12282
12283
12287
13303
12289
12290
12291
12292
12298
12299
13330
12301
12302
12304
12303
12307
12309
12310
12311
12313
12314
12316
12318
12321
12322
12323
12324
12326
14689
12331
12333
12334
12335
12338
12339
12342
12343
12344
12347
12348
12351
12353
12354
12355
12356
12357
14040
12361
12364
12365
12367
12369
12370
12371
12372
12374
12375
12376
12377
12947
12378
12380
12382
12383
12384
12385
12386
12390
12392
12393
12398
12399
12402
12403
12407
12410
12413
12416
12420
12423
12424
12429
12837
12430
12500
12431
12436
12441
12443
12445
12447
12448
12449
12450
12453
12462
12454
12463
13105
12510
12456
12460
12458
12459
12461
12465
12469
12471
12472
13296
12475
12476
12479
12482
12486
12487
15704
12488
13323
12499
12501
12502
12504
12505
12506
12508
12509
12511
13168
13392
15556
12517
12518
12519
12520
12521
12522
12523
12524
12526
12527
12528
12529
12530
12531
12589
12533
12536
12540
12544
12546
12547
12550
12551
12552
12556
12557
12560
12562
12563
12660
12567
12573
12575
12579
12580
12581
12582
15069
12584
12585
13087
12590
13267
12591
12592
12593
12594
12597
12598
12604
12605
12607
12608
12610
12612
12611
12613
12617
12618
15138
12630
12634
12639
12640
12644
12646
12648
12655
12657
12659
12661
13294
12662
12666
12667
12668
13613
12677
12678
12679
12680
12681
13117
12685
12687
12689
12690
12802
12696
12697
12699
12700
12701
12702
12703
12706
12709
12711
12713
12717
12716
12718
12719
12720
12721
12722
12723
14542
12727
12728
12731
12732
12736
12737
12738
12741
12742
12743
12745
12746
12747
12748
12749
12751
14366
12755
12756
12758
12763
13741
13712
12765
12770
12769
12771
12773
12774
12775
12776
12779
12783
12784
12786
12870
12787
12790
12791
12792
12793
12794
12801
12804
12807
12810
12812
13335
12816
12817
12821
12822
12824
12828
12829
12831
13215
12835
12836
12843
12889
13602
13266
12852
12854
12856
12855
12861
12863
12865
12866
12867
12868
12869
12871
12872
12874
12880
12885
12891
12895
12896
12902
13304
13305
12903
12904
12906
12909
12914
12917
12919
12918
12922
16077
14015
12930
12935
12936
12941
12944
12945
12954
12955
13514
12963
12964
12967
12970
12971
12972
12974
12981
12982
12984
12991
13828
12992
12993
12995
12997
12999
13003
13605
13004
13006
13143
13007
13008
13009
13010
13011
13017
13019
13020
13022
14243
13023
13026
13030
13031
13032
13035
13036
13037
13040
13041
13042
13396
13047
14767
13049
13050
13052
13054
13058
13061
13063
13066
14514
13067
13068
13072
13069
13070
14907
13077
13082
13376
13089
13093
13096
13098
13102
13103
13107
13108
13109
13110
13111
13115
13121
13122
13137
13125
13128
13129
13133
14216
13135
13136
13139
13142
13145
15743
13148
13150
13154
13159
13160
13163
13164
13165
13171
13172
13174
13232
13176
13188
13189
13193
15140
15067
13197
13201
13461
14557
13203
14730
13206
13210
13213
13217
13218
13219
13221
15038
13226
13230
13231
13237
13238
13239
13240
13241
13242
13247
14750
13248
13251
13253
13257
13270
13258
13259
13264
13268
13269
13271
13272
13954
13277
13278
13284
13285
13289
13290
13291
13887
13295
16027
13297
13307
14566
13313
13314
13316
13324
13331
13332
13333
13334
13386
13337
13728
13729
13339
13340
13345
13347
13349
13350
13353
13357
13358
13359
13363
13364
13368
14664
13381
13385
13384
13391
13400
13402
13404
13409
13417
13421
13422
13424
13426
13427
13429
13431
13432
13434
13435
13441
13442
15320
13445
13449
13457
13462
13475
13477
13482
13483
14835
13486
13489
13491
13493
13495
13496
13497
13500
13502
13503
13508
13509
13517
13519
13521
13524
13532
13533
13535
13536
13630
14307
13539
13540
13542
15078
13544
13545
13948
13546
13547
13552
13553
15769
13555
13556
13557
13560
13566
13568
13569
13571
13572
13575
13786
13581
13584
13587
13590
13591
15543
13599
13597
13600
13606
13607
13609
13610
13611
13612
13617
13622
13625
13626
13629
13633
13638
13641
13642
13643
14007
13648
13655
13663
13666
13672
13680
13676
13677
13685
13686
13689
13696
13699
14762
14915
13702
13705
13707
13709
13715
13723
13726
13732
13734
14601
13744
13750
13752
13755
13760
13763
13764
14119
13765
13767
13770
13775
13776
13778
13781
13782
13787
13791
13792
13794
13798
13799
13801
13802
13803
13805
13810
13812
15266
13815
13816
13818
13819
13820
15165
13829
13831
13837
13838
13841
14282
13842
13843
13847
13849
13850
13851
13858
13861
13863
13867
13868
13870
13871
13873
13877
13884
13885
13891
13892
13893
13894
13895
13897
13898
13899
13905
13907
13910
13912
13916
13919
13920
13921
13923
13925
13926
13927
13932
13937
13942
13949
15471
13953
13955
13956
13958
13961
13960
13963
13968
14568
13973
13979
13990
13987
13989
13988
13991
13992
13995
14001
14002
14005
14008
15667
14009
14011
14019
14024
14028
14029
14030
14033
14035
14036
15415
14037
14039
14041
14042
14048
14049
14051
14052
14059
14060
14062
14068
14069
14074
15742
14082
14083
14085
14088
14089
14633
14281
14352
14095
14096
14901
14098
14100
14636
14102
15094
14867
14105
14111
14112
14114
14116
14120
14124
14128
14129
14131
14133
14138
14139
14144
14734
14147
15084
14150
14153
14156
14158
15816
14160
14570
15336
14168
14173
14176
14373
14179
14180
14181
14183
14185
14187
14190
14191
14193
14194
14198
14199
14200
14202
14204
14205
14206
14207
14208
14209
15605
14212
14213
14218
14219
14221
14222
14225
15559
14234
14235
14245
14251
14254
14253
14257
14258
14262
14261
14372
14794
14276
14277
14284
14279
14286
15179
14296
14299
14305
14308
14313
14314
14318
14321
14326
14330
14333
14334
14335
14336
14338
14343
14346
14356
14357
14358
14360
14363
14377
14388
14390
14393
14394
14395
14401
14402
14404
14406
14409
14410
14411
14412
14414
14416
14424
14427
14428
14432
14433
14440
14950
14443
14445
14455
14456
14458
14462
14471
14474
14476
14478
14481
14482
14497
14499
14513
14518
14522
14524
14619
15949
14550
15501
14554
14561
14562
14563
14564
14574
14576
14577
14578
14581
14582
14590
15412
14613
14614
14617
14621
14622
14631
14638
14641
14837
15480
14657
14660
14663
14773
14682
14688
14694
14695
14701
14704
14707
14709
14710
14717
15216
14720
14722
14723
14727
14726
14732
14731
14738
14739
14748
14763
14765
14778
14783
14785
14787
14788
14795
14798
14800
14804
14806
14810
15617
14819
14820
14827
14829
14840
14842
14843
14846
14869
14849
14857
14860
14870
14873
14880
14881
14882
14893
14896
15253
14904
14912
14913
14933
14934
14939
14943
14948
14951
15075
14956
14957
14971
14975
14984
14985
15007
15009
15011
15018
15029
15034
15036
15042
15056
15062
15066
15077
15079
15091
15093
15096
15097
15098
15099
15100
15103
15118
15130
15134
15135
15141
15146
15152
15154
15157
15924
15760
15182
15185
15190
15191
15195
15198
15202
15209
15210
15672
15213
15214
15218
15219
15222
15223
15234
15240
15619
15246
15255
15260
15262
15265
15272
15274
15276
15278
15286
15291
15299
15308
15311
15312
15316
15317
15330
15331
15333
15341
15348
15349
15350
15356
15364
15366
15372
15373
15374
15410
15423
15425
15427
15432
15434
15438
15440
15441
15442
15603
15453
15454
15456
15469
15478
15487
15510
15513
15521
15531
15532
15534
15535
15538
15544
15550
15558
15562
15564
15565
15571
15572
15580
15583
15608
15609
15615
15618
15627
15630
15640
15639
15642
15644
15646
15675
15683
16142
15709
15711
15985
15718
16038
15752
15753
15761
15799
15842
15846
15848
15852
15866
15869
15875
15892
15895
15897
15911
15915
15926
15930
15962
15989
16009
16023
16035
16050
16070
16109
16135
16149
16178
