0
1
2
21
3
4
5
6
7
8
9
10
11
4399
4500
12
13
1321
14
15
16
17
2256
18
19
20
1383
22
23
1415
24
4656
1322
25
26
27
28
3073
29
30
31
32
1334
33
34
35
36
37
38
1693
39
40
41
42
4090
43
44
45
46
47
2553
48
284
49
2563
50
51
2444
52
53
54
55
56
57
58
59
2959
60
1326
61
62
63
64
27945
8357
1678
65
1081
291
66
1771
67
4584
68
69
70
71
1317
72
73
1064
1092
74
75
76
1303
287
77
1312
78
79
80
81
1095
82
83
84
85
418
11441
1370
86
1096
87
49300
88
89
90
91
92
221
93
2266
94
95
96
268
8724
97
98
99
100
6430
101
102
4180
1683
1682
350
103
104
2214
105
106
107
108
109
111
2490
112
920
113
114
115
116
117
118
6107
8429
119
120
121
122
1485
3807
1230
123
124
125
126
127
128
3642
129
6314
30434
6270
130
2447
131
132
1072
133
134
135
1165
136
137
138
139
1969
140
141
142
143
144
2286
1093
1099
1104
145
146
3801
147
148
149
150
6100
193
151
152
153
154
155
3058
156
158
160
13710
21634
161
162
20938
163
164
166
168
170
171
16105
173
187
3817
1100
174
4211
11654
175
1850
177
9345
179
8165
180
181
1492
182
185
253
186
188
2320
189
190
191
3680
1098
192
194
223
195
5686
3842
196
197
198
3326
199
10530
258
1404
200
1125
2289
4178
201
202
203
204
205
206
207
208
3827
8954
209
1922
3782
210
211
212
213
214
215
1126
216
217
1489
218
219
220
222
224
225
3640
1356
226
227
1247
3874
2100
228
229
230
231
232
233
234
235
236
237
238
239
240
241
1813
242
4755
3831
4534
243
1335
244
245
246
4575
3783
3987
247
2461
14785
248
1407
249
2079
250
1520
251
252
3634
7615
254
428
255
2006
256
257
259
2302
260
1401
261
262
14478
263
2300
1497
264
265
266
267
4278
269
270
2182
271
11091
1297
272
273
3835
274
275
1323
1884
276
1613
2040
277
278
279
280
24812
281
282
1065
1071
283
285
286
3300
288
1778
5931
289
365
2758
290
3875
1346
4675
292
293
294
1853
295
296
3853
2756
1164
297
1760
298
299
2750
300
9004
301
302
303
304
305
1055
306
307
972
308
309
1138
310
2922
311
312
313
314
315
316
317
318
1257
319
320
2178
321
980
1123
322
323
324
4189
325
11672
326
327
328
329
330
331
1329
332
333
16613
334
1101
335
336
337
1864
5743
1806
1858
338
1386
339
1361
340
8777
2486
341
342
343
51470
344
345
346
347
348
5901
2961
356
1898
349
2298
2148
351
2216
352
353
468
354
355
2048
357
358
3947
359
360
361
9364
1263
6953
362
363
983
364
366
367
368
1179
369
541
370
371
372
373
374
40296
376
378
380
4572
381
382
383
385
727
1891
386
905
389
34019
1158
392
394
395
397
1168
399
405
571
408
409
1927
411
4092
412
413
414
10291
415
416
417
29606
419
420
421
1345
422
423
975
424
425
1483
426
2143
427
1923
429
430
431
3883
432
433
434
435
436
437
3790
438
439
1664
3788
1129
3980
440
10577
4492
441
16498
442
443
3732
444
12281
445
446
447
1390
448
449
6119
450
532
451
452
453
3837
454
1397
4070
455
456
457
2414
458
3821
2314
4116
459
20966
460
461
1259
10582
462
463
464
465
466
1775
467
6153
469
1285
8859
470
27932
471
1467
1468
472
473
474
475
476
6139
477
478
479
480
1956
481
482
1779
483
484
1792
2092
485
486
487
488
489
1135
490
1418
6251
491
492
493
494
495
496
1180
498
499
6172
500
6335
501
502
503
1384
504
10636
850
505
506
507
508
509
15550
510
511
1500
512
10290
513
514
10615
515
7060
516
517
910
518
578
519
11201
520
1228
521
9717
522
523
971
524
4545
21006
526
527
528
529
530
531
2248
9152
539
533
3856
15040
534
535
31284
536
16306
537
538
50909
9154
540
542
543
544
545
2549
546
547
548
1880
549
550
1903
551
552
553
554
555
556
557
1128
558
6323
1156
559
560
1408
561
562
563
1190
3214
564
565
566
567
19111
568
569
570
572
1154
9401
574
575
576
577
579
6490
580
581
582
9720
6132
583
41712
8864
584
2237
585
586
587
5579
2697
4554
2138
588
1222
589
590
3855
591
14693
592
593
594
595
4226
3936
596
597
598
31696
599
600
601
602
18256
603
604
605
15581
606
16392
607
608
609
610
10637
4408
1159
611
6041
612
613
614
615
1160
617
4726
618
11982
619
2060
620
16123
4089
621
622
623
624
625
626
6501
627
628
629
630
797
10872
631
2816
2844
18270
632
633
2920
1681
6367
635
1761
999
638
1224
16554
640
4111
641
642
643
645
647
648
649
650
651
17105
652
653
19256
655
2747
656
1747
30921
12722
659
660
661
5895
662
663
664
665
757
666
667
668
669
670
1731
671
2201
672
3815
673
674
1748
675
15096
678
37947
7741
679
680
20529
681
682
1082
1350
685
686
687
10579
688
689
22284
690
691
8366
692
693
694
695
696
697
2047
698
715
700
2412
701
51025
704
705
706
1499
4559
709
711
712
714
716
717
718
29709
720
721
722
723
724
725
728
62177
6168
729
17126
730
4253
731
6250
1686
732
733
1140
39655
734
29640
736
8999
739
740
742
1957
743
744
16870
745
1085
1060
746
747
748
750
751
33122
754
755
2046
1877
759
761
763
764
765
766
7041
767
16121
769
770
1149
771
772
773
774
1890
775
777
778
779
780
783
785
786
3696
787
789
790
20979
792
794
795
1232
799
800
2755
803
804
805
16275
806
807
1255
1793
6360
808
1906
6412
809
810
811
812
814
30429
815
816
817
818
861
858
822
825
827
829
1056
833
835
11667
839
841
844
845
33118
847
33120
848
849
33128
851
37783
33123
856
862
865
15734
867
868
872
874
1975
1821
1978
880
881
6641
1976
1274
882
45668
890
891
1756
899
903
904
1719
907
4112
1405
8933
1450
911
1069
41596
913
914
915
917
918
3982
921
923
13698
2051
925
927
931
78791
933
935
937
938
944
1849
968
1000
946
4024
952
1301
6244
954
955
14947
2421
956
16869
970
973
974
976
10265
23026
977
978
979
3871
981
982
1472
984
985
986
987
988
15814
989
990
1782
991
33087
992
993
994
995
1827
997
11964
998
3653
1001
1002
1003
1008
19346
1009
1010
9760
4257
1011
1012
1013
1015
1016
1017
2548
1018
1019
1020
1022
1023
1025
1028
1031
4509
1033
2054
1036
1037
1038
1284
5043
1039
1040
12517
1041
1231
1866
1042
1044
1045
5909
1047
1048
7327
3325
1049
1050
1051
62178
8375
1057
1161
1223
1245
1059
2442
1061
1062
1063
3323
1066
1067
1068
2445
1070
1083
1073
1074
1075
65727
1076
1146
1078
1079
1080
1084
1087
7024
1088
8381
5544
7027
1089
1103
1090
16621
1658
1091
3840
1365
1094
1097
1102
1105
6879
1106
1108
1110
1111
1114
7751
1117
2305
5549
1119
1120
1121
7757
1122
3639
1124
1127
1130
1131
1132
1133
1979
1134
15804
12369
1137
1139
1141
1246
1142
1143
1144
2441
1145
4202
1147
1148
5733
12501
1150
1151
1152
5645
1153
8359
1155
1157
1162
1163
1166
5548
1167
1169
1170
1171
1172
1174
1175
1176
1177
7486
1178
1181
1182
1184
1187
1188
1189
1362
1191
1192
15750
7812
1194
1195
50908
1196
1197
1198
53451
15742
1199
3787
47487
6106
1200
1201
1202
13184
17231
11713
1206
1856
22275
1209
4688
1210
1211
1212
1213
1215
1216
1217
1218
1219
1220
1221
1292
15051
9386
11398
1227
1233
1235
1668
36847
1236
1237
7013
1238
1240
1241
2114
2160
8286
1406
1242
1248
1249
1250
1251
1252
1253
1254
1432
1256
1258
1260
1261
1262
1264
1265
1266
1267
1268
28050
1269
1270
1271
1272
1324
1273
1275
1276
1277
30129
1278
1279
27975
1281
1283
1286
1288
1287
1290
1294
1295
1296
1298
6147
1299
1300
14878
1749
1302
1304
5585
1305
1306
1307
1308
9500
1518
1309
1310
1311
1313
1314
1315
1316
1318
1319
2796
4491
1320
5706
4457
1325
1327
1328
12332
1330
1331
1332
1333
1336
1337
28329
5742
1338
12342
1339
4639
3986
1341
1342
10903
1343
4660
1344
1347
1349
3879
3071
2259
4197
4062
1351
1352
4118
3825
1357
1358
1359
1360
4187
1363
1364
1366
1372
1374
1375
1376
1377
1379
8587
1380
2768
9383
1381
1382
1387
1388
4605
1389
1727
1391
1392
3820
4201
1393
1394
1395
1396
1398
1399
1515
1400
3645
3305
4495
1491
1402
1424
1403
1409
7809
1410
3854
1411
1412
1413
3880
1414
5978
69880
1416
1417
6797
1419
1420
2254
1421
2050
1591
1852
1610
1423
1425
1426
2968
1427
1429
1428
71051
1430
1431
3830
4502
1433
4578
3681
1434
1826
1435
3843
4110
1437
1438
1439
1440
1441
5561
1442
1443
1444
1445
1446
1448
1451
3328
3828
1452
1453
4521
1454
8431
1455
1456
1462
4286
1466
1469
4097
2921
1470
3850
1471
1473
1474
1706
3685
2415
1479
1475
1476
1477
1478
1480
2202
66201
1481
1482
1484
1486
1487
2029
1488
39905
17213
1490
1493
1494
4413
1495
11173
3641
1496
1498
2723
11170
1501
1502
1503
1504
1505
2440
6887
6966
1506
1507
1508
1509
1510
1513
1514
1516
1519
1521
1522
1523
1525
1526
1574
5890
2251
1527
1619
1528
1529
1565
5757
1530
1546
1531
1580
1532
5775
1533
6699
1534
25742
1537
1538
80632
1542
1545
1549
1550
1552
1553
1557
1559
54843
1561
1562
7603
17873
1568
1570
17852
1579
1584
1589
1590
1592
1593
1594
1873
1595
5711
3849
1596
1597
1598
1601
1602
2088
9327
1603
11544
3972
1604
2905
19026
1605
1606
11924
1607
1608
1609
1611
1612
1614
1615
8297
1616
9677
3337
1618
3355
1620
1621
4589
2365
1622
1623
8385
3363
5917
1627
15487
1626
1628
2049
3796
1629
1630
1631
1632
1633
3062
1799
1634
1635
1636
5967
1641
1637
1638
1639
1640
8545
3775
1642
2000
1643
1644
1645
10591
32336
1646
1647
10587
1649
1648
33356
1650
1651
1653
1654
3808
4042
1851
1655
1656
1862
1657
4067
15492
1659
1660
14789
1661
1663
6403
1665
1666
1667
1670
1671
6312
1769
1672
1673
1674
1677
1768
4452
1753
1679
17101
1680
35564
1684
1685
1687
2434
2476
1688
48546
1691
41516
1702
1694
1695
16792
15513
1696
1697
1714
1698
1699
1700
4305
1703
26207
1704
1705
1707
1716
1708
38619
1711
1713
4626
1715
1720
1728
1721
9676
2303
1722
1795
1723
1724
1725
1729
1730
3971
1998
2411
3946
4684
1757
1732
1733
1734
1735
1738
1740
4549
1742
1743
1744
1745
2020
1746
6033
1752
1754
3064
8466
8591
1755
1758
1759
1762
1763
1764
1765
1770
79448
1772
30282
1773
1774
1776
3644
5661
4498
1780
1781
1783
1784
1785
8280
1787
1788
1789
10855
3647
4518
1791
1794
9801
1796
2542
11388
2960
1797
37837
2306
1798
1800
1801
1802
11951
1803
1805
8457
1808
4045
3858
1809
1810
1811
1812
1814
1815
1816
2472
1817
1818
1819
28814
12870
1822
1823
1824
10278
3907
4715
3981
1825
1828
1842
1829
1830
1833
11181
1836
7498
1837
2170
1838
2065
1839
1840
61986
1841
2190
3873
1843
1844
1845
8990
23158
1846
7286
1847
1848
1854
1855
1857
1859
2848
1860
61105
1861
1863
1865
1867
11528
1868
1869
1870
1871
1872
8576
1882
1874
1875
2754
1876
1878
2501
7890
1879
1885
1886
1887
1888
1889
1892
1893
1894
19156
1895
1896
1897
1899
1900
1901
1902
1905
82733
1904
1980
2112
1907
1908
1909
1910
1940
1911
1912
1913
2011
1914
10272
1916
1917
2026
2030
1919
1920
1921
1924
1935
6020
1933
1925
1926
16040
1928
1929
21867
1930
1931
1932
1934
3872
1936
1937
1938
1939
3209
1941
1942
15266
2055
1943
1944
1945
1946
2176
1947
1948
1971
2185
1950
1951
2062
2163
1952
1953
1954
1955
1958
17065
1959
1960
1961
1962
1963
2109
1964
2171
1965
1966
1967
1968
16041
1970
1973
2142
3781
1974
12293
6102
1977
1981
1982
1983
1984
1985
3799
1986
1987
1988
1989
1990
1991
1992
1993
1994
2005
1995
1996
4700
3852
1997
2016
1999
2001
2002
2003
2004
2007
5961
2008
2009
2010
2012
2013
10264
2014
3688
10705
2015
10827
2018
6263
15512
2019
8590
10668
10746
2021
2022
2023
6248
6252
5898
2027
2028
2031
2052
2033
2034
2180
17233
2035
2036
2037
2038
2039
2198
2041
2045
2053
2056
2057
8276
2059
2061
12866
7491
2063
2064
2066
66173
2067
2068
2069
8272
6264
11564
2070
2071
2072
2073
8243
2075
10860
2076
2077
2078
2080
2081
18940
21887
2083
10710
2084
2089
2090
18108
17260
2095
2096
11929
2097
2156
2101
2102
2103
2104
2105
2106
2219
11975
31855
2110
78799
2111
2113
2184
2116
2117
3937
9066
2118
14639
2123
2124
10596
2125
41543
2128
2132
2133
2137
4412
2139
2140
2141
11930
2144
3123
2145
2867
2146
2192
4053
2147
2158
2149
2153
2150
2151
2152
2154
2155
10697
2157
2159
2161
2162
2164
2172
3803
2174
2175
2177
2179
79844
6136
2181
2183
2186
2188
6247
2189
2191
5974
2193
2194
2195
2197
2199
6012
2203
4326
2204
3860
7888
2205
4204
2206
2209
2211
2213
2215
2217
39947
10767
2220
39980
2221
2222
2223
2226
2227
11597
6143
2228
2230
2232
9822
2234
2235
2236
2238
2239
2241
2240
2243
2244
2245
2246
2247
2249
2250
2252
2253
3081
4188
2255
2257
2258
2260
16556
2261
2285
2473
11706
2262
12314
4196
2263
2264
2265
2267
7323
2269
2270
2271
2272
2273
2274
2275
12331
2277
3060
2292
4519
2278
2279
2280
4699
4416
2475
2287
2288
2290
2294
32608
2295
2296
47433
2299
2301
16586
2304
60789
2307
2308
16627
2310
2311
2312
2313
2317
2318
2319
2321
2322
2342
2323
2324
2325
30111
5766
2326
2327
2328
2329
6216
2330
6217
2331
25756
2332
25757
2333
2334
25760
2335
23706
37482
2336
3698
2337
37485
2338
2339
2340
2975
2341
2343
8294
12298
2344
29841
3272
2345
4459
2346
2347
2348
37461
29810
2349
2350
2351
2352
2353
2355
2354
2356
16694
2357
2358
2359
2360
37568
2369
2361
2398
2362
2363
2364
80440
2366
25774
2367
37502
2368
2370
80445
2371
2372
13927
2373
80446
2374
83399
6224
2375
2376
2377
29840
2378
57792
83428
2379
83429
2380
83430
2381
24753
2382
6220
2383
83395
2384
83456
2385
2406
2386
2387
2388
2535
2389
57793
83460
2390
4460
2391
80144
2392
83468
2393
54170
2394
2395
2547
2396
2397
2399
83487
57811
2400
83500
2401
2402
2403
2408
2409
2410
10629
2413
3684
2416
8290
3126
2417
2418
2422
2423
2424
2433
2425
2426
2427
2428
2429
2769
2470
2430
2431
2432
30044
2435
2436
2437
4287
8714
2564
2859
2438
13875
7814
2439
2446
2448
2449
2450
2451
2452
66178
2453
2454
2455
4293
2456
32604
2458
2457
2459
2462
67068
17206
2463
2469
2465
2474
2695
2471
7074
2477
2478
2487
2565
3010
2488
2489
2491
2492
2493
2494
2495
2496
2497
2498
2500
8471
3785
3780
16239
2504
2514
2515
2517
12948
2520
42451
2524
2537
2532
2534
2536
2541
2538
17955
16939
2858
2539
2701
2540
2543
2544
2545
2546
2550
28810
2551
2552
2554
2555
2986
2557
4487
2558
2559
42417
2560
2561
2562
2767
2566
2567
2568
2873
2569
2570
2571
2572
2822
2573
2574
2795
2805
2814
2821
2575
2576
2994
2577
2740
2578
2579
2847
2782
2580
3303
9857
2581
2582
2675
2583
7760
2838
2748
2584
11445
8461
2585
2586
2587
2588
3009
2589
2889
2590
2591
2592
2594
2593
2862
2595
2597
2599
12628
2600
2601
2602
2603
2604
2607
2608
2903
2609
2610
2611
2613
2988
2614
2901
18288
2619
2620
2679
2623
38398
2624
29714
47939
2627
3030
2634
2635
2636
2660
2637
2641
2643
2651
33516
22812
6070
2658
2977
2661
2672
2673
2674
9785
2676
2677
2698
20901
2680
2681
2682
2877
2840
2850
2683
2797
2802
2774
2684
7847
2851
2685
2686
2866
8458
2687
2688
2689
2690
2691
2692
2693
2696
2699
2700
2702
7736
2703
2704
8312
2705
2707
2709
2710
2711
2854
2712
2745
2714
2717
2718
2719
2720
2721
2722
4548
2724
6063
2729
2730
5698
2732
2733
33052
2734
2739
2741
16585
2742
2744
2746
2749
2751
2753
2757
27852
2761
2764
2885
2762
2763
2857
2765
2766
4485
4484
2819
8603
2770
2771
2772
2773
2775
2776
2777
2778
2779
2780
2817
2781
2783
36450
2810
2784
2785
2786
2787
2788
2793
2789
2790
2791
2804
2792
2794
2798
2799
2800
2801
2803
8574
2834
2806
2807
2808
14975
2809
2897
2813
2818
2820
8609
2823
2824
2825
2826
2827
2829
32687
10269
2832
2833
2835
2874
2837
2836
2839
2842
20528
3003
3011
2843
2845
2846
2849
2853
2855
2856
27859
2860
2861
6131
6124
2864
2869
2887
38412
2878
2879
52561
2902
2882
3350
2888
2890
2893
2894
2895
2896
2899
31285
2906
2907
3338
2908
2909
2910
16759
2913
2914
9708
2915
2918
8114
2919
10951
2923
15032
2925
2926
2928
2929
2930
13872
2932
2933
2935
2937
2938
2955
2956
2957
7330
2958
8767
9217
6884
2962
4576
2963
2964
7494
2965
2966
7036
2967
2969
4205
2970
2972
2973
6858
2974
2976
20710
2978
33622
2979
2980
11794
2982
2983
33880
2985
33873
3002
2990
7490
2995
2996
2997
2998
17247
33399
3000
4057
3001
3005
3006
3007
3008
3012
3013
8459
3014
3015
42432
3016
3017
3018
11838
3019
3020
11842
8632
3023
3028
41969
6067
3029
20517
73974
3051
3053
20939
3056
3057
5741
21761
3117
4442
3061
3063
3065
10491
3067
3068
71063
3069
3070
3072
3074
4200
3075
3076
3077
3078
3307
4621
4455
3079
3080
3082
3084
3086
4527
3087
3088
16536
3089
4106
11556
3092
6022
3093
3094
11187
3095
3096
3098
3102
3104
3107
3108
3109
3110
3111
3112
3113
3115
3116
41504
3118
3119
3804
3121
3125
3129
3648
4501
3133
4612
10605
3137
4235
32648
8869
9358
3143
3144
3146
3152
3153
3154
37412
3169
3170
3171
3172
11519
3176
3178
4131
11592
3207
3213
32084
3218
69830
3223
3225
3226
3231
3236
3250
3251
20550
7924
3252
3253
3257
3267
8012
3268
3275
3276
3286
3299
4114
3304
20066
3318
3322
11934
16614
22790
3333
3335
3334
3336
3339
3340
3341
3342
3978
6026
6493
6486
3343
28806
3347
3351
3352
13322
3354
3356
3361
3362
3429
3452
3455
3457
3459
3460
3467
66480
57604
3478
3479
3481
3486
3490
47008
22782
3494
17131
41916
3511
3513
3521
41917
3531
3537
8600
41811
3543
3550
3557
3571
3573
63692
52335
3608
3609
47036
3610
8365
3611
3613
3614
3615
47379
3616
3617
54369
3618
3619
3620
3621
47314
71310
3624
3625
3626
83134
3629
83507
3630
3631
3632
3635
3638
3643
3646
6101
3651
3652
3654
3655
11994
3656
6949
6967
23120
3675
9069
3662
3664
47796
3672
3673
3676
18066
7947
22269
3678
3679
3683
11702
3686
4666
3687
3689
3690
3691
3693
3695
3699
3700
3704
3708
3709
14621
3713
3715
3720
3722
3944
3724
3725
3729
56014
3736
3738
6243
3739
3740
19298
3743
3744
3745
3746
20193
3754
3749
3752
3756
3759
3760
3765
3767
3769
3770
6209
9675
3774
3778
35847
12854
6018
3779
3784
3786
3791
3792
3793
3810
3794
3802
33995
3795
4604
3797
3800
3805
3806
3809
3811
3814
12278
3818
3819
3823
3826
10669
3829
3832
3834
3838
3839
3841
3844
3845
4193
3846
3847
3848
4304
3851
11180
6019
3857
3859
3861
39411
3862
3863
3870
3877
3878
16325
3886
3889
3891
3894
6145
3895
3897
6023
4760
3901
3903
3904
3905
3906
19157
3909
3911
3913
3914
14684
3916
3918
8029
3927
3930
3935
14647
3938
8588
15294
3939
3940
37971
3941
3942
14475
64981
3943
3945
3948
3949
3950
10528
10239
3952
7495
4463
3953
21890
3954
9151
3955
22202
3956
6371
4588
6375
3957
75703
4115
3959
15897
3960
32554
3961
10280
3962
13667
3963
3964
3965
16848
3966
3967
4040
3969
3970
3973
8807
3974
18917
13101
20703
3975
6029
3976
3977
3979
9290
8277
3983
3985
9001
3988
3989
6505
6158
13786
3990
33166
3995
3996
10736
16326
3998
3999
4000
16363
4002
66213
4006
4317
4009
5958
5962
5972
4010
4011
4012
4015
4016
4017
4018
4685
4022
6146
4023
10666
4026
4757
8273
4031
4036
4037
73629
4039
4043
14747
9009
4044
4046
4047
4048
4049
20721
4051
4054
4055
4056
4058
5732
13513
4059
4060
9329
4061
4063
9054
4064
4065
4066
4068
4069
4077
4093
4096
4098
4099
4186
4100
4102
4104
4191
4105
4124
4125
4126
4132
8310
4134
4135
4136
14487
4147
4150
4153
4158
17320
49072
4160
4171
15807
30486
16968
4175
4181
4182
4190
4194
4199
4206
12287
4207
4208
4209
4212
4213
4214
4299
4215
4216
4522
13794
43059
4217
4219
4222
4223
4224
4225
4227
4273
4228
4230
4232
11179
4233
5690
4236
4238
12519
6864
4243
16765
4244
4245
4246
14995
6056
4251
34170
4254
15562
4256
4263
41517
11962
4269
4274
4275
4277
4279
4289
4281
4283
4284
4334
4285
65711
66234
4288
4380
4292
4325
4295
6325
4296
4297
8462
9188
18922
4300
4301
5971
9270
4443
4306
4307
4308
8255
4309
4310
13492
4382
8254
4312
7029
4313
4314
4316
13495
5688
4322
4323
9091
17240
4338
4352
30878
4375
9289
4376
4377
4381
4383
4384
19060
32756
4388
6313
22121
4392
4396
16926
4397
4400
4401
4402
6035
6046
4403
4405
4406
4409
4410
9167
10271
4414
4415
4417
4423
4424
4425
47315
4427
4429
4430
4444
4445
4446
23062
4447
4448
5049
4449
27666
14755
17222
4450
4451
4456
4462
4466
4467
4468
4469
4471
4472
9856
4475
4476
4477
4478
14691
18102
4486
4488
4490
26487
4494
4496
5577
21714
4497
4499
4503
4504
4506
4507
4508
4510
4511
15070
4520
65745
4523
4524
11048
4525
11175
38815
13833
20136
4532
4533
4535
4537
6068
4541
4544
6114
6095
4551
4552
4553
8323
4555
4556
4557
4558
4560
4561
4563
4564
76130
4565
4571
4573
4574
4577
5697
4579
29385
7328
6120
6117
6326
4592
6094
6099
4580
4581
4583
8304
4585
4586
4587
4590
8033
14768
10890
4597
4598
4603
4607
4608
4611
20697
4613
4614
4615
4616
4617
5719
4618
4619
4620
57775
4628
4633
4635
4636
4637
4638
4640
4647
4659
4661
10558
4663
4664
18169
4665
4701
4667
4668
4669
4671
14138
4673
23279
4674
4677
4679
4680
9117
4681
11971
4682
17319
4683
4686
4687
4690
4694
6242
4702
22575
4703
4704
11742
23159
4706
4707
4708
4709
4710
4711
6208
4716
4717
4718
6021
4719
4722
5907
5893
4723
4725
15232
4731
4733
4738
4740
4741
4742
4746
4751
4756
4762
4763
10677
4764
4765
4766
4768
12032
4775
4776
4783
4798
4810
4816
72058
81623
4877
4900
4988
5010
5033
5036
5034
5037
15153
5040
5044
5045
5046
5047
5048
5050
5051
29719
5054
5058
5060
5061
6919
5109
32102
5117
5139
5156
5200
32373
5279
5285
5351
5389
37427
19001
5402
5429
5498
5543
5547
5550
9309
5554
13554
6125
13879
5556
5557
6478
5559
5560
5562
45886
5568
10520
51134
5570
14744
29411
5572
8306
5573
5575
38668
5576
5580
9361
10282
5584
5586
5589
16328
5590
5591
5592
5596
5603
11474
5644
5646
5647
5648
5649
5655
57774
5656
5658
5662
5663
5665
5666
5671
5673
7816
5679
5685
5687
5689
5691
5692
6413
5695
5696
55620
5699
5700
8015
25228
5702
5703
7193
5705
5707
80116
5708
5709
6299
18277
5710
5713
5714
5715
5716
15147
40512
5720
5721
33689
5722
47346
52427
5723
5724
5725
45762
5727
5728
5729
5730
5734
5745
5773
5892
5897
6311
5899
5900
5902
5903
5904
5905
32432
5906
5908
5910
5911
5913
5914
5915
5916
12478
5918
55942
5928
5930
5940
5941
5942
18958
10266
20527
5944
5951
5954
5956
5957
5960
5963
5964
5966
66244
5968
5969
5977
5970
5973
5975
5980
5981
5983
5985
5986
5988
5989
5990
5993
31951
6009
6569
6010
10952
6011
6013
16104
6016
6025
6027
6028
6030
6034
11953
11970
6036
6037
6038
6039
9116
6042
6043
6048
6051
6053
6057
6058
6059
6122
6069
6071
6073
6076
6082
6088
6089
6090
6091
6092
6096
8363
6097
6098
6103
6104
6182
6108
6110
17684
6113
6116
6118
6121
6123
6138
6127
6128
6129
6181
6156
6130
6133
6134
6149
6135
6137
6140
6141
6142
6144
6171
6152
6151
6154
6155
6157
10609
6159
79734
6161
6162
14606
6164
78804
79732
6170
10917
6174
13789
6175
6176
6178
6180
6183
6184
20143
6195
6196
6200
6202
6203
6206
6207
6210
13791
6212
6218
6219
6221
83488
83510
57790
6245
6246
12389
6249
6262
6265
6266
6267
6268
6269
6272
6273
6275
6276
6277
10845
22299
12958
9005
6279
6280
6282
7742
6283
6286
6287
6290
6407
6296
6297
6298
6300
6301
6302
6303
26531
6322
6436
6304
6305
6306
6307
6308
6431
6309
6473
6310
6316
6318
6320
10437
6426
6377
6474
10922
37797
66139
6324
6327
13822
6328
65705
6337
6330
6331
15570
6332
6340
6336
6333
6334
6338
6339
6342
6438
6343
6384
6344
6345
6347
14993
6350
6359
6361
9372
56516
6363
6365
6368
6369
6437
6372
6376
6378
6379
6422
6380
6382
6385
6386
6388
7165
6390
6391
9683
6398
6943
23691
6400
6401
6402
6406
6408
6409
6411
11822
6417
43466
6419
32132
6420
6425
6428
6481
6432
10617
6433
6434
6435
28149
6440
37757
6442
6475
6476
6477
6484
6479
6480
6489
11826
6494
10709
6499
6504
6511
6519
6520
10694
6521
6530
6532
6533
6543
10963
6546
24568
6551
6558
6567
6570
6571
31208
26824
6572
6575
6576
38843
47065
6635
6639
6640
6642
6674
6675
6691
6692
6693
6694
6786
6695
6696
6721
6744
6763
66301
6788
6792
6794
6815
6798
6799
6808
6818
6814
6816
6817
6822
6819
6831
6821
6824
6825
16011
6827
6828
6836
15588
6859
6860
7509
6862
6867
6871
6874
6878
6885
11991
6886
8168
6892
6893
6899
7759
6903
6908
6909
6910
6915
6916
6918
6921
7985
6927
6933
6934
6935
6936
6940
6941
6946
6951
6956
6959
34425
6979
6982
6988
6992
6994
9805
6995
7000
11242
7009
7012
7014
8436
7017
7019
7026
7030
7032
7033
7039
7050
15018
8417
27853
49696
7062
7066
7071
7081
7083
17143
8430
7088
60027
7094
7099
7104
19109
9027
7127
7130
8766
16128
7141
7147
9792
7160
9759
18257
7180
7183
16058
7194
7200
7217
7223
7269
7227
7230
7241
17159
7256
7260
7278
7280
51744
7287
7295
7299
11171
22193
7301
42424
65746
7302
7303
7305
7306
7307
7308
7309
7311
7312
7314
7316
7317
7318
7322
10527
7329
7331
12309
7336
7337
15460
7340
7341
7342
28568
24356
7401
7475
15349
7488
7489
7496
7504
7505
11176
7514
7611
7515
7522
7523
7524
7525
7531
7532
81152
7536
8024
7544
8035
7545
7546
7547
7554
7548
11638
7549
7550
18099
7551
7552
20180
7553
7555
17841
22097
7556
7557
7558
7559
7560
7569
7561
7570
7562
7571
7563
7574
7564
28163
7565
29162
7566
29407
7567
7581
30029
7585
7591
7599
22055
7600
52903
7602
7604
27891
7605
7606
10959
7610
7612
7613
23274
7616
13915
23280
23281
7617
7618
8311
7619
7620
38631
38633
27147
23452
10969
7626
7628
23185
7629
7632
7634
67915
11172
19234
7650
7738
7739
7740
7744
7745
7748
7761
9349
51702
7766
7771
7811
7813
7885
7824
11457
7825
7827
7826
7834
7840
7841
12638
7842
7843
7901
7844
7845
7846
7848
12771
13266
7856
7897
13527
7902
15707
7903
7905
84238
7906
7912
7907
13120
7908
15820
14503
20157
7926
7928
10847
7941
7943
7944
7948
22770
7949
7950
12040
7963
7967
7977
7978
7980
7988
7989
7991
57548
7992
7995
7996
7997
7998
65643
34029
34032
7999
8000
8001
8002
8003
8034
8004
32565
11183
8030
8010
8013
8014
8016
8017
8021
8026
8027
45858
8040
8042
8044
9959
9559
8045
8047
8050
8052
8054
13865
8055
8059
8060
52965
8062
56431
46640
8065
8068
8070
8074
9293
8079
8081
46926
78972
8411
8083
19126
8088
35903
42752
8089
8095
76654
8097
12044
8105
22539
49710
8106
8107
23744
8109
41454
8111
8112
8113
8115
8117
12550
8118
8119
32865
8121
61048
8122
8123
9709
8124
13150
13153
8126
8127
8144
8150
8152
8160
8161
8169
8175
8176
8178
8460
8180
22272
9343
8185
8231
76150
8233
8257
8236
8237
8239
8250
8266
8268
8275
8278
8279
8283
8284
8291
8293
8295
8298
8299
8301
8302
17840
8303
8307
8309
8313
8315
11356
8321
15957
8325
21881
8329
8333
8335
10541
8345
8347
34488
8351
8355
19118
8358
8360
10976
8361
8362
8371
22781
8379
8380
8383
8384
8404
8406
8409
33798
8410
8412
8435
10031
8437
8438
9430
8439
10331
69789
8446
8454
8456
8463
16063
13870
8475
8477
10093
8479
8486
41972
8490
69848
13518
16316
8516
12783
70746
8530
8546
8547
8552
21398
8553
65225
8554
8555
65232
8556
8558
65234
9794
8568
18287
8575
8579
21729
8580
8582
16941
8583
8589
8592
41976
8606
8607
8608
8610
8611
8612
8613
8615
9729
8616
46433
8617
8618
8619
46508
8623
8624
8628
8629
8635
8639
13847
46969
79580
18244
8716
8718
51138
8723
14882
17156
8737
8738
8740
8741
16075
8746
15584
8754
51377
8755
8761
13452
8775
10375
8781
13978
8792
8796
8799
8801
8802
8808
8832
8833
8842
8843
8850
8854
8872
15539
8887
14962
8894
8895
8896
8900
8902
8909
37982
8919
8934
8935
8936
8946
8937
8938
8941
8943
65716
37310
21904
8948
8949
71098
8951
31664
8952
8958
8961
8963
8964
8970
8967
8979
32246
15960
8984
8985
8986
15582
82321
8998
17205
9011
9014
17398
9016
9017
9019
9021
9023
9026
23207
37398
9038
9039
12400
54036
27015
15026
9045
9046
10837
13659
10693
9055
10628
9059
9060
10572
9064
10727
22129
66243
9074
10519
11448
9078
9082
9092
9096
9101
55902
9108
9114
9115
9119
16059
9121
9122
9214
9123
9141
9142
9155
9157
16061
9159
9219
9166
9172
9176
9177
9210
10529
10921
9211
34172
9218
9220
11750
9277
9291
62856
9299
37981
13964
9310
15311
9328
9330
9342
9347
15127
9352
9354
9355
9362
9363
9365
11345
9367
15065
9368
9369
9371
19293
9379
9380
51478
9395
14758
9415
9417
9423
9424
9428
10115
9431
10125
9432
12652
9433
10259
9437
9438
43489
9451
9453
9472
9499
9501
9503
9507
9511
9515
9516
9517
9864
9552
9554
9555
69735
9562
34810
9627
9678
9679
9680
15912
9684
30433
9686
9706
69442
9715
9716
36208
9728
9732
9741
16282
15519
9756
9762
9763
11719
33910
9776
9779
9780
32676
9784
9786
9796
42472
28144
11404
10518
9811
41600
9824
9825
14767
14764
9861
9862
9870
9957
9958
10000
41307
69941
70707
10052
19538
14711
10109
10112
62220
10122
59000
10142
10143
10158
52467
10171
10173
10188
83372
10203
10244
10251
10258
13961
10260
10261
10279
10281
11977
10284
12034
10292
28940
10294
10296
10307
32383
10309
10967
10328
10352
10366
10393
70811
10419
70813
10434
10436
10438
10439
10440
11777
10441
11882
13240
76920
10463
10492
10499
10513
10515
10516
10517
21773
10523
10524
10525
10532
10533
32324
10535
10536
65707
10546
10553
10555
13672
10565
10566
10567
10568
10570
10639
38955
10578
10580
10583
10586
10597
10607
10611
10612
10613
10614
41747
10621
16562
10622
10626
22059
10640
10641
10642
69943
10670
10671
10673
10675
65672
10679
10687
10689
10691
21015
10696
10707
10700
27879
19222
10701
10712
10713
10717
10719
10721
12294
10728
10739
10742
10744
10747
10760
10764
10765
33987
10766
10769
10770
13133
10771
13651
10785
10822
10828
10829
10833
16810
10841
10846
10848
10862
16746
10864
10865
78789
10867
10868
10871
15192
14770
10883
10888
10898
10910
30312
20033
17080
10918
10919
10923
10924
10931
10932
10937
10956
10957
11965
10960
10965
27181
10961
23458
10962
30326
23275
10964
10966
10975
23654
24111
10977
14277
23303
23497
10987
24351
10989
10991
10994
11000
11026
11027
11042
67041
23656
11046
83511
23289
11051
26515
11088
11092
11094
11097
11098
11103
11115
11182
11185
11205
11220
11244
11288
73672
11298
11305
11313
11342
79516
22800
11354
22741
50854
11357
11358
11360
11362
11365
11370
11376
11372
15477
11385
11386
31415
11401
11403
11407
11408
11409
11410
11418
11423
48523
12295
11429
11430
20412
25864
11433
11435
11443
11444
11446
11447
11450
11451
11473
45873
11479
11491
11493
11507
11513
11515
11521
11530
11539
11541
11543
11552
11559
11565
11576
11581
11584
11603
28791
11630
11640
11660
11662
11668
11669
11673
11700
11704
11708
11710
33124
21027
11716
11717
11722
11723
54499
16993
16596
17050
11730
11731
11732
11736
12721
16591
11746
11749
11754
11761
11767
14746
34990
11772
11774
11775
11786
11790
11792
11806
11819
11855
11861
11862
52464
11870
15152
11886
11890
11891
11894
11919
11927
11935
11942
11967
11969
11973
11974
11981
11992
11996
51392
11997
11999
12000
12005
12076
42043
12092
12145
12149
12267
60653
12276
12279
12280
12282
12283
12285
12288
15531
12299
26481
12302
12303
12304
12305
12315
28652
12327
12337
12343
12345
12346
12348
12362
12368
13185
12371
12376
12377
22449
12388
12390
13626
12391
12393
12394
12396
12397
14885
12406
12413
12414
12418
12419
12421
12426
12428
12431
12435
12941
67913
76200
31692
12472
12474
12481
12484
12488
12489
32129
13679
40499
41954
36278
29729
35866
12498
12499
22526
12500
12502
12506
34578
12508
12509
12512
12518
12522
12527
12539
32655
12530
12532
12538
48682
16592
12548
34119
12586
13221
41384
12607
12608
12619
12631
42041
12636
12640
12641
12644
12655
12656
12661
12662
12663
12664
12665
12705
12709
12713
12716
12717
12719
12720
12730
12731
12734
12735
12737
12742
12745
12746
37093
12764
12778
12784
35043
12796
12797
12802
12804
12805
12808
12843
12853
12855
12861
12862
12869
16558
12877
12878
12894
12896
12898
12899
12902
12904
12929
12951
40498
12952
12953
16841
12954
12955
12956
12960
12961
12962
67681
12980
12981
16620
13044
15239
13052
13053
13056
13104
13119
13122
13126
19167
13180
13186
13194
52190
13205
13206
13212
13214
13217
13219
13234
13236
13238
13247
13257
13259
13260
13262
13311
13326
13327
54169
13328
13334
13337
15932
13339
13340
13341
13344
13351
15952
21801
13354
13357
13365
13378
19996
46908
13384
13386
13407
13408
47914
13410
47856
47911
13414
13415
13422
61039
13428
13439
13448
13449
22171
13453
15919
13457
42770
13461
13473
13503
13510
13530
15829
70776
56848
13599
13603
13975
13604
13622
13628
28155
13629
46015
13640
29699
13643
13648
13658
16224
13660
13671
13673
13675
69699
13689
13697
13700
13701
13703
13705
13707
13709
38988
13711
13712
13713
55891
70362
13718
13719
13723
35854
35986
13753
13762
13763
13776
19117
35032
13787
36053
46321
13793
13796
13797
13812
13813
38973
13835
46039
13849
13888
13899
13900
13910
13911
13913
13923
13931
13933
13938
13940
13944
13946
69725
13967
69709
13969
69942
13972
69501
13973
69935
13976
13981
14027
14136
14137
14142
14143
14146
14147
14151
14161
14166
14272
14273
23462
14274
14275
23689
23704
14276
14396
14397
14431
14469
14470
14473
14476
14480
14486
14488
14490
14491
14492
14786
14505
14511
14514
14513
14516
14517
14521
71085
14524
14531
14862
14600
14601
63551
14602
21375
22217
14631
14646
14650
14663
14686
14688
14696
24170
14700
65792
14702
14703
14742
14745
14751
21945
14753
14765
14774
14775
21947
14790
14792
15330
76149
14802
15546
14806
14815
14843
14864
22907
14889
14890
25452
14893
14895
14899
14907
14911
14912
14919
14920
14928
14941
31301
14952
14958
14959
14960
14965
16045
14976
14983
14984
14991
15021
19824
15030
15034
15052
15055
15059
30893
30927
15067
15472
32577
37316
16399
15074
15095
15446
15120
19215
19217
15511
15124
16400
15130
15133
15138
19260
37986
15182
15186
22468
15194
16221
15210
15217
16396
15230
15231
15237
15240
15253
15254
74540
37709
78796
25923
15299
15300
15301
15307
15310
15329
15342
15347
15356
15360
15362
15375
15387
17194
15390
15403
15408
15447
15459
15461
15465
40596
15486
56127
15488
56853
18891
15529
15532
15586
15602
22301
15693
15728
15712
33833
15727
50906
15732
15740
15741
15744
33177
15773
15801
22069
22073
15805
15810
15823
22184
15901
15915
15916
15921
15925
15949
15963
15997
78985
16004
16005
16042
67490
16048
16050
16053
16056
16060
16066
16067
16071
16091
16097
16100
16102
16109
18894
16126
16129
16134
16135
16138
16139
16148
16164
16166
16179
16186
16216
20534
16229
16278
16281
16283
16286
16287
16293
16297
16309
47792
16319
16321
16421
16332
16331
16333
75727
16336
16350
16356
33152
16359
16387
19028
16389
16393
16395
16397
16402
16404
16408
16411
16412
16422
16425
16431
16433
16434
16446
16447
16448
16459
16467
16470
16482
16483
16492
16501
16521
19830
16522
56087
16546
53558
16557
32350
16559
16565
16570
47747
22523
20992
16630
16646
65738
16688
25457
25491
16690
16691
16693
76490
16697
16711
16761
16769
16790
16804
16806
16812
16827
19049
16832
19340
16845
16846
16878
26757
16955
16956
16970
45398
16980
16984
16988
21442
16989
16991
16992
16996
16997
31943
31944
16998
16999
17002
17005
17006
17019
17025
17043
17053
17058
17066
17067
17081
17088
17090
17091
17109
17112
17118
17122
17129
17145
17146
17147
19043
17148
17150
17149
17151
17152
22674
34618
17192
17193
17195
17202
17204
17208
17210
17253
21948
17389
29170
17393
17467
17518
22636
17520
17527
17546
17562
17570
17711
17851
17829
17853
28079
17835
17869
17849
17850
17856
17857
17870
18073
18077
18082
18086
18091
18101
18126
18147
18149
18150
18151
18154
18155
18157
30176
18159
18179
22656
18259
33469
18263
46466
18346
18814
18874
18884
18885
27937
29058
18895
18898
18897
18900
18899
48985
18915
18928
18942
18949
18950
18951
18952
27926
20810
18953
18954
18955
18956
63753
18957
32670
18959
18960
19002
19003
19004
19005
19006
19009
73719
19010
19011
19013
19014
19015
19016
19017
19018
19020
19023
19024
19029
19033
19034
19036
19039
19041
19042
19054
19052
19061
40837
19062
19063
19065
19078
46465
19088
19089
33095
19115
19116
19125
19146
19149
19151
19152
19153
19162
19163
19164
19171
19168
19169
19181
19187
76010
19192
19195
30308
19199
19209
19210
19214
19216
19238
19255
19268
19286
19282
42640
19287
19301
19828
19302
19303
19304
20129
19305
19315
19331
19343
19356
33557
33679
19503
19506
19512
19527
19530
19534
19589
63899
19634
19729
19798
81134
38836
28627
19821
21717
19839
19851
21869
19861
46104
45895
19867
31609
19869
19885
29180
19906
19907
19931
58581
19984
19990
20004
20010
22657
62863
20018
20039
20057
20058
20059
20062
20064
20065
20068
20072
65317
20075
66632
20076
20077
20082
20083
20084
58814
20098
20117
51445
20132
20150
20152
20153
20341
21924
41526
20158
20159
20160
20161
20163
20217
64079
20272
23193
20320
20321
20332
20334
20343
40055
60224
20350
20353
28211
20359
20365
23737
20411
20414
20415
20417
20419
20420
20421
37127
79500
20423
20424
20430
40842
20441
20443
20444
20445
20446
20449
20471
20480
22465
20538
20549
20553
20563
31949
24867
20688
20699
39502
20725
20727
20730
20738
20739
20740
20741
20749
20742
41192
20747
36099
20750
20752
20760
20774
20788
20811
20812
20814
20816
20836
20837
20854
20865
20891
20895
20904
20926
20927
20928
20935
20965
21002
21028
78207
21038
21055
21040
21045
21052
21056
21057
21061
21066
21071
21072
21355
21073
21840
21084
21085
21086
21087
21243
21121
21134
21136
21147
21151
76657
52971
21168
21181
21209
33221
21214
59545
21247
21250
21309
21313
21352
21370
21372
21382
21450
21452
21460
21619
21640
21731
21742
37747
21754
52884
21758
21763
21768
21799
21800
21824
21825
21826
21828
21829
21830
21831
21835
21846
21860
21863
30347
47971
21864
21871
21874
21875
21889
40256
21907
21910
21913
21914
21917
21918
21920
21921
21929
21931
21939
21941
21968
21975
21985
22001
22004
22009
22011
22038
22039
30035
22040
35593
22042
44431
22068
44449
22064
40963
22071
43630
22070
22072
54378
22084
22105
52583
22112
22119
80146
22160
22162
22163
22167
22169
23038
26398
33331
22218
22239
22268
22285
22318
22320
22322
22325
22336
22354
22342
22343
22368
22350
22581
22390
22393
22395
22533
22397
22396
22400
22407
22585
22422
22433
49577
22457
22458
22463
22479
22522
43619
22608
22536
22577
22640
22641
22650
22654
22664
22658
22659
34494
22660
22661
22662
22663
22665
22666
34522
22668
22669
22670
22676
22681
22718
22734
22742
22767
22773
22775
22779
34071
22788
22791
22801
22806
22809
22813
22815
22828
22829
22833
22856
22906
22931
22944
22945
22960
22961
22975
22976
23009
23015
23024
39189
23033
64967
23041
23043
23048
23052
32101
76159
23063
33291
23096
23103
23126
23169
23167
23220
23179
23182
23201
23202
23739
23240
23243
23269
23277
23287
23278
23282
24859
27040
23283
23284
26274
26465
23298
25069
23285
23682
23288
23290
28640
23291
23299
25063
23293
30193
29060
23297
28184
23316
24350
23454
23465
23643
28977
23459
29076
27210
24131
55888
54979
23490
23506
28086
23507
28379
23604
23649
54245
23652
23660
23718
23722
26788
30039
23731
23736
23738
23742
23743
23740
23741
23745
23746
23747
23748
23752
23754
23822
23756
23760
23755
23757
23768
23790
23809
23810
23811
23812
23813
23814
23815
23888
24222
23816
23817
23891
23818
23820
23821
23887
23889
23890
23892
23893
23894
24501
23895
24587
23896
24156
23897
23902
24901
24100
24101
24102
24641
24103
24153
24104
24528
24105
24106
25038
24107
25858
24108
24116
28075
24150
24502
24154
24159
24160
24586
25673
24161
24429
24162
25735
25694
24164
24165
24166
24169
25397
24174
24185
30330
25222
25827
24223
24814
24224
24430
25039
24225
24226
24227
24228
24817
24229
26420
25924
24504
25857
24230
30262
24232
25223
24234
25828
24235
29802
29702
24238
24239
24240
26578
24248
24249
25885
24592
24267
24270
24432
24274
28582
24346
24347
30166
24352
24353
24357
24417
24421
24418
24419
24420
24422
24423
24424
24425
24426
24427
24431
25709
24434
24445
24435
30199
30261
24437
24441
24488
24525
24526
24529
30271
76104
24550
24570
24590
24600
24606
24647
24648
24650
24649
24651
24652
24655
25202
29917
24661
24666
30011
60782
24702
24749
28088
24772
24784
24794
24796
24808
24819
25918
24829
24840
31403
66916
26786
24945
25217
25046
25049
25059
25061
25079
25106
25111
25115
25118
25195
27061
25198
25204
48484
25205
59771
25206
25207
25208
25209
25210
25213
25237
25306
25308
25309
25329
25350
58000
31918
25447
25460
25462
40831
25466
25468
25486
25487
25492
25499
25503
25504
47885
58561
25527
25537
25558
25574
25578
65355
25595
25598
25606
25653
25655
25657
25658
25659
26537
25661
25662
25663
25670
25671
25737
25702
25754
25755
25758
83494
25771
25775
25778
25782
25788
25796
66397
25814
25860
25861
25862
25863
27116
25865
25867
25883
25916
25920
26085
26091
26114
26115
26118
26133
52636
26143
26144
26159
26167
26198
26211
26657
26215
26261
26262
46208
41500
26301
26750
26327
26340
26346
26347
26348
26352
26354
26360
26364
26406
59303
26410
26416
26441
38942
26479
41032
26498
26499
26501
26502
26518
56178
56209
26640
26654
26710
34760
26711
26714
54503
36299
26742
26745
41503
26791
26908
62727
54376
28334
26945
67370
26980
26982
26983
27001
27024
27041
27042
27046
28105
30004
27174
27206
67202
37106
28091
27407
27410
27653
27655
27657
27658
27663
58506
76228
27716
27725
27739
31744
27745
27774
41767
41754
27778
42430
61768
54411
27791
27840
27847
27865
27874
27888
27908
27909
27910
30012
27911
27921
27912
27941
27913
28061
27927
27933
59709
27934
27935
27936
27938
53891
27939
27940
27949
27957
27960
27963
27972
27977
27980
27984
27985
28018
28033
28035
28045
28046
28047
28057
28076
28077
28174
31206
28080
28178
28355
28085
28356
28094
28381
28096
28386
28100
28182
28106
28405
28115
28107
28415
28109
54837
28114
28119
28132
28145
28146
54402
28147
54835
28354
28418
28742
28468
28470
31328
28585
28650
28653
28668
28702
28718
28720
28722
28879
28949
28972
28973
28978
29021
29029
29034
29038
29063
54367
29163
29168
29171
30476
29186
29351
29365
32351
29368
29384
29386
29388
29395
29397
29406
70919
29587
29642
45336
29666
29696
29701
59180
29711
29721
29722
29724
29731
45926
29783
29787
29789
29790
29832
66721
29875
83496
83631
30056
60896
30079
30086
30164
30173
66773
30177
30185
30195
30201
30204
30223
30226
30268
30269
30270
30284
30285
30286
37322
30294
48489
30303
30310
30337
30341
30344
30350
30359
30372
30374
30869
33781
30440
30510
30589
30696
30708
30773
30801
30810
39609
35579
30819
30839
30840
81308
30849
30857
30859
30885
30899
30901
30903
30917
30922
30979
58809
58995
31023
59172
31192
31395
31289
48063
31292
31295
31293
31298
31303
31306
31309
80502
31343
31345
31398
34461
31400
34456
31416
31423
31425
31446
31593
31594
31595
31596
31630
31636
31640
31642
31643
31655
31678
31682
31700
31701
31702
31714
31718
31751
32469
31752
31755
31761
31814
45400
44822
31815
31816
45818
45817
31817
31818
44825
31819
45401
31827
45416
31877
31832
31834
83345
32355
33339
31857
32668
31923
31899
31909
31922
31924
31935
31936
31941
31945
31947
31956
31961
31965
31968
31985
68680
32023
32040
32044
32050
32078
32082
32086
40542
32121
32130
32152
32164
32173
32174
32175
32186
32187
32188
32189
32190
59384
32191
32192
59385
32193
61914
32194
32195
32196
32197
32199
32200
32201
32203
32204
32208
32209
32211
61911
32216
50025
61920
32217
32238
32260
32261
32262
33392
32299
32303
75787
32345
67810
32377
32378
32379
32381
32384
32385
61669
32404
32414
32416
44740
32447
32450
81562
32480
32489
32490
32492
32516
32522
32524
32547
46014
32614
32629
32634
32637
32663
32671
32675
32681
32688
32689
32690
32693
32700
32705
32749
32760
32770
32807
32852
32837
32839
32841
32845
32854
32855
32862
32856
32885
32891
32895
32978
32905
54058
55961
32915
32925
63691
32939
32940
32991
32995
33002
33007
33009
33038
33079
33097
33098
63684
33101
36349
33145
33220
33224
33230
33239
33257
33292
33299
54618
33313
33333
33348
33349
33406
33447
33450
33452
33455
33854
33458
33459
33480
33483
33484
33486
33490
33514
33576
33577
33579
33598
33601
33611
33628
33615
82015
33672
33675
33704
33678
33683
33684
33688
33691
33692
33693
33696
48212
33702
33709
33711
48311
33712
48074
33726
33744
48079
33757
33785
33787
33795
33801
33807
74632
33848
33902
33912
33923
33932
33969
33970
33971
33974
34022
34028
34036
34044
34053
34069
34073
34077
34086
34088
34090
34098
34111
34576
34113
34133
34128
34120
34470
34125
34132
34144
34146
34156
34173
34175
34177
34183
34186
34188
34189
34193
34204
34201
34205
34209
72729
34218
34226
34229
34234
72641
34260
34269
34266
61228
34268
34270
61197
61237
34303
34305
34306
34307
34309
34310
34311
34312
34313
34315
34316
34317
34321
34322
34335
34338
34340
48739
34341
34344
34370
34372
34378
34379
34457
34464
61619
34466
40106
34487
34502
34503
34504
34505
34506
34582
34622
34643
34645
34647
34650
34655
36242
34712
34714
34715
34716
34720
34763
34802
34805
34811
34962
34868
34869
34924
34982
35670
34991
34992
34994
34995
34997
34998
35000
35001
35002
35003
35005
35006
36985
35012
36777
35014
35015
35046
35052
77044
35237
35238
35239
35243
35244
35264
35539
35540
35542
35543
35545
35546
35551
35552
35553
35559
35561
35562
35565
35566
35567
35568
35574
35577
35578
35581
53128
35584
35586
35596
35661
35665
35692
35702
35721
35797
35809
35810
35812
35813
59022
35827
35826
35844
35867
35915
35868
35871
35872
35874
35875
44096
35897
35924
35899
35904
35905
35906
35907
35934
35911
35914
43632
35920
35921
35923
35926
35928
35930
35932
35937
35947
43757
35948
35949
35957
35958
36007
36011
36031
36036
36047
36049
36051
36052
36085
36094
36104
36181
36215
36245
36258
36270
42961
36330
36353
36354
36389
36390
36391
41083
36532
36578
36583
36596
36603
36773
36778
36784
36796
36806
36812
36813
36868
36845
36848
61763
36895
36934
36980
36995
36999
37009
37011
37014
37015
76575
37023
37027
37030
37090
37032
37036
37038
37042
37052
37056
37062
37063
37066
37108
37119
37133
37147
37154
37156
37165
37180
37182
79110
37221
37224
37244
37246
37250
37253
37315
37318
37319
37321
37323
37325
77191
37326
39841
37328
37333
37335
37360
37370
38146
37382
37385
37388
37391
37393
37430
37431
37432
37435
37436
37438
37440
37441
37446
37455
37458
73940
37533
37537
37543
37550
37551
37553
37554
37562
37564
37575
37571
37573
37574
39606
37576
37578
37579
37582
37585
37599
37609
37641
37695
37704
37774
37778
37893
37894
37962
37963
37979
38065
38130
38145
38151
38267
38315
38316
38333
38360
38362
38374
38375
38481
38553
38596
38597
38608
38622
38625
38645
38647
38665
38669
38677
38681
38696
38762
38857
38897
38911
38945
38963
38968
38969
38976
38977
38978
38979
38982
38983
38990
38993
38994
38995
38998
39003
39004
39008
39013
39017
39022
39026
39033
39037
39048
39055
39057
39059
53022
39063
39068
39069
39070
39073
39076
52649
52586
39078
39093
39169
39187
39188
39190
39211
39219
39223
39224
41490
39233
41512
39780
39407
39413
39425
39721
79815
39603
39604
39605
39608
39610
39612
79818
39614
79821
39626
39620
39621
39628
39630
39638
39643
39642
39694
39751
39830
39831
39837
39844
39849
39854
39862
39865
39939
39955
39957
39959
39976
40009
40015
40021
77504
40031
40033
40034
40037
40038
40039
40040
40041
60032
67442
40042
40043
52933
40045
40046
40052
40053
40054
40057
40058
52934
40062
40066
40067
40069
40072
40088
40103
40107
40122
40130
40131
73806
40186
40196
40200
40258
40518
40571
40572
40600
40601
40607
40604
40605
40618
40843
40847
40848
40874
40875
54184
40878
54186
40940
40987
40986
40988
40989
41027
41028
41218
41034
41036
41077
41078
41097
54980
41162
41167
41173
41172
41175
41176
41217
41279
41177
41480
41219
41220
41231
41254
41271
41272
41273
41276
67353
41278
41280
41282
41291
41300
41376
41474
41496
41497
41498
41511
41520
41524
41527
41528
41530
41531
41533
41536
41554
41555
41566
41575
41578
41588
41583
41592
41584
41593
41585
50626
41586
51038
41589
51039
41590
50319
41609
41611
41631
41644
41827
60046
41686
41710
41714
41748
41758
41791
41777
41778
72390
41793
41795
41800
41804
41805
46998
41886
66473
41939
41990
42440
70849
42161
43543
42471
42483
42492
42506
42521
79819
42539
42573
75892
42602
61030
42714
63288
42787
42790
42792
42797
42799
42817
42823
42824
42853
42864
42866
42876
42935
42936
42937
42938
42939
42964
42991
43050
43066
62215
43079
43093
43108
47742
43119
43126
43127
43128
43161
43162
43174
43175
43177
43178
43179
43180
43181
43217
43182
43231
43183
43184
43220
43185
43295
43186
43187
43345
43192
43427
43401
43232
43250
43254
43265
43307
43310
43311
43322
43351
43404
43405
43412
43453
43455
43463
43481
43485
43486
43493
43504
43509
69132
43532
43536
43549
43633
43629
43653
43654
43655
43882
43702
43703
43726
43746
43758
43772
43795
43826
43888
43889
43890
43891
52670
43924
43935
43936
43937
43938
43939
43940
43941
43947
43942
43952
43943
43954
43944
43962
43946
73514
43972
43979
60175
43983
44053
44061
44076
44144
44147
44185
44187
44188
44204
44205
44210
44295
44305
44317
44387
60914
44549
44550
44563
44576
44577
48246
44633
44659
44720
44721
44722
44733
44736
44737
44739
44781
44823
45411
44849
44828
44826
44827
45520
44850
44877
46048
44880
44902
44912
45141
45149
45172
45332
45353
45355
45391
45404
45406
45409
45412
45413
45502
45506
45521
45677
45688
45739
45775
46178
45798
45810
45820
45861
45863
45865
45871
45877
45878
45924
45898
45899
45902
45905
45954
78941
45986
45987
45989
45992
50684
45994
46079
56001
46150
46149
46156
46175
46202
46278
46299
46328
46349
46351
46440
46497
46515
46613
46615
46620
54520
46637
67173
46785
46923
46928
46931
81605
46973
47001
47003
47400
47006
47025
47026
47027
47037
80489
47043
80491
47053
47316
47349
47381
47384
61262
47432
47443
47567
47572
47573
47577
47584
47607
47647
47653
47725
47776
47777
47782
56334
47907
48008
48065
82051
48077
48103
48176
48296
48485
48486
48487
48488
59987
48491
48504
48648
48507
48512
48518
48525
48526
48528
48530
48532
48534
48542
48594
48618
48623
48629
48644
48662
55065
48676
48679
48765
48883
48962
49006
59822
49040
49048
49049
49139
49182
49211
49213
49215
49222
49364
49365
49376
49374
49379
49385
49389
49390
49402
49404
49410
49415
49427
49491
49510
49497
49544
49636
49650
49703
49721
49722
49791
49765
49767
49824
49856
49857
49877
50113
62562
50109
50110
50229
50117
50128
50199
50311
50312
50320
50361
50617
50619
51064
50637
50639
50662
50774
50775
50783
50776
50784
50785
50788
50789
50790
50792
50793
50805
50846
50848
50891
50894
51013
51090
51091
51092
62514
51173
51176
62690
51226
51367
51313
51397
51456
51705
51762
51763
51793
51801
51926
60158
52057
52191
52221
73420
52269
73509
73297
52292
52337
52380
52584
52612
52668
52669
52672
52682
52700
52702
52712
52780
52786
52792
52793
52797
52799
52804
52814
52817
52819
52833
53517
52853
52859
52870
52871
52880
52882
52907
52928
52939
52961
52959
52960
53520
53082
53380
53083
53084
53129
53215
53257
53385
53419
53456
53469
53478
53494
53651
53718
53892
53896
53954
55069
55081
53970
53971
53972
53976
53979
53983
53984
54003
54007
54014
54015
54017
68474
54021
54044
54059
54069
54073
54097
54094
54098
54149
54151
54190
54197
54226
54270
54392
54432
54433
54434
54488
54517
54518
54603
54828
54874
54909
54964
54965
60762
54966
60870
54967
60887
54968
60895
54971
60767
54972
60778
54973
60912
54974
54976
54978
55134
55006
55177
55135
55170
55268
55270
55344
55345
55572
55454
55505
55506
55597
55613
55616
55617
55682
55683
73726
55792
55793
55912
73771
55880
55861
55887
55896
55906
55911
55915
55959
55960
55962
55963
55964
55965
55970
55973
56059
56022
56024
56068
56069
56072
56080
56088
56107
56133
56180
56184
56220
56247
56341
56343
56402
56425
56446
56452
56486
56518
56548
56587
56598
56599
56727
56600
56604
56693
56649
56650
56654
56655
56658
56662
56667
56694
56668
56669
56672
56686
56696
56702
56706
56708
56744
56746
56775
56781
56782
56811
56812
56814
56818
56825
56830
56837
56885
56892
56895
56900
56920
56921
58393
57183
57280
57296
57368
57374
57399
80052
80066
57816
57852
57949
69367
58562
58796
58804
59155
59228
59321
59383
59389
59390
59400
59434
59531
59534
59536
59773
59676
59679
59691
59694
59710
59765
59799
59801
59803
59809
59804
81976
59807
59810
59819
59820
59858
59863
59864
59866
59867
59922
59870
59962
59872
59873
59874
59875
59918
82002
59942
59930
59938
81973
59947
59961
59963
59981
59983
59985
59988
59989
63112
59993
59995
60010
60022
60088
60099
60121
60172
60173
60386
60290
60304
60305
60306
60376
60308
60344
60371
60383
60390
60650
62726
60656
60793
60878
61041
61045
61070
61207
61209
61272
61371
61481
61431
61456
80879
80884
61581
61682
64962
61683
61694
61697
61717
61770
61781
61782
61786
61787
61796
73040
61841
61852
62014
61885
61918
61939
61932
62016
62015
62157
62114
62115
62122
62155
62179
62413
62415
62418
62491
62516
62526
62623
62662
62671
62678
62685
62686
63550
62724
62860
63091
63285
63451
63554
63569
63609
63610
63619
63650
63653
63654
63670
63756
63790
63817
63818
63821
63826
63827
63828
64421
63887
77374
64467
64468
64469
64866
64837
64954
64838
64955
64852
64853
65000
70356
65001
71297
65002
72113
65235
65236
65279
65252
65430
65431
65432
65435
65436
65441
65437
65443
65449
65491
65444
65496
65501
65523
65542
65679
65680
65681
65683
65687
65723
65728
65818
65793
65829
65795
66129
65843
66187
65844
66197
65916
65926
65931
65933
65940
65941
65949
65960
65971
83257
65990
66029
66030
66037
83324
66106
66153
66183
66262
66537
66534
66535
66536
66542
66570
66590
66591
66593
66597
66606
66612
66626
66695
66703
66708
66778
66797
66798
66799
66819
66817
66879
66891
66910
66919
67037
67043
67052
67154
67219
67220
67356
67364
67380
67467
67799
67627
67819
67988
67910
67909
67911
67983
68051
68069
68089
68090
68100
68101
68102
68103
68104
68106
68425
68116
68164
68353
68663
68414
68450
68455
68470
68610
68661
68728
68811
68825
68831
68836
68853
68909
68944
68946
69010
69011
69012
69013
69134
69014
69016
69015
69158
69025
69017
69143
69018
69030
69019
69042
69020
70808
69046
69047
70655
69144
69213
69215
69668
69216
69358
69380
69430
69431
69432
69519
69531
69547
69560
69786
69787
69799
69822
69826
70360
70555
70595
70611
70726
70731
70757
70997
71659
71665
72041
72047
72056
72095
72139
72388
72389
72402
73177
72432
72884
72520
73181
72849
72561
73035
72640
72643
72644
72841
72647
72846
72697
82318
72717
72883
73023
73275
73317
73338
73507
73614
73615
73649
73676
73711
73748
73949
73959
73991
74229
74241
74249
74267
74271
74272
74304
74458
74534
74543
74544
74603
74638
74643
74942
74757
74782
74818
74831
74958
75046
81233
75197
75366
75375
75376
75386
75377
75378
75408
75434
75379
75380
75404
75748
75406
75409
75413
75415
75440
75558
75717
75721
75782
75796
75984
75966
76033
76097
76098
76099
76105
76107
76232
76109
76651
76128
76133
76172
76225
76203
76501
76539
76565
76572
76595
76796
76872
76876
76912
77011
77047
77090
77120
77122
77148
77282
77158
77160
77161
77190
77176
77244
77215
77219
77221
77359
77450
77485
77493
77494
77495
77500
77523
77530
77678
77709
77710
77714
79073
77753
77824
77855
78904
78088
78140
78415
78440
78642
78646
78650
78754
78770
78818
78819
78821
78878
78885
78927
78935
78939
79083
79480
79592
79656
79670
79687
79688
79735
79784
79816
79822
79823
79867
79883
79951
80041
80042
80045
80112
80437
80494
80498
80540
80685
80720
81015
83469
81121
81137
81158
81213
81253
81347
81488
81550
81554
81590
82201
82209
82210
82211
82450
82259
82263
82306
82314
82315
82372
82377
82403
82412
82436
82453
82492
82493
82684
82710
83290
83296
83348
83694
83698
84128
84130
84206
84335
