84238
83631
83511
83510
83507
83488
83399
83372
83324
82720
82321
82209
82051
82015
82002
81973
81623
81482
81213
81152
80884
80632
80502
80496
80491
80437
80146
80144
79844
79823
79734
79480
78791
77709
77493
77282
77191
77122
77044
76657
76651
76595
76490
76228
76225
76203
76150
76149
76105
76104
76099
76098
76038
76033
75915
75796
75787
75771
75748
75703
75434
75409
75404
75401
75386
75384
75375
75366
74603
74543
74451
74272
74271
74267
74254
73991
73927
73806
73720
73719
73672
73341
73305
73297
73040
72884
72849
72697
72643
72641
72521
72390
72388
72052
72046
72044
72037
71310
71098
70849
70813
70808
70757
70707
69943
69942
69941
82733
69880
69848
69830
69798
69789
69735
69725
69709
69560
69442
69380
69213
69158
81996
69143
69134
69132
69042
69030
69010
68663
68650
68089
67988
67552
67490
67467
67442
66919
66632
66473
66178
66169
65829
65728
65705
65687
65643
65449
65232
77855
65002
64954
64838
63899
63821
63817
63756
63753
63684
63610
63551
63550
63548
63112
63086
62678
62516
62514
62418
62415
62220
62177
62157
62155
62016
62014
61986
61920
61786
61781
61682
61669
61281
61262
61237
61105
61048
61040
60914
60887
73726
60873
60870
60789
60782
60653
60344
60304
60224
60175
59989
59985
59981
59962
59961
59942
59938
59923
59922
59810
59803
59799
59694
59303
59180
58995
58814
58809
58581
58572
58561
58508
57811
57604
57298
57183
56920
56898
56853
56848
56838
56837
56818
56808
56782
56727
56702
56696
56694
56669
56668
56655
56654
56649
56598
56431
56341
56334
56332
56220
56209
56107
56059
56022
55965
55942
55915
55888
55880
68425
55572
55506
55505
55345
55344
55134
55006
54978
54973
54972
54837
54832
67370
54517
54499
54082
54069
53984
53892
53891
53558
53520
53456
53451
53129
52961
52859
65317
52464
52337
52190
51470
51397
51392
51377
51313
51176
51138
51134
51064
51039
51038
51025
50909
50804
50792
50787
50785
50783
50776
50774
50684
50637
50626
50619
50361
50319
50229
50113
50109
50025
49791
49765
49710
49696
49544
49497
49389
49376
49364
49300
49049
49006
48962
48740
48739
48648
48623
48618
48546
48532
48528
48504
48489
48486
48484
48212
48110
48079
48063
47971
47796
47792
47742
47584
47487
47433
47382
47381
47379
47316
47315
47027
47026
47008
59822
46969
46931
46908
46907
46620
46615
46476
46349
46337
46321
46278
46104
46079
46015
45994
45989
45987
45986
45924
45902
45898
45895
45873
45858
45818
45817
45762
45668
45520
45416
45413
45411
45409
45406
45402
45401
45398
45172
44850
44781
44563
44431
44210
44199
44189
44187
44185
43954
43952
43947
43940
43939
43937
43936
43935
43889
43888
43882
43758
43728
69432
43726
43632
43630
43543
43532
43504
43493
43489
43486
43485
43427
43404
43401
43313
43295
43231
43220
43217
43178
43175
43126
43067
42876
42823
42483
42451
42440
42435
42424
42230
42043
42041
41976
41969
41954
41917
41889
41888
80445
41886
41800
41777
41712
41686
41683
41651
41645
41611
41609
41596
41592
41543
41531
41530
41504
41500
41498
41280
54073
41220
41177
41078
40878
40875
40296
40131
40129
40106
65745
40039
39955
39841
39780
39643
39612
39609
39604
39411
39342
39189
39078
39076
39061
39059
38990
38973
38955
38843
38677
38669
38412
38398
38228
38130
37982
37971
37947
37837
37797
37783
37774
37768
37704
37695
37646
63285
37579
37578
37575
76133
37574
37573
37568
37564
37553
37550
37543
37533
37502
37485
37482
37461
37458
37455
37441
37435
37432
37431
37430
37427
37398
37389
37388
37325
37322
37319
37318
37316
37310
37246
37244
37224
37184
37182
37165
37133
37127
37119
37106
37090
37056
37042
37038
37032
37031
36934
36778
36777
36714
36583
36501
36459
36450
36391
36389
36330
36242
61914
36208
36052
36036
36028
36007
35949
35948
35947
35937
35934
35930
35926
35920
35914
35907
35904
35903
35897
35872
35871
35866
35854
35847
35827
35812
35810
35797
35593
35586
61272
35566
35564
35553
35551
35546
35545
35542
35264
35244
35239
35238
35237
35043
47885
35032
35014
35011
35001
35000
34994
34992
34991
34990
34869
34853
34817
34813
34810
34712
34645
73181
34622
73177
34618
34610
34576
34530
34522
34503
34494
34488
60172
34466
34425
34371
34311
34310
34307
34305
34229
34218
34204
34201
34188
34186
72729
34170
34156
34133
34128
34125
34119
34113
34090
72647
34088
46926
34073
34032
33995
33969
33932
33837
33833
33798
33724
33712
33683
33622
33619
33615
33601
33576
33557
72075
33516
33490
33459
33458
33452
33434
33399
33392
33371
33356
33348
33339
33329
33291
33239
33224
33166
33152
33145
33128
33124
33123
33122
33120
33118
33113
33068
32995
32991
32978
32940
32939
32905
32862
32852
32841
32834
32756
32693
58393
32687
32675
32670
45521
32668
32648
32637
32608
32604
32577
32565
32554
45400
32547
32515
32490
32469
32468
32450
32447
32432
32384
32379
32378
32377
32355
32351
32350
32336
32324
32299
32212
32208
32204
32203
32194
32192
32191
32188
32173
32129
32102
32078
32023
31947
31944
31943
31832
31818
31817
31815
31702
31642
31640
31594
31415
31345
31343
31328
31301
31293
31284
31206
31023
30927
30921
30901
30899
43738
30885
30882
30878
30869
30859
30849
30839
30819
56516
30810
30758
30708
30589
30486
30434
30433
30404
30349
30347
43179
30326
43177
30324
55974
30268
30199
30176
30164
30056
30039
30035
42882
30029
30014
29875
81253
29841
29840
29787
29741
29729
29719
29714
29711
29640
29388
29385
29368
29170
29080
29076
41916
29063
29038
28977
28972
28923
28917
28869
28806
28803
28742
28652
41503
28650
80052
28640
28585
28468
41272
28419
28386
28356
28334
28329
28211
28174
28155
28115
28105
28100
28091
28086
28080
28079
28077
27985
27977
66534
27975
27941
27939
27937
27936
27935
27932
27875
27840
27655
27407
52853
27147
27061
27046
26824
39610
26757
26741
26712
26710
26657
26606
26537
26498
26487
26465
26445
65000
26441
26398
26364
26352
26114
25860
25858
151
25857
25828
25673
12805
25658
25578
25492
25452
51013
25307
25228
25208
25206
50908
25202
25116
63670
25111
50802
25096
25069
25063
25039
24889
24867
37709
24856
24854
24814
24796
24753
24749
24666
24651
24650
24648
11790
24643
24606
24586
24568
63087
24528
24504
24488
11592
24445
24436
24435
24432
24431
24424
50128
11569
24422
24421
24419
11564
24417
24351
24289
24267
11386
24239
11372
24225
24223
24222
24164
37015
24162
24160
24159
37009
24156
37007
24154
62690
24131
24116
24111
24108
24107
24106
24104
62662
24103
24102
24101
24100
23897
11042
23895
23894
23892
23768
23744
23742
23739
23738
23737
10883
23736
23731
23691
10829
23682
62215
23656
23497
23461
10605
23458
23302
23298
23283
23277
23201
23185
23182
23159
23153
35928
23075
22961
22856
74241
22829
22815
48512
22806
22790
48488
22782
22770
22674
22668
22665
22661
22659
9805
22658
22657
22656
9801
22654
22641
22640
22577
9676
22529
22463
22457
22449
22422
22395
35243
22390
9501
22354
22301
22284
22275
22269
9349
22202
35012
22159
21968
21945
47647
21941
9051
21904
21903
21890
21875
21825
34582
21729
8864
21717
34487
21634
8545
21398
21181
21072
21015
8113
20966
20812
33664
20811
20721
20710
72115
20703
20550
20534
20527
46208
20502
20449
20349
45886
7327
20180
7308
20161
45863
20157
20132
20129
20084
20066
20039
32760
19907
7036
19889
19886
19868
32209
19356
6407
19260
6403
19256
19214
83395
6277
19130
31941
19088
19063
6207
19060
19043
76872
25460
19039
44740
6181
19034
6175
19028
19020
6158
19011
6152
19005
6104
18957
6101
18954
18928
6069
18922
18917
6041
18894
31744
6038
18891
6021
18874
18277
18270
18257
24677
69668
43962
18256
18159
18155
18102
18101
56658
18099
18086
18082
18077
43772
18066
69367
17955
17873
17870
17857
17853
30704
17851
17849
4988
17841
17840
17815
24105
17684
17260
4400
17253
17247
17240
23654
30086
55792
42939
4380
17233
42937
17231
17213
17205
17204
30012
17159
4297
17150
4292
17145
17101
4235
17088
17066
17025
16996
4136
16989
81233
4115
16968
4102
16955
29779
16926
16925
16870
81134
29722
4016
16869
16845
3959
16812
3957
16810
42471
16765
3906
16759
16621
80879
16614
3760
16613
3744
16597
16592
16583
29411
16558
3704
16557
16556
10122
22975
29407
16554
16422
16404
16400
16397
16396
16395
16393
16389
16363
16359
16356
16350
29185
16332
3478
16331
16328
16325
16319
16293
16287
16283
54840
16281
16275
16239
16225
16221
16134
16126
16075
3214
16067
16063
41767
16061
3207
16060
67471
54618
16059
41754
16048
41751
16045
41747
16041
16040
41710
16004
28810
15957
15912
15895
2970
15823
41520
2961
15814
9310
22163
2889
15742
2888
15741
2881
15734
15728
2854
15707
15705
79867
2749
15602
15584
79815
2697
15550
41219
2660
15513
15492
15488
15461
2594
15447
2545
15398
15360
2496
15349
15239
15232
2378
15231
66626
2361
15214
2260
15113
2198
15051
14975
2109
14962
2106
14959
2105
53517
14958
2088
14941
14755
14688
1794
14647
1793
14646
1658
14511
20891
14470
14396
1283
14136
14027
26817
13964
13879
78140
13875
1016
13869
13865
980
13833
13805
13797
13794
13791
13789
26640
13787
13786
13712
845
13698
13679
13672
13671
13664
26501
795
13648
20064
13643
13629
26479
13626
701
13554
13518
660
39219
13513
13452
596
77714
13449
557
13410
512
13365
13341
481
13334
13247
51793
13234
367
77485
13220
364
13217
13214
38911
13205
13184
273
13126
131
12984
107
12960
57774
19215
12794
12783
12716
12652
38342
12636
12619
6176
19029
12608
12550
44659
6100
18953
51091
12532
6098
18951
12530
44633
18927
12506
12502
12500
12420
12413
12400
12390
25222
12369
12348
12346
12345
12343
12342
12315
12309
12304
12303
12299
12298
50854
12295
12294
12288
50846
12287
12285
12283
12281
63692
37986
12280
12278
12044
12034
11996
11974
11951
11929
11927
11924
11891
11890
11886
11838
11826
24647
11794
11777
11775
11774
11767
24592
11750
11743
11731
75984
11719
11713
11710
11708
37412
11706
11704
11703
11702
24526
11673
63084
11672
11669
11655
11638
11624
11597
11559
11556
11552
37250
11544
11528
11491
11473
62863
11451
17869
37154
11448
62858
11446
11445
11443
37147
11441
17850
11429
11423
11418
11408
11407
11403
11401
37093
24240
11398
24230
11388
24228
11376
11362
37066
11360
37063
11357
37062
11356
11354
11342
11242
11220
11201
11182
11180
11179
75440
11175
11173
11170
49650
11091
11048
10956
23809
23820
10967
23818
10965
23816
10963
23814
10961
10957
10952
49510
10951
10903
23756
10914
23745
30177
4471
17324
23743
36596
10890
23704
10862
10860
10855
10841
10828
10770
10769
62179
10767
62178
10766
10764
10760
10739
4295
17148
10727
10709
4273
17126
10705
74958
10693
10679
74942
10677
10673
10671
10668
10666
10641
10639
10613
10597
10591
10587
10583
10582
49139
10580
10577
10565
10558
10555
10530
10529
61940
10528
10524
10519
10516
16936
10515
61841
23282
61852
10440
61840
23281
10439
23280
10438
10352
10331
10309
10307
61697
10285
10259
22800
9958
3429
16282
35567
9861
9859
9857
9811
22664
9822
9802
9796
22636
9794
9792
9786
61197
9785
9780
9779
9729
3286
16139
9718
16138
9717
9716
9715
73974
9709
3276
16129
9708
9706
22526
41811
3252
16105
73949
9684
16104
22536
9683
9682
73940
9675
9562
48103
22397
9555
9517
48074
22368
9515
9401
9372
9371
9369
9365
73629
22217
9364
9363
9362
9361
9345
9293
34998
9292
9291
9290
9289
9172
9157
9152
9117
21948
9106
34807
9101
9082
21917
9075
9069
21907
9054
9035
8999
8988
60376
8964
8952
8951
21800
8947
8946
8945
8943
8937
8936
8934
8933
21714
34578
8872
8807
8778
8777
8736
8714
8617
34315
8609
34313
21460
8607
8590
8588
8587
59983
8571
14976
59967
8555
47036
34183
8477
47025
34172
8466
59875
8463
8456
59866
8454
46998
8439
59848
8436
34135
8429
14768
34053
8347
8345
1891
14744
34029
8323
8306
8304
8302
8278
8276
72520
8255
21073
21084
8231
59534
8122
8119
8083
8050
8047
8045
8035
8033
8029
8021
8016
8004
33709
8003
7999
7997
33702
7996
33691
7985
7951
7950
7948
7901
7890
7843
7751
59022
7610
7605
20444
7602
13975
7554
7535
20358
7505
7498
1062
39621
13915
7494
7491
7337
7330
7329
7328
7322
7305
20158
7316
20150
20160
7307
45865
20159
7306
20098
7256
814
13667
7246
20083
7241
13604
7183
58506
7094
7060
13457
600
13453
71297
19885
7032
7030
7029
7027
7024
7014
32690
19837
6995
45518
6959
32655
19802
6949
6946
6941
6940
6936
6934
487
13340
6919
6918
6909
6903
6831
6825
6818
13219
71063
6798
6797
6641
32346
6640
6558
70811
6546
6534
32211
6505
32196
6490
19343
6501
50
25756
19346
32199
6493
36
25742
6479
31
25737
6474
6425
6420
6419
6412
6411
6409
25670
19255
6402
6391
6386
6385
19232
6379
83496
57790
32084
6378
6377
6371
19210
6368
6365
57775
6363
6359
6347
25606
6343
83460
19195
6342
6340
6328
19181
19192
70604
6339
6337
6336
6335
32040
19187
6334
6331
19171
6329
19168
6326
6323
44881
6322
6320
6303
19156
12735
19167
6314
12734
6313
83430
6312
6308
19149
6307
6306
12726
44864
6305
6302
25574
12721
19153
6300
6299
19151
6298
6297
44849
70555
6290
6289
6282
6280
6278
6265
19118
6276
44827
6268
44825
6266
19117
6264
44822
6263
19115
31968
6262
6252
31956
6250
31954
6248
31942
19089
6247
12664
31949
6243
25487
6224
31922
6216
19054
31918
19065
6212
6209
19061
6208
6202
19042
6200
19049
6196
25447
19026
6184
6164
19017
44722
19016
44733
6174
6161
44720
31867
19014
83290
6172
19010
6168
6153
19006
19001
6159
19009
6156
19004
31857
6151
31855
19002
6149
6147
6131
18984
6142
6141
6140
83257
6139
6138
6137
57548
6136
6135
6134
6132
6125
6124
6122
6120
6119
6107
18960
12539
6118
18958
6116
6103
18956
6114
6102
18955
31819
6113
6099
18952
6110
18959
6106
38223
12517
18949
6096
70360
6095
6094
6093
6092
12512
70356
6091
12509
6088
6073
6070
6068
18900
6058
31752
6046
18899
12478
6057
31751
18898
6056
12472
6051
6048
25306
18885
6043
6039
6035
6033
6029
6027
6026
18878
6025
6023
6022
6020
6019
6018
83134
6016
6013
31718
6012
6011
6009
12414
5993
31696
5990
5989
31692
5986
63818
12406
5985
5983
5981
5978
5977
12397
31682
5976
5971
12391
5970
76654
12389
5968
12388
5967
5966
5964
31669
5963
57374
5962
5961
31664
5958
12377
57368
5956
5931
31636
5930
5917
5916
5914
5913
12331
5910
5909
5907
5904
31609
5903
5900
5898
5897
5895
12314
5893
5892
44449
31596
5890
25038
5775
5773
57178
5766
5757
5744
5743
5742
5741
5733
5732
5723
5720
5714
5711
5708
5706
5705
5704
5700
5698
31403
5697
5696
5691
5690
5688
31392
5686
5685
5666
5663
5661
5656
5649
5648
44206
5647
44205
5646
5645
5644
31309
5603
24859
5596
82710
31298
5592
5586
44144
5585
5580
11994
5573
5568
11982
69826
5561
5559
69822
5557
24812
76235
11970
5549
11969
5548
11965
5544
18244
56814
5402
24652
5389
11479
5058
5049
5048
5047
5046
5045
5044
5043
5034
11204
4783
11185
4764
69025
4760
11176
4755
4738
4731
4726
30429
4723
4722
4718
17570
4717
4716
56127
4715
4711
4710
4709
4707
4702
4700
11115
4694
4688
4686
4685
4684
4683
56092
4680
11096
56087
4675
4671
17520
4667
4663
56072
4660
4640
4637
4636
23896
43192
4633
30323
4617
4614
30319
4613
56024
4612
4605
30310
4604
56010
4598
30303
4597
4590
4586
4584
4583
4581
30286
4580
30285
4579
30284
4578
4577
30282
4576
4575
4572
55973
4561
43119
68825
4560
10969
23822
4559
4557
4545
17398
30262
4556
23817
4554
10962
23815
4552
55963
4551
10959
23812
55961
43108
4549
23811
55960
4548
10966
4541
43093
4534
68798
4533
4532
4527
4525
4523
4522
4521
4509
4507
10923
4502
10921
55912
43059
4500
55911
4499
10919
30204
4498
10917
43055
30202
4496
4495
23755
4492
55902
4490
81605
30193
4487
4486
23748
4485
23747
17326
55896
4484
23740
4466
17319
10898
4477
81590
4472
23741
10888
17320
4467
68728
4463
30166
4460
23722
4459
4455
10873
4452
10871
4450
4449
4448
49427
10868
4447
4446
4445
4442
10837
4416
4414
4408
17248
10827
4406
4403
10822
4401
4399
4388
4384
4382
23643
17222
4377
42935
4376
4334
10746
4325
30025
4319
4313
4312
42853
17147
30011
42864
4305
4293
17146
4304
17143
4301
17152
4299
4278
17131
49269
10710
4289
4275
17128
10707
17139
4286
4285
4281
4277
4274
17122
4269
17105
4263
4257
4253
4251
17097
4244
4226
4212
17065
4223
10636
4215
17067
4214
4200
17053
42770
29917
4211
68474
4209
55609
4197
17050
10629
55620
4208
10628
4207
4206
10626
55617
68470
17058
4205
10612
23465
4202
10621
10609
23462
4199
23459
10617
4196
23456
10614
42752
4193
23454
4191
23453
36317
10611
81308
68455
17043
4190
23452
10610
4189
4188
4181
4180
4178
10596
4175
4171
10545
4124
4118
4116
4111
29810
4104
10523
4100
16939
10518
4097
74782
10517
81214
29802
4096
4090
4089
10491
4070
4067
4066
4065
4063
4062
4060
4059
10478
4057
4056
4054
4053
4049
4048
4046
4045
42602
4043
10463
55454
4042
23303
81158
4040
4031
10436
23289
4026
10434
23287
4024
23285
42581
4022
23274
4011
4010
10419
23272
4009
4002
4000
29702
3996
3987
3986
42539
3980
3978
3977
3976
3975
36099
10393
3972
3971
3969
3967
16806
3964
3961
3960
3956
3955
61787
10375
3954
3952
16792
3950
42506
3947
23207
3944
3943
3941
3940
16790
3937
3918
3914
10328
3907
3904
36011
23158
3895
3891
3883
3880
3879
3878
3877
10296
3875
3874
10294
42432
3873
3872
10292
42430
3871
10291
3870
3862
61694
10282
42420
3861
3860
10279
42417
16711
55270
3858
23120
3857
55268
3856
10276
3855
3854
68106
3841
16694
3852
3840
16693
10272
68116
3851
61683
10271
3850
16691
3849
74534
10269
3848
3847
10265
3844
3843
3842
68102
3837
68100
16688
3835
16687
3834
3832
3831
3829
3828
3826
3823
3821
3820
10239
3818
3817
3815
3814
3811
3810
3809
3808
3807
3803
3801
35915
23062
3799
3797
3796
3795
3794
16646
3793
3791
3790
16630
3788
3787
68051
3786
3784
3783
3782
3781
16627
3774
10188
3767
55177
3765
3743
16596
3754
3732
16585
16562
3709
29406
3700
3696
29397
3691
3690
3687
3685
3684
16536
3683
55081
16522
29386
3680
3675
3674
10093
3672
67910
3645
16498
3656
3655
3654
55065
3653
3652
3651
67913
3648
22907
67909
3644
3643
3642
16482
3640
3639
3638
3634
10052
3631
3627
3614
16467
3625
3621
3620
3611
3573
16399
3557
3356
9776
3355
9772
3351
3347
48311
22605
9763
3342
3341
3340
9759
3338
3336
9756
3335
3334
3333
16179
3326
3325
29029
3323
22581
9728
3307
3305
3304
3303
3300
3275
16128
9686
22539
28978
3272
3253
41795
3236
3226
3209
3178
3176
3172
16011
3169
9554
22407
3144
3143
22400
3137
3126
3123
3119
3116
3112
28814
3108
3102
67353
3088
9505
3084
3081
9500
15932
3079
15919
3077
54488
3076
3075
60895
73748
22336
3073
28778
41631
15925
3072
3071
3068
3065
3064
15916
3063
3058
3051
41600
3041
3030
3023
54432
3020
9437
28722
41575
3016
3013
3011
22272
9430
3009
3005
9424
3003
3001
47976
9417
41555
28702
2996
54402
2990
2988
41536
2977
22238
2975
22248
9395
41533
2974
41527
2968
54378
2966
15807
22239
9386
41524
2965
54376
2964
15804
9383
28668
2962
9379
41517
2958
54369
41516
2957
2933
47911
9352
41490
2931
2925
80041
2923
9343
2922
22184
73607
9342
28627
41480
2921
2920
2919
9328
22181
2918
22178
2915
2910
22171
2897
15750
9329
67173
2908
2905
2903
2901
2894
2893
67155
2890
9309
28582
15729
15740
2887
2885
15737
2884
2882
2877
2874
2873
22129
2866
22125
9283
28568
2862
9270
22123
2860
2859
22119
2856
2855
2851
2849
2848
2845
2844
2843
2840
2839
2838
2837
22099
2836
73509
60656
22097
2834
2832
2826
41384
2825
2824
2823
2819
41376
2817
2816
54226
2814
9220
22073
2810
9219
22072
2809
2808
9217
22070
2807
22069
2806
22068
2805
2804
2802
2801
2799
2798
2797
22059
2796
2795
9214
2793
2791
2790
22063
9210
2789
2788
67052
2787
54197
2785
2784
2783
2782
2780
22040
54189
2777
2775
2771
2769
2768
47747
9188
2767
2764
2761
54169
2757
2755
2754
2750
41307
2748
22009
15588
9167
2746
41300
2741
15582
2740
15581
54151
2739
9154
15586
2733
41291
2732
9151
54142
2730
2724
41282
2723
28415
15562
9141
41279
2720
2719
79821
2703
79819
2701
28405
2699
9119
79816
2698
54098
15539
9116
41254
2695
15546
2693
2688
47653
21947
2684
15521
9100
15532
2679
79784
15519
2677
2674
28379
2673
41231
2672
2643
2637
2636
41162
2603
34720
21867
47573
9014
15446
2593
54003
2591
21864
9011
2590
9009
2588
2585
9005
2584
2582
2581
9001
2580
2579
2575
2573
2571
2570
8990
2569
8975
21828
2565
8985
2564
60383
21824
2561
53972
2560
53971
2559
2553
79670
66817
2552
8970
2549
2537
15390
2548
2547
2544
8963
53954
2542
2541
2539
8948
21801
41097
79656
2538
2536
41094
2535
8953
66797
2532
21763
2489
15342
2500
2497
15347
2494
2492
21754
2491
2490
2486
28182
2476
8894
41032
2473
28178
2472
79589
2471
15312
2470
2458
15311
41028
2469
2461
2447
15300
66721
2456
2455
21715
2441
15294
2452
8869
15301
2448
2446
2445
28146
2440
28145
2439
8859
28144
2438
2437
2436
2435
2434
2432
2431
40988
2429
40987
2428
40986
2427
2426
2425
2413
15266
2424
2423
8843
2422
2421
2419
2417
40963
15257
2415
2414
8832
2411
2410
2408
2406
2403
15240
79516
2398
2395
2377
15230
2388
79500
28088
2382
2370
15210
2368
15217
2364
2360
2359
2358
28061
2355
2353
2339
15192
2350
66612
2347
8767
2346
8766
2345
2342
66606
15194
28047
2341
2326
15179
2337
2336
2331
79448
2330
15182
28035
2329
66593
2328
28033
2327
60158
8746
66590
2325
2321
2320
2318
8738
2317
2314
2313
28018
2312
2300
15153
2311
2308
15147
2305
2304
8724
2303
2302
2301
2298
2295
2292
40849
2290
40848
2289
40847
2288
2287
2286
27980
15127
15138
2285
2280
40837
2278
66542
2277
66537
2272
2270
2266
15106
2264
2262
2259
2258
27963
2257
2256
2255
15096
27960
2254
27957
2251
2250
2248
2247
2245
2244
2241
2240
2238
2237
27940
2234
27938
2232
2216
15069
27933
2227
15065
2223
27908
2202
15055
2213
34338
8632
2211
27911
2205
8624
27909
2203
8623
2201
2199
15040
2181
15034
34319
8613
2192
2179
15032
34317
8611
2190
34312
8606
27891
2185
27879
15026
2184
34309
8603
27888
2182
2180
2178
2172
8591
2170
27847
2163
59995
8583
2162
72841
59988
8576
34260
2155
59987
8575
2154
2140
14993
2151
8568
27853
2147
2145
2144
2143
14980
2138
66397
2132
2128
8546
2125
21375
14965
2112
21372
14951
34205
21352
2089
2080
14899
2046
40605
2079
72717
59864
14928
2075
2071
40618
14912
2070
2062
2061
2060
34148
47001
8475
14907
2054
59872
8460
21313
8471
2050
2049
66301
2036
14889
8457
21310
2047
2029
14882
59873
8461
2040
8459
2038
8458
40596
2037
14878
2030
34132
2027
2026
8437
1983
40542
2016
2012
14864
2011
8431
27716
2010
2005
1960
53372
2004
2002
2000
66262
1997
8417
1996
34098
1993
8412
1991
1989
59809
21250
1987
1986
8351
72616
1985
1982
46928
34086
1981
66244
1979
66243
1978
1922
14775
66187
1977
59765
46923
1976
66183
40521
1962
14815
53385
1973
1971
1947
27653
66234
1969
53380
1968
79083
1965
1963
8383
1961
8381
1956
79073
1955
27658
1952
27657
1951
1937
14790
66213
1948
66201
1936
14789
8366
1945
1933
14786
34071
8365
1944
66197
1932
14785
1888
66153
66208
1943
34069
8363
1942
59773
8361
40499
1940
1935
1934
34036
1931
1927
66174
14762
1920
34022
14770
1917
1905
14758
1916
8329
66173
1908
1907
1906
1894
14747
1892
14745
1903
1899
1896
66160
1895
8315
34019
8313
8311
59679
1890
1879
8299
1878
59709
8297
1876
8295
66139
1874
8283
21136
21147
8294
66138
1873
1868
78985
1867
8286
1865
66129
78982
1864
8284
1863
1862
1861
1860
8280
1859
8279
1847
14700
14711
1858
78972
1854
1853
1850
1838
14691
1849
8268
53257
1845
1844
1843
14684
1842
1839
8257
1836
1825
8233
21086
78941
1823
14663
78939
1821
1817
8236
1815
1813
1811
21071
1797
14650
1808
1806
21066
1792
14645
53215
1803
1802
1799
1798
33910
21057
21055
1778
14631
1789
1787
8185
21038
33902
8196
1775
1772
78821
14622
1769
14621
1768
1761
59536
72389
1758
8169
14601
1748
1745
21006
33848
1743
1735
1734
40258
1732
8152
65941
1731
1728
1724
1723
1666
65931
1721
1720
20979
53128
1716
1715
1714
1713
1708
1707
8112
20965
33807
1636
78754
1702
78818
1700
8118
40256
1697
65960
1695
8115
1694
8114
1693
78789
53083
1671
14524
46640
33787
1682
78796
14531
1678
1641
40200
1663
14516
46621
1674
1637
40196
53082
1670
20927
14517
1664
1627
40186
14513
1660
33785
8079
1657
65916
1651
1639
14492
14503
1650
1647
1634
14487
59434
1645
1644
53055
1643
1640
8060
8042
20895
1632
1630
14469
1616
33715
53022
1610
8027
1606
8024
1603
1602
65843
14431
1589
1584
20854
8001
1580
59385
33679
20837
1574
1565
1557
7967
1513
40072
40105
1546
20788
52937
1525
1520
46433
20727
72139
40067
1508
40066
1507
65716
1506
27210
1504
65723
52870
1502
1500
1499
40057
1498
46466
7907
20760
1497
65727
1462
40021
52907
40054
1495
1494
33598
46440
40052
27199
1493
52903
1491
1490
65746
40040
1481
7888
20741
40037
1478
1477
7885
20738
40034
27181
14328
1475
33577
52884
40031
1472
52883
1471
20731
65733
1468
20730
1467
14272
1419
39978
1452
1402
52814
65711
1446
1443
65707
1442
1438
39957
1431
1428
72113
7848
72058
1427
20700
7847
1426
20697
7844
1423
7840
65680
1415
1411
72041
27116
1410
33514
1409
65672
52819
1407
7827
1406
52817
1405
46351
1404
7824
1403
1401
1399
7814
1393
7812
1391
7811
1390
52799
1387
1386
1384
46328
33486
52793
1381
1379
1372
1370
1362
1357
1356
1351
7771
1350
1337
1327
27032
1326
14166
7745
1324
1323
7742
1321
7739
27024
1318
1316
1312
1310
1308
39865
1306
1260
52672
39830
1304
1302
14151
1298
78415
1297
39844
14138
1296
1284
14137
39854
27001
1295
1292
33406
20553
39849
52702
1290
1288
20549
1286
1281
39838
26985
1279
52646
26984
1278
65542
26983
1277
1276
20538
1275
1274
52682
1270
1269
1224
52636
1268
1267
20529
1266
20528
1265
1263
52669
1257
1255
1251
1250
1249
1247
1246
1245
1242
1240
52650
1238
52649
1237
1235
65496
1231
1230
1222
65436
52583
1215
33292
1187
7600
65444
1179
1175
65435
1170
1169
1164
7571
20424
1161
7569
20422
1159
1158
1157
20419
1145
13998
1156
20417
1154
33257
1152
7558
20411
1148
1143
1140
13992
1139
1123
13976
1134
13973
1131
1119
13972
1130
7550
1129
13969
7548
1127
1126
13977
1124
7544
1106
1105
20365
1091
26797
13944
7523
13933
1080
26786
1102
7522
1101
1100
1087
13940
1098
20359
26791
1085
13938
39655
1096
1095
46039
1092
1078
13931
78207
1089
1074
13927
13923
1081
7490
20343
39638
1079
1075
33177
1072
20332
13911
65279
39628
1069
46048
7489
1068
1064
7477
1056
52467
1055
1048
26745
1039
1025
1018
33098
58804
52427
1015
26719
1013
1011
1002
1001
1000
999
997
13847
994
33097
992
988
986
983
65234
13822
13796
39502
976
975
33079
974
973
954
931
52335
923
920
7302
45861
914
910
52317
905
7312
891
20143
33007
7301
52292
880
13710
868
84335
862
26531
847
816
26518
812
20060
13628
775
26481
797
26502
796
45764
20058
785
764
13603
761
64967
757
748
743
742
65001
736
728
19990
727
715
635
77753
693
39233
13527
685
680
668
629
39188
7083
26346
662
26354
648
625
7017
6994
32700
26301
595
7013
592
585
6982
32688
583
577
6992
32676
571
32671
566
554
13407
565
13415
562
19824
13414
561
6943
45502
555
552
26257
551
536
39093
534
518
26198
51926
39073
514
6933
26207
13354
505
39063
504
6916
495
484
479
6893
472
6892
77523
471
470
6887
466
6886
45412
465
6885
464
6884
39022
463
6879
77510
13311
458
423
38982
456
39013
454
419
38978
77504
452
418
38977
451
39004
445
442
6862
71072
441
439
438
38995
436
38994
435
77530
412
26118
38993
434
26095
51801
433
38958
432
430
38988
429
427
425
13266
413
6788
71051
32492
6786
365
362
360
356
354
340
339
293
51705
337
336
334
330
329
51739
13180
327
325
324
323
256
38815
77374
322
321
320
319
312
300
13153
32416
311
32414
309
304
38829
303
302
280
13133
291
289
70919
288
287
285
283
282
279
267
13120
6699
32383
278
266
13119
38836
277
19528
6675
32381
276
6695
274
272
32373
268
6674
19527
264
263
251
13104
262
248
13101
259
258
257
254
253
250
19512
249
247
246
19506
243
77359
241
13056
38762
214
25920
236
235
212
25918
234
233
210
25916
232
231
228
226
83698
225
224
223
222
6642
221
25923
217
215
199
13052
206
205
204
13053
200
32303
198
196
193
126
77244
192
190
187
185
181
25864
180
25863
25885
179
168
97
77215
163
32260
25861
155
83687
6569
148
147
121
25827
143
135
124
12941
38647
86
38645
119
105
12958
116
95
12948
40
77158
38665
106
82
25788
104
77221
12956
103
51478
66
38625
12952
99
70726
94
81
6499
78
38633
74
6478
19331
32195
6489
2
12855
77120
25774
68
43
12896
25749
25771
65
64
32190
6484
38622
63
25757
51
12904
62
25767
61
49
38608
25755
12902
32187
70746
6481
38619
60
32186
6480
32164
59
46
12899
57
6476
55
6475
25760
54
29
25735
25754
48
25
12878
51445
33
57852
6440
19293
77148
30
17
12870
28
16
12869
57816
38553
27
3
25709
32130
6434
19287
13
12866
6390
70655
24
19286
23
19282
8
12861
19
6438
6436
15
12853
6432
11
6427
6
12843
6422
12854
1
2763
34868
6867
446
48491
216
32246
261
35539
54835
16276
60650
2861
22124
25207
76575
20517
1254
34714
47567
83345
9125
79822
2704
28355
66914
6494
2766
2700
79818
4225
977
7323
48977
27910
2204
72846
59993
48985
23279
10437
1262
1217
33333
20480
218
25924
19503
240
11576
24429
39033
13327
474
207
16203
3350
80446
3328
29034
56667
18108
82318
37382
24529
40604
2078
14920
2090
37360
11654
30917
1914
14767
1925
8178
1757
298
59710
8298
1877
1444
4587
30271
33579
40033
1474
11098
4677
38145
2681
66891
76130
37571
76097
46178
7619
1198
20353
65355
1090
16941
68353
13872
26714
979
45926
67041
2776
22039
34316
60022
8610
2189
37585
6090
12511
17192
30045
1146
68450
55597
68811
3067
41593
19298
35
25659
16050
18
12871
25653
6367
19209
12722
6301
6279
31985
3998
7486
1065
33095
1827
43466
4635
30341
80112
2994
580
3708
35813
74249
59390
33684
14478
6571
150
38668
12962
59545
1756
11365
41588
3029
31961
1501
1366
59155
3074
1144
34547
47400
2349
63827
56001
4589
36694
47065
59918
37609
14952
2066
53478
45739
20033
770
3973
52670
65523
1258
10747
4326
62115
1168
1135
39694
2488
15330
11971
44076
33781
20928
5719
10642
21887
9045
10637
23490
4227
1311
26274
13492
650
8740
746
3949
6921
467
39026
3985
26406
56686
5040
56452
37156
11450
75715
65235
78088
35046
22193
374
344
13186
1680
1779
22285
19036
6183
189
1429
59172
7760
33444
82550
24772
11919
60046
34340
21636
82493
35665
48518
9959
22812
348
35581
1439
14277
1424
7845
12603
6182
31877
6171
19024
19538
275
22741
21045
1782
49857
1957
59768
34062
6910
39048
489
41939
80498
41972
8303
1882
21134
33987
20563
1256
52668
52712
1300
14142
78440
1322
72644
8379
1958
7612
1191
1083
39642
7515
33221
2779
22042
12394
5973
25236
1727
33757
4615
65926
14514
1661
8052
1631
1620
14473
7074
642
26348
52054
13495
39190
26337
12631
19052
20004
45688
171
96
32201
67220
54367
46175
1228
23649
7604
20446
1432
56014
30308
43161
33469
7763
7741
33447
1342
10846
4425
4381
55793
6286
83296
44737
38316
64981
716
601
64866
26340
76232
11967
58000
211
3513
32385
269
13122
39721
1162
9358
67202
41496
2937
27015
1309
23760
4497
10918
8958
38897
338
297
13150
1435
34303
21450
8608
2052
177
8801
8570
54059
27672
1966
25205
5942
76573
2057
53469
56672
6146
3078
9499
12040
31303
850
13703
861
3989
36094
32891
1688
17703
44188
63451
50639
230
12488
6067
9327
2906
22169
6154
45141
194
9758
3337
29021
7842
39980
52833
1421
1301
27774
2068
6071
31755
186
100
12953
32238
6532
111
32216
697
64962
602
572
24428
1656
1329
10848
4427
49374
11667
23813
10960
30223
8105
65949
78802
1684
30511
67627
3362
2963
5928
57296
10834
4413
60027
8615
56825
37562
780
32885
66819
2554
26711
1005
1408
4611
5908
76539
1273
22160
35002
12644
4659
5905
50852
33331
10910
32705
1397
4798
7926
1505
18940
12519
63887
44721
6162
19015
11861
21355
2092
39008
449
48679
35826
548
51796
20939
8097
41168
54021
9074
19315
12894
6473
52
67356
54503
51367
25661
6398
83494
6376
32082
22458
28879
75379
62526
40038
1479
11103
4682
39055
32634
2214
15067
64840
575
13428
13439
586
44739
6180
2827
54184
67037
1389
63654
52882
1470
38267
2959
47939
9380
80066
15801
1437
10742
41217
15511
2658
21921
32856
58562
11964
24817
5554
11975
20992
8150
1729
56180
8015
78646
59383
46465
7906
1485
23891
30312
44305
1141
4314
17156
18897
33873
72432
1801
11410
711
3905
38963
26110
426
35577
61283
15018
2176
8582
21931
15477
54036
8592
2171
14983
2051
53419
2081
2006
34111
81137
1984
8558
2137
34144
8438
3983
56900
11953
5547
92
32197
2023
11930
48682
3966
1365
35052
9368
31814
6108
70362
6097
18950
2935
47777
1320
19861
7019
598
355
13221
1848
5036
11457
15487
9066
37893
12942
89
33971
1866
14693
1851
8272
21382
47006
2034
39959
1400
72640
8375
1954
34044
8360
1763
72394
98
83
6504
33880
21027
1753
14606
66029
1764
49824
2158
37391
50891
12332
31595
2753
9174
6010
12431
22735
20725
1363
23754
10912
43050
4491
44779
6220
12641
440
48507
22801
22779
48485
539
6908
32614
39057
13351
19838
34341
8635
7813
52804
1392
239
80489
16224
29066
6828
13238
26091
22828
48523
74229
35670
64852
587
22945
2139
18154
69144
61228
22669
2009
14862
2020
24441
69358
37253
39211
652
67915
26327
39169
4216
4279
10700
2550
8949
34655
2174
2159
8580
8430
2102
35924
2221
27927
1361
1307
20443
46149
32
22468
16047
22393
48077
292
11409
11542
6694
294
29121
29162
16309
8628
2306
8727
11870
37554
533
13386
39070
14476
78836
1784
8160
21002
40607
2048
11507
75717
2156
69501
43795
30979
18126
13461
619
44550
24174
80116
2998
70611
19199
12778
23193
2267
34372
12368
50894
54097
1333
2973
15460
2607
6053
12474
8411
59801
34095
14843
1990
43629
34502
8796
23202
20816
7963
1542
79592
2474
8895
1377
68680
4415
75046
30226
43079
4520
1317
6309
12745
52871
7924
40062
1503
43183
30330
7834
52792
39939
5899
9027
9016
21869
2551
66816
50906
31643
5959
12419
2765
34870
51702
290
73959
54058
6244
12665
1360
4563
6127
12548
4092
49072
10513
7286
39413
13707
64955
32516
411
6817
5975
12396
1197
20471
7618
9083
33038
316
13113
6692
19534
21835
54014
2602
2558
53970
9023
981
13793
984
16999
804
3827
74458
589
63619
12371
2756
9177
3720
1776
24227
11385
26654
33220
7514
1093
4296
6325
57737
56775
2324
32865
45677
35986
10280
61692
11822
82453
9423
3002
28675
41528
6145
51092
38362
12656
18288
37551
8435
2014
43653
3909
74540
16841
3999
36104
21761
2498
8919
5716
28163
15310
60290
21731
848
39407
13701
62687
21860
60386
1719
13260
16433
6824
208
44
51456
1796
43405
56247
903
6864
443
38969
556
26262
578
22999
13240
51744
13185
77450
27912
2206
15059
686
33970
59676
1887
56518
1901
1886
8307
42521
3962
16804
67911
3646
9
12862
20
32050
3223
6384
84128
20068
9030
624
61481
43890
11345
1601
3010
35115
972
45877
7318
33002
20080
13659
817
2348
40874
10366
3945
16357
7620
1199
42961
4402
71665
2296
11746
82377
56693
72883
8618
2197
3725
3749
3738
16591
19839
32681
576
10125
48662
35809
7599
59000
20441
65443
1178
42817
7574
1153
10687
49213
42792
2702
66916
2651
21914
1358
4456
49403
10922
4501
55891
30185
23689
10847
1466
23887
11172
69016
43310
4751
4639
30345
43187
39223
664
3792
61581
8979
1930
1750
1921
43633
56486
7905
20747
8040
1619
12929
76
16091
16058
22479
32174
25775
69
9678
6430
22430
52928
1516
30261
4555
55967
2261
37440
24587
69534
3897
11882
54094
65437
1172
52584
55906
4494
23757
7757
27042
1336
65252
65679
1414
28653
31923
6217
25491
12638
1687
20752
1489
40015
56548
2097
21243
1980
24356
43619
455
3617
16470
8117
1696
81976
17711
37011
11305
33726
6899
5665
4068
6144
2821
9347
81562
4444
10865
25106
50790
5988
41454
2895
58796
33101
45954
12973
71
48176
56706
82412
2577
21840
65225
13813
971
13723
82259
13660
16878
23299
21087
1824
1749
33854
56402
43549
30696
11433
11358
43463
2104
76107
11842
18263
9511
1418
1328
11027
4037
4015
29721
16993
36278
10572
36181
61939
10527
4106
29790
47577
21871
9029
8312
40601
14895
2053
67810
16402
201
45148
3626
65441
1176
17206
10785
1060
13913
20334
39630
1071
20193
12421
60308
8896
2475
28159
21768
1359
4457
10845
49404
1341
46183
67799
16387
75
41714
21
60878
6195
70997
2246
8547
53494
7841
1420
1345
33450
40069
1510
3062
22325
60896
15949
15960
3107
1450
40009
40042
1483
23889
68836
1492
48644
32629
6966
545
41750
54603
16044
22465
26
3007
41566
41827
16121
41805
191
13044
45149
64467
202
22608
1781
37014
41778
61041
12981
139
83487
19222
57792
6380
12746
77011
19303
31965
76912
1760
78878
1826
17856
11435
28718
12628
8017
40122
1596
20814
52960
40107
8002
4131
19996
84206
3318
115
7944
33628
65818
52965
1553
15408
21829
26420
714
11630
56599
43746
30893
541
16586
17019
26499
61768
2249
34189
15813
2960
47907
4287
17129
12305
18726
56781
28057
2351
34456
7165
3806
35911
40103
14397
48296
66194
1929
1884
1818
78936
24350
3974
61763
2323
41791
242
22663
1740
8026
33688
59394
1605
1515
1482
40041
4703
62492
1704
47349
73275
21863
21874
9021
17006
563
13344
491
19634
6792
371
26115
2835
47782
2850
1352
42991
10976
9221
2800
73420
9155
2734
41271
28418
7546
33230
13978
1125
7531
318
12980
6559
138
38631
77190
8034
1613
56184
4816
4756
30440
32175
70
12717
31936
83348
16100
9679
34
22455
28050
2344
15186
11992
50320
11761
18149
56708
2073
14885
3343
41192
15486
15387
34650
11962
76172
53979
41497
36796
11187
56178
4766
12804
25657
1889
14742
1900
8321
3363
16216
9720
3299
48246
1816
43455
6428
7
73676
1646
1635
14488
36868
49721
11722
75782
67681
54828
10115
3724
56425
6521
70731
25814
6551
130
1691
65792
52939
4699
30350
68909
8589
21442
15021
34306
8600
56650
18091
2076
11640
30881
56587
82315
30903
2465
15307
66708
28149
44053
56895
16970
10579
4158
53896
25457
6275
9355
47914
16053
617
3775
23038
18169
24590
527
6858
437
1754
69017
54007
2595
3804
68069
10535
16967
4114
16956
2592
6808
13328
358
60762
73615
83429
6311
66480
27921
2215
8273
1852
33912
33923
21070
102
48065
73771
237
28046
2340
60173
8761
34335
8629
2148
2118
14960
1998
59820
7062
26347
641
35874
13384
26215
39068
20057
20072
26515
809
26504
13651
3982
23245
58560
32854
11977
3965
10251
3830
61619
2365
34470
37610
56828
15829
2976
39893
27040
1334
49379
1607
8013
19111
44828
6269
38374
6273
19126
12705
9760
3339
1742
15070
27934
2228
2195
34322
8616
7193
77824
2495
21758
79580
2462
56892
1988
8409
14764
5050
37155
69938
1103
39606
13900
20321
10697
17118
5906
12327
60390
21831
53980
2568
66778
34269
8563
14995
2142
11736
18157
2055
27739
1473
17518
11097
56088
4676
2818
22081
2683
41176
79735
6036
8984
2563
60385
21826
66773
9017
21889
16434
16229
80494
69699
18287
612
10266
3845
453
7039
12481
43180
4621
68831
72074
7809
39947
1388
2065
459
35692
567
3759
16612
3770
2114
8385
40512
1953
14806
1964
620
13473
553
3756
359
29186
422
341
16326
54874
29168
16311
35574
27725
2019
22809
2021
67043
54190
2778
9166
47725
2745
41304
6878
457
73317
1142
35661
3688
10109
494
6915
1394
469
13322
480
48525
24901
24794
24808
2676
54044
21939
2847
50793
63650
12282
44387
37981
67068
2803
5901
50848
31630
12032
5589
31295
24945
12092
5671
67804
16392
22813
7559
20412
20423
7570
52561
1149
4187
42713
10553
74818
7495
32653
45506
559
12797
38481
117
87
3170
67380
1795
33795
46637
43509
11404
1104
10713
11666
8293
1872
78904
14639
6927
506
16521
10031
3610
473
1910
11519
62856
11444
79
3117
62623
1919
14746
8325
2929
6117
12538
25350
2956
54170
2758
41284
10924
81555
1871
4047
42573
2157
213
16123
61070
6979
558
19821
19851
64853
588
7009
594
23026
10173
3752
35868
23015
83469
32101
1138
2781
54149
63609
461
6822
26085
460
6821
26084
29699
16846
39608
26788
1082
16992
4150
46515
53050
1638
14491
8070
1649
30476
65940
1730
33689
20836
7983
40088
25504
12662
1430
1223
33313
7629
1160
10694
42799
26416
20010
77219
12954
101
22522
3154
15952
67364
8900
5974
25237
2493
53894
15335
19078
25499
73649
30372
4666
1009
1622
14475
1633
1711
197
32193
19340
77
8359
1938
2822
6076
51023
22121
54270
2858
2986
41512
10872
4451
68661
2982
2907
30111
42964
49385
8310
25537
27945
2239
34344
1677
6063
12484
76010
4112
10533
28075
2369
2504
75966
11515
37221
14911
59858
2069
37023
24170
3133
12742
44880
6321
83428
19163
2902
15744
6304
19146
13512
670
20739
20750
7897
1476
38333
15897
22318
43757
2857
34962
2546
8967
1167
49212
23660
7615
1194
2707
73338
25204
5941
12362
9060
25217
5954
37894
1066
17081
10615
4194
36299
10675
6437
19268
32121
12802
25655
57793
19234
7908
40046
1487
23893
49577
52780
8462
34146
22833
54971
16412
56337
956
4219
998
4186
10607
41178
15472
69935
1219
41526
15820
83500
6382
10937
45336
34464
73023
9038
15459
2557
41083
2689
15531
52933
1521
6270
44889
6330
12586
51090
76796
38360
1097
17112
10721
4300
9741
46613
8012
1591
33696
16056
34763
21910
5679
2416
2587
5940
29060
3354
1655
46497
2191
8612
26578
872
3802
55170
76920
12655
6219
6249
2219
60008
43351
32341
6635
61209
22650
6575
12499
286
982
33087
57280
12333
37
3060
6413
25694
10
9559
14948
2095
24501
30922
7269
4051
16848
4006
23269
8404
39626
1067
46014
4375
1136
30004
17151
7611
1190
7536
2867
9552
45749
20076
7223
29696
3990
16832
16769
23179
36032
74632
23220
31395
5689
32915
20062
9046
19589
35559
29171
299
13206
353
29180
3608
54976
6251
31935
4519
55887
15570
33480
52787
1375
4518
8277
1856
1706
421
45353
6827
63790
73507
38315
25462
1417
8290
1869
182
9791
3250
61039
20688
72056
30294
4588
68853
65681
1416
72047
11244
23888
43162
30309
1509
4592
9773
5745
41218
15512
9091
28354
37963
29642
3936
48883
76565
25329
39831
78390
1272
81347
16097
55986
17550
1343
60010
13697
20077
36047
2444
2433
15286
1180
10774
17195
4383
1063
33052
45905
7556
30044
4338
2064
43703
37315
37436
11730
69519
18151
12418
10833
4412
20341
23169
6143
6121
31827
25466
31909
6203
3000
31678
5972
12393
12738
6332
175
29058
16205
9784
77047
1518
7759
1338
1347
4535
68610
245
9824
22666
29072
3681
29365
13259
32522
2152
63091
37385
21370
3948
32845
17546
4704
22523
9681
16102
11942
2273
11723
50117
27778
2072
2077
468
3641
16483
76159
11894
69548
4044
841
9503
12661
25503
31924
6408
19217
6375
12796
84130
25309
38151
2540
8961
21773
70776
32217
6511
123
4132
24423
11581
8357
24357
1819
37052
21028
66030
1765
4417
8168
1747
62686
36980
77160
42
22299
73711
1771
11792
8574
27859
2153
675
76200
37641
11935
688
35921
995
49040
75415
62562
20938
80045
1774
8180
597
7980
52971
1559
11183
4762
32770
725
3853
35958
51763
351
16306
54843
41990
16321
35584
188
9677
35339
61045
3361
10931
4510
1685
1667
33704
7998
20413
1150
1166
14019
1177
30034
4320
10696
49222
45332
18150
858
4061
5703
32807
8954
15375
3946
42472
36051
40842
10499
56812
1253
20414
1151
42790
55616
4204
68414
6059
1259
4462
2586
54017
54979
80685
16005
22177
2914
4430
1227
7603
20445
9173
21985
39603
26750
1044
1248
4410
17263
2692
1841
75408
2352
34457
31285
5579
12000
2252
1094
39620
22167
40055
1496
22322
2744
50789
8362
1941
19301
77090
2001
11584
24437
30858
7613
13870
71659
1382
4585
10570
5109
11530
17109
810
46299
7740
1319
52612
46202
33349
31856
19003
3800
35905
672
11093
55069
1488
4409
145
6401
35562
9856
35540
13961
42866
4307
10728
10586
36270
13719
3785
23048
7943
52934
1522
1335
2177
11786
37438
11732
1648
59384
33678
1994
343
370
22791
47432
1959
61207
22681
56080
72095
244
78650
24169
19013
48676
80044
19302
39
25663
56068
4656
4701
56069
36806
8030
1609
1486
40045
1519
55970
1683
30510
43322
24430
75798
7127
4429
7632
1434
346
16316
35579
59228
7816
1395
14147
54974
39037
39905
1346
41077
10701
3014
28720
56007
20699
20774
3057
22320
12771
83468
6350
238
64421
156
25862
31208
44061
47346
21640
38976
77535
69799
12145
60121
1376
9507
37030
22773
345
22781
16360
35578
6691
32375
8165
1744
75413
15254
2412
8833
16135
14947
265
8301
1880
65233
52380
968
45810
60416
9004
2583
21846
25049
349
2096
43453
36999
75558
1618
46508
7949
46641
20935
5037
12
78770
14505
33693
61932
10520
4077
29783
45798
1137
11513
1814
6435
14
6360
83456
6338
32044
32132
6426
5
68944
4679
36784
3981
61770
13790
20136
45820
25059
50617
16109
28973
3267
28940
41793
8239
1746
11205
1611
7988
59400
63691
5902
28381
2675
9096
36245
149
22585
80440
3322
16164
33009
76128
61782
2501
36985
77500
1923
34028
7000
579
10143
2985
41511
2160
37393
24353
75721
15963
3110
720
67983
882
56885
15152
2299
60088
20163
37757
5577
69787
17005
7295
874
72561
8296
78927
1875
37108
79732
66879
7104
1785
4757
49704
8107
78804
1686
47
32152
1252
30079
6133
2997
76501
25223
5960
38065
21930
63569
41748
43345
9159
22001
17210
1773
43412
16980
2442
2310
60099
8854
47314
34461
8755
2334
56746
34379
63288
37582
77678
560
3673
74304
34505
8799
8335
36847
75406
17090
10669
36353
35721
27728
2022
6953
532
35702
6956
11668
444
16459
6030
31714
25308
2383
11991
5570
44096
8808
66597
1898
3740
1220
30129
4423
52786
1374
17389
66910
69216
16066
55613
4201
75197
10932
30195
3146
255
9864
69430
7147
696
10290
20350
20320
39605
13899
11493
12731
638
35844
43826
45775
28184
2478
20082
26709
1003
49048
78799
1681
62727
8291
1870
7509
1088
79110
1992
1975
24426
3061
48008
35561
1128
75727
2175
2100
31951
6245
76876
4217
82263
24661
11819
56744
82450
13974
1121
36354
48542
40572
2013
8254
78885
645
52057
7504
3008
9429
1445
1454
19109
476
1770
78642
20749
41172
2613
37747
7311
20153
8941
2520
15362
75914
24502
11660
38983
424
6815
38942
13236
75892
37333
40498
14792
34077
8371
2909
35003
47856
1453
33483
6967
546
7553
1132
1642
33672
1668
14521
1679
1967
24418
65430
1165
7736
1315
54411
53005
1593
43265
4706
43232
81488
1812
16997
4110
36215
209
2396
7947
33631
54392
1147
82684
36895
74831
10566
69013
43307
38146
1762
24153
36995
112
22533
22
23706
10864
4443
49390
12435
2853
54980
16421
48526
22718
2514
8935
23275
4012
44069
49636
1615
36848
73514
22037
54186
2774
6034
51762
350
2236
45355
44886
6327
19169
6261
31945
493
56830
22055
2792
13675
11772
82403
44147
74638
56600
82306
39187
1653
41578
1897
17852
43536
35596
10567
3647
48594
11742
69531
2878
35005
9299
37251
7066
22931
42161
80720
8243
1822
25702
6439
25115
20901
8059
8044
1232
10736
55683
1331
1383
2747
41273
39862
1303
6477
12898
3118
28791
41644
64079
51226
31701
1722
49767
21881
9039
10261
23103
295
57949
1099
6242
12663
8309
3015
31761
45600
7041
79951
54245
2833
11521
63554
4069
29709
81121
29395
46156
3780
23043
