0 55653
1 55654
2 55655
3 55656
4 55657
5 55658
6 55659
7 55660
8 55661
9 55662
10 55663
11 55664
12 55665
13 55666
14 55667
15 55668
16 55669
17 55670
18 55671
19 55672
20 55673
21 55674
22 55675
23 55676
24 55677
25 55678
26 55679
27 55680
28 55681
29 55682
30 55683
31 55684
32 55685
33 55686
34 55687
35 55688
36 55689
37 55690
38 55691
39 55692
40 55693
41 55694
42 55695
43 55696
44 55697
45 55698
46 55699
47 55700
48 55701
49 55702
50 55703
51 55704
52 55705
53 55706
54 55707
55 55708
56 55709
57 55710
58 55711
59 55712
60 55713
61 55714
62 55715
63 55716
64 55717
65 55718
66 55719
67 55720
68 55721
69 55722
70 55723
71 55724
72 55725
73 55726
74 55727
75 55728
76 55729
