0
1
2
3
4
5
6
7
8
9
11
10
12
13
14
15
16
17
21
18
19
20
22
23
24
25
26
27
28
29
30
31
32
34
33
35
38
36
37
39
40
41
42
43
44
45
46
47
48
49
50
51
55
52
53
54
56
57
58
59
60
61
62
63
64
65
66
67
68
69
70
71
72
73
76
74
75
77
78
79
80
81
82
86
83
84
85
87
88
89
90
91
92
93
94
97
95
96
98
99
100
101
102
103
104
105
106
107
108
109
110
111
112
113
114
115
116
118
117
119
122
120
121
123
124
125
126
127
128
129
130
131
132
133
134
135
139
136
137
138
140
141
142
143
144
145
146
147
148
149
150
151
152
153
154
155
156
157
158
160
159
161
164
162
163
3148
165
166
167
168
169
170
171
172
173
174
175
176
177
178
179
180
181
182
183
184
185
186
187
188
189
190
191
192
193
194
195
196
197
198
199
200
201
202
203
204
205
206
207
208
209
210
211
212
213
214
215
216
217
218
219
220
221
222
223
224
225
226
227
228
229
230
231
232
233
234
235
236
237
238
239
240
241
242
243
244
245
246
247
248
249
250
251
252
253
254
255
256
257
258
259
260
261
262
263
264
265
266
267
268
269
270
271
272
273
274
275
276
277
278
279
280
281
282
283
284
285
286
287
288
289
290
291
292
293
294
295
296
297
298
299
300
301
302
303
304
305
306
307
308
309
310
311
312
313
314
315
316
317
318
319
320
321
322
323
324
325
326
327
328
329
330
331
332
333
334
335
336
337
338
339
340
341
342
343
344
345
346
347
348
349
350
351
352
353
354
355
356
357
358
359
360
361
362
363
364
365
366
367
368
369
370
371
372
373
374
375
376
377
378
379
380
381
382
383
384
385
386
387
388
389
390
391
392
393
394
395
396
397
398
399
400
401
402
403
404
405
406
407
408
409
410
411
412
413
414
415
416
417
418
419
420
421
422
423
424
425
426
427
428
429
430
431
432
433
434
435
436
437
438
439
440
441
442
443
444
445
446
447
448
449
450
451
452
453
454
455
456
457
458
459
460
461
462
463
464
465
466
467
468
469
470
471
472
473
474
475
476
477
478
479
480
481
482
483
484
485
486
487
488
489
490
491
492
493
494
495
496
497
498
499
500
501
502
503
504
505
506
507
508
509
510
511
512
513
514
515
516
517
518
519
520
521
522
523
524
525
526
527
528
529
530
531
532
533
534
535
536
537
538
539
540
541
542
543
544
545
546
547
548
549
550
551
552
553
554
555
556
557
558
559
560
561
562
563
564
565
566
567
568
569
570
571
572
573
574
575
576
577
578
579
580
581
582
583
584
585
586
587
588
589
590
591
592
593
594
595
596
597
598
599
600
601
602
603
604
605
606
607
608
609
610
611
612
613
614
615
616
617
618
619
620
621
622
623
624
625
626
627
628
629
630
631
632
633
634
635
636
637
638
639
640
641
642
643
644
645
646
647
648
649
650
651
652
653
654
655
656
657
658
659
660
661
662
663
664
665
666
667
668
669
670
671
672
673
674
675
676
677
678
679
680
681
682
683
684
685
686
687
688
689
690
691
692
693
694
695
696
697
698
699
700
701
702
703
704
705
706
707
708
709
710
711
712
713
714
715
716
717
718
719
720
721
722
723
724
725
726
727
728
729
730
731
732
733
734
735
736
737
738
739
740
741
742
743
744
745
746
747
748
749
750
751
752
753
754
755
756
757
758
759
760
761
762
763
764
765
766
767
768
769
770
771
772
773
774
775
776
777
778
779
780
781
782
783
784
785
786
787
788
789
790
791
792
793
794
795
796
797
798
799
800
801
802
803
804
805
806
807
808
809
810
811
812
813
814
815
816
817
818
819
820
821
822
823
824
825
826
827
828
829
830
831
832
833
834
835
836
837
838
839
840
841
842
843
844
845
846
847
848
849
850
851
852
853
854
855
856
857
858
859
860
861
862
863
864
865
866
867
868
869
870
871
872
873
874
875
876
877
878
879
880
881
882
883
884
885
886
887
888
889
890
891
892
893
894
895
896
897
898
899
900
901
902
903
904
905
906
907
908
909
910
911
912
913
914
915
916
917
918
919
920
921
922
923
924
925
926
927
928
929
930
931
932
933
934
935
936
937
938
939
940
941
942
943
944
945
946
947
948
949
950
951
952
953
954
955
956
957
958
959
960
961
962
963
964
965
966
967
968
969
970
971
972
973
974
975
976
977
978
979
980
981
982
983
984
985
986
987
988
989
990
991
992
993
994
995
996
997
998
999
1000
1001
1002
1003
1004
1005
1006
1007
1008
1009
1010
1011
1012
1013
1014
1015
1016
1017
1018
1019
1020
1021
1022
1023
1024
1025
1026
1027
1028
1029
1030
1031
1032
1033
1034
1035
1036
1037
1038
1039
1040
1041
1042
1043
1044
1045
1046
1047
1048
1049
1050
1051
1052
1053
1054
1055
1056
1057
1058
1059
1060
1061
1062
1063
1064
1065
1066
1067
1068
1069
1070
1071
1072
1073
1074
1075
1076
1077
1078
1079
1080
1081
1082
1083
1084
1085
1086
1087
1088
1089
1090
1091
1092
1093
1094
1095
1096
1097
1098
1099
1100
1101
1102
1103
1104
1105
1106
1107
1108
1109
1110
1111
1112
1113
1114
1115
1116
1117
1118
1119
1120
1121
1122
1123
1124
1125
1126
1127
1128
1129
1130
1131
1132
1133
1134
1135
1136
1137
1138
1139
1140
1141
1142
1143
1144
1145
1146
1147
1148
1149
1150
1151
1152
1153
1154
1155
1156
1157
1158
1159
1160
1161
1162
1163
1164
1165
1166
1167
1168
1169
1170
1171
1172
1173
1174
1175
1176
1177
1178
1179
1180
1181
1182
1183
1184
1185
1186
1187
1188
1189
1190
1191
1192
1193
1194
1195
1196
1197
1198
1199
1200
1201
1202
1203
1204
1205
1206
1207
1208
1209
1210
1211
1212
1213
1214
1215
1216
1217
1218
1219
1220
1221
1222
1223
1224
1225
1226
1227
1228
1229
1230
1231
1232
1233
1234
1235
1236
1237
1238
1239
1240
1241
1242
1243
1244
1245
1246
1247
1248
1249
1250
1251
1252
1253
1254
1255
1256
1257
1258
1259
1260
1261
1262
1263
1264
1265
1266
1267
1268
1269
1270
1271
1272
1273
1274
1275
1276
1277
1278
1279
1280
1281
1282
1283
1284
1285
1286
1287
1288
1289
1290
1291
1292
1293
1294
1295
1296
1297
1298
1299
1300
1301
1302
1303
1304
1305
1306
1307
1308
1309
1310
1311
1312
1313
1314
1315
1316
1317
1318
1319
1320
1321
1322
1323
1324
1325
1326
1327
1328
1329
1330
1331
1332
1333
1334
1335
1336
1337
1338
1339
1340
1341
1342
1343
1344
1345
1346
1347
1348
1349
1350
1351
1352
1353
1354
1355
1356
1357
1358
1359
1360
1361
1362
1363
1364
1365
1366
1367
1368
1369
1370
1371
1372
1373
1374
1375
1376
1377
1378
1379
1380
1381
1382
1383
1384
1385
1386
1387
1388
1389
1390
1391
1392
1393
1394
1395
1396
1397
1398
1399
1400
1401
1402
1403
1404
1405
1406
1407
1408
1409
1410
1411
1412
1413
1414
1415
1416
1417
1418
1419
1420
1421
1422
1423
1424
1425
1426
1427
1428
1429
1430
1431
1432
1433
1434
1435
1436
1437
1438
1439
1440
1441
1442
1443
1444
1445
1446
1447
1448
1449
1450
1451
1452
1453
1454
1455
1456
1457
1458
1459
1460
1461
1462
1463
1464
1465
1466
1467
1468
1469
1470
1471
1472
1473
1474
1475
1476
1477
1478
1479
1480
1481
1482
1483
1484
1485
1486
1487
1488
1489
1490
1491
1492
1493
1494
1495
1496
1497
1498
1499
1500
1501
1502
1503
1504
1505
1506
1507
1508
1509
1510
1511
1512
1513
1514
1515
1516
1517
1518
1519
1520
1521
1522
1523
1524
1525
1526
1527
1528
1529
1530
1531
1532
1533
1534
1535
1536
1537
1538
1539
1540
1541
1542
1543
1544
1545
1546
1547
1548
1549
1550
1551
1552
1553
1554
1555
1556
1557
1558
1559
1560
1561
1562
1563
1564
1565
1566
1567
1568
1569
1570
1571
1572
1573
1574
1575
1576
1577
1578
1579
1580
1581
1582
1583
1584
1585
1586
1587
1588
1589
1590
1591
1592
1593
1594
1595
1596
1597
1598
1599
1600
1601
1602
1603
1604
1605
1606
1607
1608
1609
1610
1611
1612
1613
1614
1615
1616
1617
1618
1619
1620
1621
1622
1623
1624
1625
1626
1627
1628
1629
1630
1631
1632
1633
1634
1635
1636
1637
1638
1639
1640
1641
1642
1643
1644
1645
1646
1647
1648
1649
1650
1651
1652
1653
1654
1655
1656
1657
1658
1659
1660
1661
1662
1663
1664
1665
1666
1667
1668
1669
1670
1671
1672
1673
1674
1675
1676
1677
1678
1679
1680
1681
1682
1683
1684
1685
1686
1687
1688
1689
1690
1691
1692
1693
1694
1695
1696
1697
1698
1699
1700
1701
1702
1703
1704
1705
1706
1707
1708
1709
1710
1711
1712
1713
1714
1715
1716
1717
1718
1719
1720
1721
1722
1723
1724
1725
1726
1727
1728
1729
1730
1731
1732
1733
1734
1735
1736
1737
1738
1739
1740
1741
1742
1743
1744
1745
1746
1747
1748
1749
1750
1751
1752
1753
1754
1755
1756
1757
1758
1759
1760
1761
1762
1763
1764
1765
1766
1767
1768
1769
1770
1771
1772
1773
1774
1775
1776
1777
1778
1779
1780
1781
1782
1783
1784
1785
1786
1787
1788
1789
1790
1791
1792
1793
1794
1795
1796
1797
1798
1799
1800
1801
1802
1803
1804
1805
1806
1807
1808
1809
1810
1811
1812
1813
1814
1815
1816
1817
1818
1819
1820
1821
1822
1823
1824
1825
1826
1827
1828
1829
1830
1831
1832
1833
1834
1835
1836
1837
1838
1839
1840
1841
1842
1843
1844
1845
1846
1847
1848
1849
1850
1851
1852
1853
1854
1855
1856
1857
1858
1859
1860
1861
1862
1863
1864
1865
1866
1867
1868
1869
1870
1871
1872
1873
1874
1875
1876
1877
1878
1879
1880
1881
1882
1883
1884
1885
1886
1887
1888
1889
1890
1891
1892
1893
1894
1895
1896
1897
1898
1899
1900
1901
1902
1903
1904
1905
1906
1907
1908
1909
1910
1911
1912
1913
1914
1915
1916
1917
1918
1919
1920
1921
1922
1923
1924
1925
1926
1927
1928
1929
1930
1931
1932
1933
1934
1935
1936
1937
1938
1939
1940
1941
1942
1943
1944
1945
1946
1947
1948
1949
1950
1951
1952
1953
1954
1955
1956
1957
1958
1959
1960
1961
1962
1963
1964
1965
1966
1967
1968
1969
1970
1971
1972
1973
1974
1975
1976
1977
1978
1979
1980
1981
1982
1983
1984
1985
1986
1987
1988
1989
1990
1991
1992
1993
1994
1995
1996
1997
1998
1999
2000
2001
2002
2003
2004
2005
2006
2007
2008
2009
2010
2011
2012
2013
2014
2015
2016
2017
2018
2019
2020
2021
2022
2023
2024
2025
2026
2027
2028
2029
2030
2031
2032
2033
2034
2035
2036
2037
2038
2039
2040
2041
2042
2043
2044
2045
2046
2047
2048
2049
2050
2051
2052
2053
2054
2055
2056
2057
2058
2059
2060
2061
2062
2063
2064
2065
2066
2067
2068
2069
2070
2071
2072
2073
2074
2075
2076
2077
2078
2079
2080
2081
2082
2083
2084
2085
2086
2087
2088
2089
2090
2091
2092
2093
2094
2095
2096
2097
2098
2099
2100
2101
2102
2103
2104
2105
2106
2107
2108
2109
2110
2111
2112
2113
2114
2115
2116
2117
2118
2119
2120
2121
2122
2123
2124
2125
2126
2127
2128
2129
2130
2131
2132
2133
2134
2135
2136
2137
2138
2139
2140
2141
2142
2143
2144
2145
2146
2147
2148
2149
2150
2151
2152
2153
2154
2155
2156
2157
2158
2159
2160
2161
2162
2163
2164
2165
2166
2167
2168
2169
2170
2171
2172
2173
2174
2175
2176
2177
2178
2179
2180
2181
2182
2183
2184
2185
2186
2187
2188
2189
2190
2191
2192
2193
2194
2195
2196
2197
2198
2199
2200
2201
2202
2203
2204
2205
2206
2207
2208
2209
2210
2211
2212
2213
2214
2215
2216
2217
2218
2219
2220
2221
2222
2223
2224
2225
2226
2227
2228
2229
2230
2231
2232
2233
2234
2235
2236
2237
2238
2239
2240
2241
2242
2243
2244
2245
2246
2247
2248
2249
2250
2251
2252
2253
2254
2255
2256
2257
2258
2259
2260
2261
2262
2263
2264
2265
2266
2267
2268
2269
2270
2271
2272
2273
2274
2275
2276
2277
2278
2279
2280
2281
2282
2283
2284
2285
2286
2287
2288
2289
2290
2291
2292
2293
2294
2295
2296
2297
2298
2299
2300
2301
2302
2303
2304
2305
2306
2307
2308
2309
2310
2311
2312
2313
2316
2314
2315
2317
2318
2319
2320
2321
2322
2323
2336
2324
2325
2331
2326
2327
2328
2329
2330
2332
2333
2334
2335
2337
2338
2339
2340
2341
2342
2343
2344
2345
2346
2347
2348
2405
2349
2350
2351
2352
2353
2354
2355
2356
2357
2358
2359
2360
2361
2362
2363
2364
2375
2365
2366
2367
2380
2368
2373
2369
2370
2371
2372
2374
2376
2377
2378
2379
2381
2382
2383
2384
2385
2386
2387
2388
2389
2390
2391
2458
2392
2393
2394
2395
2396
2397
2398
2421
2399
2400
2401
2402
2403
2404
2406
2407
2408
2409
2410
2411
2416
2412
2413
2414
2415
2417
2418
2419
2420
2422
2423
2424
2425
2504
2426
2427
2428
2429
2430
2431
2432
2433
2434
2435
2436
2488
2437
2438
2439
2440
2441
2442
2443
2444
2445
2446
2447
2448
2449
2450
2451
2452
2453
2454
2455
2456
2457
2459
2460
2463
2461
2462
2464
2465
2466
2467
2468
2486
2469
2470
2471
2472
2473
2474
2570
2475
2476
2477
2478
2479
2480
2481
2482
2483
2484
2485
2487
2489
2490
2491
2492
2493
2506
2494
2499
2495
2496
2497
2498
2500
2501
2502
2503
2505
2507
2508
2509
2510
2511
2512
2513
2514
2515
2516
2581
2517
2518
2519
2583
2520
2521
2522
2523
2524
2525
2526
2527
2528
2529
2530
2541
2531
2532
2533
2534
2535
2536
2537
2538
2539
2540
2542
2543
2546
2544
2545
2547
2548
2621
2549
2550
2551
2552
2553
2554
2555
2556
2557
2558
2559
2560
2561
2562
2563
2564
2565
2566
2567
2568
2569
2571
2572
2573
2574
2575
2588
2576
2577
2578
2579
2580
2582
2584
2585
2586
2587
2589
2590
2591
2592
2593
2594
2595
2596
2597
2598
2599
2600
2601
2602
2603
2604
2605
2606
2607
2608
2609
2610
2611
2623
2612
2613
2614
2615
2628
2616
2617
2618
2619
2620
2622
2624
2625
2626
2627
2629
2630
2631
2633
2632
2635
2634
2636
2637
2638
2639
2640
2641
2643
2642
2644
2645
2646
2647
2648
2649
2650
2651
2652
2653
2654
2655
2656
2657
2658
2659
2660
2661
2662
2663
2664
2665
2666
2667
2668
2669
2670
2671
2672
2673
2674
2675
2676
2677
2678
2679
2680
2682
2681
2683
2684
2685
2686
2687
2688
2689
2690
2691
2692
2693
2694
2695
2696
2697
2698
2699
2700
2701
2702
2703
2704
2705
2706
2707
2708
2709
2710
2711
2712
2713
2755
2759
2714
2715
2716
2717
2718
2719
2720
2721
2722
2723
2724
2725
2726
2727
2728
2729
2730
2731
2732
2733
2734
2735
2736
2737
2738
2739
2740
2741
2742
2743
2744
2745
2746
2747
2748
2749
2750
2751
2752
2753
2754
2757
2756
2758
2760
2761
2762
2763
2764
2765
2766
2767
2768
2769
2770
2771
2772
2773
2774
2775
2776
2777
2778
2779
2780
2781
2782
2783
2784
2785
2786
2787
2788
2789
2790
2791
2792
2793
2794
2795
2796
2797
2798
2799
2800
2801
2802
2803
2804
2805
2806
2807
2808
2809
2810
2811
2812
2825
2813
2814
2815
2816
2817
2818
2819
2820
2821
2822
2823
2824
2826
2828
2827
2829
2830
2831
2832
2833
2834
2835
2837
2836
2838
2839
2840
2841
2842
2843
2844
2845
2846
2847
2848
2849
2850
2853
2854
2856
2858
2860
2862
2864
2866
2868
2870
2872
2874
2876
2878
2880
2882
2884
2886
2887
2888
2889
2890
2892
2894
2896
2898
2900
2902
2904
2906
2908
2910
2912
2914
2916
2918
2920
2922
2924
2926
2927
2928
2929
2930
2932
2934
2936
2938
2940
2942
2944
2946
2948
2950
2952
2954
2956
2958
2960
2962
2964
2966
2967
2968
2969
2970
2972
2974
2976
2978
2980
2982
2984
2986
2988
2990
2992
2994
2996
2998
3000
3002
3004
3006
3007
3008
3009
3010
3012
3014
3016
3018
3020
3022
3024
3026
3028
3030
3032
3034
3036
3038
3040
3042
3044
3046
3047
3048
3049
3050
3052
3054
3056
3058
3060
3062
3064
3066
3068
3070
3072
3074
3076
3078
3080
3082
3084
3086
3087
3088
3089
3090
3092
3094
3096
3098
3100
3102
3104
3106
3107
3108
3110
3112
3114
3116
3118
3120
3122
3124
3126
3128
3129
3130
3132
3134
3136
3138
3140
3142
3144
3146
3147
3150
3152
3154
3156
3158
3159
3160
3162
3164
3166
3167
3168
3169
3170
3172
3174
3176
3178
3180
3182
3184
3186
3188
3190
3192
3194
3196
3198
3200
3202
3204
3206
3208
3210
3212
3214
3216
3218
3220
3222
3224
3226
3228
3230
3232
3234
3236
3238
3240
3242
3244
3246
3248
3250
3252
3254
3256
3258
3260
3262
3264
3266
3268
3270
3272
3274
3276
3278
3280
3282
3284
3286
3288
3290
3292
3294
3296
3298
3300
3302
3304
3306
3308
3310
3312
3314
3316
3318
3320
3322
3324
3326
3328
3330
3332
3334
3336
3338
3340
3342
3344
3346
3348
3350
3352
3354
3356
3358
3360
3362
3364
3366
3368
3370
3372
3374
3376
3378
3380
3382
3384
3386
3388
3390
3392
3394
3396
3398
3400
3402
3404
3406
3408
3410
3412
3414
3416
3418
3420
3422
3424
3426
3428
3430
3432
3434
3436
3438
3440
3442
3444
3446
3448
3450
3452
3454
3456
3458
3460
3462
3464
3466
3468
3470
3472
3474
3476
3478
3480
3482
3484
3486
3488
3490
3492
3494
3496
3498
3500
3502
3504
3506
3508
3510
3512
3514
3516
3518
3520
3522
3524
3526
3528
3530
3532
3534
3536
3538
3540
3542
3544
3546
3548
3550
3552
3554
3556
3558
3560
3562
3564
3566
3568
3570
3572
3574
3576
3578
3580
3582
3584
3586
3588
3590
3592
3594
3596
3598
3600
3602
3604
3606
3608
3610
3612
3614
3616
3618
3620
3622
3624
3626
3628
3630
3632
3634
3636
3638
3640
3642
3644
3646
3648
3650
3652
3654
3656
3658
3660
3662
3664
3666
3668
3670
3672
3674
3676
3678
3680
3682
3684
3686
3688
3690
3692
3694
3696
3698
3700
3702
3704
3706
3708
3710
3712
3714
3716
3718
3720
3722
3724
3726
3728
3730
3732
3734
3736
3738
3740
3742
3744
3746
3748
3750
3752
3754
3756
3758
3760
3762
3764
3766
3768
3770
3772
3774
3776
3778
3780
3782
3784
3786
3788
3790
3792
3794
3796
3798
3800
3802
3804
3806
3808
3810
3812
3814
3816
3818
3820
3822
3824
3826
3828
3830
3832
3834
3836
3838
3840
3842
3844
3846
3848
3850
3852
3854
3856
3858
3860
3862
3864
3866
3868
3870
3872
3874
3876
3878
3880
3882
3884
3886
3888
3890
3892
3894
3896
3898
3900
3902
3904
3906
3908
3910
3912
3914
3916
3918
3920
3922
3924
3926
3928
3930
3932
3934
3936
3938
3940
3942
3944
3946
3948
3950
3952
3954
3956
3958
3960
3962
3964
3966
3968
3970
3972
3974
3976
3978
3980
3982
3984
3986
3988
3990
3992
3994
3996
3998
4000
4002
4004
4006
4008
4010
4012
4014
4016
4018
4020
4022
4024
4026
4028
4030
4032
4034
4036
4038
4040
4042
4044
4046
4048
4050
4052
4054
4056
4058
4060
4062
4064
4066
4068
4070
4072
4074
4076
4078
4080
4082
4084
4086
4088
4090
4092
4094
4096
4098
4100
4102
4104
4106
4108
4110
4112
4114
4116
4118
4120
4122
4124
4126
4128
4130
4132
4134
4136
4138
4140
4142
4144
4146
4148
4150
4152
4154
4156
4158
4160
4162
4164
4166
4168
4170
4172
4174
4176
4178
4180
4182
4184
4186
4188
4190
4192
4194
4196
4198
4200
4202
4204
4206
4208
4210
4212
4214
4216
4218
4220
4222
4224
4226
4228
4230
4232
4234
4236
4238
4240
4242
4244
4246
4248
4250
4252
4254
4256
4258
4260
4262
4264
4266
4268
4270
4272
4274
4276
4278
4280
4282
4284
4286
4288
4290
4292
4294
4296
4298
4300
4302
4304
4306
4308
4310
4312
4314
4316
4318
4320
4322
4324
4326
4328
4330
4332
4334
4336
4338
4340
4342
4344
4346
4348
4350
4352
4354
4356
4358
4360
4362
4364
4366
4368
4370
4372
4374
4376
4378
4380
4382
4384
4386
4388
4390
4392
4394
4396
4398
4400
4402
4404
4406
4408
4410
4412
4414
4416
4418
4420
4422
4424
4426
4428
4430
4432
4434
4436
4438
4440
4442
4444
4446
4448
4450
4452
4454
4456
4458
4460
4462
4464
4466
4468
4470
4472
4474
4476
4478
4480
4482
4484
4486
4488
4490
4492
4494
4496
4498
4500
4502
4504
4506
4508
4510
4512
4514
4516
4518
4520
4522
4524
4526
4528
4530
4532
4534
4536
4538
4540
4542
4544
4546
4548
4550
4552
4554
4556
4558
4560
4562
4564
4566
4568
4570
4572
4574
4576
4578
4580
4582
4584
4586
4588
4590
4592
4594
4596
4598
4600
4602
4604
4606
4608
4610
4612
4614
4616
4618
4620
4622
4624
4626
4628
4630
4632
4634
4636
4638
4640
4642
4644
4646
4648
4650
4652
4654
4656
4658
4660
4662
4664
4666
4668
4670
4672
4674
4676
4678
4680
4682
4684
4686
4688
4690
4692
4694
4696
4698
4700
4702
4704
4706
4708
4710
4712
4714
4716
4718
4720
4722
4724
4726
4728
4730
4732
4734
4736
4738
4740
4742
4744
4746
4748
4750
4752
4754
4756
4758
4760
4762
4764
4766
4768
4770
4772
4774
4776
4778
4780
4782
4784
4786
4788
4790
4792
4794
4796
4798
4800
4802
4804
4806
4808
4810
4812
4814
4816
4818
4820
4822
4824
4826
4828
4830
4832
4834
4836
4838
4840
4842
4844
4846
4848
4850
4852
4854
4856
4858
4860
4862
4864
4866
4868
4870
4872
4874
4876
4878
4880
4882
4884
4886
4888
4890
4892
4894
4896
4898
4900
4902
4904
4906
4908
4910
4912
4914
4916
4918
4920
4922
4924
4926
4928
4930
4932
4934
4936
4938
4940
4942
4944
4946
4948
4950
4952
4954
4956
4958
4960
4962
4964
4966
4968
4970
4972
4974
4976
4978
4980
4982
4984
4986
4988
4990
4992
4994
4996
4998
5000
5002
5004
5006
5008
5010
5012
5014
5016
5018
5020
5022
5024
5026
5028
5030
5032
5034
5036
5038
5040
5042
5044
5046
5048
5050
5052
5054
5056
5058
5060
5062
5064
5066
5068
5070
5072
5074
5076
5078
5080
5082
5084
5086
5088
5090
5092
5094
5096
5098
5100
5102
5104
5106
5108
5110
5112
5114
5116
5118
5120
5122
5124
5126
5128
5130
5132
5134
5136
5138
5140
5142
5144
5146
5148
5150
5152
5154
5156
5158
5160
5162
5164
5166
5168
5170
5172
5174
5176
5178
5180
5182
5184
5186
5188
5190
5192
5194
5196
5198
5200
5202
5204
5206
5208
5210
5212
5214
5216
5218
5220
5222
5224
5226
5228
5230
5232
5234
5236
5238
5240
5242
5244
5246
5248
5250
5252
5254
5256
5258
5260
5262
5264
5266
5268
5270
5272
5274
5276
5278
5280
5282
5284
5286
5288
5290
5292
5294
5296
5298
5300
5302
5304
5306
5308
5310
5312
5314
5316
5318
5320
5322
5324
5326
5328
5330
5332
5334
5336
5338
5340
5342
5344
5346
5348
5350
5352
5354
5356
5358
5360
5362
5364
5366
5368
5370
5372
5374
5376
5378
5380
5382
5384
5386
5388
5390
5392
5394
5396
5398
5400
5402
5404
5406
5408
5410
5412
5414
5416
5418
5420
5422
5424
5426
5428
5430
5432
5434
5436
5438
5440
5442
5444
5446
5448
5450
5452
5454
5456
5458
5460
5462
5464
5466
5468
5470
5472
5474
5476
5478
5480
5482
5484
5486
5488
5490
5492
5494
5496
5498
5500
5502
5504
5506
5508
5510
5512
5514
5516
5518
5520
5522
5524
5526
5528
5530
5532
5534
5536
5538
5540
5542
5544
5546
5548
5550
5552
5554
5556
5558
5560
5562
5564
5566
5568
5570
5572
5574
5576
5578
5580
5582
5584
5586
5588
5590
5592
5594
5596
5598
5600
5602
5604
5606
5608
5610
5612
5614
5616
5618
5620
5622
5624
5626
5628
5630
5632
5634
5636
5638
5640
5642
5644
5646
5648
5650
5652
5654
5656
5658
5660
5662
5664
5666
5668
5670
5672
5674
5676
5678
5680
5682
5684
5686
5688
5690
5692
5694
5696
5698
5700
5702
5704
5706
5708
5710
5712
5714
5716
5718
5720
5722
5724
5726
5728
5730
5732
5734
5736
5738
5740
5742
5744
5746
5748
5750
5752
5754
5756
5758
5760
5762
5764
5766
5768
5770
5772
5774
5776
5778
5780
5782
5784
5786
5788
5790
5792
5794
5796
5798
5800
5802
5804
5806
5808
5810
5812
5814
5816
5818
5820
5822
5824
5826
5828
5830
5832
5834
5836
5838
5840
5842
5844
5846
5848
5850
5852
5854
5856
5858
5860
5862
5864
5866
5868
5870
5872
5874
5876
5878
5880
5882
5884
5886
5888
5890
5892
5894
5896
5898
5900
5902
5904
5906
5908
5910
5912
5914
5916
5918
5920
5922
5924
5926
5928
5930
5932
5934
5936
5938
5940
5942
5944
5946
5948
5950
5952
5954
5956
5958
5960
5962
5964
5966
5968
5970
5972
5974
5976
5978
5980
5982
5984
5986
5988
5990
5992
5994
5996
5998
6000
6002
6004
6006
6008
6010
6012
6014
6016
6018
6020
6022
6024
6026
6028
6030
6032
6034
6036
6038
6040
6042
6044
6046
6048
6050
6052
6054
6056
6058
6060
6062
6064
6066
6068
6070
6072
6074
6076
6078
6080
6082
6084
6086
6088
6090
6092
6094
6096
6098
6100
6102
6104
6106
6108
6110
6112
6114
6116
6118
6120
6122
6124
6126
6128
6130
6132
6134
6136
6138
6140
6142
6144
6146
6148
6150
6152
6154
6156
6158
6160
6162
6164
6166
6168
6170
6172
6174
6176
6178
6180
6182
6184
6186
6188
6190
6192
6194
6196
6198
6200
6202
6204
6206
6208
6210
6212
6214
6216
6218
6220
6222
6224
6226
6228
6230
6232
6234
6236
6238
6240
6242
6244
6246
6248
6250
6252
6254
6256
6258
6260
6262
6264
6266
6268
6270
6272
6274
6276
6278
6280
6282
6284
6286
6288
6290
6292
6294
6296
6298
6300
6302
6304
6306
6308
6310
6312
6314
6316
6318
6320
6322
6324
6326
6328
6330
6332
6334
6336
6338
6340
6342
6344
6346
6348
6350
6352
6354
6356
6358
6360
6362
6364
6366
6368
6370
6372
6374
6376
6378
6380
6382
6384
6386
6388
6390
6392
6394
6396
6398
6400
6402
6404
6406
6408
6410
6412
6414
6416
6418
6420
6422
6424
6426
6428
6430
6432
6434
6436
6438
6440
6442
6444
6446
6448
6450
6452
6454
6456
6458
6460
6462
6464
6466
6468
6470
6472
6474
6476
6478
6480
6482
6484
6486
6488
6490
6492
6494
6496
6498
6500
6502
6504
6506
6508
6510
6512
6514
6516
6518
6520
6522
6524
6526
6528
6530
6532
6534
6536
6538
6540
6542
6544
6546
6548
6550
6552
6554
6556
6558
6560
6562
6564
6566
6568
6570
6572
6574
6576
6578
6580
6582
6584
6586
6588
6590
6592
6594
6596
6598
6600
6602
6604
6606
6608
6610
6612
6614
6616
6618
6620
6622
6624
6626
6628
6630
6632
6634
6636
6638
6640
6642
6644
6646
6648
6650
6652
6654
6656
6658
6660
6662
6664
6666
6668
6670
6672
6674
6676
6678
6680
6682
6684
6686
6688
6690
6692
6694
6696
6698
6700
6702
6704
6706
6708
6710
6712
6714
6716
6718
6720
6722
6724
6726
6728
6730
6732
6734
6736
6738
6740
6742
6744
6746
6748
6750
6752
6754
6756
6758
6760
6762
6764
6766
6768
6770
6772
6774
6776
6778
6780
6782
6784
6786
6788
6790
6792
6794
6796
6798
6800
6802
6804
6806
6808
6810
6812
6814
6816
6818
6820
6822
6824
6826
6828
6830
6832
6834
6836
6838
6840
6842
6844
6846
6848
6850
6852
6854
6856
6858
6860
6862
6864
6866
6868
6870
6872
6874
6876
6878
6880
6882
6884
6886
6888
6890
6892
6894
6896
6898
6900
6902
6904
6906
6908
6910
6912
6914
6916
6918
6920
6922
6924
6926
6928
6930
6932
6934
6936
6938
6940
6942
6944
6946
6948
6950
6952
6954
6956
6958
6960
6962
6964
6966
6968
6970
6972
6974
6976
6978
6980
6982
6984
6986
6988
6990
6992
6994
6996
6998
7000
7002
7004
7006
7008
7010
7012
7014
7016
7018
7020
7022
7024
7026
7028
7030
7032
7034
7036
7038
7040
7042
7044
7046
7048
7050
7052
7054
7056
7058
7060
7062
7064
7066
7068
7070
7072
7074
7076
7078
7080
7082
7084
7086
7088
7090
7092
7094
7096
7098
7100
7102
7104
7106
7108
7110
7112
7114
7116
7118
7120
7122
7124
7126
7128
7130
7132
7134
7136
7138
7140
7142
7144
7146
7148
7150
7152
7154
7156
7158
7160
7162
7164
7166
7168
7170
7172
7174
7176
7178
7180
7182
7184
7186
7188
7190
7192
7194
7196
7198
7200
7202
7204
7206
7208
7210
7212
7214
7216
7218
7220
7222
7224
7226
7228
7230
7232
7234
7236
7238
7240
7242
7244
7246
7248
7250
7252
7254
7256
7258
7260
7262
7264
7266
7268
7270
7272
7274
7276
7278
7280
7282
7284
7286
7288
7290
7292
7294
7296
7298
7300
7302
7304
7306
7308
7310
7312
7314
7316
7318
7320
7322
7324
7326
7328
7330
7332
7334
7336
7338
7340
7342
7344
7346
7348
7350
7352
7354
7356
7358
7360
7362
7364
7366
7368
7370
7372
7374
7376
7378
7380
7382
7384
7386
7388
7390
7392
7394
7396
7398
7400
7402
7404
7406
7408
7410
7412
7414
7416
7418
7420
7422
7424
7426
7428
7430
7432
7434
7436
7438
7440
7442
7444
7446
7448
7450
7452
7454
7456
7458
7460
7462
7464
7466
7468
7470
7472
7474
7476
7478
7480
7482
7484
7486
7488
7490
7492
7494
7496
7498
7500
7502
7504
7506
7508
7510
7512
7514
7516
7518
7520
7522
7524
7526
7528
7530
7532
7534
7536
7538
7540
7542
7544
7546
7548
7550
7552
7554
7556
7558
7560
7562
7564
7566
7568
7570
7572
7574
7576
7578
7580
7582
7584
7586
7588
7590
7592
7594
7596
7598
7600
7602
7604
7606
7608
7610
7612
7614
7616
7618
7620
7622
7624
7626
7628
7630
7632
7634
7636
7638
7640
7642
7644
7646
7648
7650
7652
7654
7656
7658
7660
7662
7664
7666
7668
7670
7672
7674
7676
7678
7680
7682
7684
7686
7688
7690
7692
7694
7696
7698
7700
7702
7704
7706
7708
7710
7712
7714
7716
7718
7720
7722
7724
7726
7728
7730
7732
7734
7736
7738
7740
7742
7744
7746
7748
7750
7752
7754
7756
7758
7760
7762
7764
7766
7768
7770
7772
7774
7776
7778
7780
7782
7784
7786
7788
7790
7792
7794
7796
7798
7800
7802
7804
7806
7808
7810
7812
7814
7816
7818
7820
7822
7824
7826
7828
7830
7832
7834
7836
7838
7840
7842
7844
7846
7848
7850
7852
7854
7856
7858
7860
7862
7864
7866
7868
7870
7872
7874
7876
7878
7880
7882
7884
7886
7888
7890
7892
7894
7896
7898
7900
7902
7904
7906
7908
7910
7912
7914
7916
7918
7920
7922
7924
7926
7928
7930
7932
7934
7936
7938
7940
7942
7944
7946
7948
7950
7952
7954
7956
7958
7960
7962
7964
7966
7968
7970
7972
7974
7976
7978
7980
7982
7984
7986
7988
7990
7992
7994
7996
7998
8000
8002
8004
8006
8008
8010
8012
8014
8016
8018
8020
8022
8024
8026
8028
8030
8032
8034
8036
8038
8040
8042
8044
8046
8048
8050
8052
8054
8056
8058
8060
8062
8064
8066
8068
8070
8072
8074
8076
8078
8080
8082
8084
8086
8088
8090
8092
8094
8096
8098
8100
8102
8104
8106
8108
8110
8112
8114
8116
8118
8120
8122
8124
8126
8128
8130
8132
8134
8136
8138
8140
8142
8144
8146
8148
8150
8152
8154
8156
8158
8160
8162
8164
8166
8168
8170
8172
8174
8176
8178
8180
8182
8184
8186
8188
8190
8192
8194
8196
8198
8200
8202
8204
8206
8208
8210
8212
8214
8216
8218
8220
8222
8224
8226
8228
8230
8232
8234
8236
8238
8240
8242
8244
8246
8248
8250
8252
8254
8256
8258
8260
8262
8264
8266
8268
8270
8272
8274
8276
8278
8280
8282
8284
8286
8288
8290
8292
8294
8296
8298
8300
8302
8304
8306
8308
8310
8312
8314
8316
8318
8320
8322
8324
8326
8328
8330
8332
8334
8336
8338
8340
8342
8344
8346
8348
8350
8352
8354
8356
8358
8360
8362
8364
8366
8368
8370
8372
8374
8376
8378
8380
8382
8384
8386
8388
8390
8392
8394
8396
8398
8400
8402
8404
8406
8408
8410
8412
8414
8416
8418
8420
8422
8424
8426
8428
8430
8432
8434
8436
8438
8440
8442
8444
8446
8448
8450
8452
8454
8456
8458
8460
8462
8464
8466
8468
8470
8472
8474
8476
8478
8480
8482
8484
8486
8488
8490
8492
8494
8496
8498
8500
8502
8504
8506
8508
8510
8512
8514
8516
8518
8520
8522
8524
8526
8528
8530
8532
8534
8536
8538
8540
8542
8544
8546
8548
8550
8552
8554
8556
8558
8560
8562
8564
8566
8568
8570
8572
8574
8576
8578
8580
8582
8584
8586
8588
8590
8592
8594
8596
8598
8600
8602
8604
8606
8608
8610
8612
8614
8616
8618
8620
8622
8624
8626
8628
8630
8632
8634
8636
8638
8640
8642
8644
8646
8648
8650
8652
8654
8656
8658
8660
8662
8664
8666
8668
8670
8672
8674
8676
8678
8680
8682
8684
8686
8688
8690
8692
8694
8696
8698
8700
8702
8704
8706
8708
8710
8712
8714
8716
8718
8720
8722
8724
8726
8728
8730
8732
8734
8736
8738
8740
8742
8744
8746
8748
8750
8752
8754
8756
8758
8760
8762
8764
8766
8768
8770
8772
8774
8776
8778
8780
8782
8784
8786
8788
8790
8792
8794
8796
8798
8800
8802
8804
8806
8808
8810
8812
8814
8816
8818
8820
8822
8824
8826
8828
8830
8832
8834
8836
8838
8840
8842
8844
8846
8848
8850
8852
8854
8856
8858
8860
8862
8864
8866
8868
8870
8872
8874
8876
8878
8880
8882
8884
8886
8888
8890
8892
8894
8896
8898
8900
8902
8904
8906
8908
8910
8912
8914
8916
8918
8920
8922
8924
8926
8928
8930
8932
8934
8936
8938
8940
8942
8944
8946
8948
8950
8952
8954
8956
8958
8960
8962
8964
8966
8968
8970
8972
8974
8976
8978
8980
8982
8984
8986
8988
8990
8992
8994
8996
8998
9000
9002
9004
9006
9008
9010
9012
9014
9016
9018
9020
9022
9024
9026
9028
9030
9032
9034
9036
9038
9040
9042
9044
9046
9048
9050
9052
9054
9056
9058
9060
9062
9064
9066
9068
9070
9072
9074
9076
9078
9080
9082
9084
9086
9088
9090
9092
9094
9096
9098
9100
9102
9104
9106
9108
9110
9112
9114
9116
9118
9120
9122
9124
9126
9128
9130
9132
9134
9136
9138
9140
9142
9144
9146
9148
9150
9152
9154
9156
9158
9160
9162
9164
9166
9168
9170
9172
9174
9176
9178
9180
9182
9184
9186
9188
9190
9192
9194
9196
9198
9200
9202
9204
9206
9208
9210
9212
9214
9216
9218
9220
9222
9224
9226
9228
9230
9232
9234
9236
9238
9240
9242
9244
9246
9248
9250
9252
9254
9256
9258
9260
9262
9264
9266
9268
9270
9272
9274
9276
9278
9280
9282
9284
9286
9288
9290
9292
9294
9296
9298
9300
9302
9304
9306
9308
9310
9312
9314
9316
9318
9320
9322
9324
9326
9328
9330
9332
9334
9336
9338
9340
9342
9344
9346
9348
9350
9352
9354
9356
9358
9360
9362
9364
9366
9368
9370
9372
9374
9376
9378
9380
9382
9384
9386
9388
9390
9392
9394
9396
9398
9400
9402
9404
9406
9408
9410
9412
9414
9416
9418
9420
9422
9424
9426
9428
9430
9432
9434
9436
9438
9440
9442
9444
9446
9448
9450
9452
9454
9456
9458
9460
9462
9464
9466
9468
9470
9472
9474
9476
9478
9480
9482
9484
9486
9488
9490
9492
9494
9496
9498
9500
9502
9504
9506
9508
9510
9512
9514
9516
9518
9520
9522
9524
9526
9528
9530
9532
9534
9536
9538
9540
9542
9544
9546
9548
9550
9552
9554
9556
9558
9560
9562
9564
9566
9568
9570
9572
9574
9576
9578
9580
9582
9584
9586
9588
9590
9592
9594
9596
9598
9600
9602
9604
9606
9608
9610
9612
9614
9616
9618
9620
9622
9624
9626
9628
9630
9632
9634
9636
9638
9640
9642
9644
9646
9648
9650
9652
9654
9656
9658
9660
9662
9664
9666
9668
9670
9672
9674
9676
9678
9680
9682
9684
9686
9688
9690
9692
9694
9696
9698
9700
9702
9704
9706
9708
9710
9712
9714
9716
9718
9720
9722
9724
9726
9728
9730
9732
9734
9736
9738
9740
9742
9744
9746
9748
9750
9752
9754
9756
9758
9760
9762
9764
9766
9768
9770
9772
9774
9776
9778
9780
9782
9784
9786
9788
9790
9792
9794
9796
9798
9800
9802
9804
9806
9808
9810
9812
9814
9816
9818
9820
9822
9824
9826
9828
9830
9832
9834
9836
9838
9840
9842
9844
9846
9848
9850
9852
9854
9856
9858
9860
9862
9864
9866
9868
9870
9872
9874
9876
9878
9880
9882
9884
9886
9888
9890
9892
9894
9896
9898
9900
9902
9904
9906
9908
9910
9912
9914
9916
9918
9920
9922
9924
9926
9928
9930
9932
9934
9936
9938
9940
9942
9944
9946
9948
9950
9952
9954
9956
9958
9960
9962
9964
9966
9968
9970
9972
9974
9976
9978
9980
9982
9984
9986
9988
9990
9992
9994
9996
9998
10000
10002
10004
10006
10008
10010
10012
10014
10016
10018
10020
10022
10024
10026
10028
10030
10032
10034
10036
10038
10040
10042
10044
10046
10048
10050
10052
10054
10056
10058
10060
10062
10064
10066
10068
10070
10072
10074
10076
10078
10080
10082
10084
10086
10088
10090
10092
10094
10096
10098
10100
10102
10104
10106
10108
10110
10112
10114
10116
10118
10120
10122
10124
10126
10128
10130
10132
10134
10136
10138
10140
10142
10144
10146
10148
10150
10152
10154
10156
10158
10160
10162
10164
10166
10168
10170
10172
10174
10176
10178
10180
10182
10184
10186
10188
10190
10192
10194
10196
10198
10200
10202
10204
10206
10208
10210
10212
10214
10216
10218
10220
10222
10224
10226
10228
10230
10232
10234
10236
10238
10240
10242
10244
10246
10248
10250
10252
10254
10256
10258
10260
10262
10264
10266
10268
10270
10272
10274
10276
10278
10280
10282
10284
10286
10288
10290
10292
10294
10296
10298
10300
10302
10304
10306
10308
10310
10312
10314
10316
10318
10320
10322
10324
10326
10328
10330
10332
10334
10336
10338
10340
10342
10344
10346
10348
10350
10352
10354
10356
10358
10360
10362
10364
10366
10368
10370
10372
10374
10376
10378
10380
10382
10384
10386
10388
10390
10392
10394
10396
10398
10400
10402
10404
10406
10408
10410
10412
10414
10416
10418
10420
10422
10424
10426
10428
10430
10432
10434
10436
10438
10440
10442
10444
10446
10448
10450
10452
10454
10456
10458
10460
10462
10464
10466
10468
10470
10472
10474
10476
10478
10480
10482
10484
10486
10488
10490
10492
10494
10496
10498
10500
10502
10504
10506
10508
10510
10512
10514
10516
10518
10520
10522
10524
10526
10528
10530
10532
10534
10536
10538
10540
10542
10544
10546
10548
10550
10552
10554
10556
10558
10560
10562
10564
10566
10568
10570
10572
10574
10576
10578
10580
10582
10584
10586
10588
10590
10592
10594
10596
10598
10600
10602
10604
10606
10608
10610
10612
10614
10616
10618
10620
10622
10624
10626
10628
10630
10632
10634
10636
10638
10640
10642
10644
10646
10648
10650
10652
10654
10656
10658
10660
10662
10664
10666
10668
10670
10672
10674
10676
10678
10680
10682
10684
10686
10688
10690
10692
10694
10696
10698
10700
10702
10704
10706
10708
10710
10712
10714
10716
10718
10720
10722
10724
10726
10728
10730
10732
10734
10736
10738
10740
10742
10744
10746
10748
10750
10752
10754
10756
10758
10760
10762
10764
10766
10768
10770
10772
10774
10776
10778
10780
10782
10784
10786
10788
10790
10792
10794
10796
10798
10800
10802
10804
10806
10808
10810
10812
10814
10816
10818
10820
10822
10824
10826
10828
10830
10832
10834
10836
10838
10840
10842
10844
10846
10848
10850
10852
10854
10856
10858
10860
10862
10864
10866
10868
10870
10872
10874
10876
10878
10880
10882
10884
10886
10888
10890
10892
10894
10896
10898
10900
10902
10904
10906
10908
10910
10912
10914
10916
10918
10920
10922
10924
10926
10928
10930
10932
10934
10936
10938
10940
10942
10944
10946
10948
10950
10952
10954
10956
10958
10960
10962
10964
10966
10968
10970
10972
10974
10976
10978
10980
10982
10984
10986
10988
10990
10992
10994
10996
10998
11000
11002
11004
11006
11008
11010
11012
11014
11016
11018
11020
11022
11024
11026
11028
11030
11032
11034
11036
11038
11040
11042
11044
11046
11048
11050
11052
11054
11056
11058
11060
11062
11064
11066
11068
11070
11072
11074
11076
11078
11080
11082
11084
11086
11088
11090
11092
11094
11096
11098
11100
11102
11104
11106
11108
11110
11112
11114
11116
11118
11120
11122
11124
11126
11128
11130
11132
11134
11136
11138
11140
11142
11144
11146
11148
11150
11152
11154
11156
11158
11160
11162
11164
11166
11168
11170
11172
11174
11176
11178
11180
11182
11184
11186
11188
11190
11192
11194
11196
11198
11200
11202
11204
11206
11208
11210
11212
11214
11216
11218
11220
11222
11224
11226
11228
11230
11232
11234
11236
11238
11240
11242
11244
11246
11248
11250
11252
11254
11256
11258
11260
11262
11264
11266
11268
11270
11272
11274
11276
11278
11280
11282
11284
11286
11288
11290
11292
11294
11296
11298
11300
11302
11304
11306
11308
11310
11312
11314
11316
11318
11320
11322
11324
11326
11328
11330
11332
11334
11336
11338
11340
11342
11344
11346
11348
11350
11352
11354
11356
11358
11360
11362
11364
11366
11368
11370
11371
11373
11374
11376
11378
11380
11382
11384
11386
11388
11390
11392
11393
11395
11396
11398
11400
11402
11404
11406
11408
11410
11412
11414
11416
11418
11420
11422
11424
11426
11428
11430
11432
11434
11436
11438
11440
11442
11444
11446
11448
11450
11452
11454
11456
11458
11460
11462
11464
11465
11466
11467
11468
11470
11472
11474
11476
11478
11480
11482
11484
11486
11488
11489
11490
11491
11492
11494
11496
11498
11500
11502
11504
11506
11508
11510
11512
11514
11516
11518
11520
11522
11524
11526
11528
11530
11532
11534
11536
11538
11540
11542
11544
11546
11548
11550
11552
11554
11556
11558
11560
11561
11562
11563
11564
11566
11568
11570
11572
11574
11576
11578
11580
11582
11584
11585
11586
11587
11588
11590
11592
11594
11596
11598
11600
11602
11604
11606
11608
11610
11612
11614
11616
11618
11620
11622
11624
11626
11628
11630
11632
11634
11636
11638
11640
11642
11644
11646
11648
11650
11652
11654
11656
11658
11659
11660
11662
11664
11666
11668
11670
11672
11674
11676
11678
11680
11682
11683
11685
11686
11688
11690
11692
11694
11696
11698
11700
11702
11704
11706
11708
11710
11712
11714
11716
11718
11720
11722
11724
11726
11728
11730
11732
11734
11736
11738
11740
11742
11744
11746
11748
11750
11752
11754
11755
11757
11758
11760
11762
11764
11766
11768
11770
11772
11774
11776
11778
11780
11782
11784
11786
11788
11790
11792
11794
11796
11798
11800
11802
11804
11806
11808
11810
11812
11814
11816
11818
11820
11822
11824
11826
11828
11830
11832
11834
11836
11838
11840
11842
11844
11846
11848
11849
11851
11850
11853
11854
11856
11858
11860
11862
11864
11866
11868
11870
11872
11874
11876
11878
11880
11882
11884
11886
11888
11890
11892
11894
11896
11898
11900
11902
11904
11906
11908
11910
11912
11914
11916
11918
11920
11922
11924
11926
11928
11930
11932
11934
11936
11938
11940
11942
11944
11946
11948
11950
11952
11954
11956
11958
11960
11962
11964
11966
11968
11970
11972
11974
11976
11978
11980
11982
11984
11986
11988
11990
11992
11994
11996
11998
12000
12002
12004
12006
12008
12010
12012
12014
12016
12018
12020
12022
12024
12026
12028
12030
12032
12034
12036
12038
12040
12041
12042
12043
12044
12046
12048
12050
12052
12054
12056
12058
12060
12062
12064
12066
12068
12070
12072
12074
12076
12078
12080
12082
12084
12086
12088
12090
12092
12094
12096
12098
12100
12102
12104
12106
12108
12110
12112
12114
12116
12118
12120
12122
12124
12126
12128
12130
12132
12134
12136
12138
12140
12142
12144
12146
12148
12150
12152
12154
12156
12158
12160
12162
12164
12166
12168
12170
12172
12174
12176
12178
12180
12182
12184
12186
12188
12190
12192
12194
12196
12198
12200
12202
12204
12206
12208
12210
12212
12214
12216
12218
12220
12222
12224
12226
12228
12230
12232
12234
12236
12238
12240
12242
12244
12246
12248
12250
12252
12254
12256
12258
12260
12262
12264
12266
12268
12270
12272
12274
12276
12278
12280
12282
12284
12286
12288
12290
12292
12294
12296
12298
12300
12302
12304
12306
12308
12310
12312
12314
12316
12318
12320
12322
12324
12326
12328
12330
12332
12334
12336
12338
12340
12342
12344
12346
12348
12350
12352
12354
12356
12358
12360
12362
12364
12366
12368
12370
12372
12374
12376
12378
12380
12382
12384
12386
12388
12390
12392
12394
12396
12398
12400
12402
12404
12406
12408
12410
12412
12414
12416
12418
12420
12422
12424
12426
12428
12430
12432
12434
12436
12438
12440
12442
12444
12446
12448
12450
12452
12454
12456
12458
12460
12462
12464
12466
12468
12470
12472
12474
12476
12478
12480
12482
12484
12486
12488
12490
12492
12494
12496
12498
12500
12502
12504
12506
12508
12510
12512
12514
12516
12518
12520
12522
12524
12526
12528
12530
12532
12534
12536
12538
12540
12542
12544
12546
12548
12550
12552
12554
12556
12558
12560
12562
12564
12566
12568
12570
12572
12574
12576
12578
12580
12582
12584
12586
12588
12590
12592
12594
12596
12598
12600
12602
12604
12606
12608
12610
12612
12614
12616
12618
12620
12622
12624
12626
12628
12630
12632
12634
12636
12638
12640
12642
12644
12646
12648
12650
12652
12654
12656
12658
12660
12662
12664
12666
12668
12670
12672
12674
12676
12678
12680
12682
12684
12686
12688
12690
12692
12694
12696
12698
12700
12702
12704
12706
12708
12710
12712
12714
12716
12718
12720
12722
12724
12726
12728
12730
12732
12734
12736
12738
12740
12742
12744
12746
12748
12750
12752
12754
12756
12758
12760
12762
12764
12766
12768
12770
12772
12774
12776
12778
12780
12782
12784
12786
12788
12790
12792
12794
12796
12798
12800
12802
12804
12806
12808
12810
12812
12814
12816
12818
12820
12822
12824
12826
12828
12830
12832
12834
12836
12838
12840
12842
12844
12846
12848
12850
12852
12854
12856
12858
12860
12862
12864
12866
12868
12870
12872
12874
12876
12878
12880
12882
12884
12886
12888
12890
12892
12894
12896
12898
12900
12902
12904
12906
12908
12910
12912
12914
12916
12918
12920
12922
12924
12926
12928
12930
12932
12934
12936
12938
12940
12942
12944
12946
12948
12950
12952
12954
12956
12958
12960
12962
12964
12966
12968
12970
12972
12974
12976
12978
12980
12982
12984
12986
12988
12990
12992
12994
12996
12998
13000
13002
13004
13006
13008
13010
13012
13014
13016
13018
13020
13022
13024
13026
13028
13030
13032
13034
13036
13038
13040
13042
13044
13046
13048
13050
13052
13054
13056
13058
13060
13062
13064
13066
13068
13070
13072
13074
13076
13078
13080
13082
13084
13086
13088
13090
13092
13094
13096
13098
13100
13102
13104
13106
13108
13110
13112
13114
13116
13118
13120
13122
13124
13126
13128
13130
13132
13134
13136
13138
13140
13142
13144
13146
13148
13150
13152
13154
13156
13158
13160
13162
13164
13166
13168
13170
13172
13174
13176
13178
13180
13182
13184
13186
13188
13190
13192
13194
13196
13198
13200
13202
13204
13206
13208
13210
13212
13214
13216
13218
13220
13222
13224
13226
13228
13230
13232
13234
13236
13238
13240
13242
13244
13246
13248
13250
13252
13254
13256
13258
13260
13262
13264
13266
13268
13270
13272
13274
13276
13278
13280
13282
13284
13286
13288
13290
13292
13294
13296
13298
13300
13302
13304
13306
13308
13310
13312
13314
13316
13318
13320
13322
13324
13326
13328
13330
13332
13334
13336
13338
13340
13342
13344
13346
13348
13350
13352
13354
13356
13358
13360
13362
13364
13366
13368
13370
13372
13374
13376
13378
13380
13382
13384
13386
13388
13390
13392
13394
13396
13398
13400
13402
13404
13406
13408
13410
13412
13414
13416
13418
13420
13422
13424
13426
13428
13430
13432
13434
13436
13438
13440
13442
13444
13446
13448
13450
13452
13454
13456
13458
13460
13462
13464
13466
13468
13470
13472
13474
13476
13478
13480
13482
13484
13486
13488
13490
13492
13494
13496
13498
13500
13502
13504
13506
13508
13510
13512
13514
13516
13518
13520
13522
13524
13526
13528
13530
13532
13534
13536
13538
13540
13542
13544
13546
13548
13550
13552
13554
13556
13558
13560
13562
13564
13566
13568
13570
13572
13574
13576
13578
13580
13582
13584
13586
13588
13590
13592
13594
13596
13598
13600
13602
13604
13606
13608
13610
13612
13614
13616
13618
13620
13622
13624
13626
13628
13630
13632
13634
13636
13638
13640
13642
13644
13646
13648
13650
13652
13654
13656
13658
13660
13662
13664
13666
13668
13670
13672
13674
13676
13678
13680
13682
13684
13686
13688
13690
13692
13694
13696
13698
13700
13702
13704
13706
13708
13710
13712
13714
13716
13718
13720
13722
13724
13726
13728
13730
13732
13734
13736
13738
13740
13742
13744
13746
13748
13750
13752
13754
13756
13758
13760
13762
13764
13766
13768
13770
13772
13774
13776
13778
13780
13782
13784
13786
13788
13790
13792
13794
13796
13798
13800
13802
13804
13806
13808
13810
13812
13814
13816
13818
13820
13822
13824
13826
13828
13830
13832
13834
13836
13838
13840
13842
13844
13846
13848
13850
13852
13854
13856
13858
13860
13862
13864
13866
13868
13870
13872
13874
13876
13878
13880
13882
13884
13886
13888
13890
13892
13894
13896
13898
13900
13902
13904
13906
13908
13910
13912
13914
13916
13918
13920
13922
13924
13926
13928
13930
13932
13934
13936
13938
13940
13942
13944
13946
13948
13950
13952
13954
13956
13958
13960
13962
13964
13966
13968
13970
13972
13974
13976
13978
13980
13982
13984
13986
13988
13990
13992
13994
13996
13998
14000
14002
14004
14006
14008
14010
14012
14014
14016
14018
14020
14022
14024
14026
14028
14030
14032
14034
14036
14038
14040
14042
14044
14046
14048
14050
14052
14054
14056
14058
14060
14062
14064
14066
14068
14070
14072
14074
14076
14078
14080
14082
14084
14086
14088
14090
14092
14094
14096
14098
14100
14102
14104
14106
14108
14110
14112
14114
14116
14118
14120
14122
14124
14126
14128
14130
14132
14134
14136
14138
14140
14142
14144
14146
14148
14150
14152
14154
14156
14158
14160
14162
14164
14166
14168
14170
14172
14174
14176
14178
14180
14182
14184
14186
14188
14190
14192
14194
14196
14198
14200
14202
14204
14206
14208
14210
14212
14214
14216
14218
14220
14222
14224
14226
14228
14230
14232
14234
14236
14238
14240
14242
14244
14246
14248
14250
14252
14254
14256
14258
14260
14262
14264
14266
14268
14270
14272
14274
14276
14278
14280
14282
14284
14286
14288
14290
14292
14294
14296
14298
14300
14302
14304
14306
14308
14310
14312
14314
14316
14318
14320
14322
14324
14326
14328
14330
14332
14334
14336
14338
14340
14342
14344
14346
14348
14350
14352
14354
14356
14358
14360
14362
14364
14366
14368
14370
14372
14374
14376
14378
14380
14382
14384
14386
14388
14390
14392
14394
14396
14398
14400
14402
14404
14406
14408
14410
14412
14414
14416
14418
14420
14422
14424
14426
14428
14430
14432
14434
14436
14438
14440
14442
14444
14446
14448
14450
14452
14454
14456
14458
14460
14462
14464
14466
14468
14470
14472
14474
14476
14478
14480
14482
14484
14486
14488
14490
14492
14494
14496
14498
14500
14502
14504
14506
14508
14510
14512
14514
14516
14518
14520
14522
14524
14526
14528
14530
14532
14534
14536
14538
14540
14542
14544
14546
14548
14550
14552
14554
14556
14558
14560
14562
14564
14566
14568
14570
14572
14574
14576
14578
14580
14582
14584
14586
14588
14590
14592
14594
14596
14598
14600
14602
14604
14606
14608
14610
14612
14614
14616
14618
14620
14622
14624
14626
14628
14630
14632
14634
14636
14638
14640
14642
14644
14646
14648
14650
14652
14654
14656
14658
14660
14662
14664
14666
14668
14670
14672
14674
14676
14678
14680
14682
14684
14686
14688
14690
14692
14694
14696
14698
14700
14702
14704
14706
14708
14710
14712
14714
14716
14718
14720
14722
14724
14726
14728
14730
14732
14734
14736
14738
14740
14742
14744
14746
14748
14750
14752
14754
14756
14758
14760
14762
14764
14766
14768
14770
14772
14774
14776
14778
14780
14782
14784
14786
14788
14790
14792
14794
14796
14798
14800
14802
14804
14806
14808
14810
14812
14814
14816
14818
14820
14822
14824
14826
14828
14830
14832
14834
14836
14838
14840
14842
14844
14846
14848
14850
14852
14854
14856
14858
14860
14862
14864
14866
14868
14870
14872
14874
14876
14878
14880
14882
14884
14886
14888
14890
14892
14894
14896
14898
14900
14902
14904
14906
14908
14910
14912
14914
14916
14918
14920
14922
14924
14926
14928
14930
14932
14934
14936
14938
14940
14942
14944
14946
14948
14950
14952
14954
14956
14958
14960
14962
14964
14966
14968
14970
14972
14974
14976
14978
14980
14982
14984
14986
14988
14990
14992
14994
14996
14998
15000
15002
15004
15006
15008
15010
15012
15014
15016
15018
15020
15022
15024
15026
15028
15030
15032
15034
15036
15038
15040
15042
15044
15046
15048
15050
15052
15054
15056
15058
15060
15062
15064
15066
15068
15070
15072
15074
15076
15078
15080
15082
15084
15086
15088
15090
15092
15094
15096
15098
15100
15102
15104
15106
15108
15110
15112
15114
15116
15118
15120
15122
15124
15126
15128
15130
15132
15134
15136
15138
15140
15142
15144
15146
15148
15150
15152
15154
15156
15158
15160
15162
15164
15166
15168
15170
15172
15174
15176
15178
15180
15182
15184
15186
15188
15190
15192
15194
15196
15198
15200
15202
15204
15206
15208
15210
15212
15214
15216
15218
15220
15222
15224
15226
15228
15230
15232
15234
15236
15238
15240
15242
15244
15246
15248
15250
15252
15254
15256
15258
15260
15262
15264
15266
15268
15270
15272
15274
15276
15278
15280
15282
15284
15286
15288
15290
15292
15294
15296
15298
15300
15302
15304
15306
15308
15310
15312
15314
15316
15318
15320
15322
15324
15326
15328
15330
15332
15334
15336
15338
15340
15342
15344
15346
15348
15350
15352
15354
15356
15358
15360
15362
15364
15366
15368
15370
15372
15374
15376
15378
15380
15382
15384
15386
15388
15390
15392
15394
15396
15398
15400
15402
15404
15406
15408
15410
15412
15414
15416
15418
15420
15422
15424
15426
15428
15430
15432
15434
15436
15438
15440
15442
15444
15446
15448
15450
15452
15454
15456
15458
15460
15462
15464
15466
15468
15470
15472
15474
15476
15478
15480
15482
15484
15486
15488
15490
15492
15494
15496
15498
15500
15502
15504
15506
15508
15510
15512
15514
15516
15518
15520
15522
15524
15526
15528
15530
15532
15534
15536
15538
15540
15542
15544
15546
15548
15550
15552
15554
15556
15558
15560
15562
15564
15566
15568
15570
15572
15574
15576
15578
15580
15582
15584
15586
15588
15590
15592
15594
15596
15598
15600
15602
15604
15606
15608
15610
15612
15614
15616
15618
15620
15622
15624
15626
15628
15630
15632
15634
15636
15638
15640
15642
15644
15646
15648
15650
15652
15654
15656
15658
15660
15662
15664
15666
15668
15670
15672
15674
15676
15678
15680
15682
15684
15686
15688
15690
15692
15694
15696
15698
15700
15702
15704
15706
15708
15710
15712
15714
15716
15718
15720
15722
15724
15726
15728
15730
15732
15734
15736
15738
15740
15742
15744
15746
15748
15750
15752
15754
15756
15758
15760
15762
15764
15766
15768
15770
15772
15774
15776
15778
15780
15782
15784
15786
15788
15790
15792
15794
15796
15798
15800
15802
15804
15806
15808
15810
15812
15814
15816
15818
15820
15822
15824
15826
15828
15830
15832
15834
15836
15838
15840
15842
15844
15846
15848
15850
15852
15854
15856
15858
15860
15862
15864
15866
15868
15870
15872
15874
15876
15878
15880
15882
15884
15886
15888
15890
15892
15894
15896
15898
15900
15902
15904
15906
15908
15910
15912
15914
15916
15918
15920
15922
15924
15926
15928
15930
15932
15934
15936
15938
15940
15942
15944
15946
15948
15950
15952
15954
15956
15958
15960
15962
15964
15966
15968
15970
15972
15974
15976
15978
15980
15982
15984
15986
15988
15990
15992
15994
15996
15998
16000
16002
16004
16006
16008
16010
16012
16014
16016
16018
16020
16022
16024
16026
16028
16030
16032
16034
16036
16038
16040
16042
16044
16046
16048
16050
16052
16054
16056
16058
16060
16062
16064
16066
16068
16070
16072
16074
16076
16078
16080
16082
16084
16086
16088
16090
16092
16094
16096
16098
16100
16102
16104
16106
16108
16110
16112
16114
16116
16118
16120
16122
16124
16126
16128
16130
16132
16134
16136
16138
16140
16142
16144
16146
16148
16150
16152
16154
16156
16158
16160
16162
16164
16166
16168
16170
16172
16174
16176
16178
16180
16182
16184
16186
16188
16190
16192
16194
16196
16198
16200
16202
16204
16206
16208
16210
16212
16214
16216
16218
16220
16222
16224
16226
16228
16230
16232
16234
16236
16238
16240
16242
16244
16246
16248
16250
16252
16254
16256
16258
16260
16262
16264
16266
16268
16270
16272
16274
16276
16278
16280
16282
16284
16286
16288
16290
16292
16294
16296
16298
16300
16302
16304
16306
16308
16310
16312
16314
16316
16318
16320
16322
16324
16326
16328
16330
16332
16334
16336
16338
16340
16342
16344
16346
16348
16350
16352
16354
16356
16358
16360
16362
16364
16366
16368
16370
16372
16374
16376
16378
16380
16382
16384
16386
16388
16390
16392
16394
16396
16398
16400
16402
16404
16406
16408
16410
16412
16414
16416
16418
16420
16422
16424
16426
16428
16430
16432
16434
16436
16438
16440
16442
16444
16446
16448
16450
16452
16454
16456
16458
16460
16462
16464
16466
16468
16470
16472
16474
16476
16478
16480
16482
16484
16486
16488
16490
16492
16494
16496
16498
16500
16502
16504
16506
16508
16510
16512
16514
16516
16518
16520
16522
16524
16526
16528
16530
16532
16534
16536
16538
16540
16542
16544
16546
16548
16550
16552
16554
16556
16558
16560
16562
16564
16566
16568
16570
16572
16574
16576
16578
16580
16582
16584
16586
16588
16590
16592
16594
16596
16598
16600
16602
16604
16606
16608
16610
16612
16614
16616
16618
16620
16622
16624
16626
16628
16630
16632
16634
16636
16638
16640
16642
16644
16646
16648
16650
16652
16654
16656
16658
16660
16662
16664
16666
16668
16670
16672
16674
16676
16678
16680
16682
16684
16686
16688
16690
16692
16694
16696
16698
16700
16702
16704
16706
16708
16710
16712
16714
16716
16718
16720
16722
16724
16726
16728
16730
16732
16734
16736
16738
16740
16742
16744
16746
16748
16750
16752
16754
16756
16758
16760
16762
16764
16766
16768
16770
16772
16774
16776
16778
16780
16782
16784
16786
16788
16790
16792
16794
16796
16798
16800
16802
16804
16806
16808
16810
16812
16814
16816
16818
16820
16822
16824
16826
16828
16830
16832
16834
16836
16838
16840
16842
16844
16846
16848
16850
16852
16854
16856
16858
16860
16862
16864
16866
16868
16870
16872
16874
16876
16878
16880
16882
16884
16886
16888
16890
16892
16894
16896
16898
16900
16902
16904
16906
16908
16910
16912
16914
16916
16918
16920
16922
16924
16926
16928
16930
16932
16934
16936
16938
16940
16942
16944
16946
16948
16950
16952
16954
16956
16958
16960
16962
16964
16966
16968
16970
16972
16974
16976
16978
16980
16982
16984
16986
16988
16990
16992
16994
16996
16998
17000
17002
17004
17006
17008
17010
17012
17014
17016
17018
17020
17022
17024
17026
17028
17030
17032
17034
17036
17038
17040
17042
17044
17046
17048
17050
17052
17054
17056
17058
17060
17062
17064
17066
17068
17070
17072
17074
17076
17078
17080
17082
17084
17086
17088
17090
17092
17094
17096
17098
17100
17102
17104
17106
17108
17110
17112
17114
17116
17118
17120
17122
17124
17126
17128
17130
17132
17134
17136
17138
17140
17142
17144
17146
17148
17150
17152
17154
17156
17158
17160
17162
17164
17166
17168
17170
17172
17174
17176
17178
17180
17182
17184
17186
17188
17190
17192
17194
17196
17198
17200
17202
17204
17206
17208
17210
17212
17214
17216
17218
17220
17222
17224
17226
17228
17230
17232
17234
17236
17238
17240
17242
17244
17246
17248
17250
17252
17254
17256
17258
17260
17262
17264
17266
17268
17270
17272
17274
17276
17278
17280
17282
17284
17286
17288
17290
17292
17294
17296
17298
17300
17302
17304
17306
17308
17310
17312
17314
17316
17318
17320
17322
17324
17326
17328
17330
17332
17334
17336
17338
17340
17342
17344
17346
17348
17350
17352
17354
17356
17358
17360
17362
17364
17366
17368
17370
17372
17374
17376
17378
17380
17382
17384
17386
17388
17390
17392
17394
17396
17398
17400
17402
17404
17406
17408
17410
17412
17414
17416
17418
17420
17422
17424
17426
17428
17430
17432
17434
17436
17438
17440
17442
17444
17446
17448
17450
17452
17454
17456
17458
17460
17462
17464
17466
17468
17470
17472
17474
17476
17478
17480
17482
17484
17486
17488
17490
17492
17494
17496
17498
17500
17502
17504
17506
17508
17510
17512
17514
17516
17518
17520
17522
17524
17526
17528
17530
17532
17534
17536
17538
17540
17542
17544
17546
17548
17550
17552
17554
17556
17558
17560
17562
17564
17566
17568
17570
17572
17574
17576
17578
17580
17582
17584
17586
17588
17590
17592
17594
17596
17598
17600
17602
17604
17606
17608
17610
17612
17614
17616
17618
17620
17622
17624
17626
17628
17630
17632
17634
17636
17638
17640
17642
17644
17646
17648
17650
17652
17654
17656
17658
17660
17662
17664
17666
17668
17670
17672
17674
17676
17678
17680
17682
17684
17686
17688
17690
17692
17694
17696
17698
17700
17702
17704
17706
17708
17710
17712
17714
17716
17718
17720
17722
17724
17726
17728
17730
17732
17734
17736
17738
17740
17742
17744
17746
17748
17750
17752
17754
17756
