17721
17652
17432
17361
17332
17290
17288
12635
12633
12618
12614
12607
12589
12568
12542
12538
12531
12530
12528
12479
12478
12477
12457
12452
12431
12430
12422
12421
12413
12406
12372
12298
12293
12286
12285
12278
12277
12270
12269
12262
12254
12252
12244
12243
12236
12235
12228
12227
12220
12214
12209
12202
12201
12194
12193
12186
12185
12178
12172
12167
12161
12160
12159
12153
12152
12151
12145
12144
12143
12137
12136
12107
12100
12091
12084
12083
12079
12066
12064
12056
12054
12052
12045
12044
12043
12012
12011
12004
12003
11996
11995
11988
11987
11980
11970
11968
11956
11949
11948
11946
11944
11916
11915
11908
11899
11892
11891
11884
11877
11874
11873
11872
11863
11853
11851
11820
11819
11812
11811
11804
11803
11796
11795
11789
11788
11781
11778
11776
11769
11766
11764
11757
11755
11724
11723
11716
11715
11708
11707
11700
11699
11692
11685
11683
11681
11680
11671
11661
11660
11659
11628
11627
11620
11619
11612
11611
11604
11603
11599
11596
11594
11589
11587
11585
11577
11574
11572
11565
11564
11563
11531
11524
11515
11508
11507
11500
11493
11491
11489
11481
11469
11467
11435
11428
11427
11419
11412
11411
11404
11395
11393
11385
11384
11382
11380
11373
11372
11371
3173
3169
3164
3161
3159
3149
3148
3141
3139
3133
3132
3129
3121
3120
3113
3109
3101
3100
3093
3089
3084
3072
3069
3068
3059
3053
3052
3049
3040
3033
3024
3020
3013
3009
2999
2992
2989
2981
2979
2973
2972
2969
2961
2960
2953
2949
2944
2941
2940
2933
2929
2921
2919
2913
2912
2909
2908
2899
2893
2892
2889
2881
2880
2873
2861
2849
2848
2845
2844
2841
2839
2837
2835
2833
2832
2829
2828
2825
2823
2821
2819
2817
2816
2813
2812
2809
2807
2805
2803
2801
2800
2797
2796
2793
2791
2787
2785
2784
2781
2780
2777
2775
2773
2771
2768
2765
2764
2761
2759
2757
2755
2753
2752
2749
2748
2745
2743
2741
2739
2736
2733
2732
2729
2727
2725
2717
2716
2713
2711
2709
2707
2705
2704
2695
2693
2691
2689
2688
2685
2684
2681
2673
2672
2669
2668
2665
2663
2661
2659
2649
2647
2645
2643
2641
2640
2637
2636
2633
2631
2629
2627
2625
2624
2621
2620
2617
2615
2613
2611
2609
2605
2604
2601
2599
2597
2595
2593
2588
2585
2583
2581
2579
2577
2576
2573
2572
2569
2567
2565
2563
2557
2556
2553
2551
2545
2544
2541
2540
2537
2535
2533
2531
2529
2528
2525
2524
2519
2517
2515
2513
2512
2508
2505
2503
2501
2499
2497
2496
2493
2492
2489
2487
2485
2481
2480
2477
2476
2473
2471
2469
2467
2465
2461
2460
2457
2455
2453
2451
2449
2448
2445
2444
2441
2439
2435
2433
2432
2429
2428
2425
2423
2421
2419
2417
2416
2413
2412
2409
2407
2405
2403
2397
2393
2387
2385
2384
2380
2377
2375
2373
2371
2369
2368
2365
2364
2361
2357
2355
2349
2345
2343
2341
2339
2336
2333
2332
2329
2327
2325
2323
2321
2320
2317
2316
2311
2309
2307
2305
2304
2301
2300
2297
2295
2293
2289
2285
2284
2281
2279
2277
2275
2273
2272
2269
2268
2265
2263
2261
2259
2257
2256
2253
2252
2249
2247
2245
2243
2241
2240
2237
2236
2233
2231
2229
2227
2225
2224
2221
2220
2217
2215
2213
2211
2209
2208
2205
2204
2201
2199
2197
2195
2193
2192
2189
2188
2185
2183
2181
2179
2177
2176
2173
2172
2169
2167
2165
2163
2161
2160
2157
2156
2153
2151
2149
2147
2145
2144
2141
2140
2137
2135
2133
2131
2129
2128
2125
2124
2121
2119
2117
2115
2113
2112
2109
2108
2105
2103
2101
2099
2097
2096
2093
2092
2089
2087
2085
2083
2081
2080
2077
2076
2073
2071
2069
2067
2065
2064
2061
2060
2057
2055
2053
2051
2049
2048
2045
2044
2041
2039
2037
2035
2033
2032
2029
2028
2025
2023
2021
2019
2017
2016
2013
2012
2009
2007
2005
2003
2001
2000
1997
1996
1993
1991
1989
1987
1985
1984
1981
1980
1977
1975
1973
1971
1969
1968
1965
1964
1961
1959
1957
1955
1953
1952
1949
1948
1945
1943
1941
1939
1937
1936
1933
1932
1929
1927
1925
1923
1921
1920
1917
1916
1913
1911
1909
1907
1905
1904
1901
1900
1897
1895
1893
1891
1889
1888
1885
1884
1881
1879
1877
1875
1873
1872
1869
1868
1865
1863
1861
1859
1857
1856
1853
1852
1849
1847
1845
1843
1841
1840
1837
1836
1833
1831
1829
1827
1825
1824
1821
1820
1817
1815
1813
1811
1809
1808
1805
1804
1801
1799
1797
1795
1793
1792
1789
1788
1785
1783
1781
1779
1777
1776
1773
1772
1769
1767
1765
1763
1761
1760
1757
1756
1753
1751
1749
1747
1745
1744
1741
1740
1737
1735
1733
1731
1729
1728
1725
1724
1721
1719
1717
1715
1713
1712
1709
1708
1705
1703
1701
1699
1697
1696
1693
1692
1689
1687
1685
1683
1681
1680
1677
1676
1673
1671
1669
1667
1665
1664
1661
1660
1657
1655
1653
1651
1649
1648
1645
1644
1641
1639
1637
1635
1633
1632
1629
1628
1625
1623
1621
1619
1617
1616
1613
1612
1609
1607
1605
1603
1601
1600
1597
1596
1593
1591
1589
1587
1585
1584
1581
1580
1577
1575
1573
1571
1569
1568
1565
1564
1561
1559
1557
1555
1553
1552
1549
1548
1545
1543
1541
1539
1537
1536
1533
1532
1529
1527
1525
1523
1521
1520
1517
1516
1513
1511
1509
1507
1505
1504
1501
1500
1497
1495
1493
1491
1489
1488
1485
1484
1481
1479
1477
1475
1473
1472
1469
1468
1465
1463
1461
1459
1457
1456
1453
1452
1449
1447
1445
1443
1441
1440
1437
1436
1433
1431
1429
1427
1425
1424
1421
1420
1417
1415
1413
1411
1409
1408
1405
1404
1401
1399
1397
1395
1393
1392
1389
1388
1385
1383
1381
1379
1377
1376
1373
1372
1369
1367
1365
1363
1361
1360
1357
1356
1353
1351
1349
1347
1345
1344
1341
1340
1337
1335
1333
1331
1329
1328
1325
1324
1321
1319
1317
1315
1313
1312
1309
1308
1305
1303
1301
1299
1297
1296
1293
1292
1289
1287
1285
1283
1281
1280
1277
1276
1273
1271
1269
1267
1265
1264
1261
1260
1257
1255
1253
1251
1249
1248
1245
1244
1241
1239
1237
1235
1233
1232
1229
1228
1225
1223
1221
1219
1217
1216
1213
1212
1209
1207
1205
1203
1201
1200
1197
1196
1193
1191
1189
1187
1185
1184
1181
1180
1177
1175
1173
1171
1169
1168
1165
1164
1161
1159
1157
1155
1153
1152
1149
1148
1145
1143
1141
1139
1137
1136
1133
1132
1129
1127
1125
1123
1121
1120
1117
1116
1113
1111
1109
1107
1105
1104
1101
1100
1097
1095
1093
1091
1089
1088
1085
1084
1081
1079
1077
1075
1073
1072
1069
1068
1065
1063
1061
1059
1057
1056
1053
1052
1049
1047
1045
1043
1041
1040
1037
1036
1033
1031
1029
1027
1025
1024
1021
1020
1017
1015
1013
1011
1009
1008
1005
1004
1001
999
997
995
993
992
989
988
985
983
981
979
977
976
973
972
969
967
965
963
961
960
957
956
953
951
949
947
945
944
941
940
937
935
933
931
929
928
925
924
921
919
917
915
913
912
909
908
905
903
901
899
897
896
893
892
889
887
885
883
881
880
877
876
873
871
869
867
865
864
861
860
857
855
853
851
849
848
845
844
841
839
837
835
833
832
829
828
825
823
821
819
817
816
813
812
809
807
805
803
801
800
797
796
793
791
789
787
785
784
781
780
777
775
773
771
769
768
765
764
761
759
757
755
753
752
749
748
745
743
741
739
737
736
733
732
729
727
725
723
721
720
717
716
713
711
709
707
705
704
701
700
697
695
693
691
689
688
685
684
681
679
677
675
673
672
669
668
665
663
661
659
657
656
653
652
649
647
645
643
641
640
637
636
633
631
629
627
625
624
621
620
617
615
613
611
609
608
605
604
601
599
597
595
593
592
589
588
585
583
581
579
577
576
573
572
569
567
565
563
561
560
557
556
553
551
549
547
545
544
541
540
537
535
533
531
529
528
525
524
521
519
517
515
513
512
509
508
505
503
501
499
497
496
493
492
489
487
485
483
481
480
477
476
473
471
469
467
465
464
461
460
457
455
453
451
449
448
445
444
441
439
437
435
433
432
429
428
425
423
421
419
417
416
413
412
409
407
405
403
401
400
397
396
393
391
389
387
385
384
381
380
377
375
373
371
369
368
365
364
361
359
357
355
353
352
349
348
345
343
341
339
337
336
333
332
329
327
325
323
321
320
317
316
313
311
309
307
305
304
301
300
297
295
293
291
289
288
285
284
281
279
277
275
273
272
269
268
265
263
261
259
257
256
253
252
249
247
245
243
241
240
237
236
233
231
229
227
225
224
221
220
217
215
213
211
209
208
205
204
201
199
197
195
193
192
189
188
185
183
181
179
177
176
172
167
165
160
156
153
151
149
145
144
141
135
128
125
124
117
115
109
103
101
99
97
96
93
83
81
80
76
69
67
65
61
60
57
55
51
49
48
44
41
40
36
33
32
25
21
17
16
13
12
9
8
5
4
1
0
4709
7270
838
13691
16879
4037
5673
17284
7675
1243
14096
4472
5198
2344
15197
954
13807
7386
11647
5226
39
12892
8065
34
12887
6466
17669
4827
11263
8060
17478
4625
6201
12386
10335
11929
5523
10719
4298
10734
4313
15716
9325
7701
4498
7728
11883
8229
5026
1791
14644
434
13287
6866
11663
5242
442
13295
6874
767
13620
6758
326
13179
16367
3525
9946
11549
5143
11540
10331
3910
16763
1070
13923
11865
11459
5038
6241
12647
4578
5074
11495
5089
6704
12093
17660
4818
11816
5395
9810
16231
3389
11407
5001
11359
4938
12156
2506
15359
11859
5656
12390
2740
15593
9172
6229
3008
17408
4596
11017
4993
16512
11655
10843
4422
9302
15723
12505
7705
1978
14831
8410
2303
15156
11867
5446
9434
3685
558
13411
2094
14947
1300
14153
6168
2965
15807
9386
11759
5338
10313
1583
14436
5716
5709
17365
6186
17368
4526
6189
4568
4997
4831
6245
12651
12621
6233
8806
2374
15227
7209
12312
17103
4261
2351
15204
808
13661
17646
11225
17700
12536
7709
4506
16201
11106
16992
303
13156
6750
318
13171
9938
11559
5153
12359
2088
14941
11747
5326
17341
17665
11259
8056
1624
14477
16228
4649
11912
8709
5506
1832
14685
12540
2931
2920
15773
1284
14137
7731
5665
12080
5674
12095
5692
5197
763
13616
17586
11165
1530
14383
438
13291
6870
11667
5246
5214
1970
14823
8402
7781
11767
5346
8564
2132
14985
11355
4934
5221
12394
2744
15597
9176
12000
5720
11463
6672
2586
15439
9018
16740
2976
5207
10711
11975
7184
11503
5097
296
13149
12352
17143
4290
10722
10737
7534
1102
13955
12382
5961
6221
17400
4558
11800
12301
9098
2666
15519
17092
11919
5513
7767
1320
14173
17349
11752
5331
950
13803
7382
16736
11357
2086
14939
8518
12548
6142
12563
12512
17312
7703
8208
814
13667
7246
17240
4398
15963
9542
15993
8790
2358
15211
15965
3153
16500
11643
5222
10857
7696
9318
7721
17330
10909
3118
15971
9813
11437
1787
14640
11879
16221
3379
9820
9802
3381
10317
16723
3881
9823
16211
3369
9805
16996
7262
830
13683
815
13668
16871
4029
1582
14435
11217
10333
8799
2367
15220
11984
5563
8781
3119
15972
12769
8278
1846
14699
6681
11365
11347
4926
550
13403
6982
17388
10967
6209
9830
3409
180
13033
8233
552
13405
11808
17732
4890
1574
14427
8006
7254
822
13675
9257
12460
6039
3681
16523
3670
5205
10029
12378
5957
292
13145
6757
2331
15184
280
13133
6712
6742
310
13163
11533
4703
12121
17688
2901
15743
9322
6748
12327
5906
10697
1062
13915
7494
2095
14948
11745
11754
5333
11760
8557
7260
4057
5645
12042
8286
1854
14707
1839
14692
5083
11504
6689
12266
12140
5734
12155
2490
15343
8922
1576
14429
17632
4790
15152
17528
4686
1474
14327
7906
8793
2346
15199
8778
7266
834
13687
16875
4033
12057
11341
4920
9814
16235
3393
17458
11855
12148
2498
15351
8930
7778
1346
14199
1304
14157
11763
5342
8560
5724
8082
12900
16103
3261
10058
11688
5267
2038
14891
17276
4434
7667
1220
14073
3657
10707
11651
5230
12433
9230
2798
15651
7760
6163
11366
4945
1716
14569
8148
9769
12163
5742
555
13408
10981
5200
5193
17148
12367
5946
10338
8732
5529
6740
308
13161
3537
9958
12319
5898
8784
5166
10715
10730
4309
5151
1067
13920
12323
12088
12112
10949
12573
6167
7782
1350
14203
4549
17402
6227
17396
10975
12593
3002
15855
6218
3015
9436
2985
15827
9406
1570
14423
8002
11205
7250
818
13671
10850
3677
16519
3666
1572
14425
17628
4786
7252
820
13673
3031
554
13407
6986
2998
15851
9430
1578
14431
8010
7258
826
13679
811
13664
12040
5634
12055
1579
14432
12315
6730
298
13151
283
13136
11512
6738
306
13159
1058
13911
7490
11520
7248
5633
12033
11743
5322
7764
1332
14185
12555
6149
7763
1316
14169
17372
1298
14151
17354
10933
7745
12545
2936
15789
9357
1307
14160
12535
6114
6129
12550
17326
10905
7717
1270
14123
4514
10935
15193
8787
5584
11999
5578
8796
5593
6171
12577
9389
8272
11475
11466
5045
10633
15449
8276
1844
14697
17043
4201
17054
11971
5550
7690
1258
14111
9314
8801
8802
2370
15223
15712
12509
17281
10845
7657
1210
14063
9281
2834
15687
12484
9296
810
13663
7242
804
13657
7269
12060
9538
12756
6335
9304
2872
15725
12507
6086
3665
1218
14071
7650
2842
15695
12492
9313
12764
3155
15997
8794
2362
15215
2347
15200
1323
14176
12582
7773
9809
11424
16217
9829
10337
16480
11653
5232
9818
16239
3397
16224
11353
3674
16527
16516
17235
4382
10835
4414
11555
5134
11342
11330
4909
12139
5718
5733
546
13399
6978
6214
9826
8220
5017
12217
10602
4181
952
13805
7384
548
13401
12604
2995
11807
5386
12164
17728
5722
5730
2486
15339
8918
11784
8581
6746
314
13167
299
13152
11528
5122
6753
12332
6744
312
13165
11553
11499
5078
7265
7256
824
13677
2090
14943
8522
11749
5328
2091
14944
11741
7771
1339
14192
17380
4538
17391
12553
17344
4502
1288
14141
11477
8274
1842
14695
8265
11478
5057
1828
14681
5072
8284
5081
1819
14672
15455
9034
17052
996
13849
8282
1850
14703
1835
14688
15456
11471
6683
251
13104
9901
2600
15453
12259
5838
10626
10641
12265
5844
17056
2606
15459
9825
9816
16237
9298
15719
17268
10847
4426
16473
3661
10082
11682
5261
9300
12503
6082
10849
7661
1214
14067
10321
3900
17524
4682
11118
10341
11105
1470
14323
11345
11337
4916
17713
4860
11325
17746
16985
12125
11298
12127
5706
17706
11285
8097
12114
5726
12147
2482
15335
16941
17693
11287
11305
2811
15664
17244
4402
12888
17679
4837
11273
8070
1638
14491
11237
17656
4814
11270
17691
4838
12565
2956
9377
6177
12591
6185
2982
15835
6203
12609
17703
4850
11297
17718
4865
17696
12895
6474
6160
12581
7775
1343
14196
17384
4542
10963
1310
14163
7757
15828
2975
9396
15817
8073
38
12891
6470
4856
17709
11321
17742
11351
4930
12612
6224
11815
559
13412
16615
12623
6141
11257
8054
1622
14475
12532
6126
12547
7741
17650
11229
8041
11338
17749
11361
17752
4910
12626
6205
4641
12625
6237
543
13396
6975
11310
8045
12637
6231
12652
12638
6217
17756
4914
11368
1718
14571
8150
17724
4882
11349
12578
6157
6190
12611
12596
6175
17392
4550
10971
6213
11327
4906
9308
12175
5754
1327
14180
17383
4530
6195
12601
17377
12586
1563
14416
12398
12401
9198
2766
15619
15604
1460
14313
11937
9276
1538
14391
7970
12450
6029
10769
12469
17260
10839
4418
10854
17286
4433
1204
14057
7636
3108
15961
12385
17167
4325
7558
1126
13979
10327
16759
3906
16733
12416
12377
17184
11114
1464
14317
17465
17468
4626
17534
4681
4692
11113
11887
5466
5481
17482
11061
1462
14315
8700
5497
17476
4634
12343
5922
12368
17159
4317
10753
7550
1118
13971
10773
17512
4670
11091
11933
4678
17520
11099
12331
1066
13919
7498
12363
12364
5943
12381
17163
4321
10757
7554
1122
13975
8717
5514
11935
10323
16729
17436
12335
12351
5930
12389
5968
17180
7562
1130
13983
11856
5435
12316
9113
11519
5098
5113
12328
12360
5939
12320
10701
4269
17122
1055
13908
7487
17258
10837
1202
14055
17262
10841
1206
14059
17265
12599
6178
6004
10813
9212
6009
12571
6150
7753
1466
14319
11943
5537
12409
9206
2774
15627
9201
5998
2754
15607
9186
10789
7586
1154
14007
4333
17186
10765
4429
17282
10861
4440
17293
7673
17273
7664
4461
10882
9311
15732
9293
6090
17323
4481
11792
536
13389
11772
11771
5350
8568
2136
14989
17127
4285
1071
13924
12336
5915
17131
4289
12340
11880
5459
2230
15083
8662
11904
11870
5449
17171
4329
17182
10761
11939
5518
10342
3921
692
13545
7124
8745
2298
15151
8730
15748
2895
15737
1275
14128
7725
12189
11860
5439
11868
11888
8685
5482
11903
2238
15091
8670
10291
16697
11895
5474
8692
2260
15113
11901
8698
2266
15119
2251
15104
11896
5490
11911
11850
5429
11848
5427
11922
5501
10325
10299
16720
3878
16731
10310
3889
7693
4490
10911
15705
6096
12517
9317
2896
12520
17300
4458
10879
12500
15744
2891
12182
5761
4197
17039
12181
11823
11783
10733
17154
4301
7530
1098
13951
12348
530
13383
6962
17135
4293
12344
523
13376
11837
11839
5418
4294
17147
10726
4305
10741
7538
1106
13959
12198
17188
12397
5976
2747
15600
11926
5505
8723
5520
11941
10329
17308
7699
1252
14105
2858
15711
9290
7726
1294
14147
1279
14132
12190
5769
11483
5062
8280
1848
14701
8289
11484
1834
14687
8266
8290
1858
14711
17031
4189
10625
11517
5111
6726
294
13147
5129
11535
17035
4193
10629
6754
322
13175
16363
3521
9942
17048
4206
12257
2607
15460
15451
9030
12248
11496
8293
5090
11511
2594
15447
9026
11527
5106
6736
11545
11488
8294
1862
14715
6697
250
13103
11490
5069
11486
5065
10634
4213
2590
15443
9022
12240
12273
5852
17060
4205
17058
10637
1002
13855
7434
11542
5121
5136
11557
6733
4541
17394
10973
17460
4607
17419
17430
4577
12274
11538
5117
6729
12260
17386
10965
7777
6207
12628
11383
4962
16192
4981
11388
8185
4982
11403
8205
5002
11423
11421
8218
1786
14639
3359
16212
9791
3370
16223
11416
9801
11376
4955
8173
4970
1726
14579
8158
948
13801
7380
11370
1720
14573
8152
9773
11375
11449
10609
959
13812
12224
2574
15427
9006
17016
4174
4546
17399
17410
4557
10978
12281
9078
15499
1016
13869
7448
11442
8248
1816
14669
11451
5030
10613
17020
964
13817
12282
5861
1026
13879
7458
11439
955
13808
11400
8197
4994
11415
10606
4185
11431
8237
4973
11392
8189
11390
4969
8187
1755
14608
9793
8194
1762
14615
4991
6666
234
13087
17024
17011
4169
17022
10601
12231
5810
11444
5023
9093
17404
17407
4554
17448
4595
12289
9086
15507
17080
4238
1802
14655
8234
17028
2578
15431
9010
4162
17015
10594
4173
17026
10605
11446
5025
1796
14649
8252
11455
5034
12302
1046
13899
11696
5275
11703
5282
11676
11673
11675
5254
11668
16459
3617
17095
4253
1039
13892
11704
11711
5290
2052
14905
11664
12309
11656
5235
11658
5237
17099
4257
11727
2068
14921
8500
11687
11695
11691
11712
2062
14915
8494
11719
11678
5257
1048
13901
11737
11739
5318
11728
5307
2078
14931
8510
17112
4270
12223
5802
1019
13872
11631
16499
3646
10067
11624
5218
1974
14827
8406
3639
11616
11571
5165
11586
5183
17071
4229
11584
1034
13887
7466
11638
5217
1988
14841
12251
5830
11649
17088
1032
13885
17075
4233
17086
10665
11636
1986
14839
8418
12247
5826
11580
17063
4221
10657
11608
5202
11623
11615
5194
5209
16483
3630
11568
5147
5162
11562
5141
11567
5179
11600
11560
5139
5154
11575
5172
17067
4225
11645
1995
14848
11634
5213
3649
16491
16461
3608
17084
1028
13881
17358
10937
1302
14155
7734
7749
7758
1326
14179
11641
11632
5211
1982
14835
8414
4226
17079
10658
17090
4237
10669
1023
13876
12239
5818
2580
15433
17120
1064
13917
11732
5311
2082
14935
8514
17124
11751
11734
5313
2084
14937
2075
14928
12232
2582
15435
9014
11730
5309
4262
17115
10694
4273
12324
9121
17116
1060
13913
1322
14175
7754
7769
6199
11845
5424
17156
11847
11830
5409
1268
14121
12206
11833
11824
5403
17144
4302
7733
12197
5776
11983
5577
11979
11966
5545
12015
5609
7224
792
13645
12008
8805
5602
17203
17214
4361
10793
4354
17207
10786
17218
4365
10797
4376
10798
779
13632
12020
5599
5614
12035
17220
17231
4378
12022
5601
5616
12037
7231
799
13652
11992
5586
12007
11952
5531
8749
15155
8734
11991
5570
8788
2356
15209
11964
2314
15167
8746
8770
2338
15191
11973
5552
11961
8769
2322
15175
8754
8765
2318
15171
8750
10785
10803
17224
11947
11951
12025
7234
802
13655
12027
5606
12016
5595
12029
7238
806
13659
5641
12062
12031
5610
12018
5597
7227
795
13648
4358
17211
10790
4369
10805
12076
5670
12075
5654
5669
12072
5666
12087
5684
17236
10815
4394
10830
12109
5688
5705
12099
5678
12069
5648
10826
12133
5712
17252
4410
9267
2820
15673
4397
17250
10829
4408
12135
5714
5729
4668
11089
17443
4590
12370
5949
12355
5934
12129
17248
4406
4393
17246
10825
4404
17257
9261
12116
5710
12131
16441
16448
4165
17007
17008
4155
17019
4166
10587
542
13395
4157
16999
17473
5175
5189
5190
1054
13907
5181
5677
5686
1558
14411
7990
1560
14413
7992
17616
11195
4774
6196
12617
1566
14419
7998
1567
14420
6701
254
13107
1814
14667
8246
8261
11464
5043
7228
7237
790
13643
772
13625
7219
2079
14932
7743
1311
14164
17352
4510
10931
7750
1318
14171
6153
2335
15188
8782
2350
15203
8244
1812
14665
2584
15437
9016
8756
2324
15177
2838
15691
12488
7706
1274
14127
17304
17315
4462
1259
14112
8766
2334
15187
2319
15172
8773
2326
15179
8758
11976
5555
2308
15161
8774
2342
15195
7177
2847
15700
12497
6076
9271
2824
15677
12474
6053
2815
15668
12465
15715
2862
9294
9781
9788
9797
16203
9782
3361
9798
3366
16219
3377
8201
4998
3860
16713
16724
3871
10303
16735
3882
10314
10309
3862
16715
3873
10301
3854
16707
10286
10821
17216
4374
17227
4385
17232
10811
17243
4390
10822
17254
4401
10833
17228
10807
17239
4386
10818
11333
17739
4886
11334
4902
17755
4913
16979
4137
16507
3654
16496
10075
287
13140
6734
302
13155
3644
10065
4149
4138
16991
10570
16953
534
13387
6966
17004
4151
798
13651
7245
5694
5701
5702
12123
6718
286
13139
271
13124
6725
278
13131
6710
260
13113
11472
5051
8269
5066
1823
14676
8270
1838
14691
6716
7221
7213
2070
14923
8502
11720
5299
2072
14925
8504
7223
776
13629
8254
1822
14675
11457
1807
14660
8262
1830
14683
6665
15444
9278
2846
15699
12481
2831
15684
9286
2854
15707
9275
2843
15696
7689
15956
12753
6332
10293
10285
3864
16717
3838
16691
3849
10295
16727
3874
10306
3885
16701
3859
11317
17730
4877
11309
4888
17741
4862
17715
4873
17726
16971
4129
17012
4159
11319
4898
4161
17003
16973
538
13391
539
13392
6971
16995
4142
17488
11067
17499
4646
4657
11078
4661
11082
17503
4650
17492
11071
788
13641
17511
4658
17500
17470
4617
17481
4628
11049
17530
4677
17519
4666
17508
17526
4673
4662
17515
17504
794
13647
7241
17496
17507
4654
1042
13895
1044
13897
7476
10690
4258
17111
5168
5176
11597
11582
5161
5185
11591
5186
11607
11592
5171
1050
13903
1051
13904
7483
17107
4265
17118
5680
1554
14407
7986
1556
14409
7988
17612
11191
17623
4770
11202
4781
6192
6210
12631
1562
14415
7994
17618
11197
1810
14663
8242
8257
7233
786
13639
2074
14927
8506
7738
1306
14159
1291
14144
7746
1314
14167
8777
7737
4504
17357
4493
17346
10925
1290
14143
7722
8240
8752
11955
2836
15689
9268
12486
15943
12740
3092
15945
9524
9264
12467
6046
9282
15703
2876
3098
15951
9530
12748
6327
3099
15952
9776
3355
16208
10305
16711
10297
10817
4370
17223
17212
10809
11323
17744
11329
17750
4897
16445
16479
3626
16468
10047
274
13127
6706
6721
276
13129
6708
5144
3635
16477
3653
16495
3642
16484
3650
16503
16452
532
13385
10579
17000
4147
16989
5690
12111
12096
5697
12118
12103
5682
5698
12104
6714
282
13135
267
13120
6722
290
13143
2066
14919
8498
8258
1826
14679
11461
5040
2587
15440
8760
2328
15181
11963
5542
9784
16205
10281
12896
258
13111
6690
3602
16455
3629
10050
16471
3618
10039
266
13119
6698
4141
10562
16983
4130
10551
522
13375
6954
7217
4653
11074
17495
4642
17484
11063
17454
11033
778
13631
7210
11065
17486
4633
11054
5130
11551
1035
13888
5642
12048
1282
14135
7714
5650
12071
6154
12575
12560
2951
9372
1540
14393
1546
14399
7978
11170
4749
17602
11181
1547
14400
6674
242
13095
1803
14656
8250
1818
14671
11453
7178
746
13599
2050
14903
8482
15159
8738
7713
1266
14119
2315
15168
8762
2330
15183
8202
1770
14623
2562
15415
8994
12212
2564
15417
8713
5510
11931
8714
2282
15135
8720
8737
2290
15143
2826
15679
9258
2867
15709
2856
2827
15680
15721
2868
9289
8729
9232
12435
9225
9226
2794
15647
12429
12724
6303
12437
9242
2810
15663
12445
9249
2802
15655
9234
9250
2818
15671
12732
15936
9241
16176
3323
9744
9737
6534
102
12955
16185
10273
16679
3826
10265
10779
17200
4347
16704
10777
16960
514
13367
6946
516
13369
4115
16957
5658
7194
762
13615
7201
754
13607
7186
7202
770
13623
2058
14911
8490
2059
14912
8225
1778
14631
8210
8226
1794
14647
2570
15423
9002
2571
15424
9761
16183
3330
3327
16180
16191
3338
10249
7046
614
13467
10259
7056
10771
17192
4339
7568
11281
11274
17695
4842
11283
17704
8080
23
12876
12875
6454
3607
16451
3598
10030
264
13117
16457
3604
10025
10559
16980
4127
16969
4133
16975
4145
10566
4134
16987
4123
16976
10555
526
13379
6958
527
13380
4125
16967
11053
17474
4621
11042
4622
4630
17491
4638
11059
4645
782
13635
7214
783
13636
4637
5148
5157
5158
11579
1038
13891
7470
5652
5646
12067
6158
15808
2955
1544
14397
17600
4758
6164
12585
6181
12602
6182
1550
14403
7982
1551
14404
4754
17607
17596
6173
12594
6677
6669
6670
238
13091
1800
14653
6687
255
13108
6693
246
13099
6678
6694
262
13115
1806
14659
8238
6685
3974
16827
3985
10406
7181
7182
750
13603
2056
14909
7710
1278
14131
7718
1286
14139
8206
1774
14627
2568
15421
12218
5797
8214
1782
14635
5011
11432
8727
8718
2286
15139
12472
9229
6035
9246
15667
9253
2806
15659
9238
6050
9254
2822
15675
15940
12737
9245
12448
6042
9741
6538
12959
16163
3310
16189
3347
10271
16692
16703
3850
10282
10277
7074
642
13495
10267
16688
16699
3846
10278
3857
10269
17204
4351
10783
4362
16708
16719
3866
10781
11295
17716
4874
11301
8098
1666
14519
11291
17723
4870
11302
17734
4881
16964
11293
3625
16467
3614
10035
3621
16463
3633
10054
3622
16475
3611
16464
10043
270
13123
6702
3612
10033
16963
4110
4121
10542
520
13373
4119
5133
5662
1295
14148
5660
7198
766
13619
7205
758
13611
7190
7206
774
13627
2063
14916
7196
7694
1262
14115
2312
15165
8222
1790
14643
5019
11440
8230
1798
14651
2575
15428
8741
2294
15147
5538
11959
8742
2310
15163
2830
15683
9262
2871
9758
16179
3337
9765
6562
130
12983
16187
3334
9766
3345
3342
16195
9774
3353
16196
9756
10261
10253
7050
618
13471
16675
3822
16695
3842
10263
10775
17196
4343
11277
4845
17698
8074
1642
14495
11278
19
12872
18
12871
6450
12176
17294
10873
7685
10914
4482
17335
244
13097
4097
16939
4109
10530
4098
16951
506
13359
6938
507
13360
5104
1010
13863
7442
5115
11536
1018
13871
7450
5618
12039
6138
12559
2935
6145
12566
2942
15795
6146
1531
14384
7963
6137
6643
196
13049
6633
186
13039
187
13040
6619
1780
14633
8212
6640
6648
216
13069
6657
16307
3454
6651
219
13072
16301
3448
9869
7152
7145
698
13551
7130
699
13552
2034
14887
8466
7154
722
13575
7658
1226
14079
1211
14064
7643
2292
15145
8724
7681
8177
4974
1730
14583
8162
8169
1722
14575
8154
8170
1738
14591
1723
14576
2546
15399
8978
8178
1746
14599
8193
15407
8986
2555
15408
12205
5784
8688
5485
8681
2234
15087
8666
2235
15088
2804
15657
9236
12454
8690
2258
15111
9193
2746
15599
9178
15911
9490
12708
9202
2770
15623
9208
2776
15629
9217
9218
2786
15639
6015
12716
6295
15920
9499
9211
2779
15632
6509
9705
16111
9690
3269
16169
9748
9714
16135
3293
7032
600
13453
10241
7039
607
13460
10233
7544
1112
13965
10745
7542
1110
13963
8062
1630
14483
11266
3597
10018
3586
16439
3576
16429
4073
16915
498
13351
6930
4083
16925
756
13609
7188
4602
17444
11041
17462
4609
4598
17451
17440
5626
12047
5624
6121
6122
1522
14375
7954
17578
11157
1524
14377
17580
11159
4738
6131
2928
9349
7162
730
13583
3959
715
13568
7169
7170
738
13591
2042
14895
8474
2043
14896
7160
728
13581
8705
8706
2274
15127
5503
11924
8696
2264
15117
5493
9722
16143
3301
16128
9729
6526
94
12947
9720
16141
10225
7022
590
13443
7024
16633
16681
7536
8046
1614
14467
11241
4820
17673
11251
8048
27
12880
16425
3572
9993
16377
248
13101
16420
16431
3578
3589
10010
16443
3590
16432
16423
3570
3581
10002
4101
16943
16944
4091
16955
4102
10523
511
13364
4093
16935
760
13613
7192
4604
4593
17446
11025
17466
4613
4614
17456
11035
5118
5125
5126
11547
5620
5613
1272
14125
17328
4486
10907
5622
1534
14387
6652
6661
6662
230
13083
6655
223
13076
3452
7156
724
13577
3953
3942
16795
10374
7149
3957
10378
16799
3946
10367
16788
702
13555
7134
7150
718
13571
703
13556
2040
14893
8472
7158
726
13579
3955
16797
7671
7662
1230
14083
1215
14068
7647
2296
15149
7668
1236
14089
7679
1247
14100
4454
17307
10886
17318
4465
4476
10897
7686
1254
14107
7677
4474
17316
8190
1758
14611
4987
11408
8198
1766
14619
2559
15412
8686
2254
15107
2239
15092
2808
15661
8694
2262
15115
8710
2278
15131
8703
2271
15124
9205
9197
5994
12415
2750
15603
9182
3105
15947
9526
9717
6514
82
12935
9709
6506
12927
16115
9694
3273
16173
9752
9718
16139
3297
16671
3818
10239
16660
7036
10245
7042
610
13463
10235
16656
16667
3814
16435
3582
16436
16447
3594
10026
10237
7548
10749
7546
1114
13967
11269
8066
1634
14487
16947
4105
16937
16948
4095
4117
10538
4106
16959
11261
17682
8058
1626
14479
4085
4074
16927
10506
16889
16931
4078
504
13357
6936
4087
5109
5101
5102
11523
5630
12051
5637
5638
12059
5628
6133
6125
9332
15753
15764
2911
1528
14381
6135
12556
6645
16295
3442
6637
3445
9866
16287
3434
9855
16276
190
13043
6638
206
13059
191
13044
6623
1784
14637
8216
6647
7166
734
13587
16816
3963
10395
7173
7174
742
13595
2047
14900
7164
8181
4978
11399
8174
1742
14595
1727
14580
2550
15403
2552
15405
8984
8183
9214
2782
15635
6011
9221
12424
6003
6018
9222
2790
15643
3111
12721
9733
6530
98
12951
9724
10229
10221
7018
586
13439
16627
3785
10218
3786
16639
16416
3574
16427
3585
10231
16663
3810
16685
10754
4322
17175
7540
1108
13961
11253
17674
8050
1618
14471
8042
1610
14463
11246
11255
17676
4834
8052
1620
14473
31
12884
30
12883
6462
12879
6458
4436
17289
12168
12170
17625
17644
11223
4802
11146
11138
17570
4717
11149
4728
17565
6032
12440
12498
17620
11199
4778
17631
11210
17642
4789
11221
12426
12526
17572
17548
4706
11127
17540
4698
17561
11155
17576
12447
6026
6041
12462
12443
6022
17536
4694
17557
12495
6074
15739
2886
9307
15728
2875
6089
12510
12524
2915
9336
15757
2904
17568
4726
12459
12515
6094
2885
15727
2882
15735
12491
6070
12655
6234
12657
15860
2864
9285
12649
12659
6238
12660
15863
9442
12667
6246
12668
2925
15767
9346
12671
6250
15904
3051
12673
12663
6242
12665
12675
6254
3066
15919
12676
12687
6266
12689
12683
6262
12684
3075
15917
9496
12679
12681
15824
2971
9392
12691
9514
3082
15935
12692
6271
15844
2991
2980
15833
12699
6278
12700
3091
3080
15933
3005
15847
9426
12703
6282
12705
9528
15949
3096
9517
12695
6274
15939
3086
9518
12697
12707
6286
12715
3106
15959
3000
15853
3011
9432
3036
12719
3025
15867
9446
12711
9534
15955
3102
9523
12713
6292
15908
3055
15897
12723
3061
15903
9482
12727
6306
12729
15915
3062
3071
15924
12731
6310
3085
15927
9506
3076
15929
12735
6314
15968
3115
3095
12739
6318
3125
15967
9546
3116
9537
12751
15995
3142
3131
15984
9552
12755
12771
6350
16004
3151
12772
9581
3168
3165
16007
12767
6346
12747
12763
6342
12483
6062
17593
12743
12745
3136
12759
6338
12761
17640
11219
4798
12523
6102
17604
4762
17609
12519
6098
17637
12356
11841
17152
17139
4297
17150
10729
11843
5422
3441
3430
16283
9862
3433
16275
3422
178
13031
443
13296
4976
11397
1732
14585
946
13799
7378
4985
5488
2244
15097
5499
11920
5993
1458
14311
6000
2756
15609
6017
12438
1467
14320
7899
17538
4685
11117
4696
6512
16121
6505
1714
14567
8146
7027
7017
1972
14825
8404
7041
1979
14832
7035
603
13456
7529
2226
15079
8658
2228
15081
15337
8916
8553
8554
2122
14975
2738
15591
8562
2130
14983
9075
9065
9066
2634
15487
9417
2996
15849
9428
9072
9082
2650
15503
9089
9090
15511
15856
9081
9578
3146
15999
3135
15988
16105
9684
16116
3263
9584
10113
3526
16379
10105
17040
4187
10619
17051
4198
10630
4209
10617
11131
17552
17563
4710
11137
17558
4705
11129
17550
16303
3450
16292
3945
3934
16787
436
13289
6868
4468
10889
17310
4457
4446
17299
690
13543
7122
17320
4467
4478
10899
6522
90
12943
6529
6520
88
12941
7553
2491
15344
8570
2138
14991
8577
8578
2146
14999
9594
16015
3162
9601
9602
16023
3181
9592
3171
3160
16013
10097
447
13300
10090
3658
16511
440
13293
6872
10207
3775
16628
10611
17032
4179
11121
4689
17542
4700
1471
14324
7903
11123
4691
17544
17533
12847
194
13047
6626
182
13035
184
13037
3457
16299
3446
16288
202
13055
6634
446
13299
6878
17324
4471
1227
14080
694
13547
7126
696
13549
7128
958
13811
7390
4989
5486
11907
2242
15095
8674
1208
14061
7640
5494
2250
15103
8682
5509
6007
2763
15616
5997
12418
6021
6013
6516
12937
6510
78
12931
6518
86
12939
3274
16127
9706
3285
7045
1983
14836
7533
2232
15085
8664
2488
15341
8558
2126
14979
2742
15595
9174
8566
2134
14987
9076
2644
15497
9069
9588
3156
16009
9577
9582
16003
16107
9686
3265
16109
9688
9590
3158
16011
3147
16000
10117
10107
16528
16539
3686
10118
3697
10109
459
13312
17044
4191
10623
4202
10621
971
13824
11135
4714
11141
16883
4041
16873
4031
16884
16895
4042
10463
11133
17554
1483
14336
3461
16803
3950
706
13559
7138
17338
4485
6533
6524
7029
7021
1976
14829
8408
7031
7557
8069
2494
15347
8926
2495
15348
8574
2142
14995
8582
2150
15003
8572
9094
2662
15515
3006
15859
9438
9084
9598
3177
3166
16019
9587
9605
9606
16027
3185
9596
3175
10101
10094
16515
3662
10103
16535
3682
10114
3693
4194
17047
10615
17036
4183
11125
17546
16877
4065
16907
12848
6427
12851
17336
4494
12305
17412
4570
17423
4581
12255
5834
12210
4796
17649
17685
17710
11289
10929
17350
4497
10918
17342
4489
4500
10921
708
13561
7394
962
13815
6025
12470
6049
6537
8426
1994
14847
7065
7561
2162
15015
8594
2171
15024
8603
8610
2178
15031
2762
15615
9194
8586
2154
15007
8601
9122
2690
15543
3178
16031
9610
3189
16039
9618
3197
16560
16571
3718
10139
9962
3530
16383
3541
16819
3977
452
13305
17366
4513
10945
7146
714
13567
1739
14592
9626
16047
3205
3700
16553
11142
17574
4721
4034
16887
4045
10466
3518
16371
9950
3529
228
13081
6922
490
13343
7426
994
13847
7682
1250
14103
1508
14361
5008
1764
14617
6625
7626
1194
14047
2276
15129
7632
7649
8138
1706
14559
2532
15385
2788
15641
9162
2730
15583
9474
15895
3042
10209
17666
4813
11234
11245
4824
9975
16407
3554
10459
4027
16880
16891
4038
4049
10470
484
13337
17414
4561
10982
4553
740
13593
6106
6113
1515
14368
6104
7137
8458
2026
14879
2539
15392
8673
2795
15648
9185
10698
4277
11209
16916
4063
16905
16911
4069
16903
4061
17420
4567
10985
4564
5077
5070
7430
998
13851
1000
13853
5087
5093
7438
1006
13859
5085
5589
5581
5582
1256
14109
5590
5605
6100
6093
1512
14365
1775
14628
8454
2022
14875
2280
15133
1222
14075
7654
2287
15140
2792
15645
9478
3046
15899
3048
15901
3281
9702
3270
16123
16164
3793
10214
3782
16635
635
13488
7067
16687
3834
16676
11242
4810
17663
11249
17681
4828
4817
17670
16932
16403
3550
9978
3546
16399
3557
16388
3569
9990
3558
16411
3522
16375
3533
9954
9969
3548
16899
4046
6918
486
13339
6110
6117
4737
17590
11169
1519
14372
6108
1768
14621
7142
710
13563
8462
2030
14883
8165
8166
1734
14587
8156
8677
8678
2246
15099
2799
15652
9190
2758
15611
9180
10709
10702
4281
16669
11213
4792
11214
3505
3494
16347
9926
9918
16339
3497
210
13063
212
13065
16359
3506
3542
16395
3553
9944
16365
3512
9933
218
13071
16372
16368
3515
9936
10455
4529
10950
17374
4521
4532
10953
10943
4522
4545
4537
10958
5033
7412
980
13833
5048
5058
987
13840
5546
1234
14087
5560
5569
1242
14095
6064
6057
6058
1492
14345
6066
1748
14601
146
12999
6578
13008
6587
170
13023
6602
6593
1754
14607
6570
138
12991
6585
7088
8436
2004
14857
658
13511
7090
7625
7610
1178
14031
1186
14039
7618
2267
15120
8112
8948
2516
15369
1682
14535
8114
8618
2186
15039
2772
15625
2194
15047
8626
9130
15551
15879
3026
9460
3028
15881
16059
3206
3195
16048
3210
16063
9642
3221
3229
16071
9650
16603
3750
16592
10171
3754
16607
10186
10197
3761
10182
10193
3772
3746
16599
3757
10178
3802
16655
3813
11201
4017
4006
16859
10438
16851
4009
4014
16867
10446
4025
16863
4010
3999
16852
10431
6900
468
13321
6081
1514
14367
7946
7931
1499
14352
6072
7113
7098
666
13519
7105
2011
14864
7096
664
13517
7601
7609
7594
1162
14015
8137
8122
1690
14543
8129
1698
14551
8130
2538
15391
8970
2523
15376
8120
1688
14541
8649
8634
2202
15055
8641
2210
15063
8642
2778
15631
8632
2200
15053
15575
9154
9144
2712
15565
9673
9658
16079
3237
3234
16087
3245
9666
16155
3302
3291
16144
114
12967
6546
9734
3313
9656
16077
3725
3714
16567
10146
10161
3740
16391
3538
9972
16393
10673
4219
17072
17083
4230
10651
10666
4245
3764
16617
3794
16647
3805
3796
16649
4764
11185
17610
4757
11178
4742
11163
6438
12859
16329
3476
9897
3469
3458
16311
9890
3484
9905
16335
9914
3493
3483
16336
16340
3487
9908
232
13085
16841
16847
4005
3995
16848
10427
4517
17370
4518
10939
17362
4509
10941
5020
5029
7406
974
13827
5532
5541
1231
14084
5535
7918
1486
14339
6045
3315
16157
116
12969
6548
6541
6542
12963
1736
14589
118
12971
6550
7061
622
13475
7054
1990
14843
8422
1992
14845
630
13483
7062
646
13499
7078
8430
1998
14851
7069
1140
13993
7572
7565
7566
1134
13987
2248
15101
1142
13995
7574
1652
14505
8084
8078
1646
14499
2502
15355
8934
1654
14507
8086
2164
15017
8596
8589
8590
2158
15011
2760
15613
2166
15019
8598
9109
9101
9102
2670
15523
15869
3016
15531
9110
9614
3182
16035
3193
16043
9622
3201
3729
10150
16387
3534
16644
11174
4753
16900
3978
16831
10410
3989
10399
3967
16820
3970
16823
3981
10402
10391
16835
3982
454
13307
6886
10121
456
13309
5013
5005
5006
966
13819
7398
968
13821
1771
14624
5015
5525
5517
1224
14077
2283
15136
5527
6037
6030
1478
14331
7910
134
12987
6566
1743
14596
6556
1158
14011
7590
2255
15108
7580
1670
14523
8102
8942
2510
15363
8092
2182
15035
8614
2767
15620
2694
15547
9126
9454
15875
3022
16051
9630
3209
3217
9638
16132
10133
3694
16547
3705
10126
10645
4217
10638
11150
9902
3470
16323
3511
3501
9922
3490
16343
9911
16355
3502
9934
9879
214
13067
16331
3478
16320
9929
16361
3508
9940
10946
17378
4525
10957
4534
5052
5061
5055
5564
5573
5574
5567
6068
6061
7928
1496
14349
1750
14603
1752
14605
13003
6582
159
13012
6591
166
13019
6598
1759
14612
7092
660
13513
8440
2008
14861
662
13515
7094
7629
7614
1182
14035
1190
14043
7622
2270
15123
8116
1684
14537
8952
15373
1686
14539
8118
8628
2196
15049
2198
15051
8630
2214
15067
8646
2783
15636
2222
15075
8654
8639
2207
15060
9464
15885
9140
2708
15561
16084
3231
9652
16073
3199
16052
3225
3214
16067
9646
3233
16075
9654
9677
9662
16083
3241
9669
3249
3238
16091
9670
16159
3306
3295
16148
16596
10175
3758
16611
10190
10201
3817
3806
16659
11206
4785
17638
3516
4021
10442
4013
4002
16855
10434
10423
3690
16543
10122
6904
472
13325
5037
7416
984
13837
5047
5557
5549
1238
14091
5559
6078
6085
7109
678
13531
7110
7100
8141
8126
1694
14547
8133
1702
14555
8134
8124
2726
15579
9158
10165
3721
3710
16563
16589
3736
10157
9976
3544
16397
10662
4241
10677
3809
3798
16651
3768
16621
11182
17614
4761
16909
9680
16112
3259
9665
15
12868
6446
12867
6442
10
12863
12840
6419
10683
4251
17104
17598
4745
11177
836
13689
4769
7274
842
13695
1092
13945
2020
14873
5264
5272
5281
1099
13952
8966
2534
15387
5778
6281
1602
14455
8034
1604
14457
6288
6305
1860
14713
16409
6800
6818
386
13239
8298
1866
14719
7306
874
13727
2114
14967
8546
2372
15225
7842
1410
14263
8810
2378
15231
7818
1386
14239
7833
8336
8330
1898
14751
2626
15479
9058
2628
15481
1906
14759
8338
8848
2418
15271
8850
2427
15280
8859
8866
2434
15287
8842
2410
15263
8857
9360
15783
9362
9378
15799
2946
9354
2922
15775
9369
16249
9874
239
13092
9889
3413
9834
3402
16255
10393
1263
14116
10913
7117
7102
670
13523
3903
16756
16767
3914
712
13565
16779
3926
16768
6498
12919
9701
16137
12921
324
13177
10181
3745
16587
9966
331
13184
7010
578
13431
580
13433
10675
4243
17096
8974
2542
15395
5786
5793
7330
898
13751
2123
14976
888
13741
7320
8354
1922
14775
1912
14765
8344
6803
356
13209
9998
3566
16419
363
13216
10747
17179
4326
4315
17168
619
13472
4809
7298
866
13719
868
13721
17686
4833
8077
11265
5321
1124
13977
5345
1131
13984
5840
5833
7810
1378
14231
7827
1380
14233
5842
6345
1636
14489
12783
6362
1643
14496
6864
6858
426
13279
1890
14743
8322
1892
14745
7376
7370
938
13791
2402
15255
8834
2404
15257
7888
7905
2411
15264
7882
1450
14303
7897
8400
8394
1962
14815
15769
2916
8912
8929
2938
15791
9370
15776
8906
15327
8921
9424
9418
15839
2986
9930
16351
3498
16281
16912
4059
10465
6890
458
13311
16544
16555
3702
10149
3713
16893
4051
10457
10977
744
13597
16800
17416
4563
10969
12953
612
13465
10713
17160
4307
10739
5850
5857
5848
1914
14767
8346
1899
14752
7393
8417
9953
10449
10441
10961
10954
10387
16793
12979
6558
111
12964
16643
3790
587
13440
10222
3801
358
13211
6790
6798
366
13219
10725
1090
13943
7522
17172
4319
10751
4330
623
13476
7302
870
13723
16928
872
13725
4822
7310
878
13731
5349
1150
14003
7582
1135
13988
5341
1382
14235
7814
1384
14237
5846
6349
1640
14493
12779
6358
3138
15991
9570
12788
6367
6373
1662
14515
8094
1647
14500
6365
1894
14747
8326
1896
14749
7909
8846
2414
15267
2664
15517
2918
15771
9350
9421
3187
16029
16285
10469
6894
462
13315
16548
16559
3706
4055
10461
16804
16131
3278
16160
104
12957
16683
3830
16672
616
13469
10743
4311
17164
1128
13981
1391
14244
6885
8334
1902
14755
7397
2174
15027
8606
2159
15012
2406
15259
8838
8421
2686
15539
9118
2671
15524
8412
8933
9358
15779
2926
8924
9445
16036
9957
235
13088
3438
16291
9870
16384
9948
10453
10445
3
12856
6494
62
12915
6882
450
13303
3717
4249
10670
10655
4234
4223
17076
574
13427
10210
3789
3778
16631
7007
575
13428
4718
17594
4741
11167
4746
4735
17588
5253
1087
13940
5245
1334
14187
5750
8024
1592
14445
4806
11227
6277
1599
14452
6269
16404
16415
3562
6765
342
13195
6774
3565
9986
6783
351
13204
6789
6766
334
13187
6781
7277
7278
846
13699
2104
14957
8536
1390
14243
7822
7807
1375
14228
8308
1876
14729
8301
1855
14708
8302
1870
14723
2616
15469
9048
1878
14731
8310
2366
15219
8813
8814
2382
15235
8820
2388
15241
8828
2878
15731
8831
2399
15252
15747
9326
9560
3128
15981
6357
9334
15755
2902
6629
9847
16279
3426
3437
9858
6620
3406
16259
9838
3417
9844
16265
9852
9837
16243
3401
10885
16755
3913
10877
6370
12791
12909
6488
568
13421
10647
4215
17068
5765
5756
7286
854
13707
7301
2111
14964
7797
1342
14195
7789
4572
10993
7790
1358
14211
2360
15213
8325
2623
15476
8316
9342
15763
9340
10357
10349
7132
10350
3918
16771
3929
10365
7106
674
13527
3640
16493
10061
7141
10359
16791
3938
735
13588
10385
3949
10370
10869
10862
3905
3894
16747
7082
650
13503
4450
10871
9693
3287
9678
3257
3246
16099
12911
6490
6881
10099
16531
3678
4279
17132
1076
13929
8033
8018
1586
14439
6273
1594
14447
8026
2098
14951
8530
8532
2100
14953
2354
15207
8304
5854
9057
2610
15463
9042
1874
14727
8306
8809
2386
15239
8818
9328
6118
9321
15751
9330
9345
9840
16244
3391
16233
3410
16263
9842
10363
16784
719
13572
3922
16775
10369
3937
3896
16749
3925
10346
10361
10345
3909
16751
5335
2106
14959
8538
1867
14720
1882
14735
8314
8329
8321
2618
15471
9050
8312
1880
14733
8841
8826
2394
15247
8833
8824
2392
15245
2906
15759
9338
9353
200
13053
16267
3414
16256
3429
3418
16271
9850
207
13060
9857
3398
16251
6630
198
13051
9848
16269
3932
10353
10081
431
13284
16487
3672
16525
3636
16489
4444
10865
3892
16745
648
13501
10867
6405
6390
12811
16055
3202
12799
6378
12784
683
13536
10318
3886
16739
8444
5241
10041
406
13259
6838
408
13261
6840
5249
399
13252
10049
414
13267
6846
430
13283
6862
415
13268
10853
4421
17274
686
13539
7118
671
13524
4413
17266
10553
918
13771
7350
920
13773
7352
911
13764
10561
926
13779
7358
942
13795
7374
10577
927
13780
5436
1198
14051
7630
1183
14036
1454
14307
7886
7871
1439
14292
6965
6762
330
13183
9980
6777
1942
14795
8374
3561
9982
347
13200
6779
1944
14797
8376
10199
6981
6770
338
13191
6785
1935
14788
1950
14803
8382
1966
14819
8398
1951
14804
16612
16623
3770
6973
7479
7493
7485
8901
8886
2454
15307
9413
9398
15819
2966
4585
4574
17427
4600
11021
7803
1371
14224
9400
2968
15821
15780
9533
410
13263
6842
395
13248
10045
6945
10163
3742
16595
3753
922
13775
7354
907
13760
10557
1419
14272
11069
13024
9806
3385
3374
16227
13005
139
12992
3383
8624
5421
7621
1174
14027
1176
14029
2187
15040
5431
5941
9136
5933
9468
6265
1430
14283
7862
8909
8894
2462
15315
9029
9020
3465
9886
16333
3480
644
13497
7603
1156
14009
1163
14016
5897
1442
14295
7874
11077
7865
7850
1418
14271
12815
6409
9613
6395
12816
12831
6410
1668
14521
6906
474
13327
6921
7418
986
13839
7433
2180
15033
1498
14351
7945
8889
2442
15295
8874
9481
9505
367
13220
10017
9913
9898
3466
16319
222
13075
9872
16308
16315
3462
9883
16304
8941
5738
879
13732
894
13747
7326
10529
10185
16576
16832
132
12985
8442
2010
14863
8457
8954
2522
15375
5766
8969
8362
1930
14783
1915
14768
1946
14799
8378
1931
14784
8481
5790
8993
863
13716
10513
2458
15311
8890
15296
10505
16923
4070
10491
7288
856
13709
16921
7312
10515
9730
3309
3298
16151
12948
564
13417
10205
9994
16400
344
13197
10213
3777
3766
16619
10217
6999
16608
4287
17140
5300
1119
13972
5812
7813
1366
14219
7824
11027
11018
1368
14221
6836
404
13257
392
13245
10057
6815
383
13236
398
13251
6830
7348
916
13769
895
13748
10545
910
13763
7342
7839
1407
14260
11057
1422
14275
7854
11081
1446
14299
7878
8845
2398
15251
8372
1940
14793
6769
1919
14772
1934
14787
8366
2648
15501
8884
2452
15305
15284
2446
15299
8878
9375
15796
2958
15811
9390
226
13079
6658
9861
3425
10419
16825
4001
16843
10437
3993
10414
4023
10429
6484
12905
598
13451
9025
5822
5820
15975
3122
6325
422
13275
6854
1887
14740
10569
934
13787
7366
16313
3489
9925
8816
10413
10093
10926
16781
6460
6469
16119
3266
6565
16215
3362
12944
7049
602
13455
4777
5289
5305
8508
8517
5314
5801
6313
6337
1627
14480
15979
3126
6329
378
13231
6825
7322
890
13743
7337
7834
1402
14255
7849
11085
7867
1435
14288
8361
9116
5913
2642
15495
1938
14791
8370
6797
350
13203
10000
8385
15279
8873
2450
15303
8897
15760
9385
2962
15815
9394
3474
16327
9906
9880
9921
1851
14704
3997
16839
10433
16080
3227
9648
16095
3242
6445
7
12860
16093
3251
582
13435
7014
3781
6793
346
13199
596
13449
7469
10681
17128
4275
4794
17654
4801
975
13828
990
13843
7422
5816
10053
418
13271
6850
10565
930
13783
7362
8393
1954
14807
8386
2651
15504
9402
15823
9409
16016
10417
3973
16815
10409
3698
16551
3709
3668
16521
424
13277
10089
10922
7981
6393
3387
16240
3405
3394
16247
6601
13007
16761
10355
687
13540
3890
16743
3899
16752
7617
1170
14023
1428
14281
9139
2692
15545
5936
9633
12836
16057
6448
6961
6977
10145
495
13348
510
13363
6942
6969
7475
7489
10693
7481
5293
8496
5814
5805
9008
13001
4417
17270
682
13535
7114
667
13520
10573
923
13776
886
13739
7318
10521
2459
15312
8513
571
13424
7003
3732
16585
3223
12832
6611
164
13017
6613
6606
174
13027
16260
9865
651
13504
16772
16783
3930
10377
3941
4425
17278
676
13529
17302
4449
1246
14099
10881
1172
14025
1199
14052
17296
4443
1240
14093
10890
10875
4937
4952
4961
7635
1188
14041
2212
15065
5456
5473
4439
1195
14048
5985
2735
15588
5979
9683
16089
6480
3213
9634
6473
6577
1700
14553
16624
10203
6985
1956
14809
10195
16601
6992
3749
3738
16591
10227
562
13415
7009
1963
14816
10177
16583
16640
7001
7497
7504
1074
13927
7521
2219
15072
7513
8915
2468
15321
5325
8528
8521
9171
15577
5837
9040
9033
9545
16352
10485
850
13703
7282
16864
6482
12903
6497
4951
1707
14560
5746
902
13755
7334
10537
2475
15328
8545
5975
2731
15584
15840
9569
16096
16345
10451
16857
9609
12827
6406
12812
8009
3191
12800
11189
8001
12807
6386
12792
79
12932
6914
482
13335
16579
3726
1958
14811
8390
328
13181
591
13444
9541
7938
1506
14359
4750
2470
15323
8902
16896
840
13693
6826
394
13247
8450
2018
14871
5262
9165
9150
15571
5962
7526
1094
13947
1096
13949
411
13264
5279
5285
5971
1103
13956
5277
8976
5773
7338
906
13759
8962
2530
15383
5774
7361
7346
914
13767
5782
4852
1608
14461
6301
10009
1947
14800
10495
4089
10510
10519
884
13737
7316
2120
14973
9414
7799
1352
14205
10999
4582
17435
11014
1364
14217
7829
8823
2376
15229
7821
1374
14227
4610
17452
11031
7837
1908
14761
8340
9104
5901
9062
2630
15483
5876
2632
15485
8837
2390
15243
2408
15261
8855
2888
15741
2420
15273
8852
2932
15785
9364
1338
14191
7785
15803
9382
16253
16297
9876
747
13600
3991
10397
9038
1003
13856
10653
17100
4247
8318
1886
14739
8333
5921
10721
1086
13939
7518
10679
11009
1359
14212
340
13193
6805
1864
14717
360
13213
6807
862
13715
7294
10497
847
13700
2456
15309
10509
859
13712
10527
7324
1903
14756
1918
14771
8350
5909
9070
2638
15491
1871
14724
1883
14736
8348
2415
15268
2430
15283
8862
15236
16845
15248
8860
203
13056
16272
9884
731
13584
10381
16509
10901
10894
16777
10389
16765
9558
9573
6355
12776
16045
9624
6421
6597
123
12976
8106
1674
14527
4918
9742
3321
10254
3833
10766
4345
3167
16020
6423
12844
9641
4841
1595
14448
4866
11238
8020
1588
14441
9674
3253
6456
1615
14468
4859
5363
10153
518
13371
6950
11774
5353
6957
10169
10154
3722
16575
16605
3763
2116
14969
5360
11791
5370
5377
2107
14960
16557
11799
5378
1147
14000
5369
10689
17136
4283
5880
5862
5889
2619
15472
12311
5890
9044
2612
15465
2639
15492
5883
6384
1542
14395
7974
6377
12780
12795
6374
9562
15983
6401
11193
8005
16041
9620
6402
12823
17658
4805
12808
4929
8105
8090
1658
14511
8493
16505
6896
9970
970
13823
7402
9520
6317
1482
14335
7914
1490
14343
7937
6341
382
13235
6829
6544
16153
9762
3341
6502
12923
2500
15353
5744
7341
8938
8653
2206
15059
5450
16665
10274
3853
3012
15865
6256
1406
14259
7853
9441
12644
15871
9450
319
13172
8365
7297
2447
15300
7309
5381
1362
14215
7809
17424
11003
11
12864
9661
3255
1030
13883
7462
5865
7472
12296
5875
10131
6898
466
13319
6913
5317
7410
978
13831
7425
5829
5441
8617
11835
5414
2170
15023
5239
402
13255
6834
10037
8434
2002
14855
8449
6844
6811
379
13232
388
13241
6853
5953
9129
12347
5926
9114
2682
15535
15360
10549
8946
15367
5758
8961
7356
10541
891
13744
900
13753
7365
2948
15801
4589
11010
9404
11001
2939
15792
7869
3019
15872
3045
15887
9466
9488
6285
6261
9458
9473
1403
14256
1412
14265
7877
6465
6773
335
13188
9985
8380
1924
14777
8389
831
13684
10481
8038
1606
14459
10483
7280
8877
4053
10474
6995
2127
14980
7786
1354
14207
7801
7792
10995
8014
7996
12820
6399
6381
12787
4846
9628
6425
9013
6589
6574
12995
6617
143
12996
17208
4366
6323
1455
14308
7920
7120
3917
8030
1598
14451
11233
4878
904
13757
8550
2118
14971
8592
5389
16569
5390
3601
10022
372
13225
7607
1160
14013
1336
14189
10986
7004
11828
5407
2143
14996
7613
7598
1166
14019
5229
8432
1967
14820
6817
370
13223
1167
14020
9106
15527
5918
5925
15508
12843
6437
4922
8110
1678
14531
15332
5741
8944
7329
7314
882
13735
1679
14532
16564
10143
6910
478
13331
6925
488
13341
10129
479
13332
494
13347
6926
1928
14781
10137
16573
3731
502
13355
6934
7437
991
13844
7846
1414
14267
7861
11046
1396
14249
2184
15037
10649
1014
13867
7446
7942
1510
14363
4724
11145
4713
17566
7957
1502
14355
7949
17585
4732
11153
7935
1503
14356
1518
14371
7950
7284
852
13705
4081
10502
2440
15293
6352
9555
17582
11161
1526
14379
7958
6361
9564
17626
4773
1535
14388
7967
7973
16100
11315
17736
4894
1650
14503
7965
6822
390
13243
8446
2014
14867
5258
8461
2024
14877
5268
2015
14868
9143
15549
8470
2536
15389
5780
8983
8958
15379
5770
8973
2527
15380
15805
3039
15892
3065
15907
9486
2223
15076
7073
7058
626
13479
9470
3038
15891
9485
11073
1423
14276
1432
14285
6291
3073
9494
16413
10007
8358
1926
14779
362
13215
6794
9997
16317
6786
354
13207
10004
10533
12916
9698
3277
72
12925
8937
15325
4113
10534
8604
5401
10189
16580
15331
8910
2463
15316
875
13728
10525
8645
5442
3845
7830
1398
14251
7845
4618
11039
11045
584
13437
9449
6222
12643
2984
15837
16836
1387
14240
11037
9005
10593
943
13796
7408
6608
6581
9549
6331
7086
654
13507
655
13508
9153
5950
2706
15559
10801
4380
4019
16861
10473
4901
1711
14564
6561
5094
8297
3473
9894
5902
1416
14269
2667
15520
5911
9616
12819
6413
12835
6414
1691
14544
16207
9786
3365
8144
11362
4941
5752
1672
14525
16032
475
13328
10125
3689
10167
6949
10661
17108
4255
2614
15467
9046
7452
162
13015
6594
6552
120
12973
7373
10585
8988
632
13485
7885
1438
14291
11097
6297
9500
7593
7578
1146
13999
3593
10014
7576
1144
13997
8397
6809
10012
10242
3821
2959
15812
11231
8028
12852
6431
8016
8142
1710
14563
7461
628
13481
2054
14907
8486
6889
374
13227
6821
7585
7570
1138
13991
4430
7333
4942
7401
15419
8998
936
13789
9754
16175
3333
1659
14512
122
12975
6554
107
12960
3351
1704
14557
4948
8622
2190
15043
5461
8656
5453
8636
5433
10257
3836
8609
11875
5454
420
13273
6876
10079
8485
8668
5465
639
13492
7071
10289
3868
594
13447
2191
15044
8650
2218
15071
5462
11050
1400
14253
6259
3041
15883
9462
5477
9794
3373
6615
13021
5478
1007
13860
1022
13875
7454
5469
1080
13933
9133
15529
9168
5965
8342
1910
14763
8357
5966
1476
14329
7923
7893
1487
14340
4731
4722
7925
3078
15931
9510
7913
7895
1448
14301
9157
2710
15563
5954
17199
4357
2683
15536
2728
15581
12393
5972
12410
5989
680
13533
16381
2734
15587
9166
15572
5990
7932
12402
5981
6477
1330
14183
1348
14201
7795
10989
16637
10246
3825
566
13419
7013
7369
10581
5417
8438
2006
14859
8453
5250
5413
8613
5410
2139
14992
9965
16356
8353
2703
15556
6389
3172
16025
6416
12804
8013
7305
7290
858
13711
10517
15289
8883
16868
8865
8892
10489
16125
3283
54
12907
6486
16068
16537
6928
8525
10021
6812
7817
1370
14223
11029
7841
1394
14247
6253
15888
3035
9456
7053
606
13459
2203
15056
3877
5471
11022
4211
17064
10643
7440
9037
15568
9189
5986
4389
1115
13968
12404
5983
15977
9556
7952
9550
5294
10085
8489
5286
427
13280
10077
982
13835
7414
6605
158
13011
13028
5808
7405
3420
10893
6908
6320
7917
376
13229
4453
6832
8429
75
12928
9710
3289
3319
8161
11379
4958
4965
2504
15357
5748
8951
1695
14548
11387
4966
7420
10547
7344
4956
9697
9712
7639
1192
14045
16919
4066
10487
4905
8880
827
13680
10477
6492
2148
15001
5392
6989
8425
1960
14813
7509
2660
15513
5904
7501
7891
1444
14297
7900
11103
3088
9509
8661
5929
10687
4266
2216
15069
12839
6433
4849
6434
2
12855
16061
3219
12828
8022
1590
14443
8037
6441
2518
15371
8965
5762
8956
8905
9738
3317
6953
5337
8540
9054
2622
15475
5866
7457
1426
14279
7858
3001
9422
15843
10071
7465
10250
3829
10583
7873
10421
16809
12824
12989
5798
9001
10589
939
13792
4177
10598
5825
12980
2422
15275
8869
46
12899
6478
9513
17522
11101
1451
14304
11110
6452
1611
14464
4855
7977
9574
6428
9637
9989
2945
9366
15787
9381
2152
15005
5396
6990
751
13604
10401
3965
16807
6940
2102
14955
8534
10501
11779
5358
5225
7589
4674
17516
11095
8585
5382
6849
1999
14852
1151
14004
9893
10705
7502
9052
10685
10858
9097
5894
7507
17176
4334
3056
9477
10173
10158
6997
7961
12803
6382
5737
8898
15319
1675
14528
4946
9770
3349
4925
8101
59
12912
8088
1656
14509
16199
9778
3357
4933
8109
2511
15364
1663
14516
5303
3969
16811
10405
7605
7653
1179
14032
2853
315
13168
2168
15021
12290
5869
6054
2840
15693
9272
2851
10717
1082
13935
7514
12338
5917
7511
5375
5887
9134
2702
15555
7597
9961
16349
6857
10069
5296
10111
16532
6893
9833
1083
13936
2680
15533
9148
5945
16324
4766
11187
7984
6369
12775
7881
1434
14287
11093
1494
14347
7941
16171
9750
3329
10478
843
13696
10493
5385
9645
11013
8870
15291
5794
8997
932
13785
7388
4170
10591
10373
570
13423
16653
3841
1355
14208
11005
3987
16829
11313
4892
12641
7856
9453
7645
1631
14484
9726
16147
3305
11173
17635
4782
3961
10382
6397
5788
1012
13865
7444
470
13323
6902
7081
634
13487
6299
3081
15923
9502
7517
10762
4341
7077
8368
10990
11826
5405
2379
15232
2036
14889
8468
2027
14880
5271
10062
10758
4337
1078
13931
7525
9916
17191
4349
10086
463
13316
2548
15401
8980
4153
10574
7429
4869
5445
8621
15876
2175
15028
8464
5357
7292
15277
5893
15913
9492
4665
11086
8549
5373
6761
2714
15567
9146
15552
10794
4373
9125
2031
14884
2046
14899
8478
6501
4077
10498
16167
9746
3325
5806
10597
6573
9161
5958
2687
15540
1480
14333
7927
17195
4353
10997
10135
6917
6569
2543
15396
2558
15411
8990
7969
3145
15987
9566
12796
7273
16064
11306
4885
2155
15008
5399
2635
15488
5879
8542
2110
14963
5354
5366
6249
9410
2978
15831
5870
11786
5365
12294
5873
5858
9061
12306
5885
7804
17439
4586
17428
11007
10917
16541
500
13353
6932
491
13344
10141
3735
8526
6861
10073
8476
2363
15216
10425
16813
11109
7085
638
13491
6309
10903
