14835
14825
14801
14790
14788
14782
14750
14728
14701
14668
14664
14648
14644
14635
14625
14618
14588
14558
14555
14553
14547
14539
14523
14518
14493
14489
14455
14440
14423
14407
14397
14395
14393
14391
14390
14378
14376
14372
14371
14324
14315
14314
14280
14264
14257
14254
14249
14224
14217
14186
14165
14150
14122
14119
14115
14104
14092
14083
14080
14078
14021
14015
14010
14005
13997
13990
13958
13954
13951
13940
13919
13910
13848
13836
13833
13826
13818
13801
13747
13732
13723
13698
13686
13675
13661
13633
13623
13606
13584
13575
13551
13546
13533
13530
13528
13517
13514
13491
13459
13436
13404
13391
13386
13364
13341
13321
13318
13314
13301
13239
13237
13174
13081
13071
13039
13033
13022
12995
12983
12968
12966
12952
12922
12899
12898
12877
12868
12862
12852
12851
12850
12849
12844
12840
12838
12835
12834
12833
12832
12830
12829
12827
12826
12820
12818
12817
12814
12809
12806
12804
12803
12802
12799
12796
12793
12792
12790
12785
12784
12776
12774
12773
12772
12769
12767
12763
12758
12756
12750
12746
12745
12744
12742
12737
12736
12735
12731
12729
12727
12723
12722
12715
12711
12709
12707
12706
12705
12703
12701
12700
12699
12694
12692
12689
12687
12686
12683
12681
12679
12678
12676
12675
12672
12668
12666
12661
12658
12657
12654
12653
12652
12650
12647
12645
12644
12641
12632
12631
12628
12626
12624
12623
12622
12620
12619
12616
12613
12612
12611
12610
12609
12608
12607
12606
12605
12604
12603
12602
12601
12600
12599
12598
12597
12596
12595
12594
12593
12592
12591
12590
12589
12588
12587
12586
12585
12584
12583
12582
12578
12573
12571
12570
12569
12568
12567
12566
12565
12554
12552
12550
12548
12546
12545
12544
12543
12542
12541
12540
12535
12533
12532
12531
12529
12528
12527
12524
12523
12520
12518
12517
12516
12514
12510
12506
12505
12504
12503
12502
12500
12492
12487
12486
12485
12484
12482
12480
12479
12478
12477
12474
12473
12471
12465
12464
12462
12459
12458
12456
12455
12450
12446
12445
12443
12442
12440
12439
12437
12436
12433
12431
12430
12427
12425
12420
12416
12414
12413
12412
12411
12410
12408
12407
12406
12405
12401
12400
12399
12395
12390
12388
12387
12386
12385
12384
12382
12381
12380
12379
12378
12377
12376
12375
12374
12373
12372
12371
12370
12369
12368
12367
12366
12365
12364
12363
12362
12361
12360
12359
12358
12357
12356
12355
12354
12353
12351
12349
12348
12346
12337
12327
12325
12323
12321
12319
12316
12314
12312
12311
12307
12302
12301
12300
12297
12296
12295
12294
12288
12287
12285
12281
12280
12279
12278
12277
12276
12275
12274
12273
12272
12271
12270
12267
12266
12264
12258
12257
12251
12250
12249
12248
12247
12246
12244
12242
12240
12239
12237
12235
12231
12230
12229
12227
12226
12225
12222
12221
12220
12216
12214
12213
12212
12211
12210
12209
12208
12207
12206
12205
12204
12203
12202
12201
12200
12199
12198
12197
12196
12195
12194
12192
12191
12190
12189
12188
12187
12186
12182
12181
12175
12171
12170
12166
12165
12164
12163
12160
12157
12156
12154
12150
12149
12148
12146
12145
12144
12140
12139
12138
12136
12135
12133
12130
12129
12128
12127
12119
12109
12106
12105
12104
12103
12101
12100
12099
12096
12094
12093
12091
12084
12083
12082
12080
12077
12071
12070
12069
12067
12066
12064
12061
12059
12058
12057
12054
12053
12052
12048
12047
12041
12040
12039
12037
12036
12035
12032
12028
12026
12024
12023
12019
12018
12016
12015
12014
12010
12008
12007
12006
12005
12004
12003
12002
12001
12000
11999
11998
11996
11993
11991
11990
11988
11985
11981
11979
11977
11976
11975
11974
11973
11972
11971
11969
11968
11967
11966
11965
11963
11961
11959
11957
11955
11950
11949
11948
11946
11945
11943
11942
11938
11930
11928
11925
11923
11922
11920
11917
11909
11906
11905
11903
11900
11899
11898
11896
11895
11891
11888
11887
11881
11878
11877
11876
11875
11865
11864
11861
11859
11855
11854
11852
11851
11849
11846
11844
11843
11842
11841
11840
11839
11838
11837
11835
11834
11830
11829
11825
11818
11817
11816
11815
11812
11809
11807
11804
11801
11798
11797
11795
11794
11793
11792
11791
11787
11784
11783
11777
11774
11771
11770
11768
11762
11759
11756
11755
11752
11751
11749
11747
11746
11745
11742
11740
11739
11732
11731
11729
11727
11726
11725
11724
11721
11720
11719
11717
11715
11712
11708
11707
11706
11705
11704
11703
11702
11701
11700
11699
11698
11696
11695
11690
11688
11685
11684
11683
11682
11679
11675
11674
11673
11672
11671
11670
11669
11667
11662
11660
11658
11657
11656
11655
11653
11651
11650
11647
11645
11642
11640
11639
11637
11636
11632
11631
11628
11624
11621
11620
11619
11616
11615
11614
11611
11610
11607
11606
11604
11603
11600
11599
11597
11594
11593
11591
11590
11589
11588
11587
11586
11585
11582
11577
11576
11573
11572
11571
11570
11569
11568
11567
11566
11565
11564
11563
11562
11559
11558
11557
11555
11552
11551
11550
11545
11544
11543
11542
11540
11538
11536
11535
11533
11532
11531
11530
11529
11528
11527
11526
11525
11524
11523
11522
11521
11518
11517
11516
11513
11512
11510
11509
11508
11507
11506
11505
11502
11501
11499
11496
11495
11494
11492
11491
11490
11484
11483
11477
11476
11475
11473
11472
11471
11469
11467
11466
11464
11460
11459
11457
11454
11452
11450
11448
11447
11446
11443
11442
11441
11436
11433
11432
11430
11428
11427
11426
11425
11424
11422
11421
11420
11419
11418
11415
11412
11406
11403
11400
11399
11395
11393
11389
11385
11383
11381
11379
11377
11376
11374
11373
11371
11367
11366
11364
11362
11359
11358
11357
11356
11355
11354
11351
11349
11347
11346
11343
11341
11338
11337
11336
11335
11334
11331
11329
11328
11327
11321
11317
11316
11314
11312
11311
11309
11308
11306
11304
11303
11302
11300
11299
11298
11297
11295
11294
11292
11291
11288
11286
11285
11281
11280
11277
11272
11270
11269
11268
11267
11266
11265
11264
11261
11260
11258
11257
11255
11254
11253
11252
11250
11248
11247
11245
11241
11240
11236
11232
11229
11224
11223
11221
11220
11219
11218
11216
11214
11211
11208
11207
11203
11202
11195
11193
11191
11189
11187
11184
11183
11182
11181
11180
11179
11178
11177
11176
11173
11172
11170
11167
11163
11150
11149
11147
11146
11145
11144
11143
11142
11141
11139
11137
11135
11133
11132
11130
11129
11128
11125
11123
11121
11118
11116
11115
11113
11109
11107
11106
11103
11102
11101
11099
11097
11095
11093
11092
11090
11088
11085
11083
11081
11077
11076
11074
11072
11071
11070
11069
11068
11067
11066
11064
11063
11062
11060
11059
11055
11052
11050
11047
11042
11037
11036
11035
11032
11030
11029
11025
11024
11021
11013
11010
11008
11006
11004
11002
11001
11000
10996
10995
10994
10986
10985
10984
10981
10980
10979
10976
10974
10969
10967
10965
10964
10963
10961
10960
10959
10958
10954
10951
10950
10948
10947
10946
10944
10943
10942
10940
10939
10935
10934
10933
10932
10931
10928
10926
10925
10923
10922
10921
10919
10918
10917
10915
10914
10913
10912
10911
10910
10909
10908
10904
10902
10900
10896
10892
10891
10889
10888
10887
10885
10882
10881
10879
10875
10874
10873
10871
10869
10868
10867
10864
10862
10858
10856
10854
10853
10851
10849
10845
10843
10842
10838
10837
10836
10834
10832
10829
10828
10826
10825
10824
10823
10822
10821
10820
10819
10816
10815
10814
10812
10811
10809
10807
10806
10805
10804
10802
10798
10796
10795
10794
10792
10787
10786
10784
10780
10779
10778
10776
10773
10771
10769
10768
10767
10766
10765
10764
10763
10762
10760
10758
10757
10755
10754
10753
10751
10748
10747
10741
10739
10738
10737
10736
10733
10731
10729
10728
10720
10717
10714
10713
10709
10707
10705
10702
10699
10697
10695
10692
10690
10689
10688
10687
10686
10685
10682
10681
10680
10679
10678
10677
10674
10673
10671
10670
10669
10668
10667
10666
10665
10664
10661
10660
10657
10656
10654
10653
10651
10649
10648
10646
10645
10644
10643
10642
10641
10635
10634
10633
10629
10626
10624
10621
10620
10619
10615
10613
10608
10607
10600
10598
10595
10594
10593
10592
10588
10584
10583
10580
10577
10574
10571
10566
10565
10562
10561
10560
10558
10556
10555
10552
10551
10547
10543
10542
10540
10539
10538
10535
10533
10532
10531
10530
10529
10525
10519
10517
10515
10514
10513
10512
10511
10510
10509
10508
10506
10505
10504
10497
10492
10490
10488
10487
10486
10483
10481
10480
10479
10478
10477
10475
10473
10470
10469
10466
10463
10458
10456
10455
10453
10450
10446
10445
10442
10441
10439
10437
10436
10435
10432
10430
10429
10428
10424
10418
10417
10416
10412
10409
10408
10407
10406
10405
10404
10403
10401
10397
10396
10394
10391
10389
10382
10381
10378
10377
10376
10375
10374
10373
10371
10365
10364
10361
10360
10358
10357
10356
10355
10354
10351
10349
10347
10344
10343
10342
10339
10335
10334
10331
10330
10328
10327
10326
10325
10320
10317
10316
10313
10312
10309
10307
10305
10302
10300
10298
10297
10295
10293
10287
10284
10282
10281
10278
10276
10274
10272
10269
10268
10267
10266
10264
10262
10261
10260
10257
10256
10252
10250
10243
10242
10240
10238
10236
10233
10229
10227
10225
10224
10222
10221
10220
10217
10215
10213
10209
10207
10206
10203
10201
10199
10198
10196
10195
10194
10192
10191
10190
10187
10186
10185
10184
10182
10181
10180
10179
10178
10177
10174
10173
10172
10170
10169
10167
10164
10163
10162
10159
10157
10155
10154
10153
10150
10149
10148
10145
10144
10143
10142
10140
10139
10137
10135
10134
10132
10131
10128
10127
10126
10125
10124
10123
10122
10120
10119
10118
10117
10116
10115
10113
10112
10109
10107
10106
10104
10103
10100
10098
10096
10094
10093
10092
10087
10086
10085
10081
10080
10079
10078
10076
10073
10071
10069
10068
10067
10065
10064
10063
10062
10060
10057
10056
10055
10054
10051
10048
10047
10045
10044
10043
10041
10040
10038
10037
10034
10033
10031
10030
10029
10028
10027
10026
10025
10024
10023
10022
10021
10017
10016
10014
10013
10011
10008
10007
10006
10005
10004
10003
10002
10000
9997
9995
9989
9988
9987
9985
9983
9981
9980
9976
9975
9974
9971
9969
9965
9961
9959
9958
9956
9954
9949
9948
9947
9943
9941
9940
9938
9937
9935
9934
9933
9932
9931
9930
9929
9928
9926
9925
9924
9923
9922
9921
9920
9917
9916
9915
9914
9910
9908
9906
9905
9904
9903
9901
9900
9898
9894
9893
9892
9890
9889
9886
9884
9883
9882
9881
9880
9879
9878
9877
9876
9875
9874
9873
9872
9871
9870
9869
9868
9867
9866
9865
9864
9863
9860
9858
9857
9855
9854
9853
9851
9849
9847
9846
9844
9843
9842
9841
9839
9838
9836
9835
9834
9832
9831
9830
9828
9825
9824
9823
9821
9818
9816
9815
9814
9812
9809
9808
9803
9802
9801
9800
9799
9797
9795
9794
9793
9792
9791
9790
9789
9787
9786
9785
9784
9779
9777
9775
9773
9771
9770
9768
9767
9764
9762
9761
9760
9759
9758
9757
9756
9755
9754
9753
9751
9748
9745
9741
9739
9737
9736
9734
9729
9728
9726
9725
9724
9722
9720
9718
9717
9716
9714
9713
9711
9709
9706
9703
9701
9700
9699
9698
9697
9696
9695
9694
9693
9690
9689
9688
9687
9685
9681
9680
9677
9675
9672
9671
9670
9667
9666
9664
9663
9662
9659
9648
9647
9646
9645
9643
9642
9641
9639
9638
9636
9633
9632
9631
9630
9629
9628
9627
9626
9625
9624
9623
9619
9618
9616
9615
9614
9612
9610
9607
9605
9603
9602
9600
9599
9596
9595
9594
9593
9590
9589
9588
9585
9584
9582
9580
9579
9578
9577
9576
9572
9571
9570
9569
9568
9567
9566
9565
9564
9563
9562
9561
9560
9559
9557
9556
9553
9552
9551
9550
9549
9547
9546
9544
9542
9541
9540
9537
9534
9533
9530
9529
9526
9525
9524
9522
9518
9516
9511
9509
9508
9506
9505
9503
9502
9499
9498
9497
9496
9495
9494
9493
9492
9491
9489
9488
9487
9479
9477
9476
9475
9474
9472
9471
9470
9467
9465
9463
9462
9460
9459
9457
9456
9455
9454
9453
9452
9449
9448
9447
9446
9442
9441
9438
9437
9436
9435
9433
9432
9430
9429
9428
9427
9426
9424
9422
9421
9419
9418
9417
9414
9413
9410
9408
9407
9406
9404
9403
9401
9400
9397
9396
9393
9384
9382
9381
9379
9378
9377
9374
9371
9369
9368
9367
9364
9362
9361
9359
9358
9356
9355
9354
9349
9348
9347
9345
9343
9337
9336
9335
9333
9332
9330
9327
9324
9322
9320
9317
9316
9315
9314
9313
9311
9310
9309
9307
9305
9304
9302
9301
9300
9299
9298
9297
9296
9295
9294
9293
9291
9289
9287
9286
9283
9281
9278
9276
9275
9274
9271
9270
9264
9263
9260
9259
9258
9257
9255
9254
9253
9252
9250
9248
9247
9245
9243
9242
9240
9239
9238
9237
9235
9234
9233
9230
9229
9226
9225
9222
9220
9217
9216
9215
9214
9213
9212
9211
9210
9209
9208
9207
9206
9205
9204
9203
9202
9201
9200
9199
9198
9197
9196
9195
9194
9193
9190
9189
9187
9184
9183
9180
9178
9174
9171
9169
9168
9167
9166
9165
9164
9162
9161
9160
9159
9158
9157
9156
9152
9151
9150
9149
9148
9146
9145
9143
9142
9141
9140
9138
9137
9135
9134
9133
9132
9131
9129
9126
9125
9124
9123
9122
9121
9120
9118
9117
9116
9114
9112
9111
9105
9102
9101
9099
9097
9095
9094
9090
9089
9088
9087
9085
9084
9083
9082
9081
9079
9078
9077
9076
9075
9073
9071
9070
9067
9065
9063
9061
9060
9059
9057
9055
9054
9053
9051
9049
9048
9047
9046
9045
9044
9043
9042
9041
9039
9036
9035
9034
9033
9031
9029
9028
9027
9025
9024
9023
9022
9021
9019
9017
9016
9015
9014
9013
9012
9011
9010
9008
9003
9002
9001
8998
8997
8995
8994
8991
8990
8986
8983
8982
8981
8980
8978
8976
8974
8973
8971
8969
8968
8963
8962
8961
8960
8958
8956
8954
8952
8951
8949
8948
8947
8946
8945
8944
8943
8942
8941
8940
8939
8938
8937
8936
8935
8933
8932
8931
8930
8929
8928
8926
8925
8923
8920
8917
8916
8914
8913
8912
8911
8910
8908
8907
8905
8903
8901
8896
8895
8894
8892
8891
8890
8887
8886
8885
8883
8882
8881
8879
8878
8875
8874
8873
8869
8865
8863
8862
8861
8859
8858
8857
8856
8854
8851
8845
8843
8841
8838
8837
8835
8833
8832
8831
8829
8828
8827
8826
8825
8824
8823
8822
8819
8818
8817
8816
8815
8814
8813
8811
8810
8809
8808
8806
8805
8804
8802
8801
8800
8799
8793
8791
8790
8789
8788
8786
8783
8782
8781
8779
8778
8777
8776
8775
8774
8773
8772
8771
8770
8769
8767
8766
8765
8764
8763
8762
8760
8759
8758
8755
8753
8752
8750
8748
8746
8743
8740
8739
8738
8734
8732
8731
8729
8727
8722
8721
8720
8719
8717
8715
8714
8713
8712
8711
8709
8707
8706
8705
8704
8703
8702
8700
8699
8697
8696
8695
8694
8693
8692
8690
8687
8684
8683
8682
8681
8680
8679
8676
8675
8674
8673
8672
8670
8665
8664
8663
8657
8655
8654
8653
8651
8650
8648
8647
8646
8645
8644
8643
8640
8639
8638
8637
8636
8635
8634
8633
8632
8631
8630
8629
8627
8626
8624
8623
8622
8621
8620
8619
8618
8616
8615
8614
8613
8612
8610
8609
8608
8607
8605
8604
8603
8602
8601
8599
8597
8595
8594
8593
8592
8591
8590
8589
8587
8586
8585
8583
8582
8580
8579
8577
8576
8575
8574
8571
8570
8568
8567
8565
8563
8562
8561
8560
8559
8558
8557
8556
8555
8553
8552
8551
8550
8549
8544
8543
8542
8541
8540
8538
8537
8536
8535
8534
8532
8530
8529
8527
8525
8523
8522
8520
8519
8518
8517
8516
8515
8512
8511
8510
8509
8508
8507
8505
8504
8501
8499
8498
8495
8494
8493
8492
8487
8486
8485
8484
8483
8482
8481
8480
8479
8478
8477
8476
8475
8473
8472
8470
8469
8468
8467
8464
8462
8456
8424
8408
8401
8369
8363
8358
8352
8345
8318
8303
8300
8296
8295
8269
8250
8248
8243
8242
8241
8236
8234
8212
8193
8188
8186
8173
8170
8156
8155
8154
8139
8131
8123
8121
8115
8107
8091
8086
8071
8065
8061
8059
8057
8042
8037
8030
8026
8012
8008
7998
7975
7965
7963
7961
7954
7949
7944
7921
7897
7896
7892
7883
7882
7880
7876
7870
7848
7842
7836
7832
7825
7817
7807
7801
7794
7792
7785
7771
7754
7746
7733
7718
7713
7711
7704
7700
7698
7690
7683
7672
7660
7651
7648
7646
7643
7642
7636
7626
7583
7580
7578
7573
7558
7546
7543
7533
7526
7522
7516
7510
7508
7498
7487
7485
7478
7469
7459
7446
7440
7437
7422
7416
7401
7394
7369
7299
7291
7271
7269
7266
7264
7254
7249
7236
7225
7215
7201
7191
7183
7181
7174
7152
7149
7143
7132
7119
7115
7114
7105
7101
7096
7090
7085
7082
7075
7072
7068
7053
7004
6967
6959
6950
6945
6934
6932
6913
6909
6901
6889
6886
6882
6865
6807
6805
6800
6797
6778
6754
6738
6730
6684
6681
6669
6651
6649
6639
6607
6601
6590
6571
6563
6555
6551
6534
6528
6520
6490
6467
6466
6456
6448
6445
6443
6436
6422
6420
6419
6418
6415
6414
6413
6412
6411
6410
6405
6404
6403
6402
6400
6398
6397
6396
6394
6393
6392
6391
6389
6388
6387
6386
6385
6384
6383
6382
6381
6380
6379
6378
6377
6376
6375
6374
6373
6372
6371
6370
6369
6367
6366
6365
6364
6362
6361
6360
6357
6356
6354
6352
6351
6350
6349
6348
6347
6345
6344
6343
6340
6339
6338
6337
6335
6334
6333
6332
6331
6330
6328
6327
6325
6323
6321
6319
6318
6317
6316
6314
6313
6311
6308
6307
6306
6304
6303
6301
6298
6297
6294
6293
6292
6291
6290
6289
6288
6287
6286
6285
6284
6283
6281
6280
6278
6277
6276
6274
6273
6272
6271
6270
6269
6268
6267
6266
6265
6264
6263
6262
6261
6260
6259
6258
6257
6256
6255
6254
6253
6251
6250
6249
6248
6247
6246
6245
6244
6243
6241
6240
6239
6236
6233
6231
6230
6229
6227
6226
6225
6223
6222
6221
6220
6219
6218
6217
6215
6214
6212
6211
6210
6208
6207
6206
6204
6202
6201
6200
6199
6198
6197
6196
6195
6194
6193
6192
6191
6189
6188
6187
6186
6185
6184
6183
6182
6181
6180
6179
6178
6177
6176
6175
6174
6173
6172
6171
6170
6169
6168
6167
6166
6165
6164
6163
6162
6161
6160
6159
6158
6157
6156
6155
6154
6153
6152
6151
6150
6149
6148
6147
6145
6144
6143
6142
6140
6139
6138
6137
6136
6135
6134
6133
6132
6131
6130
6123
6121
6120
6118
6116
6114
6113
6112
6110
6109
6108
6106
6105
6104
6103
6102
6101
6100
6097
6096
6095
6093
6092
6090
6088
6086
6085
6084
6083
6082
6081
6080
6078
6070
6068
6067
6066
6065
6064
6063
6062
6061
6060
6059
6057
6055
6054
6053
6052
6051
6050
6049
6048
6047
6046
6045
6044
6043
6041
6040
6039
6038
6037
6036
6035
6034
6033
6032
6031
6030
6029
6028
6027
6026
6025
6023
6020
6019
6018
6017
6016
6015
6013
6012
6011
6010
6009
6008
6007
6006
6004
6001
6000
5999
5997
5996
5995
5994
5993
5992
5989
5988
5987
5986
5984
5983
5982
5981
5980
5979
5978
5977
5976
5975
5974
5973
5972
5971
5970
5969
5968
5967
5966
5965
5964
5963
5962
5961
5960
5959
5958
5956
5954
5953
5952
5951
5950
5949
5948
5946
5944
5943
5941
5940
5939
5938
5933
5932
5931
5930
5928
5927
5926
5924
5922
5921
5920
5919
5916
5915
5913
5912
5911
5910
5908
5907
5906
5905
5903
5902
5899
5898
5897
5894
5892
5891
5890
5889
5888
5887
5885
5883
5882
5881
5880
5879
5878
5875
5874
5873
5871
5870
5869
5866
5864
5863
5862
5859
5858
5856
5854
5852
5851
5850
5847
5846
5845
5844
5843
5840
5839
5838
5835
5834
5829
5827
5826
5824
5821
5819
5818
5817
5816
5815
5814
5813
5811
5809
5808
5806
5805
5804
5803
5801
5800
5799
5798
5797
5796
5795
5793
5792
5790
5789
5787
5785
5783
5780
5779
5778
5777
5776
5775
5774
5773
5772
5771
5770
5769
5768
5767
5766
5765
5764
5763
5762
5761
5760
5758
5757
5756
5755
5754
5753
5751
5749
5746
5744
5742
5741
5740
5739
5738
5737
5736
5734
5733
5732
5730
5727
5726
5725
5724
5720
5719
5715
5714
5713
5711
5710
5709
5708
5707
5706
5705
5704
5702
5699
5695
5693
5692
5691
5690
5689
5687
5685
5683
5682
5681
5679
5677
5675
5674
5672
5670
5669
5665
5664
5663
5662
5660
5659
5658
5655
5653
5652
5651
5650
5647
5646
5644
5643
5641
5640
5634
5632
5630
5629
5628
5627
5625
5623
5622
5621
5620
5619
5618
5617
5616
5615
5614
5613
5612
5611
5610
5609
5608
5607
5604
5603
5602
5601
5600
5599
5598
5597
5596
5595
5593
5590
5589
5588
5587
5586
5585
5584
5583
5582
5580
5578
5577
5576
5574
5573
5572
5570
5569
5568
5567
5565
5563
5562
5561
5560
5559
5558
5557
5556
5555
5553
5550
5549
5548
5546
5545
5544
5543
5542
5541
5539
5538
5537
5535
5534
5533
5531
5530
5529
5528
5527
5526
5525
5524
5522
5521
5520
5518
5517
5515
5514
5513
5512
5510
5509
5507
5506
5505
5504
5503
5502
5498
5496
5495
5494
5493
5492
5491
5490
5489
5488
5487
5486
5484
5483
5482
5481
5480
5479
5478
5477
5476
5475
5474
5473
5472
5471
5469
5468
5466
5465
5464
5462
5461
5457
5456
5455
5454
5453
5452
5451
5450
5449
5448
5447
5445
5444
5443
5442
5441
5439
5437
5436
5435
5432
5430
5428
5427
5426
5424
5422
5419
5418
5417
5416
5414
5413
5410
5408
5407
5406
5405
5404
5403
5402
5399
5398
5397
5395
5394
5393
5392
5390
5388
5387
5385
5384
5383
5382
5381
5380
5379
5378
5376
5374
5372
5371
5370
5369
5368
5367
5366
5365
5364
5363
5362
5361
5360
5359
5358
5357
5356
5355
5354
5353
5352
5351
5350
5349
5348
5346
5344
5342
5340
5338
5336
5335
5334
5333
5332
5330
5329
5328
5327
5326
5325
5324
5322
5321
5320
5315
5314
5312
5310
5309
5307
5306
5305
5304
5303
5302
5300
5299
5298
5297
5294
5292
5291
5289
5287
5285
5284
5283
5280
5279
5278
5277
5276
5275
5273
5272
5271
5270
5268
5264
5263
5262
5261
5260
5258
5257
5256
5255
5254
5253
5252
5251
5250
5249
5247
5246
5245
5244
5243
5241
5240
5239
5237
5234
5233
5229
5226
5225
5224
5221
5220
5218
5216
5215
5213
5211
5210
5208
5206
5205
5204
5202
5200
5199
5197
5196
5195
5193
5190
5188
5187
5186
5185
5184
5183
5180
5178
5177
5176
5175
5173
5172
5171
5170
5168
5165
5163
5162
5160
5159
5157
5156
5155
5153
5152
5150
5149
5148
5147
5145
5144
5142
5139
5138
5137
5136
5135
5134
5133
5132
5131
5129
5127
5125
5124
5123
5121
5120
5116
5115
5114
5113
5112
5111
5110
5109
5108
5107
5106
5105
5102
5101
5100
5099
5098
5097
5095
5094
5093
5092
5091
5090
5089
5088
5087
5084
5083
5082
5081
5079
5076
5075
5074
5072
5071
5069
5068
5067
5066
5065
5064
5062
5061
5060
5059
5057
5056
5054
5053
5052
5051
5050
5048
5047
5046
5044
5043
5042
5041
5040
5039
5038
5036
5035
5034
5032
5031
5030
5027
5025
5024
5023
5022
5021
5019
5017
5015
5014
5013
5012
5011
5009
5008
5006
5005
5002
5000
4997
4995
4993
4991
4990
4989
4986
4984
4983
4982
4981
4979
4978
4976
4975
4974
4973
4972
4971
4970
4969
4968
4967
4966
4965
4964
4961
4960
4959
4957
4956
4954
4952
4951
4949
4948
4946
4944
4942
4941
4940
4939
4937
4936
4935
4934
4933
4932
4929
4928
4927
4924
4922
4918
4916
4915
4914
4913
4912
4910
4909
4908
4906
4905
4904
4903
4902
4901
4900
4899
4898
4897
4896
4895
4894
4893
4892
4891
4890
4889
4888
4887
4886
4885
4884
4883
4882
4881
4880
4879
4878
4877
4876
4874
4873
4872
4870
4869
4867
4865
4864
4862
4861
4860
4859
4857
4856
4854
4853
4852
4851
4849
4848
4847
4846
4845
4844
4843
4842
4841
4840
4839
4837
4836
4833
4832
4829
4828
4827
4824
4820
4817
4816
4815
4814
4813
4812
4811
4810
4809
4808
4807
4805
4802
4800
4799
4798
4797
4795
4794
4793
4792
4791
4790
4788
4786
4783
4782
4781
4779
4778
4777
4776
4775
4773
4771
4770
4768
4767
4766
4765
4763
4762
4760
4758
4757
4756
4754
4753
4752
4751
4750
4748
4747
4746
4745
4744
4743
4742
4741
4740
4738
4733
4732
4731
4730
4729
4727
4726
4725
4723
4721
4719
4718
4717
4716
4715
4714
4713
4712
4711
4710
4709
4708
4707
4705
4704
4703
4701
4699
4698
4697
4696
4695
4694
4693
4692
4691
4688
4687
4686
4685
4684
4683
4682
4681
4680
4679
4678
4675
4674
4671
4669
4667
4665
4664
4663
4662
4661
4660
4659
4658
4657
4656
4655
4653
4652
4651
4650
4649
4648
4647
4646
4645
4644
4642
4641
4640
4638
4637
4636
4635
4634
4633
4632
4630
4628
4624
4623
4622
4621
4620
4619
4617
4616
4615
4614
4612
4611
4609
4605
4603
4601
4600
4599
4597
4596
4595
4594
4593
4592
4589
4588
4587
4586
4585
4582
4581
4579
4578
4577
4576
4574
4573
4572
4571
4569
4568
4567
4564
4563
4561
4560
4559
4557
4556
4554
4553
4552
4551
4550
4548
4546
4545
4544
4542
4540
4539
4538
4537
4536
4535
4534
4531
4530
4528
4527
4526
4525
4523
4520
4518
4517
4516
4515
4513
4512
4511
4510
4509
4508
4507
4506
4505
4504
4503
4502
4501
4500
4499
4498
4496
4495
4494
4493
4492
4491
4489
4488
4487
4486
4484
4483
4481
4480
4478
4477
4475
4474
4473
4472
4470
4469
4468
4467
4466
4464
4463
4462
4461
4460
4459
4458
4457
4455
4454
4453
4452
4451
4450
4448
4446
4444
4442
4441
4439
4438
4436
4434
4433
4431
4430
4429
4427
4426
4425
4423
4422
4421
4420
4419
4417
4416
4415
4414
4413
4411
4409
4408
4407
4406
4404
4403
4402
4400
4399
4398
4397
4395
4394
4393
4392
4389
4387
4386
4385
4384
4382
4381
4379
4378
4377
4375
4374
4373
4372
4370
4369
4367
4366
4365
4364
4363
4362
4360
4359
4358
4355
4353
4352
4351
4350
4347
4346
4345
4344
4343
4342
4339
4337
4335
4334
4333
4332
4330
4329
4328
4327
4326
4325
4322
4321
4320
4319
4318
4317
4313
4312
4311
4310
4309
4308
4307
4306
4301
4300
4299
4298
4297
4296
4295
4294
4292
4291
4290
4289
4288
4286
4285
4283
4281
4279
4278
4275
4274
4272
4270
4268
4267
4266
4265
4264
4263
4262
4261
4260
4259
4258
4257
4256
4255
4254
4253
4252
4250
4249
4248
4247
4245
4244
4243
4240
4239
4238
4237
4236
4235
4234
4232
4231
4230
4227
4226
4225
4223
4222
4221
4220
4218
4216
4215
4214
4213
4212
4211
4209
4208
4207
4206
4205
4204
4203
4202
4200
4199
4198
4196
4194
4193
4191
4188
4186
4183
4182
4181
4180
4179
4178
4176
4173
4172
4171
4170
4169
4167
4166
4165
4163
4162
4161
4159
4157
4156
4155
4151
4150
4149
4148
4147
4146
4145
4144
4143
4141
4140
4139
4138
4135
4134
4132
4131
4130
4128
4127
4126
4124
4122
4121
4120
4118
4117
4116
4115
4112
4110
4109
4108
4107
4105
4104
4103
4102
4100
4098
4097
4096
4093
4092
4091
4089
4088
4087
4086
4085
4084
4083
4081
4080
4079
4078
4076
4075
4073
4072
4070
4069
4067
4066
4064
4063
4062
4059
4058
4056
4055
4053
4052
4051
4049
4047
4045
4044
4043
4042
4038
4036
4035
4033
4032
4030
4029
4027
4026
4024
4023
4022
4021
4019
4018
4017
4016
4015
4011
4010
4009
4007
4006
4003
4002
4001
4000
3999
3998
3996
3995
3994
3993
3991
3990
3988
3987
3986
3984
3983
3982
3980
3979
3978
3977
3975
3974
3973
3970
3969
3968
3967
3966
3964
3963
3962
3961
3960
3959
3958
3957
3955
3954
3952
3950
3949
3948
3947
3945
3943
3941
3940
3939
3934
3931
3914
3905
3901
3897
3896
3883
3880
3878
3872
3867
3864
3854
3850
3841
3840
3835
3809
3802
3786
3752
3749
3741
3716
3702
3695
3691
3683
3671
3664
3656
3651
3647
3605
3596
3589
3582
3560
3547
3536
3520
3512
3508
3494
3470
3466
3451
3433
3421
3420
3389
3383
3372
3369
3353
3345
3337
3333
3318
3316
3310
3302
3297
3286
3273
3249
3238
3230
3225
3218
3214
3206
3204
3202
3201
3200
3199
3198
3197
3196
3195
3194
3192
3191
3190
3189
3188
3187
3186
3185
3184
3183
3182
3180
3179
3178
3177
3176
3174
3173
3172
3171
3170
3169
3168
3167
3166
3165
3164
3161
3160
3159
3158
3157
3155
3154
3153
3152
3151
3150
3148
3147
3146
3145
3143
3142
3141
3140
3139
3138
3137
3136
3135
3134
3130
3129
3128
3127
3126
3125
3124
3123
3122
3120
3118
3117
3116
3114
3113
3111
3110
3109
3108
3106
3105
3104
3102
3101
3100
3097
3096
3095
3094
3093
3092
3091
3088
3087
3086
3085
3084
3083
3081
3078
3076
3075
3074
3073
3072
3070
3069
3068
3066
3065
3064
3061
3060
3059
3057
3055
3054
3053
3051
3050
3049
3048
3045
3044
3043
3042
3041
3040
3039
3038
3037
3036
3035
3034
3032
3031
3030
3029
3028
3027
3026
3025
3024
3023
3022
3019
3018
3017
3016
3015
3014
3013
3012
3010
3009
3008
3007
3006
3005
3004
3003
3002
3001
3000
2998
2995
2993
2992
2990
2989
2987
2986
2984
2983
2982
2980
2979
2978
2977
2976
2975
2973
2971
2970
2968
2966
2965
2964
2963
2962
2961
2960
2959
2958
2957
2956
2955
2954
2953
2952
2951
2950
2948
2946
2945
2944
2942
2941
2940
2939
2937
2936
2935
2934
2933
2932
2931
2930
2929
2928
2925
2924
2922
2921
2920
2919
2918
2917
2916
2915
2914
2911
2909
2908
2903
2902
2899
2897
2896
2895
2894
2892
2891
2890
2889
2887
2886
2884
2883
2882
2881
2880
2878
2877
2876
2875
2873
2872
2871
2870
2869
2868
2867
2866
2865
2862
2861
2860
2859
2858
2857
2856
2855
2853
2852
2851
2850
2849
2847
2846
2843
2842
2841
2839
2838
2836
2835
2834
2833
2832
2831
2830
2829
2827
2826
2824
2823
2822
2820
2819
2818
2815
2814
2813
2811
2810
2808
2807
2805
2804
2803
2801
2800
2798
2796
2795
2794
2793
2792
2790
2788
2787
2786
2784
2782
2781
2780
2778
2776
2774
2772
2771
2769
2768
2767
2766
2764
2763
2761
2760
2759
2758
2757
2756
2755
2753
2752
2751
2749
2747
2746
2741
2740
2739
2737
2736
2734
2733
2732
2728
2726
2725
2724
2723
2722
2721
2720
2718
2717
2716
2715
2714
2712
2711
2707
2706
2704
2702
2701
2699
2698
2697
2696
2694
2693
2692
2691
2689
2688
2686
2685
2684
2683
2682
2681
2680
2678
2677
2676
2675
2674
2672
2670
2668
2667
2666
2663
2662
2661
2660
2659
2658
2656
2654
2653
2652
2651
2650
2649
2648
2647
2646
2645
2644
2643
2639
2637
2636
2635
2633
2632
2631
2630
2629
2628
2627
2626
2625
2624
2623
2621
2620
2618
2617
2616
2615
2610
2609
2608
2605
2604
2603
2602
2601
2600
2599
2598
2597
2596
2595
2594
2593
2592
2591
2590
2589
2588
2587
2586
2585
2584
2583
2582
2581
2580
2579
2578
2577
2576
2575
2574
2573
2572
2567
2566
2565
2564
2563
2561
2560
2559
2558
2557
2556
2555
2554
2553
2551
2550
2549
2548
2547
2546
2545
2544
2543
2542
2541
2540
2539
2538
2536
2535
2534
2532
2531
2530
2528
2527
2526
2525
2524
2523
2521
2519
2517
2516
2515
2514
2513
2512
2510
2509
2508
2507
2506
2505
2504
2503
2502
2501
2500
2499
2498
2497
2496
2495
2494
2493
2492
2490
2488
2487
2486
2485
2484
2483
2481
2479
2476
2474
2473
2472
2470
2468
2467
2466
2464
2462
2461
2460
2459
2456
2455
2454
2453
2452
2451
2449
2448
2447
2445
2443
2441
2440
2439
2438
2435
2431
2430
2429
2427
2425
2423
2421
2420
2419
2417
2416
2415
2414
2413
2412
2410
2408
2404
2403
2401
2399
2397
2396
2395
2394
2393
2391
2390
2389
2388
2387
2386
2385
2384
2383
2381
2380
2379
2377
2376
2375
2374
2373
2372
2371
2370
2368
2367
2366
2365
2364
2362
2361
2360
2358
2356
2355
2354
2353
2352
2350
2349
2348
2347
2345
2344
2343
2341
2340
2339
2337
2336
2335
2334
2333
2332
2331
2330
2328
2327
2326
2325
2324
2323
2322
2320
2319
2318
2317
2316
2315
2314
2312
2311
2310
2309
2307
2305
2304
2302
2301
2299
2298
2296
2295
2294
2291
2290
2289
2288
2285
2282
2280
2278
2277
2276
2274
2273
2272
2270
2269
2268
2267
2265
2264
2262
2261
2260
2258
2257
2256
2255
2254
2253
2252
2251
2248
2247
2246
2244
2243
2242
2241
2240
2239
2238
2236
2235
2234
2232
2231
2230
2229
2228
2227
2226
2225
2224
2221
2220
2218
2217
2215
2214
2213
2212
2210
2208
2207
2206
2205
2204
2203
2202
2201
2200
2199
2198
2195
2194
2193
2192
2191
2190
2189
2188
2186
2185
2184
2182
2181
2180
2179
2178
2177
2176
2175
2174
2173
2172
2171
2170
2169
2168
2167
2166
2165
2164
2163
2160
2159
2158
2157
2156
2153
2152
2151
2150
2149
2147
2144
2143
2142
2141
2140
2139
2138
2136
2135
2134
2133
2131
2130
2129
2128
2127
2126
2125
2124
2123
2122
2121
2120
2119
2117
2116
2115
2114
2113
2112
2111
2110
2109
2108
2107
2106
2105
2104
2103
2102
2098
2097
2095
2093
2092
2089
2087
2086
2085
2084
2082
2081
2080
2079
2078
2077
2076
2074
2072
2071
2070
2069
2067
2066
2065
2062
2061
2060
2058
2057
2056
2055
2054
2053
2051
2050
2049
2047
2046
2045
2044
2042
2041
8461
2040
2039
8459
2038
8457
2036
2034
8454
2033
8453
2032
2031
8451
2030
2029
2028
2027
2026
8446
2025
8445
2024
2023
2022
2021
8441
2020
8440
2019
2018
8438
2017
2016
8436
2015
8435
2014
2012
8432
2011
8431
2010
8430
2009
8429
2008
8428
2007
2006
2005
8425
2004
8423
2002
8422
2001
2000
8420
1999
8419
1998
1997
8417
1996
1995
1992
8412
1991
14843
1990
8410
14842
1989
14841
1988
1986
8406
1985
1984
8404
1983
1981
14832
1979
1978
8398
1977
1976
1975
8395
1974
14826
1973
8392
14824
1971
8391
14823
1970
8390
14822
1969
8389
14821
1968
14820
1967
14819
1966
8386
1965
8385
1964
8384
1963
1962
1961
1960
1959
8378
14810
1957
1956
1955
8375
1954
8374
1953
8373
14805
1952
8372
1951
8371
1950
8370
14802
1949
8368
1947
1946
8366
1945
8365
1944
8364
14796
1943
8362
14794
1941
8361
14793
1940
8360
14792
1939
8359
14791
1938
8357
1936
1934
8354
1933
8353
1932
8351
14783
1930
8349
14781
1928
8348
14780
1927
14779
1926
1925
8344
1923
14775
1922
8342
14774
1921
8341
14773
1920
8340
1919
14771
1918
1917
1916
14768
1915
14767
1914
8334
14766
1913
8333
1912
8332
14764
1911
1910
1909
8329
1908
1907
1906
1905
8325
1904
8324
14756
1903
8323
1902
8322
1901
8321
1900
8320
14752
1899
14751
1898
8317
14749
1896
8316
14748
1895
8315
14747
1894
14746
1893
8313
1892
14744
1891
8311
14743
1890
1889
8309
1888
8308
14740
1887
8307
1886
8306
1885
8305
14737
1884
8304
14736
1883
8302
1881
8281
1860
8278
1857
8266
14698
1845
8246
14678
1825
8235
14667
1814
8204
14636
1783
1777
8187
1766
1763
8168
1747
8166
1745
8160
1739
8152
1731
8151
1730
8148
1727
8133
1712
8125
14557
1704
14549
1696
8112
14544
1691
8101
14533
1680
8088
14520
1667
14519
1666
8064
1643
1642
8053
14485
1632
8045
1624
8040
1619
8033
1612
14461
1608
14459
1606
8021
1600
8019
14451
1598
1596
8016
1595
8015
14447
1594
1593
8013
14445
1592
8011
1590
8010
1589
8009
14441
1588
8007
14439
1586
8006
14438
1585
14437
1584
14436
1583
14435
1582
8002
14434
1581
1580
8000
1579
7999
1578
7997
14429
1576
7996
1575
7995
1574
7994
1573
7993
14425
1572
7992
1571
7990
1569
14420
1567
7987
1566
7986
1565
1564
7984
1563
7983
1562
7982
1561
1560
7980
1559
7979
1558
1557
7977
1556
7976
1555
1553
1552
1551
7971
1550
7970
1549
7969
1548
7968
1547
7966
14398
1545
14396
1543
7962
14394
1541
7960
14392
1539
7957
14389
1536
1535
7955
1534
7953
1532
7952
1531
7951
14383
1530
1529
7948
1527
7947
1526
1524
1522
7942
1521
7941
14373
1520
7938
14370
1517
7937
1516
7936
1515
7935
14367
1514
7934
1513
1512
7932
14364
1511
14363
1510
1509
7929
14361
1508
7927
1506
7926
1505
7925
1504
7924
14356
1503
1502
7922
1501
7920
1499
7919
1498
14350
1497
7917
1496
1495
7915
1494
7914
14346
1493
1492
7912
14344
1491
7911
1490
7910
14342
1489
7909
14341
1488
7908
1487
7907
1486
1485
14337
1484
14336
1483
7903
1482
7902
1481
7901
1480
7900
1479
7899
14331
1478
7898
14330
1477
1474
7894
1473
7893
1472
7891
14323
1470
14321
1468
7888
1467
7887
1466
1465
1464
1463
7881
1460
1457
7877
1456
14307
1454
1453
7873
1452
7872
14304
1451
7871
1450
7869
1448
1447
14299
1446
7866
1445
14297
1444
7864
1443
7863
1442
7860
1439
7859
1438
7858
1437
14289
1436
1435
7855
1434
7854
14286
1433
7853
14285
1432
1431
7851
14283
1430
14282
1429
7849
14281
1428
1426
1425
1424
14276
1423
14275
1422
7841
1420
1419
7839
1418
14270
1417
7837
1416
7835
14267
1414
7834
14266
1413
1412
7831
14263
1410
7830
1409
7829
1408
7828
14260
1407
7827
14259
1406
7826
14258
1405
14256
1403
14255
1402
7821
14253
1400
7820
14252
1399
7819
1398
7818
1397
1394
1393
7813
14245
1392
7812
1391
7811
1390
7810
1389
7809
14241
1388
7808
1387
7806
14238
1385
7805
14237
1384
7804
14236
1383
7803
14235
1382
7802
14234
1381
7800
14232
1379
14231
1378
7798
14230
1377
7797
1376
1375
1374
14225
1372
1370
7790
1369
7788
1367
1366
7786
1365
1363
7783
14215
1362
7782
14214
1361
7781
1360
14212
1359
7779
1358
7778
1357
1356
1355
1353
7773
14205
1352
7772
1351
7770
14202
1349
7769
14201
1348
7768
14200
1347
7767
14199
1346
7766
1345
7765
14197
1344
7764
14196
1343
14195
1342
14194
1341
7761
14193
1340
7760
14192
1339
14191
1338
7758
14190
1337
14189
1336
7756
14188
1335
14187
1334
7753
14185
1332
7752
14184
1331
14183
1330
7750
14182
1329
1328
7748
1327
7747
1326
7745
1324
7744
1323
7743
14175
1322
14174
1321
14173
1320
7740
14172
1319
7739
1318
1317
7737
14169
1316
1315
1314
7734
1313
7732
14164
1311
7731
14163
1310
7730
1309
7729
1308
7728
1307
7727
1306
7726
1305
7725
14157
1304
7724
14156
1303
7723
14155
1302
7722
14154
1301
7721
14153
1300
7720
14152
1299
7719
14151
1298
7717
1296
7716
1295
7715
1294
7714
14146
1293
7712
1291
7710
1289
7709
1288
7708
1287
7707
14139
1286
7706
14138
1285
14137
1284
7703
1282
14134
1281
1280
7699
1278
7697
1276
7696
1275
7695
1274
1273
14125
1272
7692
1271
1270
1268
7688
14120
1267
7686
14118
1265
1264
1263
1261
7681
1260
14112
1259
7679
1258
7678
14110
1257
14109
1256
7676
14108
1255
7675
1254
7674
14106
1253
7673
1252
14103
1250
14102
1249
7669
14101
1248
7668
14100
1247
7667
1246
7666
1245
7665
14097
1244
7664
1243
14095
1242
7662
14094
1241
7661
1240
1238
7658
14090
1237
7657
14089
1236
14088
1235
7654
1233
1232
7652
1231
7650
14082
1229
7649
14081
1228
1226
1224
1223
7641
14073
1220
7640
1219
7639
1218
7638
1217
14069
1216
1214
1213
7633
14065
1212
7632
14064
1211
7631
1210
14062
1209
14061
1208
14060
1207
7627
1206
7625
14057
1204
7624
1203
7623
1202
7622
14054
1201
14053
1200
7620
14052
1199
7619
14051
1198
7618
1197
7617
1196
7616
1195
7615
1194
1193
7613
14045
1192
14044
1191
7611
1190
7610
14042
1189
7609
14041
1188
7608
14040
1187
1186
1185
14037
1184
7604
1183
7603
1182
7602
14034
1181
14033
1180
1179
14031
1178
7598
1177
1176
7596
14028
1175
1174
7594
14026
1173
1172
1171
1170
7588
1167
1166
1165
7585
1164
7584
14016
1163
7582
14014
1161
14013
1160
7579
14011
1158
1156
14008
1155
7575
1154
7574
14006
1153
7572
14004
1151
14003
1150
14002
1149
7569
14001
1148
7568
1147
13999
1146
7566
13998
1145
7564
1143
7563
1142
7562
1141
7561
13993
1140
1139
7559
1138
7557
13989
1136
7556
1135
7555
1134
7554
13986
1133
1132
7551
1130
7550
1129
7549
1128
13980
1127
7547
1126
1124
1123
7542
1121
1120
7540
1119
7539
13971
1118
7538
13970
1117
1116
7536
1115
13967
1114
7534
1113
13964
1111
13963
1110
13962
1109
7529
1108
7528
13960
1107
13959
1106
13957
1104
7524
1103
1102
7521
13953
1100
7520
13952
1099
7518
1097
1096
7515
13947
1094
7514
1093
7513
13945
1092
7512
13944
1091
7511
1090
7509
13941
1088
7507
13939
1086
7506
1085
7505
1084
7504
13936
1083
7503
1082
7502
1081
7501
1080
1079
7499
1078
7497
1076
7496
1075
1074
7494
1073
7493
1072
13924
1071
7491
1070
7490
1069
13921
1068
7488
13920
1067
7486
1065
7484
1063
7483
1062
7482
1061
7481
1060
13912
1059
7479
13911
1058
13909
1056
7476
13908
1055
1054
7474
1053
7473
1052
7472
1051
1050
7470
1049
7468
1047
7467
13899
1046
7466
1045
13897
1044
1043
7463
1042
7462
13894
1041
13893
1040
7460
13892
1039
13889
1036
7456
1035
1034
7454
13886
1033
13884
1031
7451
13883
1030
1028
7448
13880
1027
7447
13879
1026
1024
1023
7443
1022
7441
1020
7439
13871
1018
1017
7436
1015
7435
13867
1014
7434
1013
7433
1012
7432
13864
1011
7431
1010
7430
1009
7429
13861
1008
1007
7427
1006
7426
1005
7425
1004
7424
1003
7423
13855
1002
7421
13853
1000
7420
999
7419
998
7418
13850
997
7417
996
7415
13847
994
993
13845
992
7412
991
990
7410
13842
989
7409
13841
988
13840
987
7407
13839
986
985
7405
984
7403
13835
982
13834
981
7400
13832
979
13831
978
7398
13830
977
7397
13829
976
13828
975
13827
974
7393
13825
972
7392
13824
971
7391
13823
970
7390
969
7389
968
13820
967
7387
13819
966
964
7384
963
7383
13815
962
7382
13814
961
7381
13813
960
7380
959
7379
13811
958
7378
957
7377
13809
956
7376
955
954
953
7372
13804
951
7371
950
7370
949
13800
947
7367
13799
946
13798
945
944
943
7363
13795
942
7362
941
7361
940
939
7359
13791
938
937
7357
13789
936
934
933
7353
932
931
7351
13783
930
7350
929
7349
928
13780
927
926
13778
925
7344
923
7343
13775
922
7333
13765
912
910
7325
904
7317
896
7312
891
13739
886
13733
880
13720
867
7287
13719
866
7263
842
832
7245
824
821
7240
819
13665
812
13659
806
7221
800
7219
13651
798
7217
13649
796
7216
795
7214
793
13645
792
7212
791
7211
13643
790
7210
13642
789
7209
13641
788
7208
787
7207
786
7206
785
784
13636
783
7203
782
7202
13634
781
7200
779
777
7197
13629
776
7196
13628
775
7195
13627
774
7194
13626
773
13625
772
7192
13624
771
7190
13622
769
768
7188
767
7187
766
7186
765
764
7184
763
7182
761
7180
759
7179
758
7178
757
13609
756
7176
13608
755
7175
13607
754
7173
13605
752
7172
13604
751
7171
13603
750
7170
13602
749
7169
13601
748
7168
13600
747
7167
13599
746
13598
745
7165
13597
744
7164
13596
743
13595
742
7162
741
7161
740
7159
13591
738
7158
13590
737
7157
736
3938
7156
13588
735
3937
13587
734
7154
733
3935
7153
732
7151
730
3932
729
7148
727
13579
726
3928
7146
725
3927
13577
724
3926
13576
723
3924
7142
13574
721
3923
7141
720
3922
719
7139
718
3920
717
3919
7137
13569
716
7136
715
714
3916
7134
13566
713
3915
7133
13565
712
3913
7131
13563
710
3912
7130
709
13561
708
3910
7128
13560
707
3909
13559
706
3908
7126
13558
705
3907
7125
13557
704
3906
7124
13556
703
3904
7122
701
3903
700
7120
13552
699
7118
697
3899
7117
13549
696
3898
7116
695
7113
692
3894
691
3893
7111
690
3892
7110
13542
689
688
7108
687
7107
13539
686
3888
13538
685
3886
7104
13536
683
3885
13535
682
3884
681
3882
13532
679
3881
13531
678
13529
676
3877
7095
13527
674
7094
13526
673
3875
7093
13525
672
13524
671
7091
670
3871
7089
13521
668
3870
7088
13520
667
3869
666
3868
7086
665
3866
7084
663
3865
7083
13515
662
3863
7081
13513
660
7080
13512
659
3861
7079
13511
658
3860
7078
13510
657
3859
13509
656
3858
7076
13508
655
7074
653
3855
7073
13505
652
3853
7071
650
3852
649
3851
7069
648
3849
7067
13499
646
3848
645
3847
7065
644
7064
643
3845
642
3844
7062
641
7061
640
3842
639
3839
7057
13489
636
635
3837
7055
634
3836
633
7052
631
3833
7051
13483
630
3832
629
3831
628
3830
7048
13480
627
3829
7047
626
3828
7046
13478
625
3827
7045
624
3826
7044
623
3825
7043
622
3824
13474
621
3823
7041
13473
620
7040
13472
619
13471
618
7038
13470
617
3819
13469
616
13468
615
3817
7035
13467
614
3816
7034
13466
613
3815
7033
13465
612
3814
7032
13464
611
3813
7031
13463
610
3812
7030
13462
609
3811
7029
13461
608
7028
13460
607
3808
13458
605
3807
7025
604
603
3805
7023
13455
602
3804
7022
13454
601
7021
13453
600
3801
13451
598
3800
7018
597
3799
596
3798
7016
595
7015
594
3796
13446
593
3795
13445
592
3793
13443
590
589
3791
13441
588
3790
587
7007
13439
586
3788
7006
585
3787
584
3785
582
3784
7002
581
580
3782
579
578
3780
6998
13430
577
3779
6997
576
3778
6996
13428
575
3777
13427
574
3776
6994
573
3775
6993
572
3774
6992
13424
571
3773
6991
13423
570
3772
6990
569
568
567
3769
13419
566
3768
6986
565
3767
564
3766
6984
563
3765
6983
562
3764
6982
561
3763
6981
560
6980
559
6979
13411
558
3760
6978
557
3759
6977
556
13408
555
3757
554
3756
6974
553
6973
552
3753
13403
550
3751
13401
548
3750
547
3748
545
3747
6965
544
3746
6964
543
542
3744
541
3743
6961
13393
540
3742
539
3740
537
6957
13389
536
3738
6956
535
3737
6955
13387
534
3735
6953
13385
532
531
3733
6951
530
6949
528
3730
6948
527
3729
6947
526
3728
6946
13378
525
3726
6944
523
3725
6943
13375
522
3724
13374
521
3723
6941
520
6940
13372
519
3721
13371
518
3720
6938
13370
517
6937
13369
516
515
3717
6935
514
3715
13365
512
6931
13363
510
3712
6930
13362
509
6929
13361
508
13360
507
3709
506
3708
505
504
3706
503
6923
502
3704
6922
501
3703
6921
13353
500
3701
13351
498
3700
497
3699
6917
13349
496
3698
6916
13348
495
3697
6915
494
3696
6914
13346
493
3694
13344
491
3693
6911
490
3692
489
3690
487
3689
486
6906
13338
485
3687
6905
13337
484
3686
6904
483
3685
6903
13335
482
3684
6902
13334
481
3682
6900
479
3681
6899
13331
478
3680
6898
13330
477
3679
476
3678
6896
475
3677
6895
474
6894
13326
473
3675
6893
13325
472
6892
471
3673
6891
13323
470
3672
6890
13322
469
3670
6888
467
3669
466
3667
6885
13317
464
3666
6884
13316
463
3665
6883
13315
462
3663
6881
460
3662
6880
13312
459
3661
6879
458
6878
13310
457
3659
6877
13309
456
3658
455
3657
13307
454
6864
443
3645
6863
442
432
424
3624
6842
421
419
3615
412
3611
6829
13261
408
3609
13259
406
3603
6821
400
3601
6819
13251
398
6817
396
3598
6816
395
3597
13247
394
3595
392
6812
13244
391
3593
6811
390
3592
6810
389
3591
13241
388
3590
6808
13240
387
3588
6806
385
3586
6804
13236
383
3585
382
3584
381
3583
6801
380
3581
13231
378
377
3578
13228
375
3577
6795
13227
374
3576
6794
373
3575
6793
13225
372
3574
6792
13224
371
3573
13223
370
3572
6790
369
3571
6789
368
367
3569
6787
366
3568
6786
365
13217
364
3566
363
3565
362
3564
6782
361
3563
6781
360
3562
6780
13212
359
3561
6779
358
3559
6777
13209
356
3558
6776
355
6775
354
6774
353
6773
352
3554
351
6771
350
6770
349
3551
6769
348
347
3549
6767
346
3548
6766
345
3546
6764
343
3545
6763
13195
342
3544
13194
341
3543
340
3542
6760
13192
339
3541
6759
13191
338
6758
13190
337
3539
6757
336
3538
6756
13188
335
6755
13187
334
3535
6753
13185
332
3534
6752
331
3533
6751
330
3532
6750
329
3531
6749
328
3530
6748
327
6747
326
6746
325
3527
6745
13177
324
3526
6744
13176
323
3525
322
3523
6741
320
3522
319
6739
318
6737
316
3518
6736
315
3517
6735
314
3516
6734
313
3515
6733
13165
312
6732
311
3513
310
3511
308
3510
307
3509
6727
306
3507
304
3506
6724
13156
303
3505
6723
13155
302
3504
301
3503
6721
13153
300
3502
6720
13152
299
6719
298
3500
6718
13150
297
3499
6717
296
3498
295
3497
6715
294
3496
6714
293
3495
6713
292
3493
6711
290
3492
289
3491
288
3490
6708
287
3489
6707
13139
286
3487
6705
13137
284
8301
1880
3486
6704
283
3485
6703
282
8299
1878
6702
13134
281
8298
1877
3483
280
8297
1876
3482
279
3481
13131
278
3480
6698
13130
277
8294
1873
3479
13129
276
8293
14725
1872
3478
6696
275
8292
14724
1871
6695
13127
274
8291
1870
3476
273
8290
1869
3475
6693
13125
272
8289
14721
1868
13124
271
8288
14720
1867
6691
270
8287
14719
1866
3472
269
8286
1865
3471
6689
268
8284
14716
1863
266
1862
3468
6686
265
1861
6685
264
1859
3465
6683
13115
262
8279
1858
3464
13114
261
8277
1856
3462
6680
259
8276
1855
3461
6679
258
6678
13110
257
14706
1853
3459
6677
256
8273
14705
1852
3458
255
8272
1851
3457
6675
254
8271
1850
6674
253
8270
14702
1849
3455
6673
252
3454
13104
251
8268
1847
3453
13103
250
8267
14699
1846
3452
6670
249
8265
1844
3450
6668
247
14696
1843
3449
6667
13099
246
8263
14695
1842
3448
6666
245
8262
14694
1841
3447
13097
244
8261
1840
3446
13096
243
8260
14692
1839
3445
6663
242
8259
1838
3444
13094
241
8258
1837
3443
6661
240
8257
14689
1836
3442
6660
13092
239
14688
1835
3441
6659
238
14687
1834
3440
6658
237
8254
1833
3439
6657
236
8253
14685
1832
6656
235
14684
1831
3437
6655
13087
234
8251
1830
3436
6654
13086
233
3435
6653
232
1828
3434
13084
231
6645
13077
224
8239
14671
1818
3424
221
8237
1816
3422
13072
219
8230
14662
1809
6633
212
8226
14658
1805
3411
6629
13061
208
14656
1803
3409
6627
206
14650
1797
3403
6621
13053
200
3401
6619
13051
198
8214
1793
3399
6617
13049
196
1792
3398
6616
13048
195
3397
13047
194
8211
1790
3396
6614
13046
193
8210
1789
3395
6613
13045
192
8209
14641
1788
3394
6612
13044
191
1787
6611
13043
190
8207
1786
3392
13042
189
14638
1785
13041
188
8205
14637
1784
3390
13040
187
3388
6606
13038
185
8202
14634
1781
3387
6605
13037
184
8201
14633
1780
3386
13036
183
8200
14632
1779
3385
13035
182
8199
1778
3384
13034
181
8197
1776
3382
13032
179
1775
6599
13031
178
8195
14627
1774
3380
6598
177
14626
1773
3379
6597
13029
176
3378
13028
175
14624
1771
3377
6595
13027
174
8191
1770
6594
13026
173
8190
1769
3375
6593
13025
172
1768
6592
13024
171
6591
170
168
8185
1764
3370
6588
167
14615
1762
3368
6586
13018
165
8182
1761
3367
6585
13017
164
8181
1760
3366
6584
163
8180
1759
3365
6583
162
3364
161
1757
160
1756
3362
6580
13012
159
8176
1755
3361
6579
158
8175
1754
3360
13010
157
8174
14606
1753
3359
6577
156
3358
13008
155
8172
14604
1751
3357
13007
154
1750
3356
6574
13006
153
3355
152
8169
14601
1748
3354
151
8167
14599
1746
3352
149
8165
1744
3350
6568
147
14596
1743
3349
6567
12999
146
8163
1742
145
8162
14594
1741
3347
6565
144
8161
14593
1740
3346
12996
143
3344
6562
12994
141
8158
14590
1737
6561
140
8157
1736
3342
139
3341
6559
138
3340
6558
137
3339
12989
136
8153
1732
3338
135
8150
14582
1729
3335
132
8149
14581
1728
3334
131
8147
14579
1726
3332
6550
12982
129
8146
1725
3331
6549
128
8145
14577
1724
3330
6548
12980
127
14576
1723
3329
6547
12979
126
8143
1722
12978
125
7342
13774
921
1721
3327
6545
124
13773
920
8141
1720
3326
6544
123
7340
13772
919
1719
3325
6543
12975
122
13771
918
3324
6542
121
13770
917
1717
3323
120
7337
13769
916
8137
1716
3322
6540
119
7336
13768
915
1715
3321
118
13767
914
8135
1714
3320
6538
117
7330
909
8130
14562
1709
3315
6533
112
13758
905
6529
12961
108
903
14556
1703
3309
6527
106
7318
897
8118
14550
1697
3303
6521
100
7316
895
8116
14548
1695
3301
6519
12951
98
7314
13746
893
8114
14546
1693
3299
6517
12949
96
7313
13745
892
8113
14545
1692
3298
6516
95
7311
890
8111
14543
1690
3296
6514
93
7310
889
8110
14542
1689
3295
6513
92
8109
14541
1688
91
7308
13740
887
8108
14540
1687
6511
90
13738
885
8106
1685
6509
88
884
8105
1684
3290
87
7304
883
8104
1683
3289
6507
12939
86
7303
882
8103
1682
3288
6506
85
7302
881
8102
1681
3287
6505
84
8100
14532
1679
3285
6503
12935
82
8099
14531
1678
6502
12934
81
7298
877
8098
14530
1677
80
7297
13729
876
8097
14529
1676
3282
6500
79
7296
875
8096
14528
1675
3281
6499
78
874
8095
14527
1674
6498
77
7294
873
8094
14526
1673
3279
6497
76
7293
872
8093
14525
1672
3278
6496
75
7292
871
8092
14524
1671
74
3276
6494
12926
73
7290
13722
869
8090
14522
1669
3275
6493
72
13721
868
8089
14521
1668
3274
6492
71
865
3271
6489
68
7285
864
8085
14517
1664
3270
67
863
14516
1663
3269
6487
66
14515
1662
3268
6486
65
861
14514
1661
3267
6485
64
7281
860
14513
1660
3266
6484
12916
63
13712
859
8080
14512
1659
3265
6483
12915
62
8079
14511
1658
3264
6482
61
7278
13710
857
8078
14510
1657
60
7277
856
14509
1656
3262
59
7276
855
8076
14508
1655
3261
6479
12911
58
7274
13706
853
8074
14506
1653
3259
12909
56
447
13700
847
8068
14500
1647
3253
6471
12903
50
445
14498
1645
3251
12901
48
6862
441
7262
13694
841
8062
14494
1641
3247
6465
12897
44
440
7261
13693
840
6464
43
3642
6860
13292
439
839
8060
14492
1639
3245
6463
12895
42
3641
6859
438
7259
838
12894
41
3640
437
13690
837
14490
1637
3243
6461
12893
40
3639
13289
436
3242
6460
12892
39
3638
13288
435
7256
835
8056
14488
1635
6459
38
3637
434
13687
834
3240
6458
12890
37
433
8054
1633
3239
6457
36
3634
6852
431
7252
831
8052
1631
3237
6455
34
3633
13283
430
830
8051
1630
3236
6454
33
1826
3432
6650
13082
229
3632
6850
13282
429
829
8050
1629
3235
6453
12885
32
3631
6849
428
8049
14481
1628
3234
6452
31
3426
6644
223
3626
6844
423
7244
823
1623
3229
6447
12879
26
3621
6839
13271
418
7239
818
1618
3224
6442
12874
21
3620
6838
13270
417
7238
13670
817
8038
1617
3223
12873
20
7334
13766
913
8134
1713
3319
116
3419
216
3619
6837
416
816
3222
6440
12872
19
14665
1812
3418
6636
215
6836
13268
415
8036
14468
1615
3221
6439
18
13764
911
8132
1711
3317
6535
12967
114
6635
13067
214
3617
6835
414
814
8035
14467
1614
3220
6438
12870
17
8231
14663
1810
3416
6634
13066
213
6834
13266
413
7234
813
8034
1613
3219
6437
16
7329
13761
908
8129
14561
1708
3314
6532
111
8229
14661
1808
3414
6632
211
3614
6832
13264
411
7232
811
8032
1611
3217
6435
14
7327
13759
906
8127
1706
3312
6530
109
14659
1806
3412
6630
13062
209
3612
6830
409
7230
13662
809
3215
6433
12
7275
13707
854
8075
14507
1654
3260
6478
12910
57
14657
1804
3410
13060
207
3610
6828
13260
407
7228
807
1607
6431
10
3655
6873
452
7273
13705
852
14505
1652
3258
6476
12908
55
7323
13755
902
6526
12958
105
14655
1802
3408
13058
205
3608
13258
405
805
3211
12861
8
8245
1824
3430
227
6848
13280
427
7248
827
8048
1627
3233
6451
12883
30
6872
451
7272
851
14504
1651
3257
6475
12907
54
7322
901
8122
14554
1701
3307
6525
104
8222
14654
1801
3407
13057
204
3607
6825
13257
404
1604
3210
6428
7
8244
1823
3429
6647
13079
226
3629
6847
13279
426
8047
14479
1626
3232
6450
29
6871
450
53
7321
13753
900
3306
6524
103
14653
1800
3406
13056
203
13256
403
7224
803
8024
1603
3209
6
8069
1648
3254
6472
51
7319
13751
898
14551
1698
3304
101
14651
1798
3404
6622
13054
201
3604
6822
401
7222
13654
801
1601
3207
6425
4
7328
907
14560
1707
3313
110
8228
14660
1807
3413
6631
210
6831
13263
410
13663
810
8031
14463
1610
3216
6434
13
8240
14672
1819
6643
13075
222
6843
13275
422
8043
1622
3228
6446
25
7267
13699
846
8067
14499
1646
3252
6470
12902
49
8217
1796
3402
6620
13052
199
3602
6820
399
7220
799
8020
14452
1599
3205
6423
2
3428
6646
225
6846
13278
425
7246
825
3231
6449
28
449
7270
849
8070
1649
3255
52
899
8120
14552
1699
6523
12955
102
8220
1799
3405
6623
13055
202
7223
802
3208
6426
5
1817
3423
6641
220
6841
420
7241
820
1620
3226
6444
23
844
3250
6468
12900
47
3300
12950
97
8215
14647
1794
3400
13050
197
3600
6818
397
7218
13650
797
8018
14450
1597
0
