0
2
3
4
5
6
7
8
10
11
12
13
14
15
16
17
18
19
20
21
23
25
26
28
29
30
31
32
33
34
36
37
38
39
41
40
42
43
44
46
47
48
49
50
51
52
53
54
55
56
57
58
60
59
61
62
63
64
65
66
67
68
72
70
71
73
74
75
76
77
1410
78
79
80
81
82
83
84
86
87
88
89
90
91
93
92
94
95
8643
96
97
98
100
101
102
103
1904
104
149
105
106
110
108
109
111
112
114
117
115
118
116
119
1272
120
121
122
123
124
125
126
127
128
129
130
131
132
134
135
136
137
789
138
139
140
141
143
144
145
146
147
151
3504
152
153
154
155
156
157
158
159
160
460
161
162
163
164
165
166
167
168
169
170
171
172
173
174
175
176
177
179
178
181
182
183
184
5298
185
186
187
969
188
189
190
191
598
192
193
194
204
195
1158
196
1485
197
244
1844
198
199
200
201
4215
202
8258
203
205
206
1676
207
6919
208
2071
209
210
211
212
213
685
214
2024
215
216
217
218
219
220
3359
221
222
223
226
224
1504
860
225
2550
227
229
230
231
232
233
234
9226
235
236
1207
2637
237
238
560
239
240
243
241
242
245
246
247
249
250
1423
251
252
1023
253
255
254
1510
257
256
258
259
260
261
262
846
263
264
265
266
267
268
269
270
271
272
273
274
275
276
277
279
278
280
1786
281
282
283
284
285
286
287
288
289
290
292
294
293
295
296
297
298
301
299
300
302
303
304
305
306
307
308
310
312
311
313
314
315
1339
316
319
317
318
320
321
322
323
812
324
325
1387
326
327
328
1683
329
330
331
348
332
334
335
336
339
337
338
340
341
342
343
345
346
347
349
350
483
351
352
353
354
355
356
357
358
627
359
360
361
362
363
364
475
365
616
366
877
367
368
1652
3584
369
370
7556
371
372
373
1956
374
844
375
376
377
378
379
380
381
382
383
385
387
388
389
390
391
394
392
393
395
396
2120
4972
397
398
399
400
401
402
403
404
407
405
406
408
409
410
411
2039
412
413
1026
414
415
1389
416
417
418
876
419
420
421
1265
422
423
424
514
425
426
2178
427
428
429
430
431
432
433
434
435
436
440
437
438
1515
441
439
3813
442
592
443
444
445
446
447
455
449
450
451
454
452
456
453
457
458
459
463
461
462
464
466
5740
467
469
470
471
472
473
474
476
477
5741
478
479
480
481
482
484
485
1529
486
4571
487
488
489
2698
3340
490
491
492
493
494
495
1201
496
497
1597
561
498
499
500
2339
501
502
503
504
1086
505
2153
506
906
507
508
509
510
512
513
515
516
517
518
519
520
521
522
3054
523
524
527
526
528
530
531
532
533
534
535
536
537
538
539
540
541
542
1859
543
544
545
547
548
549
550
552
553
837
554
555
556
557
558
559
562
563
582
752
564
1148
565
566
567
568
569
570
571
572
573
574
9760
575
576
577
578
579
580
581
583
584
585
586
587
588
589
590
593
595
594
596
597
600
1599
601
602
603
604
605
1217
609
1777
2081
607
1028
608
610
611
612
613
614
6331
615
966
617
953
618
619
10087
620
3938
621
622
623
624
1877
625
630
626
628
629
631
632
633
634
1530
635
636
638
639
640
641
642
643
644
645
646
647
648
649
650
651
652
653
654
655
8325
656
657
658
659
3165
660
662
663
1070
665
666
667
668
670
802
5393
8230
672
671
673
3403
1300
674
676
678
679
903
681
682
1083
683
686
687
688
689
690
691
692
695
1432
696
699
697
698
700
1589
701
703
1190
987
704
705
706
707
708
709
710
712
713
714
715
716
717
718
719
720
721
723
724
725
727
726
1842
729
730
732
734
733
735
736
737
738
739
740
741
742
743
3261
744
745
746
1012
747
748
749
750
751
753
2509
754
755
756
759
1061
2164
757
2165
758
761
763
764
765
766
767
768
769
771
772
773
849
774
775
1374
1678
776
777
3940
778
852
779
780
781
3531
782
783
5546
1706
784
785
786
6911
787
2225
788
790
791
792
793
798
795
797
796
799
800
1573
801
803
2417
804
805
806
807
808
809
810
811
813
814
816
829
817
818
819
820
1256
821
822
823
824
825
827
2861
830
831
832
834
835
838
839
840
841
842
1370
847
850
851
853
854
855
856
857
859
861
862
863
864
865
866
867
868
869
871
2102
872
873
874
875
879
881
880
882
883
884
2394
885
7892
886
887
889
890
891
3596
892
893
894
895
896
897
898
899
3184
901
902
904
7983
3265
905
907
908
909
910
911
912
913
917
914
915
2866
916
918
919
920
921
922
1126
923
924
925
926
927
928
929
930
931
932
991
933
934
935
936
937
1438
938
939
940
941
942
943
944
945
947
1377
946
949
950
951
6909
954
955
958
956
4294
957
959
960
9333
961
962
963
968
964
965
967
7662
970
971
1430
972
974
975
10613
976
977
2172
978
979
981
982
983
984
985
1004
2829
986
988
989
990
6351
992
993
994
995
996
3726
1943
997
998
999
1000
1001
1002
1003
1005
1007
1006
6220
1008
1009
1010
1220
1011
1013
1014
1015
1016
1596
1017
1018
1019
1020
1021
1022
1024
1027
1029
1030
7806
1031
1032
1033
1034
1035
1036
1038
1039
1040
1041
1042
1043
1044
1045
1046
1047
1049
1050
1051
1052
2667
1053
1054
1055
1056
1057
1058
1059
1060
2352
1062
1063
1065
2177
1067
1068
3299
1069
1071
1072
1073
1074
1075
1076
1085
1077
4036
4473
1078
3639
1079
1082
1080
1081
1408
1084
1873
1088
1090
1091
1092
1093
1094
1095
1096
3728
1097
1099
1100
1102
1103
1104
1105
1106
1107
1108
1109
2246
2247
1110
1111
1113
9414
1114
1115
1651
1116
1117
1118
1119
1120
1121
1122
1123
1124
1125
1127
1128
1129
1130
1132
4310
1133
1134
1135
1136
6777
1138
1397
1139
1140
1141
3433
1142
1143
1144
1145
1146
1147
1149
1150
1151
1153
1154
1155
1156
1159
1160
1161
1163
1164
1165
1167
1166
1169
1170
3420
1171
1172
1173
1174
1175
1176
2484
1270
1177
2781
1178
1179
1180
1181
1182
1183
1184
1185
3068
1186
1187
1188
1189
1191
1192
1193
1194
1195
1196
10316
1197
1198
8323
3055
1199
1252
1200
1202
1203
7131
4507
1204
5658
1206
1208
1209
1210
2859
1211
1212
1213
1214
1429
3337
1216
1218
1219
1221
1223
1224
1225
1226
1227
1228
1229
1230
1232
1231
1233
1234
1235
1236
1237
12430
1238
1240
1241
1242
1243
1244
1245
1246
1247
1248
1249
1250
1251
1253
1254
1255
1257
3416
1258
2764
1259
1260
1261
1262
1263
1264
1267
5520
1268
1269
1271
2504
1273
1274
1275
1276
1277
1278
1279
1280
1281
1282
1284
1285
1286
1289
1287
1288
1291
1292
1293
1294
1295
1296
1298
1299
1301
1302
1303
1308
1304
1305
1313
1306
1307
1309
1310
1311
1314
2461
1315
1316
1317
1318
1319
1320
3424
1321
1322
1323
1324
1328
5142
1326
7294
1327
1329
1571
1330
1331
1332
1334
1335
2822
1336
2391
5705
1337
1338
1340
1341
1342
1343
1344
1345
1346
1347
1800
1348
5625
1349
1350
1351
1352
1484
1883
1353
2337
3164
2361
1355
1356
1357
1358
1359
1369
1360
2651
1361
1362
1363
1364
1365
1366
1367
1371
1372
1375
1712
3482
5986
7639
2027
1376
1378
1379
1381
1382
5525
1383
4707
1384
1385
1903
1388
1390
5524
1391
1574
2152
1392
1393
1394
1398
1399
1400
1401
1402
1403
1405
8714
1406
1407
5277
1409
2795
1412
1413
1414
1415
1416
3752
1417
1418
5092
1419
2340
2523
1588
1420
1421
1422
9751
2199
1424
1425
1426
1427
1428
4798
1431
2499
1433
1434
1435
3706
1436
4790
1437
2077
1439
1441
1442
4976
1443
1444
2160
1445
1446
1447
1448
1450
1451
5094
5099
1452
1453
4117
1454
1455
1456
1457
1460
1464
1463
1465
1849
1466
8779
5362
1467
1468
1470
3767
1472
1473
1474
1477
1478
1479
1480
1946
1481
1482
1483
1486
1488
1489
1487
2198
1490
1491
1493
3923
1492
1494
1495
1496
1497
1498
1499
5101
1501
1502
1503
1505
1506
1508
1509
1511
1512
1513
1514
1516
1517
1520
1521
1522
1523
1524
1525
1526
1527
8385
2067
1531
1532
1533
1534
1535
1536
1539
1540
1541
1542
1543
1544
1545
1547
1548
1549
1550
5737
1551
1552
1553
1555
1556
1557
4337
1763
1558
5067
1559
1560
1561
1562
1563
1564
1566
1565
1567
1568
4307
1569
1572
1575
1578
1576
1579
1583
1580
1581
1584
1582
1585
1586
1587
1590
1591
1592
5522
3019
1593
1594
1595
1598
1600
1601
1603
1604
5363
1606
5659
1607
1608
1612
1609
1610
7555
1611
1613
3583
1614
1615
1616
1617
1618
1619
1620
1622
6502
1623
1624
5756
3110
1626
1627
1628
3428
1629
1630
1631
1632
1633
1635
1636
1637
1639
1641
1642
1643
1644
1645
1646
1647
1648
2070
1649
5127
4301
2019
1653
1654
4298
1655
3586
1656
1657
1658
1659
1660
1661
3576
1662
1663
1664
1666
1667
1668
1669
3475
1671
7785
1672
1673
1674
1680
1675
1677
1679
1681
1682
1684
1685
1687
1688
3667
1689
1690
1691
1692
1693
1695
1696
1697
1698
1699
1703
1701
1704
1707
1708
1709
1710
1711
1713
1714
1716
1715
1717
1719
1720
1721
1722
1723
1724
1725
1726
1727
1728
1729
1730
1731
2171
1732
1735
1736
1737
1738
1739
1740
1741
1742
1743
1744
3760
1745
12626
1746
1747
1748
1750
1751
1752
1753
1754
1755
1756
1757
1759
1760
1761
1762
1764
1766
8912
1768
1769
5987
2683
1770
1830
1771
1772
1773
2500
1774
1775
1780
1776
1778
1779
1781
1783
1782
1784
1785
1787
1857
1788
1789
1790
7410
1792
1793
1794
1796
1797
1798
5325
1799
1801
1802
1803
5335
1804
3842
1805
1806
1807
1808
1809
2345
3673
1810
1811
1812
2139
2136
4097
1814
1816
1817
1818
1819
1822
1824
1823
5738
2089
1825
1826
1828
3633
1831
1832
3892
1833
1836
1834
1835
1838
1837
1839
1855
1840
1841
1843
1846
1845
1847
1850
1851
1852
1853
1856
1858
1860
1861
1862
1863
1865
1864
1866
1867
1868
1869
1870
1871
1872
1876
1875
1878
1880
4064
4063
1881
2449
1884
1885
1886
1887
1888
1889
1890
6782
1891
1892
1893
1894
1895
6938
1896
1897
1898
8624
1899
1900
4527
1901
3413
1902
1905
1906
4760
6108
1907
1908
1909
1910
1911
5239
1912
1913
1914
2430
1915
1916
1917
1918
1919
1920
1921
6678
1922
1923
1925
1926
1927
1928
1929
1930
6686
4546
2707
2666
1931
1932
1934
1933
1936
1938
1939
1940
1941
5382
1944
1945
3894
1947
5097
1949
5093
1950
4874
1951
6714
1952
1953
1954
9039
1955
1957
1958
1959
1960
1961
1963
1962
1964
1965
7642
1966
5790
1967
7183
1968
1969
1970
1971
1973
1976
1974
1975
11288
3812
1977
1978
1979
1981
2415
2625
1984
1983
1985
1986
1988
2343
1989
1990
1991
1992
1994
1996
1997
1998
1999
2000
2001
2002
2003
2005
2956
2004
2006
2007
2008
2009
2010
2011
2014
2012
2015
2016
2017
2018
2020
2021
2022
6385
5739
2023
2025
6937
5449
2026
2028
3924
2029
2030
2031
2032
2033
2034
2035
2036
2038
2037
2040
2041
2042
6352
2044
2045
10809
2046
4783
2047
5469
2049
2050
2051
2052
2053
2054
2055
3171
3051
2056
4027
2057
2058
2059
3859
2060
2061
12897
2062
2064
2065
2395
2066
2069
2072
2074
2075
2076
3297
3298
2078
2341
2243
2079
2080
2082
2084
2085
2086
2087
2088
2091
3271
2092
2093
2094
2095
2097
2098
4814
2103
2104
2105
2106
2493
2107
2108
2109
2110
2111
2112
2113
2119
2114
2115
2116
2117
2121
6673
2122
2123
2124
3070
2125
2126
2127
2128
2129
2721
4426
2130
2131
2133
2134
2135
2138
2140
2141
3909
2142
4442
2143
6283
3339
2144
2146
2147
2309
2149
6233
4075
2150
2151
2155
2519
2495
2156
6223
2157
2158
2159
2162
2163
2166
2167
2168
2396
2169
2170
2173
2175
10994
2174
2176
2179
2180
2181
2182
2184
2186
2185
2188
2291
2189
2190
2191
2192
3152
2193
2194
2195
2197
2200
2201
2202
2203
2204
2205
2206
2207
2208
2209
2210
2564
2563
2212
2213
7055
7464
2214
2215
6357
2217
2218
2220
2221
2222
2223
2224
2227
2226
2231
2228
2229
2724
3961
5674
2230
7748
2232
2234
2235
2236
2237
2238
2239
4530
3022
2578
2240
2241
5000
2242
2244
2248
2250
2251
2252
2253
2254
2255
2256
2257
2258
2260
2261
2262
2264
2265
2267
2268
2269
2270
2272
2273
2274
4910
2276
2277
2278
2280
2282
2285
2287
2288
2289
2290
2293
2294
2295
2296
2298
2299
2301
2302
2303
5414
2304
2305
2306
2307
10784
2310
2311
2312
2313
2314
2315
2316
2317
2318
2319
2320
2322
2323
2325
2324
2326
2327
2328
2330
2331
2332
5755
2333
2334
9578
2335
2336
2342
2344
2347
2348
2349
2350
2353
2354
7604
2355
2356
2358
2360
2362
2363
2364
2365
2366
2367
4439
5527
5999
2368
2370
2374
2371
7529
2372
2376
2373
2379
2375
2380
2377
2381
4941
2383
2384
12439
2386
2385
2387
2388
2389
2390
2393
2397
2855
2399
2401
2403
2404
2408
2410
2412
2413
2414
2416
2418
2420
2421
2425
2423
2427
2431
2429
2435
2438
6468
2439
2440
2441
2443
2445
2446
2447
2448
2450
2451
4775
2452
2453
2454
2455
2526
2456
2459
2460
3333
2462
2464
2465
2466
2467
2468
2470
2472
2473
2474
2476
2479
2481
2482
2483
2485
2486
2487
2830
2488
2490
2492
2494
2496
2989
2497
2498
2501
2502
2503
2505
5218
2506
2551
9815
2507
2508
2510
2512
2511
2513
2514
2515
10807
2516
2517
2521
2525
2524
2527
2528
2529
2530
2531
3436
2532
2533
2534
2535
7377
2536
2542
2537
2538
3395
2539
3505
2540
3506
2541
4204
3507
2543
3508
2544
3509
2545
3510
2546
2547
2548
2549
2554
2553
3994
2555
3554
2556
2557
2558
4754
3356
2559
2560
2561
2565
2566
2567
2572
2573
2575
2574
2577
2576
2579
2580
2581
2582
2583
2584
2585
2586
2587
2588
2589
2590
2591
2592
2593
2594
2595
2596
2597
2598
2599
2600
2601
2602
2603
2604
2605
2608
2609
2610
2615
7194
3295
7192
2616
2617
2618
2619
2620
2621
2623
2624
2635
2626
2636
3004
2627
2628
2629
2630
2631
3005
2632
2633
2639
2642
2645
2643
2644
2646
2647
2648
2649
2650
2652
2653
5226
2654
2656
2658
2659
8895
2660
2661
2662
2663
2665
2668
4864
2670
2672
2673
4913
2674
2675
3129
2676
2677
2678
2679
2680
2682
2681
2684
2752
2685
2686
2687
2689
2688
2690
7297
2691
2692
2693
4909
2694
2696
4176
2697
3065
2699
2700
2701
2702
6801
2704
2705
2706
2709
2710
2711
4735
2712
2714
2715
2716
2718
2717
2719
2720
2722
2723
2725
2726
2728
2732
2733
2734
2735
2736
2737
2738
3392
2739
2740
4516
2741
6519
6520
6142
2746
2747
2748
2749
3651
2756
2751
2755
2753
2757
2758
2759
2760
4799
5392
2761
2763
2765
7052
2766
2767
2768
3042
3043
2769
2771
2772
2774
2775
2778
2779
2780
2782
2784
2786
2787
11938
2788
2789
2790
2793
2791
2792
2794
2796
2797
2798
2800
2801
2802
2804
2803
2805
2807
2808
3774
2811
2813
2814
2815
2817
2818
2819
2820
7057
2823
2824
2826
5150
2827
2831
2832
2833
2834
2835
2836
2838
3764
2839
2841
2842
2843
2846
2847
5381
2848
2849
2850
2852
2851
2853
2856
2857
2858
2860
2862
2865
2867
2868
2875
2869
2876
2870
2871
2872
2873
2877
2878
2879
2880
2881
2882
2883
2884
2885
2886
2887
2888
3116
2889
4897
2890
2891
2892
2893
2894
2895
2896
2897
2899
2901
2902
4588
2903
2907
2908
2909
6872
4703
2911
2914
3481
3675
6062
2915
3158
3941
2916
2917
2918
4487
2919
2920
2921
2922
2924
2925
2930
2928
2929
2931
5210
2933
2935
2932
7130
2934
4526
2936
2937
2938
2939
2940
4247
2941
2942
2944
2945
3088
2946
2948
2953
2950
2954
2951
2957
2952
2959
2955
2960
2958
2966
2961
2965
2962
2963
3815
2964
2968
2970
2969
2971
2972
2973
2974
2975
2976
2977
2978
2979
2980
2981
2982
8962
2983
2984
2985
2986
3170
2987
2990
4392
2991
2992
12057
2993
2995
2996
2998
3000
7809
3001
3010
3002
3003
3006
3007
3008
3009
3641
3012
3013
3014
3015
3016
3017
3018
3023
3036
3024
3025
3026
3027
3028
3029
3030
3031
3032
3033
3497
3034
3035
3037
3038
3039
3040
3041
3044
3045
3172
3048
3050
3049
3168
3053
3593
3057
3058
3059
3061
3060
3063
3064
3066
3067
3069
3072
3073
5846
3074
3075
3076
3077
3078
3080
3081
3083
3084
3085
3086
8401
3087
3091
3092
3093
3094
3095
3096
3097
3100
3101
3102
12414
4551
3104
8695
3105
3106
3108
3109
3111
3113
3114
3118
3117
4726
3120
3121
3122
3123
3124
3125
3126
3127
3128
3130
3134
3146
3135
3140
3136
3145
3137
3138
3139
3141
3142
3143
3147
3148
3150
3151
3419
3153
4038
3154
3155
3156
3157
3159
3835
4370
3160
3161
3166
3167
3169
3173
3174
3175
5187
3176
3177
3178
3179
3180
3181
3182
3183
3185
3186
3187
3188
3189
3190
3191
3192
3194
3195
3196
4548
4820
3197
4480
3198
3199
3200
3201
3204
3202
3205
3207
3206
8056
3208
3209
3210
5082
7245
3211
3216
3213
3214
3215
3217
3218
3219
3220
3221
7965
4653
3222
3228
3223
3226
3224
3225
3227
3229
3230
9076
3231
3232
3233
3234
3235
3236
3237
3238
10281
5040
3239
3240
3242
3243
3245
3246
3247
3249
3250
3251
3252
3253
3254
3255
3257
3260
3258
3259
10356
3262
3263
3725
3264
3266
3268
3267
3269
3270
3272
3273
3274
3275
3276
5015
3278
3279
3280
3281
3282
3284
3285
3286
3287
3289
3290
3288
3296
3300
3301
3302
3303
3304
3305
3306
3307
3308
3309
3310
3320
3311
3321
3312
3313
3693
3314
3315
4122
3316
4678
4124
3317
3318
3319
3322
3323
3324
3325
4859
3326
3327
3329
3330
3331
3332
3334
3335
3338
3341
3342
3344
3345
3346
10033
3347
3349
3350
3352
4484
3353
3354
3357
3355
3358
3360
3361
3362
3364
3365
3367
3368
3369
3370
3372
3375
3376
3377
3378
3379
3380
5907
3383
3385
3386
7543
3384
3387
3389
3388
3390
5595
3393
3394
3396
3397
3398
3399
3400
3401
3402
3404
3454
3405
3407
3406
3408
3409
3410
3411
5397
3412
3414
3418
3421
3422
3423
3426
4968
3429
3430
3431
3432
3434
3435
3437
3439
3440
3715
3441
3442
3444
3443
3445
3446
3447
5276
3448
6172
6620
3449
3450
3451
3452
3453
7061
3455
3456
3457
3458
3459
4320
3461
3462
3464
7901
11727
3465
4779
3466
3467
3468
3470
3471
3472
3476
3478
3479
3480
5585
3483
3486
3484
3485
3487
3489
4292
7917
7980
3490
3491
3492
3493
3494
3495
3496
3498
3499
3500
3501
3503
3502
4434
3511
3512
3513
3514
3515
3516
3517
7672
3518
3520
3522
3523
3854
3525
3526
3527
3529
3532
3533
3534
3535
3536
3538
3539
3541
3542
3897
3543
3544
8019
3545
3546
6246
3547
3548
3549
3551
3552
3553
3558
3563
3559
3566
3560
3561
3562
3564
3565
3568
3569
3570
3571
3572
3573
3575
3577
4983
3578
3579
3580
3581
3582
3585
5447
3588
3589
3590
3591
3592
3594
4918
3595
3597
3598
3600
6964
3601
3604
3602
5706
3603
3605
3606
3607
3608
3609
3610
3611
5245
4128
3612
3613
6811
3615
3617
3618
3619
3620
3621
3624
3626
3629
3631
3632
3634
3637
3638
3640
3642
3644
3645
3647
3654
3655
3656
3657
3658
3659
3660
3661
3662
3663
3664
3665
3666
3669
7706
3671
3670
3672
3676
3677
3678
3679
3680
3681
8752
3682
3683
4249
3684
3973
5102
3685
3686
3687
3688
3689
3696
3690
3694
3691
3692
4714
3695
3701
3697
3700
3698
3699
3702
3703
3704
3708
3709
3710
4394
3712
3716
6063
3717
3720
3721
3723
9474
3724
3729
3730
3733
3734
3735
3737
3738
3740
3741
3742
3743
3744
3745
3746
3747
3748
3749
5115
6230
3750
3751
4655
3753
3757
3759
3763
3766
3765
3768
3769
3772
3773
3775
3776
9183
3777
3778
5568
4841
5569
8650
3779
3780
3782
3784
3785
3786
3787
4023
3788
6254
5365
3790
3791
3793
3795
3798
3796
3799
4665
3800
3801
3802
3804
3807
3805
3808
3809
3811
7201
3814
3816
3817
4770
5730
3819
3823
3830
3824
3825
3826
3827
3828
3829
3831
3832
3833
3836
3837
3839
3840
3841
3844
3845
3847
3848
3849
3850
3851
3852
3855
3860
3858
3861
3863
3864
3865
3866
3867
3868
3869
3870
3871
3872
3875
3878
3877
3880
3881
9011
3882
4326
3883
3884
3885
3886
3887
3888
3890
3891
3893
3896
3898
3899
3901
3903
3904
13006
3905
3906
3907
3908
3910
3912
3913
3914
3915
3916
3918
3919
3920
3921
3922
3925
3926
3927
3928
3930
3931
3932
3934
3935
3937
3939
3943
3945
3946
5933
3947
3948
3949
3950
3951
3952
3958
3954
3955
3956
3957
3962
3959
3963
3960
3964
3966
3967
3968
3970
3969
3974
3975
3976
3977
3978
3979
3984
3980
3982
3981
3983
8762
3988
3986
3987
3990
3991
3993
3995
3996
3998
3999
4000
4001
4002
4003
4005
4006
6064
4007
4008
4009
4010
4011
4015
4016
4017
4018
4019
4021
4289
4022
4928
4024
4026
4028
4029
4030
4031
4032
4033
7528
4035
4042
4043
4044
4045
4047
4049
4050
4051
4052
4053
4055
4056
4058
4059
4061
4062
4066
4067
4068
4069
4070
4072
6008
4073
4076
4078
4079
4085
4536
4080
4081
4083
4082
4084
4086
4087
4088
4089
4091
9956
4092
4664
9254
4093
4095
4096
4098
4100
4101
7046
4102
6375
4103
4104
4105
4107
4108
4109
4110
4112
4114
4115
4116
4118
4119
4120
4121
4126
10194
4127
4130
4131
4132
4134
4135
5234
4138
4139
4140
4141
9493
4143
4145
4312
4144
4147
4146
4148
4149
4150
4151
4154
4155
4156
4157
4158
4159
4161
4162
4163
4166
4165
4167
4169
4171
4170
4172
5880
4173
4178
4180
4179
7298
4181
4182
4183
4186
4188
4191
4193
4192
4194
4196
4198
4199
4200
4201
4202
4203
4205
4206
4208
4209
4207
4210
4212
4211
4213
4214
4216
4218
4220
4221
4222
4223
4226
4227
4229
4230
10450
4231
6347
7966
4232
4234
5490
4235
4236
4237
4238
4239
4240
4242
4243
4244
4245
4248
4250
4266
4252
4253
4254
4263
4255
4256
4257
4258
4259
4260
4261
4262
4264
4265
4267
4268
5596
4937
4270
4272
8086
4273
4274
4275
4278
4279
4280
4281
4282
4283
4285
4286
4421
4288
6675
4290
4291
4295
4296
4297
4299
4300
4305
4306
4309
4308
4311
4313
4317
4318
4319
4321
4322
4324
4325
4327
4329
4330
4332
4333
4334
4335
4339
4341
7508
4342
4343
4344
9189
4345
4346
4347
4349
4350
4351
4352
4867
4353
4355
4356
4357
4358
4359
4360
4362
4363
4364
4365
4366
4367
4368
4369
4371
4705
5111
4373
4372
4374
5672
4375
4377
4381
4378
4379
10437
4382
4384
4389
4385
4386
4387
4393
4395
4397
4399
4398
4400
4402
4403
12047
4404
4406
4407
4408
4409
4411
4413
4414
4416
4417
4419
4420
4422
5560
4423
4424
4425
6530
4472
5785
4427
4933
4429
4430
4431
4433
4435
4436
4438
4441
4444
4446
4448
4450
4451
4452
10399
4453
4454
4455
4456
6689
4457
4458
4459
4460
4461
4462
4463
4464
4465
4466
4467
4468
4469
4470
7533
4475
4477
4478
4481
4483
4486
4489
4491
4490
4493
4494
4495
4496
4497
4498
4499
4501
4500
4502
4503
4504
4505
4506
4915
4508
4509
4510
4511
7126
4512
4513
4515
6494
4517
4518
4520
4523
5874
4524
4525
4528
5031
4531
4534
4535
4539
4537
4538
4540
4542
4543
4544
4545
4554
4550
4552
4553
4556
4557
4559
6651
4560
4561
4564
4563
4567
6143
6507
6137
4568
4569
4572
4570
4573
4574
4576
4577
9736
4578
4579
4580
4581
4582
4585
6632
4586
4587
4589
4592
4802
4593
4596
4594
4595
4597
4598
4599
4601
4600
4603
4605
4609
4611
4613
4614
4615
4616
4617
4619
4620
4621
4622
4623
7728
4624
5894
4628
4630
4632
5240
4633
5804
4634
4635
4636
4637
4638
4640
4641
4642
4643
4644
4645
4876
4646
4647
7380
4648
8602
4649
4651
4650
4652
7697
4656
5287
4657
4658
4659
4660
4661
4663
4662
4667
4668
4669
4671
4673
6221
4674
4675
7128
4677
4679
4680
4681
4684
4682
4683
4685
4686
4687
4688
4691
4692
4693
4694
4695
4696
4697
4698
4699
4701
4708
4704
4709
4710
4711
8851
4712
4713
4715
4716
4717
4718
4719
4723
5815
4721
6356
5956
6060
4725
4727
4729
4932
4730
4731
4732
4733
4738
4740
4741
4742
4743
4744
4745
4747
4746
4748
4750
4751
4752
4753
4755
4756
4757
4758
4763
4765
4766
4767
4768
4771
4773
4776
4778
4777
4781
4782
4786
4788
4791
4792
4794
4793
4795
4796
4797
4800
4803
4805
4806
4807
4808
4809
4810
4811
4812
4813
4815
4816
4817
4818
4824
4825
4826
4827
4828
4829
4832
4833
6374
4836
4837
4839
4840
4842
4843
4844
4845
5526
8030
4846
4847
4848
7623
4849
4851
4852
4853
4854
7407
4856
4857
4860
4861
4862
6983
4865
4869
4870
4873
4871
4872
4878
4879
4877
4880
4881
4882
4883
4884
4885
4886
4887
4888
4889
4890
4891
4892
4893
4894
4895
4896
4898
4899
4900
4901
4902
4903
4904
4905
4906
4908
5327
4912
4914
4916
4922
8683
4924
4927
4929
5176
4934
4935
4936
5708
4939
10145
11755
4940
4942
4944
4946
4948
4949
4951
4952
4953
4954
4956
4957
8961
4959
4960
4961
4964
4970
6674
4965
4966
4967
4969
11427
4971
4973
8529
5719
4974
4975
4978
4979
4981
4980
4982
4984
4985
4986
4989
4990
4991
4995
4993
4996
4997
5002
5005
5006
5761
6514
5008
5009
5010
5011
5225
5012
5013
5014
5017
5019
5020
5021
5022
5023
5024
5025
5027
5030
5034
5032
5035
5038
5036
5039
5041
5042
5043
5044
5045
5046
5047
5048
5049
5053
5050
5051
11517
5054
8917
5056
5057
5058
5059
5060
5229
7944
5061
5062
5064
5065
5066
5068
5069
5071
5072
5074
5075
5076
5079
5081
5083
5084
11258
5087
5088
5089
5090
5091
5095
5096
5098
5919
5100
5105
5106
6065
6066
6061
5107
5108
5109
5110
5112
6106
5113
5114
5116
5120
8032
5121
5122
5123
6898
5124
5125
5129
5130
5131
9522
5132
5134
5133
5135
5137
5136
5138
5139
5143
5144
5145
5149
5147
5148
5152
7518
5153
5155
5156
5157
5159
5162
5163
5165
5164
5168
5169
5170
5172
5171
5173
5175
5177
5178
5180
5181
5182
5183
5184
5185
5186
6545
5188
5192
5195
5196
5197
5200
5199
5202
5204
5205
5206
5208
5211
7153
5213
5214
5215
6786
5216
5220
5854
5221
6215
5224
5227
7574
5231
5233
5237
5241
5243
5244
7343
5246
5247
5249
5250
5251
5252
5253
5254
5255
5256
5257
5258
5260
5261
5262
5263
5264
5267
5268
5270
5271
5272
5273
5275
5279
5278
5280
5283
5282
5284
5289
5291
7737
5292
5294
5297
6963
5924
7758
5299
5300
5302
5303
5304
5305
5306
5307
5309
7893
5310
5312
5313
5314
6081
5315
5320
5321
5322
5324
5326
5328
5329
5330
5331
5332
5333
5334
8378
5336
5338
5340
5341
5342
5343
5344
5348
5359
5346
5347
5349
5350
5351
5352
5353
5354
5355
5356
5357
5358
5360
5361
5912
5364
6152
5366
6191
5367
5368
5369
5370
5371
5372
5374
5943
5375
5376
5378
5379
5380
5383
5384
5385
5387
5389
5390
5394
5395
5398
5399
5401
5402
5403
5404
5405
5406
5407
5408
5410
5412
5413
5415
5416
5417
10276
5418
5419
5421
5422
5424
5426
5427
5428
7554
5430
6135
5433
5434
5435
7902
5436
5437
5438
5439
5441
5442
5443
5444
5445
7515
7516
5448
5450
5456
5451
5457
5452
5455
5453
5454
5460
5462
5461
5464
5465
5466
5468
5475
5471
5472
5473
6170
5474
6188
5476
5480
5477
5481
5478
5479
5482
7367
5483
5484
5485
5486
5487
5488
5489
5491
5492
5493
5494
5495
5496
5498
5502
5503
5504
5505
5506
5507
5509
5510
5512
5513
5514
5685
5515
5517
6145
5518
8475
11001
5521
5523
5529
5530
8220
5531
5533
5534
5535
5538
5536
5537
5539
5541
6548
5542
5543
9379
5544
5545
5548
5549
5550
5553
5556
5558
13427
5557
5559
5561
8865
5562
5563
5564
5565
5567
5570
7473
5587
5572
5573
5574
5575
5576
5577
5578
5580
5581
5582
5583
5584
7462
5713
5586
5588
5589
5590
5593
5600
5597
5599
5598
5601
5602
5603
5604
5606
5618
5607
5620
5608
5616
5609
5622
5610
5621
5611
5612
5613
5614
5615
5617
5619
5623
5630
5627
5628
5629
5632
5634
5638
5640
5641
5643
5644
5645
5646
5647
5649
5650
5651
5653
5652
5655
5660
5661
5663
12026
5664
5665
5669
5670
5675
5676
5677
5679
5681
5682
5683
5686
5687
5689
5690
5691
5692
5693
5695
6304
5699
10677
5702
5704
5707
5709
5710
5711
5712
5714
5715
9023
5720
5722
5724
5725
6590
5726
5727
5731
5732
5733
5734
5736
6086
5742
5743
5744
5746
5748
5749
5750
5752
5753
5754
5757
8854
5758
5759
5760
5762
5765
5763
5772
5764
5768
5766
5767
5769
5770
5771
5773
5774
5775
5776
5777
5778
5779
5780
6715
5783
5787
9378
5789
5792
5793
5794
5795
5796
5797
5798
7448
5800
5799
5803
5801
5805
5806
5808
5809
5810
5813
5811
6219
5814
5816
5817
5818
5819
5821
5823
5824
5827
5825
5826
5829
5834
5835
5838
5839
5840
5842
5843
5844
11403
5845
5847
5850
5851
5852
5856
5858
5859
5862
5861
5863
5864
5865
5866
5869
5870
5871
5875
5872
5873
5877
5878
5879
5881
5882
5883
5885
5887
5888
5889
6222
5890
5891
5892
5896
5897
5898
5899
5902
5903
5905
5906
5908
5910
5911
5913
5915
5916
5920
10741
5921
12590
5922
5925
5927
5928
5929
5930
5931
5932
12251
5938
5939
10162
5940
6369
5941
5944
5946
5948
5949
5950
5951
5952
5953
5954
5958
5959
5960
5961
5962
5963
5964
5965
5966
5967
5968
5969
5970
5971
6684
5972
5973
5974
5976
5975
5977
5978
5979
5980
5981
5982
5983
5984
5988
5989
5992
5993
5994
5996
5995
5997
6000
6001
6004
6006
6007
6009
6010
6011
10816
6012
6013
6015
6016
6017
6018
6019
6020
6023
6041
6025
6026
6027
6028
6029
6030
7821
6031
6032
6033
6034
6035
6695
6036
6037
6038
6039
6040
6042
6043
6044
6045
6046
6047
6048
6049
6050
6051
6052
6053
6054
6055
6056
6057
6059
6067
6068
6070
6074
6078
6079
6080
6090
6092
6082
6083
6084
6085
6088
6093
6095
6096
6097
6101
6100
6102
6103
6104
6105
6110
6109
6112
6114
6113
6116
6117
6118
6120
6121
6123
6125
6127
6133
6136
6138
6130
6139
6131
6636
6132
6134
7853
6140
6144
6147
8284
6148
6149
6155
6150
6157
6151
6163
6153
6164
6154
6168
6156
6174
6158
6175
6159
6179
6160
6182
6161
6185
6162
6192
6165
6193
6166
6194
6167
6196
6169
6181
6171
6173
6176
6177
6178
6180
6183
6184
6186
6187
6189
6190
6195
12003
6197
6199
6198
6200
6201
6202
6204
6206
6207
6208
6210
6211
6212
6213
6214
6483
6217
6218
6225
6227
6226
6229
6231
6236
6239
6240
6241
6247
6243
6248
6244
6249
6245
6256
6250
6257
6251
6255
6252
6253
6258
6259
6260
6262
6263
6261
6264
6266
6265
6268
6267
6269
6270
6271
6272
6273
6274
6275
6276
6277
6592
6492
6278
6279
6280
6559
6281
6284
6285
6286
10802
6287
6288
6289
6290
6291
11990
12349
6292
6293
6294
6297
6298
6301
6303
6306
6307
6308
6311
6314
6313
6315
6316
6317
6318
6377
6319
6321
6323
6325
12899
6327
6328
6330
8586
6332
6333
6335
6334
6841
6337
6338
6339
6340
6343
6344
6345
7897
6348
7876
6349
6350
6353
6354
6359
6360
6361
6362
6364
6365
6366
6367
6370
6373
6371
6372
6376
6378
6379
6380
6381
6382
6383
6384
6386
6387
6388
6389
6391
6392
6393
6394
6395
6397
6398
6399
6400
6403
6404
6405
6410
6411
6412
6413
6414
6415
6418
6419
6420
6422
6423
6425
6426
6428
6430
6431
6432
6433
6434
6627
6458
6440
6454
6435
6436
6437
6438
6439
6441
6442
6443
6444
6445
6446
6447
6448
6449
6450
6451
6452
6453
6455
6456
6457
6459
6460
6461
6465
6463
6464
6466
6467
6469
6470
6472
6475
6476
6479
6478
6484
6482
6485
6487
6486
6489
6490
6493
6495
6496
6497
6503
6498
6499
6500
6501
6505
6654
6506
6508
6509
6511
6513
6516
6517
6521
6522
6523
6524
6525
6526
9932
6527
6528
6529
6531
6533
6534
6535
6538
6540
6541
6543
6544
6546
6550
6547
6549
6551
6554
6555
6557
6558
6562
6560
6561
6563
6565
6567
6568
6571
6572
6574
6577
6579
6580
6583
6585
6584
6586
6587
6588
7804
7803
6589
6594
6890
6591
6593
6595
6677
6597
8207
11121
6598
6599
6601
7336
8340
6605
6606
6607
6611
6612
6613
6614
6616
6617
6618
6619
6621
6622
6623
6628
6629
6630
6631
6633
6634
6635
6639
9577
6641
6643
6644
6645
6646
6647
6649
6650
6652
6653
6655
6660
6656
6657
6658
6659
6661
6663
6665
6666
6667
6668
6669
6670
6679
6680
6683
6681
9063
11055
6685
11006
6691
6693
6694
6696
6698
6701
6702
6704
6703
6705
6707
6708
6711
6713
6718
6717
13325
6719
6720
6721
6723
6724
6727
6729
6730
6732
6737
6733
6734
6735
6736
6738
6739
6741
6742
6744
6758
6745
6746
6747
6748
6749
6750
6752
6751
6753
6754
6755
6756
6757
6759
6760
6763
6764
6767
6766
6769
6770
6771
6772
6774
6773
6775
6776
6778
6779
6780
6781
6787
6790
6788
6789
6792
6795
6793
6794
6797
6800
6804
6806
6805
6807
6808
6810
6812
6816
6818
6817
6820
6821
6822
6824
6825
6828
6829
6830
6831
6832
6834
6836
6835
6837
6838
6839
6840
6842
6843
6844
6846
6847
6848
6849
6850
6852
6859
6860
6863
6862
6864
6865
6871
6877
6878
10477
6879
6880
6881
6882
6883
6884
6885
6886
6888
6889
6891
6892
6895
6893
6894
6896
6899
6900
6901
6902
6903
6904
6905
6906
6915
6913
6914
6916
6917
6921
6922
6923
6928
6929
6930
6931
6932
6934
8568
6935
6940
6941
6943
6944
6945
6946
6947
10287
6949
6948
6950
6951
6952
6953
6955
6956
6957
6959
6960
6961
6965
6967
6969
8576
6973
6974
6977
6978
6979
6980
6981
6982
6984
6986
6988
6990
6991
6992
6993
6994
6996
6997
6998
7002
7004
7005
7006
7007
7015
7016
7018
7020
7021
7022
7023
7024
7025
9082
7027
7028
7029
7030
7031
7032
7033
9132
7034
7035
7038
7040
7041
7043
7044
7045
8461
7047
8587
7048
7073
7405
7051
7053
7062
7064
7065
7066
7067
7068
7069
7071
10812
7072
7074
7075
7076
7078
7079
7080
7088
7081
7082
7083
7084
7085
7086
7087
7089
7090
7091
7094
7093
7096
7095
7101
7104
7105
7107
7108
7110
7111
7114
7112
7113
7115
7116
7117
7118
7119
7120
7121
7122
7124
7125
7132
7133
7134
7136
7137
7139
7140
7141
7142
7143
7146
7147
7148
7149
7151
7152
7215
7154
7156
7157
7158
7159
7161
7162
10109
7164
7165
7167
7168
7169
7170
7171
7172
7173
7174
7175
7176
7178
7179
7180
8983
7181
7182
7184
7185
7186
7187
7188
7190
7189
7191
7193
7466
7195
10794
7196
7197
7200
7202
7203
7206
7740
7208
7207
7209
7210
7211
7212
7213
7214
7216
11172
8826
7217
7218
7219
7220
7221
7222
7223
7224
7225
7227
7228
7230
7232
7234
10038
7236
7240
7239
9800
7241
7244
7246
7248
7249
7252
7254
8504
7259
9579
7261
7451
8002
7262
7263
7264
7266
7267
7269
7271
7270
7276
7272
7275
7273
7274
7277
7278
7281
7284
7285
7287
7290
7291
7292
7293
7295
7296
9116
7299
7302
7303
7304
7308
7310
7311
7312
7313
7314
7316
7317
7318
7321
7319
8318
7322
7323
7325
7327
7328
8769
7329
7330
7332
7334
7337
7340
7344
7342
7349
7350
7351
7353
7356
7357
7359
7360
7361
7362
7369
7370
7371
7372
7376
7379
7378
7381
7382
7384
7383
7387
7389
7390
10475
7391
9335
7392
7393
7394
7397
7398
7400
7401
7403
7409
7445
7412
7414
7415
7416
7417
7418
7419
7420
7421
7422
7423
7424
7425
7426
7427
7428
7429
7430
7431
7432
7433
7434
7435
7436
7437
12348
7439
7440
7441
7443
7446
7453
7454
7456
7459
7460
7463
7467
7468
7469
7470
7471
7669
7472
7474
7476
7477
7478
7479
7481
7482
7484
7483
7485
7486
7487
7488
7490
7491
7493
7494
7496
7497
7498
7499
8558
7501
7502
7503
7504
7505
7506
7507
7509
7510
7511
7512
7513
7514
7520
7521
7522
7524
9989
7526
7531
7534
7536
7539
7538
7540
7541
7542
7545
7546
7547
10078
7665
7549
7550
7551
7557
7558
7559
7561
7562
7563
7564
7566
7568
7569
7572
7573
7575
7578
7579
7580
7583
7581
7582
7584
7585
7594
7596
7598
7602
9924
7603
7607
7608
7609
7610
7611
7613
7615
7616
7617
7622
7618
7624
7619
7625
7620
7626
7627
7631
7632
7633
7636
7637
7638
7641
7640
7643
7646
7648
7649
7650
7651
7652
7654
7657
7658
7660
7661
7663
7664
7666
7667
7668
7675
7673
7674
7676
7677
7678
7679
7681
7682
7683
7686
8168
7688
7690
7692
7695
7696
7698
7699
7700
7702
7703
7704
7729
7707
7720
7708
7709
7711
7710
7712
7713
7714
7715
7716
7717
7718
7719
7721
7722
7723
7724
7725
7726
7727
7730
7731
7732
7733
7734
7739
7742
7743
7744
7745
7746
7747
9317
7750
7752
7753
7754
7756
7760
7761
12395
7764
7765
7766
7767
7768
7769
7770
7771
7772
7773
7778
7779
7781
7782
7783
7786
7788
7792
7793
7794
7797
7798
7800
7801
7802
7805
7808
8016
7807
7810
7811
7812
7813
7817
7818
7819
7820
7825
7826
7827
7828
7829
7830
7831
7832
7833
7835
7836
8060
7837
8015
7839
7841
7842
7848
7849
7851
7854
9843
7855
7858
7859
7860
7864
12701
13549
7868
7869
7870
7871
7872
7873
7875
10295
7877
7879
10633
7880
7881
7882
7883
7887
7888
7894
7903
7895
7900
7896
7899
7898
7909
7907
7908
7910
7911
7912
7913
7914
7915
7918
7919
7921
11738
7926
7924
7929
7925
7927
7934
7932
7933
7935
7936
7937
7938
7942
7941
7947
7948
7949
7951
8068
7952
7953
7954
7955
7957
7959
7960
7961
7962
7963
7968
7969
7970
7971
7976
7977
7979
7982
7984
7986
7987
7990
7992
7991
7993
7994
7995
7996
7997
7998
7999
8000
8005
8006
8007
8008
8009
8010
8011
8012
8013
11097
8017
8018
8020
8021
8024
8026
8031
9455
8034
9854
8035
8036
8037
8038
8040
8042
8043
8045
8046
8048
8049
8047
8050
8051
8052
8053
8057
8058
8059
8061
8062
8064
8065
8067
8069
8070
8071
8074
8075
8076
8080
8079
8078
8082
10163
8085
8088
8118
8089
8092
8090
8091
8093
8094
8095
8096
8097
8098
8099
8100
8101
8102
8103
8104
8105
8106
8107
8108
8109
8110
8111
8112
8113
8114
8115
8116
8120
8121
8122
8123
8125
8127
8133
8130
8131
8132
8134
8135
8137
8138
8139
8141
8143
8145
8146
8147
8158
8148
8149
8150
8151
8152
8153
8154
8155
8156
8157
8160
8161
8162
8163
8165
8166
8167
8169
8170
8171
8172
8173
8174
13539
8175
8176
8180
11135
8181
8182
8184
8185
8186
8187
8188
8191
8193
8196
8197
8200
8198
8199
8201
8202
8204
8205
8210
8209
8211
8212
8215
8213
8214
8217
8222
8226
8227
8228
8229
8231
8590
8234
12148
8236
8237
8239
8240
8241
8242
8243
8244
8245
8246
8248
8250
8251
8253
8254
8256
8257
8259
8261
8260
8262
8263
8265
8266
8267
8268
8269
8270
8271
8272
8273
8275
8276
8277
8278
8279
8281
8285
8286
8287
8288
8289
8290
8291
8292
10054
8293
8294
8295
8296
8297
8298
8299
8300
8301
8302
8303
8304
8305
8306
8307
8308
8309
8310
8311
8313
8315
8316
8317
10260
8320
8321
8493
8322
8324
8328
8329
8331
8332
8333
8334
8341
8342
8345
8348
8349
8350
8351
8352
8353
8354
8357
8358
8359
8360
8361
8362
8364
8363
8365
8366
8367
8368
8370
8371
8372
8373
8374
8375
8386
8389
8391
8390
8392
8395
8398
8399
8404
8406
8408
8410
8412
8417
8419
8420
8422
8423
8424
8425
8430
8428
8431
8429
8432
8435
8436
8437
8438
8440
8441
8445
8446
8447
8450
8456
8451
8453
8454
8459
8462
8464
8466
8467
8468
8469
8470
8473
8472
8476
8477
8478
8479
8480
8481
8482
8483
8484
8485
8486
8487
8489
8492
11518
8494
8495
8498
8499
8501
8505
8507
8509
8508
8510
8511
8512
10227
8515
8516
8517
8518
8519
8520
8522
8523
8525
8527
8528
8530
8532
8534
8535
8536
8537
8538
8540
8541
8542
8543
8746
8544
8549
8550
8551
8552
8553
8554
8555
8556
8557
9585
8559
8560
9077
8561
8562
8563
8564
8565
8566
8567
8570
8571
8573
8574
8575
8577
8579
8580
8582
8583
8585
8591
8589
8592
12150
8593
8595
8594
8597
8598
8599
8601
8603
8604
8605
8608
9316
8609
8610
8612
8613
8614
8879
8616
8615
8620
8617
8618
8619
8621
8622
8623
8626
8627
8629
8630
8631
8632
8633
8634
8635
8636
8637
8638
8639
8640
8644
8645
8646
8647
8648
8651
8655
8653
8654
8657
8663
8665
8664
8670
8672
8673
8674
8675
8676
8679
8680
8681
8682
8684
8687
8689
8690
8692
8693
8694
8696
8697
8700
8702
8703
8705
8704
8707
8709
8706
8711
8712
8713
8715
8719
8717
8720
8722
8721
8726
8727
8729
8731
8732
8734
8738
8739
8740
8743
8748
8750
8753
10167
8755
8758
8759
8764
8760
8763
8765
8766
8767
8770
8788
8771
8772
8773
8774
8775
8776
8777
8778
8781
8782
8783
8786
8789
8790
8791
8792
8793
8799
8800
8801
8802
8804
8805
8806
8809
8808
8819
8810
8811
8813
8814
8815
8816
8818
8817
8822
8823
8824
8825
8827
8828
8829
8831
8832
8833
8835
8837
8838
8840
8841
8842
9033
8843
8845
8852
8855
8856
8857
8858
8859
8860
8861
8863
8866
8869
8871
8873
8874
8875
8878
8881
8882
8883
10199
8887
8885
8886
8890
8891
8894
8896
8901
8903
8905
8954
8907
8908
8910
8911
8913
8914
8916
8915
8920
8923
8925
8926
8927
8929
8930
8931
8932
8933
8935
8936
8937
8938
8939
8940
8941
8942
8943
8944
8945
8946
8947
8948
8949
8952
8956
8960
8963
8964
10948
8968
8969
8971
8973
8974
8980
8982
12468
14307
8986
8989
8990
8992
8994
8995
8997
8998
9001
9002
9003
9007
9008
9009
9010
9012
10045
9013
9014
9015
9016
9017
9019
9021
9020
9022
9422
9024
9025
9027
9028
9029
9031
9034
9035
9036
9040
9041
9042
9043
9044
9045
9046
9047
9048
9049
9050
9051
9053
9054
9055
9059
9242
9060
9061
9065
9067
9069
9070
9073
10000
9075
9137
9078
9079
9081
9083
9084
9085
9087
9088
9089
9090
9093
9094
9095
9097
9099
9101
9102
9105
9111
9112
9114
9117
9118
9120
9121
9122
9123
9124
9125
9126
9129
9131
9133
9134
9135
9136
9138
9140
9141
9142
9143
9145
9146
9148
9149
9150
9151
9152
9156
9157
9158
9159
9160
9161
9162
9164
9165
9166
9283
9167
9168
9169
9171
9174
9178
9180
9184
9186
9187
9190
9193
9209
9194
9195
9196
9197
9198
9199
9200
9201
9202
9203
9204
9205
9206
9208
9207
9210
9211
9212
9213
9214
9215
9216
9217
9220
9222
9225
9229
9230
9232
9537
9233
13351
9234
9235
9236
9237
9238
10142
9239
9240
10206
9799
9243
9247
9248
9249
9252
9253
9255
9257
9258
9259
9260
9263
9264
9269
9270
9271
9274
9275
9276
9278
9281
9286
9315
9287
9289
9291
9293
9294
9295
9296
9297
9298
9299
9300
9301
9302
9304
9305
9307
9309
9310
9311
9312
9313
9320
9322
9324
9327
9329
10312
9330
9332
9336
9337
9340
9341
9342
9343
9345
9347
9348
9349
9354
10351
9355
11202
9356
9357
9358
9359
9361
9362
9364
9367
9368
9369
9371
9373
9374
9376
9377
11294
9381
9384
9393
9396
9397
9401
9400
9403
9404
9406
12035
9407
9408
9410
10505
9413
9415
9417
9418
9421
9419
9426
9424
9427
9428
9429
9430
9431
12058
9432
9433
9437
9436
9438
9441
9442
9446
9447
9448
9449
9452
9453
9459
9454
9456
9457
9460
9465
9462
9463
9469
9470
9471
9472
9475
9476
9477
9479
9487
9488
9489
9490
9491
9492
9494
9495
9496
9497
13729
9499
9502
9503
9505
9508
9506
9509
9511
9515
9516
9518
9523
9524
9525
9526
9529
9530
9533
9534
9540
9541
9542
9544
9547
9546
9549
9550
10266
9551
9552
9553
9556
9557
9559
9560
9561
9562
9563
9564
9565
9566
9567
9568
9569
9570
9571
9572
9576
9580
9581
9582
9584
9587
9588
9589
9590
9593
9594
9595
9596
9599
9600
9601
9602
9603
9605
9606
9610
9616
9612
10811
9614
10417
9615
9617
9618
9619
9622
9623
9624
9625
9626
9627
9628
9629
9630
9631
9632
9633
9637
9638
13185
12473
9639
9642
9641
9643
9645
9646
9648
9647
9659
9661
9662
9664
9666
9667
9671
9672
9675
9679
9680
9681
9685
9687
9688
9689
9690
9692
9693
9694
9695
9696
9697
9698
9699
9700
10297
10851
9701
9703
9971
9706
9709
9711
9713
9714
9716
9717
9718
9720
9722
9723
9724
9725
9726
9729
9733
9734
9737
9739
9741
9745
9748
9753
9754
9755
9756
9757
9758
9759
9761
9762
9764
10148
9767
9768
9770
9771
9773
9774
9777
9779
9784
9785
9786
9787
9789
9790
9791
9792
9797
9793
9794
9795
9801
9802
9803
9808
9809
9812
9816
9818
9823
9821
9824
9825
9828
9830
9831
9832
9834
9835
9836
9838
9842
9839
9841
9844
12240
9847
9849
9851
9853
9855
9856
9857
9858
11731
9860
9863
9864
9865
9868
9879
9866
9867
9869
9870
9871
9872
9873
9874
9875
9876
9877
9878
9880
9881
9882
9883
9884
9885
9888
9889
9890
9892
9893
9894
9897
9898
9900
9901
9903
9908
9904
9905
9906
9909
10490
9914
9915
9916
9917
9919
9921
9922
9923
9925
9926
9927
9928
9929
9930
9931
9933
9934
9935
9936
9937
9938
9940
9941
9943
9947
9948
9949
9954
9959
9958
9961
9965
9969
9972
9974
9975
9976
9980
9981
9983
9985
9987
9988
9990
9997
9995
10006
10002
10007
10003
10008
10004
10005
10010
10011
10014
10012
10013
10015
10016
10017
10021
10022
10023
10024
10025
10027
10026
10028
10029
10030
10031
10032
10037
10039
10040
10042
10044
10046
10047
10051
10055
10056
10057
10060
10062
10063
10064
10065
10067
10068
10069
10076
10079
10080
10081
10085
10086
10092
10093
10096
10098
10100
10103
10104
10106
10107
10112
10113
10115
10116
10117
10118
10119
10120
10122
10124
10125
10126
10127
10128
10131
10132
10133
10135
10137
10139
10140
10143
10144
10150
10154
10153
10155
10157
10159
10164
10169
10170
10172
10173
10174
10177
10178
10179
10180
10181
10182
10875
10184
10185
10186
10187
10190
10191
10192
10195
10196
10198
10201
10203
10207
10209
10213
10215
10216
10217
10692
10220
10592
10221
10222
10224
10225
10228
10229
10232
10233
10235
10236
10237
10238
10240
10242
10243
10250
10252
10255
10257
10261
10262
10263
10265
10267
10269
10272
10274
10278
10282
10283
10284
10298
10300
10488
10302
10305
10307
10309
10313
10317
10325
10326
10327
10328
10330
10331
10334
10339
10341
10342
10343
10344
10347
10349
10354
10355
10357
10358
10359
10360
10361
10364
10365
10371
10373
10374
10375
10376
10377
10378
10380
10381
10382
10388
10389
10390
10394
10396
10397
10401
11888
10403
10404
10405
10407
10408
10409
10411
10412
10415
10416
10418
10423
10428
10429
10430
10431
10432
10435
10436
10441
10442
10697
10448
10542
10453
10455
10456
10458
10462
10463
10466
10468
10469
10470
10473
10478
10479
10480
10481
10486
10487
10492
10497
10506
10509
10514
10510
10511
10512
10513
10515
10517
10519
10525
10529
10530
10531
10532
10533
10535
10538
12903
10539
10540
10543
10547
10551
10552
10555
10556
10558
10559
10560
10562
10565
10566
10571
10574
10577
10580
10583
10584
10588
10593
10595
10598
10600
10607
10608
10615
10618
10620
10621
10624
10626
10629
11851
10634
10635
10641
10648
10642
10643
10644
10645
10646
10649
10651
10653
10654
10656
10657
10660
10661
10663
10664
10668
10666
10667
10669
10670
10671
10673
10674
10678
10679
10682
10680
10681
10685
10686
10687
10688
10689
10690
10695
10699
10702
10705
10707
10709
10713
10714
10717
10720
10728
10731
10733
10736
10737
10738
10739
10740
10748
10746
10753
10754
10755
10756
10757
10760
10761
10762
10763
10764
10765
10766
10767
10768
10769
10770
10771
10773
10775
10776
10778
10780
10779
10786
10787
10792
10795
10796
10798
10804
10805
10806
10814
10815
10820
10822
10821
10823
10824
10825
10826
10827
10828
10829
10832
10834
10836
10837
10838
10842
10843
10845
10849
10853
10854
10856
12386
10862
10864
10867
10868
10869
10871
10874
10879
10880
10881
10882
10885
10886
10887
10888
10889
10892
10891
10896
11393
10900
10902
10904
10908
10909
10910
10911
10912
10913
10914
10915
10917
10918
10919
10921
10922
10923
10925
10926
10927
13292
10928
10931
10932
10933
10934
10935
10939
10940
10942
10943
10944
10946
10947
10950
10951
10954
10958
10959
10960
10961
10963
10965
10964
10967
10969
10973
10976
10979
10980
10981
10984
10985
10986
10995
10996
11000
11002
11008
11010
11327
11013
11021
11024
11025
11029
11030
12360
11032
11035
11036
11037
11042
11047
11049
11050
11052
11057
11059
11063
11060
11062
11064
11068
11066
11069
11067
11070
11071
11072
11073
11074
11076
11077
11081
11189
11083
11085
11088
11089
11090
11092
11093
11095
11101
11102
11103
11106
11107
11109
11113
11114
11116
11118
11123
11125
11129
11128
11130
11132
11133
11137
11139
11144
11141
11142
11143
11145
11146
11147
11148
11149
11150
11162
11163
11349
11176
11177
11178
11179
11180
11181
11182
11183
11184
11187
11191
11193
11195
11203
11207
11208
11211
12458
11214
11216
11218
11219
11220
11221
11223
11224
11229
11232
11236
11240
11241
11245
11247
11248
11249
11286
11250
11252
11253
11254
11255
11256
11257
11259
11261
11264
11265
11266
11267
11268
11269
11270
11272
11280
11281
11284
11291
11292
11295
11297
11299
11298
11300
11302
11303
11304
11305
11306
11308
11311
11312
11314
11316
11317
11320
11321
11328
11329
11331
11334
11335
11336
11337
11338
11340
11341
11343
11346
11347
11350
11354
11356
11355
11357
11358
11359
11362
11364
11366
11367
11370
11371
11373
11374
11376
11377
11378
11381
11383
11385
11389
11395
11399
11400
11406
11412
11415
11418
11420
11419
11421
11422
11424
11425
11426
11428
11430
11432
11433
11436
11440
11442
11441
11443
11446
11447
11448
11450
11452
11454
11457
11460
11464
11466
11467
11469
11471
11472
11473
11475
11476
11477
11483
11484
11485
11490
11491
11492
11494
11495
11496
11499
11501
11502
11505
11508
11506
11507
11509
11510
11512
11513
11515
11521
11522
11523
11524
11525
11526
11527
11528
11529
11530
11531
11532
11533
11535
11536
11538
11540
11542
11543
11544
11545
11549
11550
11552
11555
11557
11558
11559
11562
11563
11564
11565
11566
11567
11568
11569
11570
11571
11572
11573
11576
11577
11582
11585
11586
11588
11587
11589
11590
11591
11592
11593
11594
11597
11599
11600
11603
11604
11606
11607
11609
11610
11611
11614
11616
11615
11619
11618
11620
11621
11624
11627
11628
11631
11632
13077
11636
11637
11639
11642
11645
11647
11650
12776
11651
11652
11653
11655
11656
11657
11658
11660
11662
11667
11669
11670
11671
11672
11673
11675
11674
11679
11682
11683
11684
11685
11688
11689
11690
11694
11695
11696
11698
11699
11700
11701
11702
11703
11704
11705
11706
11707
11708
11712
11714
11717
11719
11720
11721
11724
11725
11729
11732
11739
11740
11742
11745
11746
11747
11749
11751
11752
11756
11758
11759
12139
11768
11770
11771
11774
11776
11783
11784
11787
11791
11792
11793
11794
11795
11797
11798
11801
11804
11806
11807
11809
11812
11815
11816
11817
11818
11824
11825
11829
11830
11833
11834
11835
11837
11841
11838
11839
11840
11842
11843
11844
11846
11849
11852
11854
11855
11859
11861
11863
11865
11875
11876
11877
11878
11881
11891
11894
11895
11898
11899
11900
11903
11905
11906
11909
11917
11920
11921
11922
11923
11925
11928
11930
11942
11943
11945
11946
11948
11949
11950
11955
11957
11959
11961
11963
11964
11965
11966
11967
11968
11969
11971
11972
11973
11974
11975
11976
11977
11979
11981
11985
11988
11989
11991
11993
11995
11996
11998
11999
12000
12001
12002
12004
12005
12006
12007
12008
12009
12010
12014
12015
12016
12018
12019
12023
12024
12028
12032
12036
12037
12039
12040
12041
12046
12048
12052
12053
12054
12059
12061
12064
12066
12067
12069
12070
12071
12077
12080
12082
12083
12084
12091
12093
12094
12096
12099
12100
12101
12104
12103
12105
12106
12109
12119
12127
12130
12133
12135
12136
12138
12140
12144
12145
12146
12149
12153
12154
12156
12157
12163
12164
12165
12166
12170
12171
12175
12181
12182
12186
12185
12187
12188
12189
12190
12191
12192
12194
12195
12196
12197
12198
12199
12200
12201
12202
12203
12204
12205
12206
12207
12208
12209
12210
12211
12212
12213
12214
12216
12220
12221
12222
12224
12225
12227
12229
12230
12231
12234
12237
12239
12242
12244
12246
12245
12247
12544
12248
12516
12249
12250
12257
12258
12264
12265
12266
12267
12270
12271
12272
12273
12274
12275
12276
12277
12278
12279
12280
12281
12285
12287
12288
12293
12294
12295
12296
12297
12300
12301
12302
12307
12311
12312
12314
12316
12319
12321
12323
12325
12327
12337
12345
12346
12351
12352
12353
12354
12355
13877
12356
12357
12358
12359
12361
12362
12363
12364
12365
12366
12367
12368
12369
12370
12371
12372
12373
12374
12375
12376
12377
12378
12379
12380
12381
12382
12383
12384
12385
12387
12388
12390
12399
12400
12401
12405
12406
12407
12408
12409
12410
12411
12412
12413
12416
12420
12425
12427
12431
12433
12437
12436
12438
12440
12442
12443
12445
12446
12450
12455
12456
12459
12462
12463
12464
12465
12471
12474
12478
12479
12480
12482
12484
12485
12486
12487
12492
12500
12502
12503
12504
12505
12506
12514
12517
12518
12520
12523
12524
12527
12528
12529
12531
12532
12533
12535
12540
12541
12542
12543
12545
12546
12548
12549
12550
12552
12554
12565
12566
12567
12568
12569
12570
12571
12573
12578
12582
12583
12584
12585
12586
12587
12588
12589
12591
12592
12593
12594
12595
12596
12597
12598
12599
12600
12601
12602
12603
12604
12605
12606
12607
12608
12609
12610
12611
12612
12613
12616
12619
12620
12622
12623
12624
12628
12631
12632
12641
12643
12645
12644
12647
12650
12652
12653
12654
12657
12658
12661
12666
12668
12671
12672
12675
12676
12678
12679
12681
12683
12686
12687
12689
12692
12694
12699
12700
12703
12705
12706
12707
12711
12722
12723
12727
12729
12731
12735
12736
12737
12742
12746
12744
12745
12750
12758
12756
12763
12767
12769
14082
12772
12773
12774
12784
12785
12789
12792
12793
12796
12798
12802
12803
12804
12806
12809
12814
12817
12818
12820
12827
12826
12829
12830
12832
12833
12834
12835
12838
12840
12844
12849
12850
12851
12852
12861
12862
12868
12870
12872
12873
12874
12877
12879
12883
12885
12889
12891
12892
12893
12894
12895
12898
12900
12901
12902
12907
12908
12909
12910
12911
12915
12916
12922
12925
12926
12934
12939
12949
12951
12952
12955
12958
12961
12966
12967
12968
12975
12977
12978
12982
12979
12980
12983
12989
12994
12995
12996
12999
13005
13007
13008
13010
13017
13018
13022
13024
13025
13026
13027
13028
13029
13031
13032
13033
13034
13035
13036
13037
13038
13039
13040
13041
13042
13043
13044
13045
13046
13047
13048
13049
13050
13051
13052
13053
13054
13055
13056
13057
13058
13060
13062
13061
13066
13067
13071
13443
13072
13075
13079
13080
13082
13084
13086
13087
13091
13094
13096
13097
13099
13103
13104
13110
13114
13115
13125
13127
13129
13130
13131
13137
13139
13150
13152
13153
13155
13156
13174
13176
13177
13187
13188
13190
13191
13192
13194
13195
13209
13212
13216
13223
13224
13225
13227
13228
13231
13236
13237
13239
13241
13240
13244
13247
13251
13256
13257
13258
13259
13260
13261
13263
13264
13266
13268
13270
13271
13275
13278
13279
13280
13282
13283
13288
13289
13301
13307
13308
13310
13312
13314
13797
13315
13316
13317
13318
13321
13322
13323
13326
13329
13331
13334
13335
13337
13338
13341
13344
13345
13348
13349
13353
13360
13361
13362
13363
13364
13365
13369
13370
13371
13372
13374
13375
13378
13386
13387
13389
13391
13393
13401
13403
13404
13408
13411
13419
13423
13424
13428
13430
13436
13439
13441
13445
13446
13451
13452
13453
13454
13455
13458
13459
13460
13461
13462
13463
13464
13465
13466
13467
13468
13469
13470
13471
13472
13473
13474
13478
13480
13483
13489
13491
13499
13505
13508
13509
13510
13511
13512
13513
13514
13515
13517
13520
13519
13524
13525
13526
13527
13528
13529
13530
13531
13532
13533
13535
13536
13538
13542
13546
13552
13556
13557
13558
13559
13560
13561
13563
13565
13566
13574
13575
13576
13577
13579
13584
13588
13587
13589
13590
13591
13595
13596
13597
13598
13599
13600
13601
13602
13603
13604
13605
13606
13607
13608
13609
13621
13622
13623
13624
13625
13626
13627
13628
13629
13633
13634
13635
13641
13642
13643
13645
13649
13650
13651
13654
13659
13661
13662
13663
13665
13670
13675
13686
13687
13689
13690
13693
13694
13698
13699
13700
13706
13705
13707
13710
13712
13718
13719
13720
13721
13722
13723
13732
13733
13738
13740
13739
13745
13746
13747
13750
13753
13754
13755
13758
13759
13761
13774
13764
13765
13766
13767
13768
13769
13770
13771
13772
13773
13775
13778
13779
13780
13783
13789
13791
13795
13798
13799
13800
13801
13804
13809
13811
13813
13814
13815
13818
13819
13820
13823
13824
13825
13826
13827
13828
13829
13830
13831
13832
13833
13834
13835
13836
13839
13840
13841
13842
13845
13847
13848
13850
13853
13855
13860
13861
13864
13866
13867
13871
13879
13880
13883
13884
13886
13889
13892
13893
13894
13897
13899
13908
13910
13909
13911
13912
13919
13920
13921
13924
13936
13939
13940
13941
13944
13945
13947
13951
13952
13953
13954
13957
13958
13959
13960
13961
13962
13963
13964
13967
13970
13971
13980
13986
13989
13990
13993
13997
13998
13999
14000
14001
14002
14003
14004
14005
14008
14010
14011
14013
14014
14015
14016
14021
14026
14028
14031
14033
14034
14037
14040
14041
14042
14044
14045
14051
14052
14053
14054
14057
14060
14061
14062
14064
14065
14069
14073
14078
14081
14080
14083
14088
14089
14090
14092
14094
14095
14097
14100
14101
14102
14103
14104
14106
14107
14109
14110
14112
14115
14118
14119
14120
14121
14122
14125
14134
14137
14138
14139
14146
14150
14151
14152
14153
14154
14155
14156
14157
14163
14164
14165
14169
14172
14173
14174
14175
14182
14183
14184
14185
14186
14187
14188
14189
14190
14191
14192
14193
14194
14195
14196
14197
14199
14200
14201
14202
14205
14212
14214
14215
14217
14224
14225
14230
14234
14231
14232
14233
14235
14236
14237
14238
14241
14245
14249
14252
14253
14254
14255
14256
14259
14257
14260
14258
14263
14266
14264
14267
14270
14275
14276
14281
14280
14282
14283
14284
14285
14286
14289
14297
14304
14314
14315
14321
14323
14324
14330
14331
14336
14337
14341
14342
14344
14346
14350
14356
14361
14363
14364
14367
14370
14371
14372
14373
14376
14378
14383
14389
14390
14391
14392
14393
14394
14395
14396
14397
14398
14407
14420
14423
14425
14429
14434
14435
14436
14437
14438
14439
14440
14441
14445
14447
14450
14451
14452
14455
14459
14461
14463
14467
14468
14479
14481
14485
14488
14489
14490
14492
14493
14494
14498
14499
14500
14504
14505
14506
14507
14508
14509
14510
14511
14512
14513
14514
14515
14516
14517
14518
14519
14520
14521
14522
14523
14524
14525
14526
14527
14528
14529
14530
14531
14532
14533
14539
14540
14541
14542
14543
14544
14545
14546
14547
14548
14549
14550
14551
14552
14553
14554
14555
14556
14557
14558
14560
14561
14562
14576
14577
14579
14581
14582
14588
14590
14593
14594
14595
14596
14599
14601
14604
14615
14618
14624
14625
14626
14627
14632
14633
14634
14635
14636
14637
14638
14641
14644
14647
14648
14650
14651
14653
14654
14655
14656
14657
14658
14659
14660
14661
14662
14663
14664
14665
14667
14668
14671
14672
14678
14684
14685
14687
14688
14689
14692
14694
14695
14696
14698
14699
14701
14702
14705
14706
14716
14719
14720
14721
14724
14725
14728
14736
14737
14740
14743
14744
14746
14747
14748
14749
14750
14751
14752
14756
14764
14766
14767
14768
14771
14773
14774
14775
14779
14780
14781
14782
14783
14788
14790
14791
14792
14793
14794
14796
14801
14802
14805
14810
14819
14820
14821
14822
14823
14824
14825
14826
14832
14835
14841
14842
14843
