14825
14801
14790
14782
14750
14701
14664
14635
14625
14555
14553
14547
14539
14523
14518
14493
14489
14440
14397
14395
14393
14391
14390
14372
14371
14314
14280
14264
14257
14254
14224
14186
14150
14122
14119
14080
14015
14010
14005
13997
13990
13958
13951
13940
13919
13910
13833
13826
13732
13698
13686
13661
13633
13606
13575
13530
13528
13514
13459
13386
13364
13321
13314
13257
13239
13129
13081
13071
13039
13033
12995
12966
12922
12899
12898
12851
12850
12849
12840
12835
12834
12833
12832
12830
12827
12817
12814
12809
12803
12802
12796
12792
12784
12776
12773
12772
12758
12746
12744
12736
12735
12722
12715
12706
12705
12701
12699
12686
12681
12678
12675
12672
12657
12653
12652
12645
12644
12631
12626
12623
12622
12619
12612
12611
12610
12609
12608
12607
12606
12605
12604
12603
12602
12601
12600
12599
12598
12597
12596
12595
12594
12593
12592
12591
12590
12589
12588
12587
12586
12585
12584
12583
12582
12570
12569
12568
12567
12566
12565
12554
12550
12548
12545
12544
12543
12542
12541
12540
12532
12531
12529
12528
12527
12523
12517
12516
12505
12504
12503
12502
12492
12486
12485
12484
12479
12478
12477
12474
12473
12471
12465
12464
12462
12458
12455
12445
12442
12440
12439
12437
12430
12427
12414
12412
12411
12410
12408
12407
12406
12405
12400
12399
12395
12387
12386
12385
12384
12381
12380
12379
12378
12377
12376
12375
12374
12373
12372
12371
12370
12369
12368
12367
12366
12365
12364
12363
12362
12361
12360
12359
12358
12357
12356
12355
12354
12353
12349
12348
12327
12323
12319
12311
12301
12300
12296
12295
12294
12288
12280
12279
12278
12277
12276
12275
12274
12273
12272
12271
12270
12264
12257
12251
12250
12249
12248
12247
12246
12240
12239
12235
12230
12229
12227
12225
12221
12220
12213
12212
12211
12210
12209
12208
12207
12206
12205
12204
12203
12202
12201
12200
12199
12198
12197
12196
12195
12194
12191
12190
12189
12188
12187
12186
12181
12170
12165
12164
12163
12160
12156
12150
12148
12144
12139
12138
12135
12133
12128
12106
12104
12103
12100
12099
12093
12091
12083
12071
12070
12066
12061
12058
12057
12053
12052
12048
12047
12040
12036
12035
12032
12028
12026
12023
12019
12018
12015
12014
12010
12008
12007
12006
12004
12003
12002
12001
12000
11999
11998
11996
11990
11988
11985
11981
11976
11975
11974
11973
11972
11971
11968
11967
11966
11963
11955
11949
11948
11945
11942
11938
11930
11928
11923
11920
11905
11899
11898
11896
11895
11888
11887
11877
11876
11865
11864
11859
11854
11851
11849
11846
11843
11842
11841
11840
11839
11838
11837
11834
11829
11818
11816
11815
11809
11801
11797
11794
11793
11792
11791
11787
11783
11770
11762
11759
11755
11752
11751
11749
11746
11745
11739
11731
11729
11727
11726
11725
11724
11720
11719
11707
11706
11705
11704
11703
11702
11701
11700
11699
11698
11695
11685
11683
11682
11679
11675
11674
11672
11671
11670
11669
11660
11658
11657
11656
11651
11650
11640
11639
11637
11636
11631
11628
11619
11616
11614
11610
11599
11597
11594
11593
11590
11589
11588
11587
11586
11585
11582
11577
11572
11571
11570
11569
11568
11567
11566
11565
11564
11563
11562
11558
11557
11550
11544
11543
11542
11535
11532
11531
11530
11529
11528
11527
11526
11525
11524
11523
11522
11521
11518
11517
11512
11509
11508
11507
11506
11505
11501
11495
11494
11492
11490
11484
11483
11476
11475
11472
11471
11466
11459
11450
11447
11446
11442
11441
11433
11427
11426
11425
11424
11421
11420
11419
11418
11406
11403
11399
11395
11393
11389
11379
11376
11373
11371
11366
11364
11362
11357
11356
11355
11354
11349
11346
11341
11337
11336
11335
11334
11329
11327
11321
11316
11311
11309
11308
11304
11303
11302
11299
11298
11297
11294
11291
11288
11286
11280
11269
11268
11267
11266
11265
11264
11257
11255
11254
11253
11252
11250
11247
11245
11240
11223
11221
11220
11218
11208
11207
11203
11202
11195
11189
11183
11182
11181
11180
11179
11178
11177
11176
11173
11170
11167
11163
11150
11149
11147
11145
11144
11143
11142
11141
11135
11132
11129
11128
11121
11113
11106
11102
11101
11099
11097
11092
11088
11081
11077
11074
11072
11071
11070
11069
11068
11067
11066
11063
11060
11059
11055
11052
11050
11036
11035
11032
11030
11013
11006
11004
11001
11000
10995
10994
10985
10984
10981
10980
10979
10967
10965
10961
10960
10959
10958
10950
10948
10947
10946
10944
10943
10942
10940
10939
10934
10933
10932
10931
10928
10925
10922
10921
10918
10917
10914
10913
10912
10911
10910
10909
10908
10900
10891
10887
10885
10882
10881
10879
10875
10873
10869
10867
10862
10854
10851
10849
10845
10842
10838
10837
10836
10829
10828
10826
10825
10824
10822
10821
10816
10814
10812
10811
10809
10807
10805
10802
10794
10792
10786
10780
10778
10771
10768
10767
10766
10765
10764
10763
10760
10758
10757
10755
10754
10748
10741
10739
10738
10736
10733
10729
10728
10720
10713
10707
10699
10697
10692
10689
10688
10687
10686
10685
10682
10681
10678
10677
10673
10670
10669
10668
10667
10666
10664
10660
10657
10656
10654
10653
10651
10648
10646
10644
10643
10642
10641
10634
10633
10629
10626
10620
10613
10608
10600
10594
10593
10592
10584
10577
10565
10561
10560
10558
10555
10551
10547
10543
10542
10539
10538
10535
10532
10531
10530
10529
10514
10513
10512
10511
10510
10509
10508
10505
10504
10492
10490
10488
10487
10486
10483
10481
10480
10479
10478
10477
10475
10466
10463
10455
10453
10450
10441
10439
10437
10435
10432
10430
10429
10428
10417
10412
10408
10407
10406
10405
10404
10403
10397
10389
10382
10381
10378
10376
10375
10374
10373
10364
10361
10360
10357
10356
10354
10349
10343
10342
10335
10334
10330
10327
10326
10325
10320
10316
10313
10312
10309
10307
10302
10300
10297
10295
10293
10284
10281
10278
10276
10268
10267
10266
10264
10261
10260
10252
10242
10236
10233
10224
10222
10221
10220
10217
10215
10207
10206
10201
10199
10198
10196
10195
10194
10191
10190
10186
10185
10184
10182
10181
10179
10178
10177
10173
10172
10170
10169
10167
10164
10162
10157
10154
10150
10149
10148
10145
10144
10143
10142
10139
10137
10134
10131
10127
10126
10125
10124
10123
10122
10120
10119
10118
10116
10115
10113
10109
10106
10104
10094
10093
10087
10086
10080
10079
10078
10076
10073
10071
10068
10064
10063
10062
10057
10056
10054
10051
10048
10045
10044
10041
10040
10038
10037
10034
10033
10030
10029
10028
10027
10026
10025
10024
10023
10022
10021
10017
10016
10014
10013
10011
10008
10007
10006
10005
10003
10002
10000
9997
9989
9988
9987
9985
9980
9975
9974
9959
9956
9954
9948
9947
9941
9937
9935
9934
9933
9932
9931
9930
9929
9928
9926
9925
9924
9923
9921
9916
9915
9914
9908
9905
9904
9903
9898
9893
9892
9889
9886
9883
9882
9881
9880
9879
9878
9877
9876
9875
9874
9873
9872
9871
9870
9869
9868
9867
9866
9865
9863
9860
9857
9855
9854
9847
9846
9843
9842
9841
9838
9835
9834
9832
9830
9824
9823
9821
9818
9815
9814
9808
9803
9802
9801
9800
9799
9797
9794
9793
9792
9791
9790
9789
9786
9784
9779
9775
9770
9767
9764
9761
9760
9759
9758
9757
9756
9755
9754
9753
9751
9748
9737
9736
9734
9726
9725
9724
9722
9720
9717
9716
9713
9711
9701
9700
9699
9697
9696
9695
9694
9693
9689
9688
9687
9685
9681
9680
9677
9671
9666
9664
9662
9648
9646
9645
9643
9642
9641
9639
9638
9636
9633
9632
9631
9630
9628
9627
9626
9625
9624
9623
9618
9616
9615
9614
9612
9607
9602
9600
9599
9595
9594
9593
9589
9585
9584
9579
9578
9577
9576
9571
9570
9569
9568
9567
9566
9565
9564
9563
9562
9561
9559
9557
9552
9551
9550
9549
9547
9541
9540
9537
9533
9529
9524
9522
9511
9509
9508
9505
9502
9499
9498
9497
9496
9495
9494
9493
9492
9491
9489
9488
9487
9479
9476
9474
9472
9467
9465
9462
9460
9459
9457
9455
9454
9453
9452
9449
9448
9446
9441
9437
9436
9435
9433
9432
9430
9428
9427
9426
9422
9421
9418
9417
9414
9413
9408
9407
9406
9404
9403
9401
9396
9382
9381
9379
9378
9377
9374
9367
9361
9359
9358
9356
9355
9354
9349
9348
9347
9337
9336
9335
9333
9332
9324
9317
9316
9315
9314
9313
9309
9305
9301
9300
9299
9298
9297
9296
9295
9294
9293
9291
9289
9287
9286
9283
9275
9274
9271
9270
9263
9259
9258
9257
9254
9253
9252
9250
9247
9245
9243
9242
9239
9238
9237
9235
9234
9233
9229
9226
9225
9216
9215
9214
9213
9212
9211
9210
9209
9208
9207
9206
9205
9204
9203
9202
9201
9200
9199
9198
9197
9196
9195
9194
9193
9190
9189
9183
9171
9169
9168
9167
9165
9164
9162
9160
9159
9158
9157
9156
9152
9151
9149
9148
9142
9141
9140
9137
9135
9133
9132
9131
9126
9124
9123
9122
9121
9120
9116
9111
9105
9102
9101
9094
9090
9089
9088
9087
9082
9078
9077
9076
9075
9071
9070
9067
9065
9063
9061
9060
9059
9057
9054
9053
9051
9048
9047
9046
9045
9044
9043
9041
9039
9035
9034
9033
9028
9027
9025
9023
9022
9021
9016
9015
9014
9013
9012
9011
9008
9002
9001
8998
8997
8994
8990
8983
8982
8981
8980
8978
8973
8971
8968
8963
8962
8961
8960
8958
8954
8948
8947
8946
8945
8944
8943
8942
8941
8940
8939
8938
8937
8936
8935
8932
8931
8930
8929
8926
8925
8923
8917
8916
8913
8912
8911
8910
8907
8905
8903
8901
8896
8895
8894
8892
8891
8890
8887
8885
8883
8881
8879
8878
8874
8873
8869
8865
8863
8862
8861
8859
8857
8854
8851
8845
8843
8837
8833
8832
8831
8829
8828
8827
8826
8825
8824
8823
8822
8819
8818
8816
8815
8814
8813
8810
8809
8808
8805
8804
8801
8800
8799
8793
8790
8789
8788
8786
8782
8781
8779
8777
8776
8774
8773
8772
8771
8770
8769
8766
8765
8764
8763
8762
8760
8759
8758
8755
8753
8752
8750
8746
8739
8738
8731
8722
8720
8719
8714
8713
8711
8709
8707
8705
8704
8703
8702
8700
8696
8695
8694
8693
8692
8684
8683
8681
8680
8675
8674
8673
8672
8665
8664
8655
8653
8650
8647
8646
8644
8643
8640
8639
8638
8637
8636
8635
8634
8633
8632
8631
8630
8629
8627
8626
8624
8623
8622
8621
8620
8619
8618
8616
8614
8613
8612
8608
8607
8605
8603
8602
8601
8599
8595
8593
8592
8591
8590
8589
8587
8586
8585
8582
8579
8577
8576
8575
8574
8570
8568
8563
8560
8558
8557
8556
8555
8552
8551
8550
8549
8544
8542
8541
8540
8538
8536
8535
8534
8530
8529
8527
8525
8523
8522
8519
8518
8517
8516
8515
8511
8510
8509
8508
8507
8504
8501
8499
8498
8495
8494
8493
8486
8485
8484
8483
8482
8481
8480
8479
8478
8477
8476
8475
8473
8472
8469
8468
8467
8464
8461
8459
8457
8456
8453
8451
8446
8440
8438
8436
8435
8431
8430
8429
8428
8424
8423
8422
8419
8417
8404
8401
8392
8391
8390
8389
8384
8378
8374
8373
8372
8371
8368
8366
8365
8364
8363
8362
8361
8360
8359
8358
8357
8354
8353
8352
8351
8349
8348
8345
8344
8342
8341
8340
8334
8333
8332
8329
8324
8323
8322
8321
8318
8317
8316
8311
8309
8307
8306
8305
8304
8303
8302
8301
8300
8299
8298
8297
8296
8295
8294
8293
8292
8291
8290
8289
8288
8287
8286
8284
8279
8277
8276
8272
8271
8270
8269
8268
8267
8266
8265
8263
8262
8261
8259
8258
8253
8251
8250
8248
8246
8245
8244
8243
8242
8241
8240
8239
8237
8236
8235
8234
8230
8229
8228
8226
8220
8217
8215
8214
8212
8211
8210
8207
8205
8204
8201
8200
8199
8197
8195
8190
8187
8186
8185
8181
8174
8173
8172
8170
8169
8168
8167
8165
8162
8161
8160
8158
8156
8155
8154
8153
8152
8151
8150
8149
8148
8147
8146
8145
8141
8139
8137
8134
8133
8132
8130
8129
8123
8120
8118
8115
8114
8113
8112
8111
8110
8109
8108
8107
8106
8105
8104
8103
8102
8101
8100
8099
8098
8097
8096
8095
8094
8093
8092
8091
8090
8089
8088
8086
8085
8080
8079
8075
8074
8071
8070
8068
8064
8061
8060
8057
8056
8054
8053
8052
8051
8050
8049
8048
8045
8043
8042
8038
8036
8035
8034
8032
8030
8026
8019
8018
8016
8015
8013
8011
8010
8009
8008
8007
8002
7999
7998
7997
7996
7995
7994
7993
7992
7987
7984
7983
7982
7980
7976
7975
7969
7968
7966
7965
7962
7961
7960
7954
7953
7952
7951
7948
7947
7944
7942
7938
7937
7936
7935
7934
7929
7926
7925
7924
7921
7919
7917
7915
7914
7912
7910
7909
7908
7907
7903
7902
7901
7900
7899
7898
7897
7896
7894
7893
7892
7891
7887
7882
7880
7877
7876
7872
7871
7870
7869
7866
7864
7863
7860
7859
7858
7855
7853
7849
7841
7837
7836
7835
7834
7831
7830
7829
7828
7827
7826
7825
7821
7820
7819
7818
7813
7812
7811
7810
7809
7808
7807
7806
7805
7804
7803
7802
7801
7798
7790
7788
7785
7782
7781
7772
7771
7770
7769
7768
7767
7766
7765
7764
7761
7760
7758
7756
7753
7752
7750
7748
7747
7746
7745
7744
7740
7737
7733
7732
7731
7730
7729
7728
7727
7726
7725
7724
7723
7722
7721
7720
7719
7718
7717
7716
7715
7714
7713
7712
7711
7710
7709
7708
7707
7706
7703
7699
7698
7697
7695
7688
7686
7683
7681
7676
7675
7673
7672
7669
7667
7666
7665
7664
7662
7661
7660
7658
7657
7654
7651
7650
7649
7648
7643
7642
7641
7640
7639
7638
7636
7632
7631
7626
7625
7624
7623
7622
7619
7618
7617
7616
7611
7610
7609
7604
7602
7598
7588
7585
7584
7583
7582
7580
7579
7578
7575
7574
7573
7569
7568
7563
7562
7561
7558
7557
7556
7555
7554
7551
7550
7549
7546
7543
7542
7540
7539
7538
7533
7529
7528
7521
7520
7518
7516
7515
7513
7512
7511
7510
7509
7508
7507
7506
7505
7504
7503
7501
7499
7498
7497
7496
7493
7490
7487
7486
7485
7484
7483
7482
7481
7479
7478
7474
7473
7472
7470
7469
7468
7466
7463
7462
7460
7456
7451
7448
7446
7440
7439
7437
7436
7435
7434
7433
7432
7431
7430
7429
7427
7426
7425
7424
7423
7421
7420
7419
7418
7417
7416
7415
7412
7410
7409
7407
7405
7400
7397
7393
7392
7391
7387
7384
7382
7381
7380
7379
7378
7377
7372
7370
7369
7367
7363
7361
7359
7357
7353
7351
7349
7344
7343
7342
7340
7337
7334
7333
7329
7328
7327
7325
7321
7318
7316
7313
7312
7310
7308
7303
7302
7298
7297
7296
7294
7293
7292
7291
7290
7285
7281
7277
7276
7275
7274
7273
7272
7271
7270
7264
7263
7262
7261
7256
7252
7248
7245
7244
7241
7240
7238
7236
7234
7232
7230
7224
7223
7222
7221
7220
7219
7218
7217
7216
7215
7214
7212
7211
7209
7208
7207
7206
7202
7201
7200
7196
7195
7194
7192
7190
7188
7186
7184
7183
7182
7181
7180
7179
7175
7174
7173
7172
7171
7170
7169
7168
7167
7164
7161
7159
7158
7157
7156
7154
7153
7152
7149
7148
7143
7142
7141
7139
7136
7133
7131
7130
7128
7126
7125
7122
7118
7117
7116
7115
7114
7113
7111
7107
7105
7104
7101
7096
7094
7093
7091
7090
7089
7088
7085
7084
7083
7082
7081
7080
7079
7076
7075
7074
7073
7072
7071
7068
7067
7065
7064
7062
7061
7057
7053
7052
7048
7047
7046
7045
7043
7040
7035
7034
7032
7031
7030
7029
7025
7022
7021
7015
7007
7006
7002
6997
6993
6992
6991
6990
6986
6983
6982
6981
6980
6979
6978
6977
6973
6967
6965
6964
6959
6956
6955
6953
6951
6949
6948
6947
6945
6943
6940
6938
6937
6934
6932
6931
6930
6922
6921
6916
6915
6914
6913
6911
6909
6905
6904
6903
6902
6901
6900
6899
6898
6895
6894
6893
6892
6891
6890
6889
6888
6885
6884
6883
6882
6881
6880
6879
6873
6872
6865
6864
6863
6862
6859
6849
6848
6847
6846
6844
6843
6841
6838
6836
6835
6834
6831
6829
6828
6825
6821
6820
6819
6818
6817
6811
6810
6807
6806
6805
6804
6801
6800
6795
6793
6792
6790
6787
6786
6782
6781
6780
6779
6778
6777
6776
6775
6774
6773
6771
6770
6767
6764
6763
6759
6758
6757
6756
6755
6754
6753
6752
6751
6750
6749
6748
6747
6746
6745
6744
6738
6737
6736
6735
6734
6733
6732
6730
6724
6721
6720
6719
6718
6717
6715
6714
6713
6711
6708
6707
6705
6704
6703
6702
6698
6696
6695
6691
6689
6686
6684
6683
6680
6678
6677
6675
6674
6673
6670
6668
6667
6666
6660
6659
6658
6657
6656
6655
6654
6653
6651
6650
6649
6646
6645
6644
6641
6639
6636
6635
6634
6633
6631
6630
6629
6627
6622
6621
6620
6619
6617
6613
6612
6611
6607
6606
6605
6598
6597
6594
6593
6592
6591
6590
6588
6586
6585
6583
6579
6571
6567
6563
6562
6559
6558
6555
6550
6549
6548
6547
6545
6543
6542
6540
6538
6535
6533
6532
6530
6529
6528
6527
6526
6524
6523
6521
6520
6519
6516
6514
6513
6511
6509
6507
6506
6505
6503
6502
6500
6499
6498
6497
6496
6494
6492
6489
6487
6486
6485
6484
6483
6482
6479
6476
6470
6468
6466
6465
6464
6463
6460
6459
6458
6457
6456
6455
6454
6452
6451
6450
6449
6448
6447
6446
6445
6444
6443
6442
6436
6422
6420
6419
6418
6414
6413
6412
6411
6410
6404
6403
6402
6400
6398
6394
6393
6392
6388
6387
6386
6384
6382
6381
6380
6379
6377
6376
6375
6374
6373
6371
6370
6367
6365
6361
6360
6357
6354
6352
6351
6350
6347
6344
6343
6339
6338
6333
6332
6331
6330
6327
6319
6318
6317
6314
6313
6311
6307
6304
6303
6301
6297
6294
6293
6292
6291
6287
6285
6284
6283
6280
6278
6277
6276
6274
6272
6270
6269
6265
6264
6263
6261
6260
6259
6257
6256
6254
6253
6251
6250
6249
6248
6246
6243
6239
6230
6227
6223
6222
6221
6219
6217
6215
6214
6210
6206
6202
6201
6200
6198
6197
6196
6194
6193
6191
6188
6187
6186
6185
6184
6183
6182
6181
6180
6179
6178
6177
6176
6175
6174
6173
6172
6171
6170
6169
6168
6167
6166
6165
6164
6163
6162
6161
6160
6159
6158
6156
6155
6154
6153
6151
6149
6148
6147
6145
6143
6142
6139
6138
6137
6136
6135
6134
6133
6132
6130
6123
6120
6116
6110
6108
6106
6105
6104
6102
6101
6096
6095
6092
6090
6088
6086
6083
6081
6080
6070
6068
6067
6065
6064
6063
6062
6060
6057
6055
6054
6053
6052
6051
6050
6049
6048
6047
6046
6045
6044
6043
6041
6040
6039
6037
6036
6034
6033
6032
6031
6030
6028
6027
6026
6019
6018
6017
6016
6013
6011
6009
6008
6006
6001
6000
5996
5994
5993
5989
5988
5987
5986
5983
5982
5981
5979
5978
5977
5976
5975
5974
5973
5972
5971
5970
5968
5966
5965
5964
5963
5962
5960
5959
5958
5956
5953
5952
5951
5950
5948
5946
5943
5941
5940
5939
5938
5933
5932
5931
5927
5924
5922
5921
5920
5919
5915
5913
5912
5911
5910
5908
5907
5906
5905
5903
5902
5899
5898
5897
5894
5890
5889
5888
5887
5882
5880
5878
5875
5874
5873
5871
5870
5869
5863
5862
5858
5856
5854
5852
5851
5850
5847
5843
5839
5838
5835
5834
5829
5827
5824
5819
5818
5817
5815
5814
5813
5811
5808
5806
5804
5803
5800
5799
5798
5797
5796
5790
5789
5785
5783
5780
5778
5777
5776
5775
5774
5773
5772
5770
5769
5768
5767
5766
5765
5764
5763
5762
5760
5758
5756
5755
5753
5746
5742
5741
5740
5739
5738
5737
5732
5730
5727
5726
5720
5714
5713
5711
5710
5707
5705
5704
5702
5699
5695
5692
5691
5689
5687
5685
5682
5681
5677
5674
5672
5670
5669
5664
5660
5658
5655
5653
5651
5650
5644
5640
5632
5630
5629
5628
5625
5623
5622
5621
5619
5617
5615
5614
5613
5612
5611
5610
5609
5608
5607
5602
5601
5600
5599
5598
5597
5596
5593
5590
5589
5588
5587
5586
5583
5582
5580
5577
5576
5573
5569
5568
5567
5565
5563
5562
5560
5559
5557
5555
5549
5546
5543
5542
5539
5537
5535
5534
5533
5531
5530
5528
5527
5526
5524
5521
5520
5518
5514
5513
5510
5507
5506
5505
5503
5502
5495
5494
5492
5491
5490
5489
5487
5486
5483
5481
5480
5478
5477
5476
5475
5474
5473
5472
5471
5469
5468
5466
5464
5462
5461
5456
5455
5453
5452
5451
5450
5449
5448
5447
5445
5442
5439
5437
5435
5430
5427
5426
5424
5422
5419
5418
5417
5416
5413
5410
5407
5406
5405
5403
5399
5397
5395
5394
5393
5392
5390
5388
5387
5384
5382
5381
5380
5379
5378
5371
5370
5369
5368
5367
5366
5365
5364
5362
5361
5360
5359
5358
5357
5355
5354
5352
5351
5349
5348
5344
5342
5340
5338
5336
5334
5333
5332
5329
5328
5327
5325
5324
5320
5315
5314
5310
5309
5306
5305
5304
5303
5302
5299
5298
5285
5284
5283
5280
5279
5277
5276
5273
5272
5271
5270
5268
5264
5262
5261
5260
5257
5256
5255
5254
5253
5251
5250
5249
5245
5244
5243
5240
5239
5237
5233
5229
5225
5218
5215
5210
5205
5204
5196
5195
5188
5187
5180
5177
5176
5175
5173
5171
5168
5165
5163
5162
5159
5156
5150
5149
5148
5147
5144
5142
5139
5137
5136
5135
5133
5132
5129
5127
5125
5123
5121
5116
5114
5113
5111
5110
5109
5108
5107
5106
5105
5102
5101
5100
5099
5098
5097
5094
5093
5091
5088
5087
5084
5083
5082
5079
5076
5072
5069
5068
5067
5066
5065
5064
5062
5061
5059
5054
5053
5051
5050
5047
5044
5042
5041
5040
5038
5034
5024
5023
5021
5019
5017
5014
5013
5012
5008
5006
5005
5002
5000
4995
4989
4986
4983
4982
4981
4978
4976
4975
4974
4973
4972
4971
4970
4969
4968
4967
4966
4965
4959
4954
4952
4951
4948
4944
4941
4940
4936
4935
4934
4933
4932
4929
4928
4924
4918
4916
4915
4914
4913
4912
4909
4908
4906
4904
4903
4902
4901
4900
4899
4898
4897
4895
4894
4892
4890
4889
4888
4887
4886
4884
4883
4882
4881
4880
4878
4877
4876
4873
4870
4869
4867
4865
4862
4857
4854
4853
4848
4846
4845
4844
4843
4842
4841
4836
4833
4832
4829
4828
4824
4816
4814
4812
4810
4809
4807
4805
4802
4800
4799
4797
4794
4792
4791
4788
4783
4781
4779
4778
4776
4775
4773
4768
4767
4765
4760
4758
4757
4756
4754
4753
4750
4747
4746
4745
4744
4742
4741
4740
4738
4733
4732
4730
4729
4727
4726
4721
4719
4717
4715
4714
4713
4711
4710
4708
4707
4705
4703
4698
4696
4693
4692
4691
4687
4685
4684
4683
4681
4680
4679
4678
4671
4665
4663
4661
4660
4659
4658
4656
4653
4652
4651
4650
4649
4646
4645
4644
4642
4640
4637
4635
4634
4633
4632
4624
4623
4622
4619
4617
4615
4614
4609
4601
4599
4597
4596
4595
4594
4593
4588
4586
4585
4579
4578
4577
4576
4573
4572
4571
4568
4564
4563
4560
4559
4556
4554
4552
4551
4550
4546
4545
4544
4539
4538
4537
4536
4535
4531
4527
4526
4523
4520
4518
4517
4516
4515
4513
4511
4510
4509
4508
4507
4506
4504
4503
4501
4500
4499
4495
4493
4491
4489
4488
4487
4486
4484
4480
4478
4477
4474
4473
4472
4469
4466
4464
4463
4461
4460
4459
4458
4457
4454
4452
4444
4442
4441
4439
4438
4434
4433
4430
4429
4427
4426
4423
4421
4416
4415
4408
4406
4404
4403
4400
4397
4393
4392
4389
4386
4384
4382
4381
4379
4378
4373
4372
4370
4369
4367
4365
4364
4362
4359
4353
4351
4350
4347
4346
4345
4344
4343
4342
4339
4337
4334
4333
4329
4327
4322
4320
4319
4318
4317
4312
4311
4309
4308
4307
4306
4301
4300
4299
4298
4297
4295
4294
4292
4291
4290
4289
4286
4285
4279
4278
4275
4272
4270
4268
4266
4265
4264
4263
4262
4261
4260
4257
4256
4255
4254
4252
4249
4248
4247
4245
4243
4238
4237
4236
4235
4234
4232
4231
4230
4226
4225
4223
4221
4220
4215
4213
4212
4211
4209
4208
4207
4206
4205
4204
4199
4193
4191
4188
4182
4181
4180
4179
4176
4173
4172
4171
4170
4169
4166
4165
4163
4161
4157
4156
4155
4151
4149
4148
4147
4146
4143
4140
4139
4138
4134
4130
4128
4127
4124
4122
4120
4118
4117
4116
4110
4108
4107
4105
4103
4102
4100
4093
4092
4091
4088
4087
4086
4084
4083
4080
4079
4078
4075
4072
4069
4067
4066
4064
4063
4062
4058
4055
4053
4051
4045
4044
4042
4038
4036
4033
4032
4030
4029
4027
4026
4023
4022
4019
4017
4016
4011
4010
4009
4006
4002
4001
4000
3999
3998
3994
3987
3986
3984
3983
3982
3979
3978
3977
3974
3969
3968
3966
3964
3963
3962
3961
3959
3957
3955
3954
3952
3949
3948
3947
3943
3941
3940
3939
3938
3935
3932
3931
3928
3927
3924
3922
3920
3916
3914
3913
3912
3909
3908
3906
3905
3904
3903
3901
3897
3894
3892
3888
3885
3883
3882
3881
3880
3878
3871
3870
3869
3868
3867
3865
3863
3860
3859
3855
3854
3852
3850
3849
3847
3844
3842
3840
3832
3831
3830
3828
3827
3826
3825
3824
3823
3816
3815
3814
3813
3812
3811
3807
3802
3801
3800
3799
3798
3795
3793
3790
3787
3785
3784
3779
3778
3777
3776
3775
3774
3773
3768
3767
3765
3764
3763
3760
3757
3756
3752
3750
3748
3747
3746
3744
3743
3740
3737
3735
3730
3728
3726
3725
3724
3723
3720
3717
3715
3712
3709
3708
3706
3703
3702
3701
3700
3699
3698
3697
3695
3694
3693
3692
3690
3689
3685
3684
3683
3681
3680
3678
3673
3672
3670
3669
3667
3666
3665
3663
3662
3661
3658
3657
3655
3651
3647
3641
3640
3638
3637
3633
3632
3619
3617
3614
3612
3611
3608
3607
3605
3604
3603
3602
3601
3600
3597
3596
3595
3593
3592
3591
3590
3589
3588
3586
3585
3584
3582
3581
3577
3576
3573
3572
3571
3569
3568
3566
3565
3564
3563
3561
3559
3558
3554
3549
3547
3546
3545
3543
3542
3541
3539
3538
3536
3534
3533
3532
3531
3525
3523
3520
3518
3515
3513
3512
3510
3509
3508
3507
3506
3505
3504
3503
3502
3500
3498
3497
3495
3494
3493
3492
3490
3483
3482
3481
3476
3475
3471
3470
3468
3465
3464
3462
3461
3459
3458
3457
3455
3454
3453
3452
3451
3450
3449
3448
3447
3446
3445
3444
3442
3440
3439
3436
3434
3433
3429
3424
3422
3421
3420
3419
3416
3414
3413
3411
3409
3408
3406
3405
3403
3402
3400
3399
3398
3397
3394
3392
3390
3389
3387
3386
3385
3384
3383
3382
3380
3378
3375
3369
3368
3365
3362
3361
3360
3359
3358
3357
3355
3354
3349
3345
3344
3340
3339
3338
3337
3335
3334
3333
3332
3331
3330
3327
3326
3325
3323
3321
3319
3317
3316
3315
3314
3313
3312
3310
3309
3306
3304
3303
3302
3301
3300
3299
3298
3296
3295
3290
3289
3287
3286
3281
3279
3278
3276
3275
3274
3273
3271
3270
3268
3267
3266
3265
3264
3262
3261
3260
3259
3258
3257
3253
3252
3250
3243
3240
3239
3237
3236
3235
3234
3233
3232
3231
3230
3229
3228
3225
3224
3223
3222
3221
3220
3219
3218
3217
3216
3215
3214
3211
3210
3209
3207
3205
3204
3201
3200
3199
3197
3196
3195
3191
3188
3187
3186
3185
3183
3180
3179
3178
3177
3176
3174
3173
3172
3171
3170
3168
3166
3165
3164
3160
3158
3157
3155
3154
3152
3150
3147
3146
3145
3143
3141
3140
3138
3137
3136
3134
3129
3128
3127
3126
3124
3122
3120
3118
3116
3114
3110
3108
3101
3100
3096
3094
3093
3092
3091
3088
3087
3086
3084
3083
3076
3075
3074
3073
3070
3069
3068
3066
3065
3061
3059
3057
3055
3053
3051
3048
3044
3043
3041
3040
3039
3038
3037
3036
3034
3031
3030
3029
3028
3027
3025
3024
3023
3022
3019
3018
3016
3015
3014
3012
3010
3009
3007
3006
3005
3004
3002
3001
3000
2995
2993
2992
2990
2987
2986
2984
2983
2982
2980
2978
2977
2975
2973
2971
2970
2968
2966
2965
2964
2961
2960
2959
2958
2957
2956
2955
2954
2953
2952
2951
2946
2944
2940
2939
2937
2936
2935
2934
2933
2932
2931
2930
2929
2928
2925
2921
2920
2919
2918
2917
2916
2915
2914
2911
2902
2897
2896
2895
2894
2891
2887
2882
2880
2877
2876
2875
2873
2872
2871
2869
2867
2866
2865
2861
2859
2858
2856
2853
2852
2850
2849
2847
2846
2842
2841
2838
2835
2833
2832
2831
2830
2829
2826
2824
2823
2822
2820
2814
2813
2810
2808
2807
2805
2804
2800
2798
2795
2794
2793
2792
2790
2788
2787
2784
2781
2780
2774
2771
2769
2768
2767
2764
2761
2760
2756
2755
2752
2751
2749
2747
2746
2741
2739
2736
2734
2733
2732
2728
2726
2723
2721
2720
2718
2716
2715
2714
2712
2711
2707
2706
2702
2701
2698
2694
2692
2689
2688
2686
2685
2684
2683
2682
2681
2680
2677
2675
2670
2667
2666
2661
2654
2653
2651
2650
2649
2648
2647
2646
2645
2644
2637
2636
2635
2633
2632
2631
2630
2627
2626
2625
2624
2623
2618
2617
2616
2609
2605
2604
2602
2601
2599
2597
2595
2594
2593
2592
2591
2590
2588
2587
2586
2585
2584
2583
2580
2578
2577
2576
2575
2574
2573
2572
2567
2566
2564
2563
2561
2560
2559
2558
2557
2556
2554
2551
2550
2549
2547
2546
2545
2544
2543
2542
2541
2540
2539
2538
2536
2534
2532
2527
2526
2525
2524
2523
2521
2519
2517
2516
2515
2514
2513
2509
2508
2506
2505
2504
2503
2502
2501
2500
2498
2497
2496
2495
2494
2492
2488
2486
2485
2484
2483
2479
2476
2473
2472
2470
2467
2466
2462
2460
2456
2455
2453
2452
2451
2449
2448
2447
2445
2441
2440
2439
2438
2431
2430
2427
2425
2421
2416
2415
2413
2412
2410
2403
2399
2397
2394
2393
2391
2389
2388
2387
2386
2384
2383
2380
2379
2377
2376
2374
2373
2372
2371
2368
2366
2365
2364
2361
2360
2356
2355
2353
2352
2350
2349
2348
2345
2344
2343
2341
2340
2339
2337
2335
2334
2333
2332
2330
2326
2325
2324
2323
2317
2316
2315
2312
2310
2309
2307
2305
2304
2302
2298
2290
2289
2288
2278
2277
2274
2270
2268
2267
2264
2260
2256
2254
2252
2251
2247
2246
2244
2243
2241
2240
2239
2238
2235
2234
2232
2231
2229
2228
2225
2221
2220
2217
2214
2213
2212
2210
2207
2206
2205
2204
2202
2201
2199
2198
2195
2193
2191
2190
2186
2185
2181
2180
2178
2177
2175
2174
2172
2171
2170
2169
2168
2167
2166
2165
2164
2163
2160
2158
2157
2156
2153
2152
2151
2149
2147
2143
2139
2136
2135
2133
2131
2130
2129
2128
2126
2125
2124
2123
2121
2120
2119
2117
2115
2114
2113
2112
2110
2109
2108
2107
2106
2104
2103
2102
2098
2097
2093
2092
2089
2087
2086
2085
2081
2080
2079
2078
2077
2076
2074
2072
2070
2069
2067
2065
2061
2060
2058
2057
2056
2055
2054
2053
2051
2050
2047
2046
2045
2044
2040
2039
2038
2036
2032
2031
2030
2029
2028
2027
2026
2025
2023
2022
2021
2019
2018
2017
2016
2015
2014
2009
2008
2007
2005
2002
2000
1998
1997
1996
1992
14841
1988
1983
1981
14832
1979
1978
1976
1975
14826
1973
14824
1971
14822
1969
14819
1966
1961
1959
14810
1957
1956
1955
1953
1951
1950
1947
1945
1944
14796
1943
14793
1940
14792
1939
14791
1938
1936
1934
1932
14781
1928
14780
1927
1925
14774
1921
14773
1920
1919
14771
1918
1917
1916
14768
1915
14766
1913
1912
14764
1911
1909
1908
1907
1906
1905
14756
1903
1901
1900
14746
1893
14744
1891
14743
1890
1889
1888
1885
14737
1884
1881
1880
1878
1877
1873
14725
1872
14724
1871
1870
1869
14721
1868
14719
1866
1865
14716
1863
1862
1861
1859
1858
1856
1855
14706
1853
1851
14702
1849
14699
1846
14698
1845
1844
14695
1842
14694
1841
1840
1838
1837
14688
1835
14687
1834
14685
1832
14684
1831
14678
1825
1824
14672
1819
14671
1818
1817
1816
14667
1814
14665
1812
14661
1808
14660
1807
14658
1805
14657
1804
14656
1803
14653
1800
14651
1798
14650
1797
1793
1792
1790
1789
1787
1786
14636
1783
14633
1780
14632
1779
1778
1777
1775
14627
1774
14624
1771
1769
1768
1766
1763
1760
1756
14606
1753
1750
1747
1744
14596
1743
14594
1741
1739
1732
1731
1730
14582
1729
14581
1728
1727
14579
1726
1725
14577
1724
14576
1723
1721
1719
1717
1715
1713
1712
14562
1709
14561
1708
14560
1707
14556
1703
14551
1698
14550
1697
14549
1696
14546
1693
14545
1692
14543
1690
14542
1689
14541
1688
14540
1687
1685
1684
1683
1682
1681
14533
1680
14532
1679
14531
1678
14530
1677
14529
1676
14528
1675
14526
1673
14525
1672
14522
1669
14521
1668
14519
1666
14517
1664
14516
1663
14515
1662
14514
1661
14513
1660
14512
1659
14509
1656
14507
1654
14506
1653
14504
1651
1649
14500
1647
1642
1633
14485
1632
1631
1630
1629
14481
1628
1627
1624
1623
1622
1618
14467
1614
1611
14461
1608
1607
14459
1606
1604
1601
14450
1597
1596
1595
14447
1594
1593
14445
1592
1590
1589
14441
1588
14439
1586
14437
1584
14435
1582
1580
14429
1576
1574
1573
14425
1572
1571
14420
1567
1566
1564
1562
1561
1559
1557
1555
1553
1552
1551
1548
14398
1545
14396
1543
1535
1532
14383
1530
1529
1527
1526
1524
1521
1516
1515
1513
1512
14363
1510
1505
14356
1503
1498
14350
1497
1496
14346
1493
1492
14344
1491
14342
1489
14341
1488
1487
1486
1485
14337
1484
14336
1483
1481
1480
14331
1478
14330
1477
1474
1472
14323
1470
1466
1465
1464
1463
1457
1456
14307
1454
1453
14304
1451
1450
1448
14299
1446
1445
1443
1442
1438
1437
14289
1436
1435
14285
1432
1431
14282
1429
1426
1424
14276
1423
1420
1419
14270
1417
1416
14267
1414
14266
1413
1412
14263
1410
1409
14259
1406
1392
14245
14256
1403
1398
1397
1372
14225
14236
1383
14235
1382
14234
1381
14231
1378
7797
1376
14217
1375
1374
1359
14212
1370
1369
14214
1361
1356
7773
14205
1352
1351
14202
1349
14200
1347
14199
1346
14197
1344
14196
1343
14194
1341
14193
1340
14192
1339
14191
1338
14189
1336
14188
1335
14185
1332
14183
1330
14182
1329
14174
1321
14173
1320
14172
1319
7739
1318
14169
1316
1304
14157
1315
1307
1305
14155
1302
14154
1301
14153
1300
14152
1299
1282
1276
7696
1275
1270
1263
7679
1258
14109
1256
1254
14083
14094
1241
14090
1237
14078
14089
1236
14088
1235
1232
1220
14073
7652
1231
14082
1229
1226
1224
1209
14062
1218
1213
1201
14054
7633
14065
1212
1192
14045
1203
14051
1198
1193
14044
1191
1185
1183
7603
1182
14033
1180
14021
1179
1176
1172
1171
1165
14016
1163
1156
1154
1140
13993
7572
14004
1151
14003
1150
14001
1148
1136
13989
1147
13999
1146
7566
13998
1145
7564
1143
1139
1134
7547
1126
1123
1121
1119
13970
1117
7536
1115
13967
1114
7534
1113
13964
1111
13960
1107
13959
1106
13957
1104
1092
13945
7524
1103
1102
1088
13941
13952
1099
1083
13936
13947
1094
13944
1091
1090
1084
1068
13921
1079
1078
1076
7494
1073
1069
7488
1056
13909
13920
1067
1063
1060
13911
1058
1054
1050
1049
7467
13899
1046
1045
1033
13886
13897
1044
1031
13884
1042
13892
1039
1034
1028
13880
1027
1023
1011
13864
7443
1022
13871
1018
1017
13867
1014
1000
13853
1007
1005
1004
13855
1002
989
13842
996
13836
13847
994
991
990
13840
987
985
7403
13835
982
13834
981
967
13820
13831
978
13818
13829
976
13825
972
7390
969
7389
968
956
13809
13819
966
13814
961
13813
960
13801
959
13811
958
7376
955
954
7371
950
13799
946
13795
942
940
937
13789
936
934
922
13775
933
928
926
13778
925
13773
920
7336
13768
915
13767
914
7330
898
13751
909
904
903
7323
13755
902
899
7317
896
13745
892
880
13733
891
7311
890
889
13740
887
13738
885
7304
883
866
13719
877
13729
876
874
13722
869
857
13710
13721
868
7287
854
13707
865
13712
859
855
841
13694
13705
852
7267
13699
846
7259
838
13687
834
830
829
7246
825
823
810
13663
821
820
806
13659
13670
817
816
814
813
801
13654
13665
812
805
792
13645
803
802
790
13643
799
13651
798
13649
796
795
7210
13642
789
786
784
13636
783
779
7197
13629
776
13626
773
13624
771
13622
769
756
13609
767
7187
766
763
761
758
13605
752
13603
750
13601
748
13600
747
7165
13597
744
13596
743
7162
741
13590
737
736
733
732
727
13576
723
720
717
715
699
13552
13563
710
13559
706
700
7120
697
692
13533
691
688
13539
686
13538
685
13535
682
681
13529
676
670
13520
667
13512
659
13511
658
7078
646
13499
13510
657
13509
656
650
644
640
639
628
626
13478
625
7044
623
13474
621
13472
619
13468
615
13467
614
13462
609
13461
608
592
13445
603
7016
595
587
575
13428
13439
586
585
584
571
13424
582
580
576
13427
574
572
13423
570
567
564
13404
562
561
548
13401
559
13411
558
557
556
552
547
534
13387
545
532
13385
543
542
539
525
13378
6957
13389
536
527
13375
522
13374
521
6941
520
13369
516
515
13365
512
13363
510
496
13349
13360
507
505
504
491
13344
6923
502
497
485
13338
6917
13348
495
482
13335
13346
493
486
6906
470
13323
13334
481
479
13331
478
6896
475
474
13326
473
459
13312
13322
469
467
466
13315
462
6878
13310
457
455
6871
450
436
13289
447
445
443
430
13283
441
440
437
13288
435
432
418
13271
6850
13282
429
13280
427
420
13268
415
414
6832
13264
411
6830
409
13261
408
13260
407
13258
405
6822
401
399
387
13240
13251
398
396
13247
394
392
390
378
13231
389
382
6794
373
359
13212
13223
370
369
6789
368
366
365
361
358
355
342
13195
353
351
339
13192
350
335
13188
346
343
6760
13190
337
336
330
328
326
325
6741
320
319
316
303
13156
314
13165
312
310
307
6727
306
304
6723
13155
302
13152
299
298
296
295
294
293
290
13139
286
280
13131
278
13127
274
13124
271
268
266
6685
264
251
13104
13115
262
13114
261
259
6679
258
256
254
253
241
13094
252
13103
250
247
13096
243
13092
239
236
13086
233
13084
231
214
13067
225
13077
224
221
220
215
13066
213
212
6632
211
13058
205
13057
204
6623
13055
202
13054
201
13052
199
13050
197
13045
192
13044
191
13041
188
13036
183
13035
182
13034
181
13032
179
13028
175
13025
172
170
13018
165
160
158
146
12999
13010
157
143
12996
13007
154
152
151
6565
144
12983
12994
141
135
131
12982
129
12978
125
124
6544
123
12975
122
121
118
117
105
12958
116
12967
114
112
12952
110
12961
108
106
6525
104
103
12951
98
6517
12949
96
95
93
92
91
88
80
79
77
76
75
74
12926
73
64
49
12902
60
59
6478
12910
57
6472
51
37
12890
12901
48
43
30
12883
12894
41
12892
39
26
12879
36
34
33
31
29
17
12870
28
23
12874
21
6439
18
6437
16
6433
12
6428
7
6426
5
6425
4
0
5404
11825
662
13515
13526
673
3861
10282
4655
11076
1452
7873
14281
1428
5883
1065
4253
10674
5736
12157
5751
1363
7754
1322
14175
6157
12578
4616
11037
939
6113
665
7086
9534
3113
1946
14788
2194
8615
8670
14260
1407
14249
873
10497
4076
7095
13527
674
10298
3877
162
3350
9771
147
6568
1579
8000
5374
11795
13451
598
7004
5840
5787
5754
12175
14823
1970
7594
14026
1173
907
2507
8928
8767
6994
573
2173
8594
2979
9400
14201
1348
2815
13217
364
13187
334
323
13176
2528
8949
5376
3050
9471
5805
12226
13962
1109
5124
11545
1482
14324
7151
730
10339
11969
5548
14544
1691
1706
8127
5584
12005
2381
8802
2390
8811
4793
11214
5307
489
3677
10098
13301
2420
8841
8856
2435
908
13761
13772
919
2899
9320
3741
523
6944
2255
8676
2261
8682
13153
300
2652
9073
2138
8559
13832
979
949
938
13791
4167
10588
882
4927
11236
4815
5961
12382
2142
13804
951
4112
10533
4891
11312
12109
1267
14120
1278
14101
1248
1287
4475
10896
78
1711
4905
4798
11219
4813
14463
1610
8031
4073
7422
5665
5620
12041
2417
8838
14118
1265
4453
10874
729
663
652
13505
3111
4630
13800
947
4135
10556
13770
917
906
13759
120
9729
14548
1695
8116
14554
1701
8122
2600
5761
12182
4946
11367
4961
2555
8976
6131
12552
4567
7018
597
9364
14165
1323
6015
12436
4451
5618
12039
4024
10445
12281
2672
714
2296
8717
9174
2753
2041
8462
931
10540
3716
438
14843
1990
6839
3621
13602
749
719
708
13561
3937
10358
1910
1899
14752
352
9961
963
6289
14696
1843
11491
7783
14215
1362
10562
4141
487
3675
10096
645
13483
630
7051
1015
4203
10624
4218
4360
9184
2763
315
7832
4638
5208
14061
1208
10832
4411
14031
1178
4366
10787
1155
14008
1166
3980
10401
819
7225
5595
12016
14013
1160
10769
5234
11655
14102
1249
10858
2843
9264
14436
1583
8037
11715
5294
13318
476
3664
10085
5246
11667
7134
13566
713
7119
13546
13557
704
13542
689
7110
7137
13569
716
3919
5074
5160
5115
11536
8375
1954
5157
6769
348
3551
501
3704
1242
14095
7674
14106
1253
1223
1274
14434
1581
14423
6435
14
6405
12826
14452
1599
8020
6453
12885
32
6423
2
12844
5031
11452
229
13082
6661
240
3428
9849
5022
11443
4861
13491
649
7055
634
10243
3837
604
593
13446
5025
13060
207
3395
9816
14615
1762
1751
14604
1828
6192
12613
2989
9410
6225
2998
9419
3013
4628
1384
14237
7678
14110
1257
1216
14069
6084
2857
9278
5708
12129
4896
11317
11688
11721
5300
13362
509
4939
5801
12222
2598
9019
9079
2658
5846
12267
6007
5992
12413
14042
1189
4377
10798
12968
12979
126
3329
6490
58
12911
4893
11314
2487
8908
13747
13758
905
875
7266
839
13662
809
12054
6349
5346
3749
10155
13372
519
10128
11538
1977
8398
3574
9995
1965
8386
13227
374
3562
9983
6321
12742
1473
14315
14392
1539
1506
7927
4709
11130
1490
7911
9698
5258
2001
5821
12242
61
3249
9670
6467
14508
1655
8076
4849
11270
14499
1646
8067
458
10067
6984
563
578
3766
10187
5363
11784
11125
4704
6268
12689
14297
1444
1433
14286
4662
11083
5145
11551
6739
318
288
277
13130
5112
11533
273
4748
6345
3142
9572
3151
7124
13556
703
1560
5509
2291
8712
2535
8956
4922
11343
13038
185
6461
12893
40
6431
10
12852
5646
12067
861
4049
10470
12934
81
3269
9690
2621
9042
6647
13079
226
238
3441
718
8721
6199
12620
7041
13473
620
3808
10229
581
540
13393
5408
1252
4455
4422
10843
4852
4837
11258
1619
8040
52
3255
11861
643
13466
613
602
13455
11064
1425
6240
12661
5043
11464
13099
246
216
2579
13513
660
3848
10269
633
6929
13361
508
3696
10117
13370
517
1314
4502
10923
6852
431
416
6837
13275
422
3610
10031
2757
9178
2772
11473
5052
11428
12082
1206
7627
14053
1200
2884
860
10469
4081
2697
9118
12321
1097
768
10377
14373
1520
7941
12510
2886
9307
7743
4525
1281
14134
14104
1328
1313
7734
9322
14163
1310
4498
10919
2140
8561
7779
1358
4561
5662
2459
2468
12077
871
13706
853
4056
38
3226
9647
12900
47
4820
11241
14479
1626
1615
14468
8047
12059
2474
2020
8441
2862
177
132
3320
9741
3353
11830
2248
8654
7033
13465
612
14593
1740
1755
8176
2889
9310
1243
4446
6010
12431
4647
6211
12632
3008
9429
13224
371
4675
2941
9362
10574
12171
13584
13595
742
3945
10351
3148
4712
11133
1494
1745
8166
7350
929
4132
13628
775
13598
745
734
13587
2408
811
13634
781
13623
832
12514
6093
14137
1284
7690
1985
8406
11600
412
3615
5170
11591
14805
1952
1941
14794
7069
648
3836
10257
4664
11085
6258
12679
1434
4667
13577
724
683
13536
5515
5482
11903
2095
6886
1268
14092
14103
1250
14112
1259
10868
4462
2892
2404
6434
13
530
3733
1074
2674
9095
5892
2942
6103
12524
6118
281
13134
292
3480
9901
301
3489
9910
5089
11510
6189
4592
1389
5326
11747
6100
6085
12506
6236
3003
9424
1439
13480
627
13489
636
3839
13471
618
10227
13441
588
577
13430
5436
14842
1989
8410
5216
1177
1175
14028
1186
4374
10795
14057
1204
4407
1174
14060
1207
1181
14034
7613
4419
5213
2010
666
11881
2272
2299
5493
3117
4762
3123
9544
6356
3153
7986
14407
1565
1550
7971
4777
14006
1153
10762
1138
7559
1995
5183
11604
13209
356
3544
9965
14767
1914
13604
751
13574
721
5578
2375
4751
11172
11187
4766
1563
6348
12769
4332
10753
9150
2192
2159
8580
3796
10954
1345
5350
11771
3786
10192
6974
553
11768
2144
8565
7786
1365
4553
10974
13521
668
11844
8734
2328
3910
10331
11922
2358
5561
8729
13579
726
13549
696
7132
5541
2347
5550
4937
11358
3346
6534
102
12955
4872
14492
1639
13700
847
4035
10456
234
13087
245
11457
5036
11415
1776
14618
11448
5027
4885
11306
100
3288
9709
14511
1658
7949
3125
9546
1495
7398
13830
977
13815
962
7383
13051
198
3401
168
13042
189
13027
174
6595
13024
171
156
6577
4956
11377
3139
9560
12763
900
13753
13764
911
881
13723
2493
8914
4267
2322
8743
5525
11946
13850
997
4227
1024
1830
5048
11469
7615
1194
1164
10580
4159
941
930
13783
7362
13939
1086
4274
10695
1047
1036
13889
14835
5211
11632
1999
8420
1984
90
13043
190
1754
8175
14378
14389
1536
7957
5321
11742
569
3772
13827
974
4162
10583
5792
2565
8986
953
13971
1118
4321
13953
1100
4288
10709
2691
9112
14783
1930
13177
324
3527
3907
10328
5504
11925
7817
1393
4581
11002
1547
13225
372
3575
3560
9981
381
363
5172
4395
223
3426
13049
196
155
13008
2629
2596
9017
6340
4743
6316
12737
11499
1860
8281
5120
12325
1128
10737
8188
4979
11400
13056
203
9812
13047
194
13017
164
153
13006
13097
244
3432
9853
14655
1802
14644
5035
2208
11817
600
13453
13464
611
7023
3805
6996
5402
265
1796
1785
14638
87
72
6493
9714
2071
8492
5289
8537
2116
1260
1255
14108
1296
2860
9281
6078
1245
4448
2878
6066
12487
13307
454
424
413
13266
13292
439
6860
1886
14728
322
331
9940
1617
6471
12903
50
3238
9659
12873
20
12862
12939
86
354
3206
4770
11191
13256
403
4018
4003
10424
842
6152
12573
1367
10976
5155
11576
14820
1967
12989
136
3324
9745
145
6551
12980
127
12950
97
3017
9438
6220
12641
3032
12069
872
7278
2454
8875
255
3443
9864
740
725
7146
5444
635
4817
12868
12838
7854
12518
6097
4467
10888
2903
1742
8163
1757
7314
13746
893
7299
10517
4096
5693
2490
8952
2531
5719
12140
5734
13769
916
901
7322
4104
10525
4021
10442
818
7239
14749
1896
5075
11496
1857
8278
5090
1391
14253
1400
11024
4603
13279
426
3629
13912
1059
8791
2370
5558
11979
709
13551
362
13185
332
13174
9971
1986
4352
10773
282
3479
9900
2319
8740
5522
11943
7176
13608
755
3958
5733
12154
2530
8951
5757
5724
12145
3064
3049
9470
6267
8974
2553
3809
579
13391
2924
9345
2062
3626
10047
6877
13309
456
10065
3659
2819
9240
9255
2834
12443
1246
1264
14692
1839
8260
5057
275
3478
6681
9884
2273
2258
8679
11855
3886
10274
14187
1334
4528
14151
1298
1272
14125
7704
1280
4468
10889
7692
1271
287
13110
257
13125
272
6693
2786
8069
1637
14490
1648
12895
42
3245
1722
8143
1716
14558
4949
5414
11835
2226
3817
10238
629
13774
921
5715
12136
2512
8933
5706
12127
227
9836
4589
11010
5879
5864
12285
14779
1926
12750
3135
9556
6362
1013
1043
13627
774
10365
5574
1479
1468
14321
1509
4697
11118
14230
1377
10986
1394
14232
1379
7800
2976
9397
13693
840
4043
3169
9590
6372
12793
3202
827
4015
10436
800
3988
10409
791
7203
782
3970
10391
844
4047
14705
1852
8273
14720
1867
4150
10571
4183
641
3829
10250
1447
4310
10731
4325
5916
12337
9134
14002
1149
6233
12654
3045
3072
1387
10996
6271
12692
4674
11095
7883
13012
159
6580
3377
2881
9302
3026
9447
6244
6229
12650
3035
9456
5356
11777
8583
3759
10180
5603
12024
2184
13848
1006
4194
10615
8991
13841
988
7394
1135
7526
1108
4296
10717
1093
7514
494
3682
10103
5312
161
9785
3364
6140
12546
2922
9343
2262
5465
3835
10256
4450
10871
14100
1247
7668
6038
12459
14505
1652
1641
14494
3282
9703
4879
11300
12258
9055
13908
1055
7476
7491
1070
4258
10679
13893
1040
10649
5224
11645
13137
284
3487
7319
14520
1667
4864
11285
1197
4385
10806
4394
10815
4409
5997
14041
1188
2803
452
2801
9222
6004
12425
596
13419
566
555
13408
3081
537
6961
13641
788
3991
13531
678
3866
10287
2269
8690
3899
3884
10305
7108
687
2320
5263
11684
5278
460
10069
5845
12266
4574
765
13588
735
279
3491
12119
2510
9220
7620
14052
1199
1158
14011
10823
4402
1190
7596
4699
6290
12711
3102
5604
2401
4007
13259
406
3609
13244
391
6812
5197
11603
910
10519
14557
1704
8125
11328
2367
932
1294
7700
9330
2909
1761
8182
4964
11385
14599
1746
14588
1061
4240
10661
1041
13894
1052
12231
13879
1026
7447
11690
2066
8487
1142
13954
4330
10751
13986
1133
13463
610
8604
11807
6998
1770
8191
14590
1737
4997
14647
1794
1764
14626
1773
4991
11412
14641
1788
8209
1124
2724
9145
2122
8543
6946
531
10140
14255
1402
4605
1850
1309
4512
6109
421
6842
964
13508
655
3858
2033
8454
5984
5969
12390
2766
9187
4363
10784
10132
6935
514
13337
484
13029
176
3379
5039
11460
14689
1836
8257
3466
6669
3318
9739
2620
2011
8432
3060
4657
4648
14283
1430
7851
9894
4725
11146
6245
12666
3042
9463
2870
2855
9276
1291
14115
1273
6082
13062
209
3412
13883
1030
7454
5652
7249
5457
11878
690
3893
2224
8645
624
594
13436
2242
8663
2257
2385
8806
2851
9230
6012
12433
1096
1081
7502
10705
5881
12302
2678
9099
13532
679
12307
7028
13460
607
13469
616
3804
10225
4641
11062
13625
772
757
7178
2354
8775
13607
754
1534
7955
14376
1549
7970
6391
14438
1585
8006
8021
1600
13191
338
297
13150
6599
13031
178
3366
9787
163
6584
13236
383
1238
14064
1211
4414
4399
10820
1202
14040
1187
7608
2150
8571
5353
11774
568
3780
3535
311
13194
341
2676
9097
9393
5202
10213
13824
971
360
3548
9969
345
6766
4859
8062
14527
1674
5092
11513
2176
8597
2285
8706
5488
11909
5512
2294
8715
1923
5153
5138
11559
2945
5616
12037
849
10458
10473
4052
1289
4492
6643
13075
222
3410
9831
4723
2778
13845
992
4222
206
14662
1809
5060
6663
242
3430
9851
1833
8254
2134
9085
1071
13924
1082
12297
3367
3352
9773
4425
1240
7646
14241
1388
7794
237
13780
927
897
886
13739
2230
8651
856
4059
2004
8425
3194
12818
6397
3161
9582
6364
12785
1531
2301
695
3898
2908
14164
1311
5056
11477
5071
10645
4239
5949
2722
9143
12346
2737
2704
9125
3791
490
2105
313
3516
283
9922
1904
8325
8886
5683
13765
912
4115
4786
5690
5675
12096
3496
9917
3511
14637
1784
793
3996
11331
4910
1366
4569
14488
1635
14524
1671
8059
3993
5009
11430
13316
463
433
13325
472
10081
249
13072
219
208
13061
3437
9858
6020
128
8131
119
3322
3307
9728
7038
13470
617
759
5744
1714
8135
11338
5220
5193
1960
1949
14802
8369
1933
1922
14775
14634
1781
8202
327
3530
1085
5885
2890
9311
535
10159
3738
10153
544
6950
526
10135
3729
6561
140
167
3370
8520
14146
1293
4496
4481
10902
385
5152
11573
8370
3190
9596
6378
12799
3184
9605
1620
4808
11229
9477
5287
11708
2084
8505
1612
8033
11260
4839
14498
1645
11224
13560
707
2603
9024
1012
4200
10621
1003
1009
1826
14668
67
11025
13353
500
8512
3679
10100
1598
14451
4827
11248
6
1357
7778
1062
4250
10671
1080
4283
1823
3486
785
7191
3973
10394
5585
5570
11991
5385
2182
1759
1748
14601
8180
11383
11374
6574
138
3356
9777
1556
7977
2331
1167
4355
10776
428
3631
13317
464
3634
10055
5866
12287
2663
9084
2950
9371
1418
7839
4636
4621
11042
7848
2615
9036
1051
2499
8920
9762
3341
11347
2314
5517
5663
12084
3347
9768
6061
12482
1324
12658
5275
11696
2827
9248
2024
8445
5529
11950
5544
11965
777
1508
14361
4752
13371
518
477
13330
3721
6121
4942
5980
12401
1184
14037
1195
10804
4085
10506
541
2141
8562
13403
550
8553
5335
11756
3769
4534
14184
1331
8727
6023
1196
2811
5999
12420
2796
9217
4417
1214
5199
11620
4375
10796
6112
12533
503
3691
10112
5330
2127
5944
2717
9138
13558
705
13517
11359
1720
1736
8157
11351
6059
12480
13270
417
3620
6808
9890
4281
10702
9795
6616
13048
195
13022
6601
14190
1337
4540
3872
6262
12683
831
11740
4144
4582
1892
8313
5095
11516
6323
3105
9526
6308
12729
2311
8732
14394
1541
14367
1514
11123
1499
7920
6440
12872
19
3198
9619
4795
11216
5627
10418
2839
9260
367
9976
6797
11615
1991
8412
2006
5185
11606
1963
8408
5190
11611
423
5292
8858
1962
923
4126
12105
111
13053
200
3388
9809
2188
8609
2203
11812
1261
13237
6816
395
3583
10004
3598
1327
1286
14139
4557
4542
10963
5011
11432
13040
187
4089
895
13766
913
1390
1613
14455
4840
11261
85
9667
824
1233
4436
2461
8882
5679
13351
498
3686
10107
1408
4611
6208
4244
10665
14663
1810
8231
3407
9828
210
6241
6226
12647
3104
9525
6337
13650
797
5441
5372
554
3742
10163
14654
1801
8222
2589
9010
998
4186
10607
10598
2610
9031
2628
9049
2643
1876
5816
12237
13591
738
3926
10347
6306
12727
3085
9506
6288
12709
3097
9518
3130
4694
11115
864
9503
1467
7888
14370
1517
6369
12790
1569
7990
11193
5572
11993
787
3975
10396
4326
10747
1129
12094
10515
4109
2759
9180
1902
5545
2327
8748
4718
11139
12745
9542
329
3517
9938
1141
4701
4686
11107
6328
4716
11137
4731
4695
11116
1501
7922
12731
6325
3182
9603
6385
12806
1603
8024
2227
8648
2236
8657
11875
5454
3851
10272
2883
9304
10892
560
13443
590
13458
605
4860
11281
14510
1657
8078
4851
11272
66
3254
9675
884
2481
863
7254
13675
7269
53
6438
12829
4811
11232
12897
44
3247
13341
11717
2111
8532
5967
12388
5795
12216
1010
4198
10619
3404
9825
11422
289
12244
4259
10680
2662
9083
11093
4669
11090
6281
3078
6266
12687
2868
14097
1244
10853
6029
12450
10856
5247
11653
5241
11662
13525
672
3875
851
4328
1116
7522
8012
6415
5859
2656
1035
1020
7441
4214
10635
5844
13454
601
2962
9368
6150
12571
1353
5383
11804
5398
5184
4387
4470
2012
5200
11621
442
3645
1217
4420
3208
9629
1578
13599
746
3934
10355
764
3967
8778
3782
10203
2218
11454
14659
1806
14648
6475
12907
54
3242
9663
14275
1422
1847
340
9949
14751
1898
1887
14740
5131
11552
5134
11555
349
9958
8567
2179
3788
10209
3833
1288
6025
12446
11732
1326
10935
6144
12520
1308
1317
4505
10926
12908
55
13690
837
10446
13720
867
4070
6298
2295
5498
13524
671
5428
589
2189
8610
9442
3095
9516
4984
8193
4990
4960
11381
4993
6614
13046
193
3396
14156
1303
4957
5709
12130
4413
10834
449
419
5252
11673
2049
8470
2082
2776
3485
9906
13861
1008
5926
9129
11798
5432
6207
12628
12624
6218
3687
14736
1883
2758
14014
1161
2725
9146
11540
3522
9943
1504
12767
1522
1511
14364
4782
71
4874
11295
943
4131
10552
12149
2362
8783
2395
5556
11977
3159
9580
3192
12774
13839
986
10595
7401
5771
12192
4790
11211
12166
984
993
4196
5538
11959
5553
3923
10344
3418
9839
5030
5015
11436
1075
6273
12694
12700
4682
11103
12703
11906
4688
11109
7842
12861
8
12820
1575
4763
11184
6396
12915
62
4856
11277
5226
11647
2582
9003
5809
4847
235
3423
9844
5641
2429
2414
8835
5647
68
4771
9553
6335
12756
6389
149
2639
3624
11961
1964
8385
14258
1405
2253
11047
2280
1799
5032
232
3435
5793
12214
2608
9029
5826
1170
4358
10779
13241
388
5206
109
3297
9718
139
3342
14821
1968
5186
11607
13263
410
380
2336
13565
712
3915
2318
2276
8697
5479
11900
1130
2282
11891
3960
2818
1558
7979
4600
11021
6212
14238
1385
1355
1053
7459
2668
2265
2963
9384
14252
1399
4587
11008
1360
4620
5221
11642
12916
63
3251
9672
5081
11502
8308
3526
5484
8687
3054
9475
14081
1228
4431
5995
12416
1210
4398
10819
14747
1894
8315
270
701
2419
5930
12351
5178
5634
7228
807
3995
10416
25
7932
12723
13963
1110
4313
5046
11467
4216
2443
269
3472
11624
2042
2836
3167
9588
3656
2396
8817
835
3751
12500
14138
1285
12101
5749
5725
12146
65
12877
8065
5322
14748
1895
2740
9161
2782
11957
6366
7963
12935
82
3285
9706
14552
1699
84
400
10714
2696
9117
8320
1132
4335
6334
6286
12707
10690
1072
2693
9114
1120
6231
622
5443
944
5643
12064
1502
397
471
6035
12456
6195
12616
5291
11712
1306
4494
10915
9327
3372
6114
12535
13037
184
2200
2699
3106
1974
8395
3109
9530
528
483
3671
10092
6383
12804
3189
9610
13980
1127
13278
425
434
10043
631
3819
10240
999
4202
506
5891
12312
13771
918
4121
13798
945
2034
4548
10969
101
5659
12080
1295
4483
10904
653
3841
10262
5928
12316
12909
56
11292
5496
11917
14195
1342
4530
10951
2548
8969
13828
975
4178
2581
957
4145
10566
1219
5954
5297
3950
10371
10864
1460
7881
2660
9081
6255
12676
3896
10317
3499
9920
2215
5779
13823
970
3642
451
3639
10060
347
12314
377
13228
375
3578
9166
13026
173
137
10964
565
3753
10174
7792
6247
12668
2423
11852
1643
2948
9369
642
3845
