30814
30810
30809
30807
30799
30788
30786
30781
30770
30761
30751
30738
30728
30726
30709
30700
30697
30694
30692
30689
30687
30661
30657
30656
30638
30635
30626
30625
30621
30613
30609
30607
30601
30600
30574
30571
30565
30561
30547
30543
30535
30533
30516
30511
30493
30491
30467
30460
30452
30425
30423
30413
30406
30392
30390
30375
30372
30371
30368
30367
30360
30348
30338
30334
30332
30318
30308
30295
30283
30281
30280
30278
30267
30266
30263
30260
30259
30243
30239
30233
30232
30231
30230
30228
30227
30223
30220
30219
30214
30213
30209
30170
30159
30155
30146
30145
30144
30141
30140
30132
30127
30125
30124
30122
30121
30120
30116
30114
30113
30112
30108
30106
30105
30103
30101
30100
30097
30096
30093
30092
30086
30085
30084
30083
30080
30077
30069
30068
30064
30063
30059
30057
30055
30050
30049
30047
30045
30043
30042
30040
30032
30029
30028
30020
30015
30013
30012
29995
29973
29971
29959
29945
29938
29935
29934
29916
29914
29901
29898
29893
29892
29891
29890
29886
29884
29881
29878
29875
29871
29869
29868
29867
29862
29859
29850
29849
29848
29844
29841
29840
29834
29833
29829
29828
29826
29815
29770
29762
29757
29752
29748
29737
29714
29713
29678
29670
29582
29573
29572
29568
29550
29545
29544
29542
29540
29518
29485
29464
29459
29454
29437
29434
29417
29403
29398
29391
29389
29388
29382
29377
29368
29365
29360
29325
29319
29313
29311
29308
29306
29295
29286
29272
29266
29264
29261
29258
29257
29256
29254
29250
29249
29243
29235
29229
29228
29226
29225
29221
29215
29210
29206
29204
29203
29202
29201
29200
29198
29197
29187
29179
29114
29110
29096
29095
29076
29053
29048
29045
29042
29040
29025
29004
29002
28988
28960
28947
28930
28920
28912
28910
28909
28905
28902
28885
28883
28836
28828
28802
28798
28794
28791
28790
28783
28773
28760
28755
28729
28704
28699
28692
28659
28651
28648
28636
28609
28602
28593
28564
28544
28526
28488
28474
28461
28460
28451
28444
28441
28440
28439
28428
28416
28414
28393
28387
28379
28375
28325
28281
2499
28216
28193
2461
28178
2458
28175
2448
28165
28152
28148
28146
2423
28140
2418
28135
2410
28127
2400
28117
2337
28054
2311
28028
28023
2295
28012
2258
27975
2252
27969
2249
27966
2232
27949
27926
27925
2205
27922
2199
27916
27859
2131
27848
27827
27825
27814
2091
27808
27803
27801
2073
27790
27780
2053
27770
2052
27769
2017
27734
27733
27727
27725
1991
27708
27684
1933
27650
1919
27636
1916
27633
27632
1912
27629
27626
1898
27615
27612
27601
1880
27597
1879
27596
1876
27593
1874
27591
1866
27583
1861
27578
27538
1797
27514
1780
27497
1768
27485
1755
27472
27448
27439
27421
27418
1694
27411
1690
27407
27406
27404
1682
27399
27395
1661
27378
27371
27358
1639
27356
1625
27342
1623
27340
1611
27328
1606
27323
1584
27301
1528
27245
27233
1502
27219
1500
27217
1461
27178
27152
27144
1425
27142
1424
27141
1422
27139
27122
27120
1358
27075
27071
1353
27070
27065
1341
27058
27045
1322
27039
27033
27024
27023
27022
1296
27013
27001
26989
1263
26980
26962
26955
26953
26949
26947
26945
26944
26942
26937
26936
1218
26935
1209
26926
1208
26925
1201
26918
26913
26912
1192
26909
26908
1180
26897
26884
26878
1158
26875
1156
26873
1148
26865
26863
1139
26856
26855
26852
26847
26844
26841
26839
26838
1114
26831
26829
1105
26822
1097
26814
1089
26806
1072
26789
26757
1023
26740
26737
26733
1011
26728
26724
1003
26720
980
26697
979
26696
26693
973
26690
26684
965
26682
26678
952
26669
26655
26654
926
26643
26641
26639
903
26620
26592
873
26590
872
26589
868
26585
867
26584
26583
864
26581
863
26580
858
26575
855
26572
846
26563
845
26562
26556
828
26545
826
26543
26520
802
26519
800
26517
794
26511
792
26509
26497
774
26491
770
26487
769
26486
26485
764
26481
760
26477
26468
723
26440
707
26424
697
26414
26409
684
26401
683
26400
671
26388
645
26362
638
26355
26354
626
26343
26338
26337
618
26335
26333
26331
26328
603
26320
26312
588
26305
26302
26295
26293
568
26285
552
26269
536
26253
26211
26209
26205
26203
26202
480
26197
478
26195
26192
468
26185
26182
460
26177
26133
414
26131
26119
399
26116
26110
26109
391
26108
26107
26106
26098
379
26096
378
26095
26094
373
26090
26083
26080
361
26078
360
26077
26075
26072
283
26000
280
25997
262
25979
261
25978
25963
25959
233
25950
231
25948
25932
206
25923
175
25892
173
25890
167
25884
158
25875
131
25848
114
25831
25799
13
25730
3
25720
25701
25698
25697
25695
25668
25662
25659
25649
25640
25631
25629
25628
25621
25620
25616
25615
25613
25608
25596
25595
25571
25568
25562
25558
25556
25552
25542
25540
25529
25526
25522
25520
25519
25518
25516
25513
25511
25509
25507
25506
25504
25503
25502
25501
25500
25498
25496
25492
25490
25480
25479
25478
25477
25476
25469
25460
25454
25453
25451
25450
25449
25446
25445
25444
25440
25436
25411
25408
25405
25404
25403
25402
25395
25393
25392
25388
25387
25386
25382
25380
25374
25361
25360
25359
25357
25353
25351
25348
25343
25338
25321
25316
25304
25302
25291
25290
25287
25281
25279
25277
25276
25275
25269
25266
25264
25261
25260
25257
25256
25255
25252
25247
25238
25235
25231
25229
25227
25217
25213
25212
25211
25208
25206
25203
25196
25194
25193
25191
25188
25187
25185
25181
25176
25175
25165
25157
25155
25154
25148
25145
25144
25119
25116
25114
25113
25111
25109
25105
25103
25101
25098
25097
25095
25093
25092
25091
25090
25089
25084
25070
25068
25067
25066
25064
25062
25059
25037
25036
25035
25034
25031
25030
25026
25022
25021
25018
25010
25005
24992
24991
24988
24986
24984
24981
24979
24977
24975
24974
24971
24969
24966
24960
24955
24953
24950
24948
24947
24945
24941
24937
24936
24933
24930
24925
24918
24907
24906
24902
24899
24888
24887
24885
24884
24883
24882
24881
24879
24877
24876
24874
24871
24869
24867
24865
24861
24860
24859
24855
24854
24852
24847
24846
24845
24842
24841
24839
24838
24837
24834
24831
24830
24829
24828
24823
24821
24817
24813
24798
24797
24796
24776
24769
24754
24743
24736
24729
24728
24725
24724
24719
24701
24693
24690
24682
24681
24660
24654
24652
24649
24643
24640
24639
24628
24621
24620
24618
24613
24609
24607
24600
24590
24571
24548
24544
24526
24514
24512
24509
24499
24489
24477
24471
24465
24448
24447
24439
24438
24430
24426
24425
24416
24414
24410
24403
24399
24398
24386
24385
24382
24377
24375
24372
24364
24362
24359
24353
24341
24340
24332
24283
24280
24269
24256
24240
24237
24229
24226
24224
24222
24218
24209
24208
24207
24203
24202
24201
24198
24177
24173
24172
24164
24157
24149
24142
24103
24100
24094
24089
24055
24054
24021
24020
24013
23977
23969
23960
23933
23932
23918
23915
23885
23882
23858
23857
23833
23828
23827
23821
23817
23813
23812
23802
23775
23760
23748
23747
23721
23719
23717
23716
23705
23704
23693
23687
23685
23678
23673
23667
23664
23659
23654
23653
23650
23646
23645
23644
23643
23638
23629
23628
23626
23625
23624
23623
23622
23621
23620
23619
23609
23608
23607
23604
23602
23599
23597
23595
23591
23583
23582
23571
23568
23562
23561
23559
23558
23557
23553
23546
23545
23542
23539
23535
23530
23528
23525
23523
23517
23516
23514
23510
23508
23507
23504
23501
23499
23497
23495
23492
23489
23488
23482
23481
23480
23479
23478
23476
23475
23474
23472
23471
23470
23469
23468
23467
23465
23464
23463
23462
23460
23457
23455
23451
23450
23449
23448
23447
23446
23445
23439
23438
23432
23429
23425
23420
23419
23417
23415
23414
23412
23404
23403
23400
23398
23395
23393
23390
23389
23388
23383
23382
23380
23378
23372
23367
23361
23359
23358
23357
23356
23352
23350
23347
23345
23329
23326
23322
23320
23319
23317
23314
23312
23309
23303
23299
23295
23288
23287
23286
23283
23282
23280
23279
23278
23276
23274
23273
23272
23267
23259
23258
23257
23256
23253
23252
23251
23250
23249
23246
23242
23234
23233
23232
23231
23220
23204
23200
23197
23196
23193
23190
23188
23187
23185
23184
23181
23179
23178
23170
23156
23151
23147
23146
23144
23142
23140
23138
23135
23109
23106
23105
23103
23102
23095
23094
23091
23090
23089
23087
23084
23083
23081
23078
23077
23075
23072
23054
23050
23049
23042
23040
23035
23033
23029
23026
23024
23023
23020
23016
23010
23008
23001
22999
22997
22993
22978
22977
22973
22971
22968
22966
22951
22938
22930
22925
22924
22920
22916
22908
22907
22900
22883
22880
22878
22875
22869
22867
22864
22861
22858
22851
22849
22847
22839
22835
22823
22813
22800
22797
22795
22790
22787
22785
22784
22780
22778
22775
22768
22764
22756
22755
22754
22752
22751
22741
22739
22737
22732
22730
22729
22723
22721
22716
22714
22711
22710
22708
22705
22703
22701
22698
22696
22690
22683
22676
22670
22665
22662
22661
22659
22653
22649
22642
22640
22638
22637
22635
22634
22633
22632
22624
22623
22620
22611
22608
22607
22603
22601
22596
22594
22588
22587
22586
22584
22582
22581
22580
22579
22576
22575
22574
22568
22565
22559
22555
22544
22543
22538
22537
22531
22528
22526
22525
22521
22518
22517
22516
22514
22513
22493
22492
22484
22479
22472
22470
22469
22465
22456
22452
22447
22446
22445
22440
22431
22430
22425
22423
22419
22417
22413
22411
22409
22408
22405
22404
22400
22397
22391
22390
22387
22386
22383
22382
22377
22376
22372
22367
22365
22362
22360
22358
22341
22339
22335
22333
22332
22330
22328
22326
22324
22321
22318
22317
22315
22314
22312
22311
22308
22306
22303
22297
22295
22293
22291
22289
22287
22286
22283
22278
22270
22264
22260
22259
22254
22249
22248
22247
22244
22242
22235
22234
22230
22229
22223
22222
22219
22218
22217
22215
22212
22209
22203
22198
22192
22191
22182
22171
22168
22163
22161
22159
22151
22150
22147
22145
22144
22143
22142
22141
22135
22134
22131
22129
22128
22125
22121
22120
22116
22115
22114
22111
22110
22109
22108
22106
22105
22102
22101
22099
22096
22090
22081
22079
22077
22075
22074
22073
22062
22060
22058
22057
22056
22055
22054
22053
22043
22039
22034
22033
22031
22029
22022
22021
22019
22018
22017
22016
22015
22013
22012
22011
22007
22006
22000
21999
21995
21993
21992
21988
21987
21985
21984
21983
21976
21969
21967
21966
21965
21962
21958
21957
21956
21954
21953
21952
21950
21949
21948
21947
21946
21945
21943
21940
21939
21937
21936
21932
21930
21918
21915
21909
21907
21904
21894
21891
21889
21886
21884
21883
21880
21878
21874
21868
21867
21866
21864
21856
21854
21847
21846
21834
21832
21831
21826
21822
21818
21816
21809
21801
21800
21799
21796
21788
21786
21780
21779
21778
21771
21769
21767
21764
21753
21733
21731
21728
21727
21711
21710
21701
21697
21694
21693
21688
21687
21686
21679
21676
21674
21670
21669
21663
21662
21660
21659
21658
21657
21644
21641
21635
21632
21627
21615
21608
21607
21594
21590
21586
21575
21551
21546
21544
21537
21532
21527
21523
21517
21516
21515
21505
21502
21501
21489
21487
21486
21479
21472
21465
21464
21461
21460
21458
21454
21452
21451
21441
21437
21434
21432
21429
21419
21417
21414
21409
21408
21405
21400
21395
21392
21381
21375
21364
21359
21358
21348
21346
21344
21339
21336
21332
21330
21329
21328
21327
21323
21321
21319
21318
21313
21304
21303
21301
21299
21296
21294
21292
21291
21290
21289
21287
21279
21271
21269
21262
21261
21259
21256
21252
21244
21241
21223
21222
21220
21216
21215
21214
21213
21209
21205
21194
21193
21191
21190
21189
21180
21174
21149
21144
21142
21140
21136
21133
21132
21129
21128
21125
21118
21116
21112
21111
21109
21106
21104
21103
21101
21100
21095
21083
21080
21078
21077
21074
21070
21069
21065
21063
21056
21055
21050
21047
21043
21042
21041
21039
21037
21035
21026
21025
21022
21021
21009
20991
20976
20972
20971
20967
20965
20964
20961
20959
20957
20954
20953
20946
20945
20942
20938
20937
20936
20929
20928
20926
20925
20919
20915
20914
20913
20905
20901
20894
20893
20891
20888
20887
20876
20869
20866
20865
20864
20863
20860
20857
20854
20851
20848
20841
20840
20836
20827
20815
20814
20812
20810
20787
20786
20784
20779
20777
20776
20767
20766
20764
20761
20760
20754
20752
20748
20744
20741
20739
20736
20734
20730
20727
20725
20724
20717
20716
20714
20713
20711
20710
20709
20708
20706
20703
20702
20700
20695
20693
20687
20677
20676
20672
20665
20664
20660
20659
20657
20629
20625
20624
20623
20618
20593
20581
20576
20575
20565
20559
20558
20557
20529
20517
20512
20510
20491
20484
20480
20478
20473
20472
20470
20465
20461
20460
20458
20448
20444
20440
20437
20427
20426
20425
20424
20422
20420
20415
20413
20409
20399
20387
20386
20362
20361
20357
20355
20354
20352
20345
20342
20338
20337
20335
20334
20332
20330
20329
20327
20326
20324
20317
20314
20308
20306
20301
20300
20293
20288
20281
20273
20269
20264
20234
20208
20205
20195
20191
20189
20187
20185
20182
20154
20147
20138
20108
20107
20104
20101
20099
20097
20092
20077
20073
20070
20069
20067
20054
20053
20045
20044
20042
20038
20037
20035
20033
20031
20022
20021
19990
19980
19958
19930
19927
19922
19919
19917
19914
19911
19908
19894
19888
19879
19870
19862
19861
19859
19856
19855
19849
19841
19839
19838
19836
19813
19790
19782
19780
19779
19776
19773
19770
19768
19766
19764
19753
19748
19739
19729
19727
19722
19721
19710
19698
19684
19677
19674
19668
19667
19663
19657
19656
19648
19646
19641
19622
19621
19619
19609
19608
19598
19592
19587
19550
19548
19546
19539
19534
19527
19525
19524
19522
19518
19516
19513
19512
19488
19482
19481
19480
19479
19469
19456
19448
19447
19446
19445
19442
19436
19435
19434
19433
19422
19421
19420
19419
19414
19409
19405
19401
19399
19398
19394
19391
19384
19380
19373
19365
19357
19355
19351
19348
19346
19338
19332
19328
19321
19315
19314
19312
19303
19296
19291
19288
19286
19283
19282
19281
19279
19277
19276
19274
19272
19271
19270
19269
19264
19262
19255
19252
19251
19249
19244
19241
19222
19221
19220
19216
19215
19214
19210
19209
19207
19205
19200
19199
19198
19195
19194
19190
19166
19164
19147
19128
19116
19115
19113
19104
19102
19101
19094
19088
19079
19073
19070
19069
19068
19065
19062
19061
19058
19056
19053
19046
19043
19033
19028
19024
19020
19019
19016
19015
19010
18999
18996
18989
18986
18983
18980
18973
18972
18970
18964
18961
18959
18956
18953
18935
18930
18927
18925
18924
18917
18915
18902
18891
18884
18850
18843
18842
18839
18828
18823
18822
18819
18812
18808
18807
18806
18805
18802
18798
18797
18786
18785
18778
18761
18760
18757
18751
18749
18747
18704
18703
18699
18687
18686
18676
18675
18670
18663
18662
18661
18660
18655
18654
18650
18642
18640
18636
18633
18624
18623
18621
18618
18616
18615
18608
18600
18599
18597
18596
18595
18594
18592
18591
18588
18584
18576
18575
18574
18569
18563
18560
18559
18557
18555
18552
18551
18550
18545
18536
18532
18523
18517
18515
18513
18505
18500
18497
18487
18475
18470
18449
18439
18435
18433
18427
18426
18421
18415
18404
18398
18392
18387
18378
18375
18373
18370
18369
18367
18360
18355
18351
18350
18347
18345
18344
18336
18334
18327
18324
18323
18318
18316
18310
18307
18298
18295
18282
18278
18277
18276
18275
18274
18272
18270
18268
18264
18262
18261
18259
18258
18257
18255
18253
18249
18246
18244
18243
18241
18237
18228
18224
18223
18220
18219
18216
18213
18210
18201
18199
18197
18185
18178
18176
18175
18167
18154
18148
18147
18145
18144
18140
18136
18130
18119
18113
18108
18107
18105
18094
18078
18076
18071
18070
18069
18067
18058
18055
18054
18052
18050
18044
18041
18034
18028
18021
18020
18018
18016
18013
18011
18004
17993
17992
17991
17990
17989
17987
17986
17979
17978
17972
17971
17961
17958
17950
17945
17937
17928
17927
17925
17922
17916
17913
17904
17897
17890
17882
17864
17834
17833
17828
17804
17803
17797
17793
17785
17784
17774
17763
17762
17759
17757
17756
17746
17745
17743
17738
17732
17705
17704
17696
17693
17688
17666
17650
17641
17637
17627
17623
17608
17596
17581
17579
17549
17526
17520
17519
17518
17508
17507
17503
17500
17496
17484
17477
17474
17472
17470
17468
17461
17459
17454
17453
17444
17441
17430
17419
17417
17414
17406
17400
17399
17396
17395
17376
17368
17366
17359
17355
17350
17349
17348
17347
17345
17344
17337
17331
17326
17295
17291
17280
17276
17274
17268
17262
17261
17259
17256
17254
17251
17249
17245
17244
17241
17238
17236
17235
17234
17233
17232
17231
17230
17222
17220
17219
17216
17213
17208
17207
17206
17193
17191
17183
17179
17178
17176
17174
17165
17163
17162
17160
17151
17134
17132
17130
17126
17123
17108
17081
17058
17054
17034
17020
17017
17014
17005
17004
17002
16998
16995
16970
16962
16961
16959
16956
16951
16918
16905
16898
16849
16718
16709
16708
16688
16682
16678
16664
16654
16621
16581
16569
16565
16553
16551
16547
16546
16541
16532
16529
16528
16527
16526
16525
16524
16523
16521
16517
16509
16496
16492
16487
16477
16474
16472
16463
16461
16460
16459
16458
16457
16456
16455
16452
16447
16440
16433
16432
16431
16430
16427
16422
16418
16411
16405
16402
16397
16392
16390
16385
16384
16382
16377
16375
16373
16371
16364
16359
16358
16353
16351
16338
16337
16323
16315
16312
16310
16305
16271
16264
16263
16258
16246
16240
16231
16212
16184
16181
16180
16176
16173
16172
16161
16153
16138
16121
16114
16112
16111
16096
16095
16066
16056
16055
16051
16047
16046
16045
16036
16028
16026
16021
16000
15999
15967
15964
15961
15947
15944
15934
15933
15931
15930
15927
15925
15909
15882
15875
15869
15835
15834
15833
15828
15827
15825
15819
15816
15799
15789
15788
15787
15785
15773
15738
15737
15736
15729
15727
15719
15710
15701
15700
15680
15671
15670
15669
15658
15641
15610
15597
15596
15576
15564
15555
15552
15550
15548
15543
15531
15529
15523
15515
15511
15501
15491
15490
15473
15469
15463
15438
15417
15398
15380
15374
28186
15333
15329
15316
15313
28141
15288
2417
28134
15281
15277
15250
2303
28020
15167
28013
15160
27991
15138
15090
2222
27939
15086
15033
2166
27883
15030
15007
27857
15004
14994
14993
2126
27843
14990
27834
14981
2111
27828
14975
27823
14970
27819
14966
14965
27812
14959
27811
14958
27805
14952
27804
14951
14949
14947
2082
27799
14946
14945
27796
14943
2078
27795
14942
2077
27794
14941
27793
14940
27792
14939
14929
2054
27771
14918
2050
27767
14914
14902
14895
14887
27735
14882
27731
14878
2009
27726
14873
14869
14863
1997
27714
14861
1994
27711
14858
1993
27710
14857
1992
27709
14856
27695
14842
14840
14838
14837
1972
27689
14836
14821
14796
27647
14794
27635
14782
1914
27631
14778
1911
27628
14775
1910
27627
14774
27624
14771
14768
27589
14736
14712
14708
14705
1820
27537
14684
1817
27534
14681
1793
27510
14657
14656
27496
14643
1760
27477
14624
1758
27475
14622
14610
27456
14603
14587
27417
14564
14561
14545
14532
14526
14513
14500
27351
14498
14496
27339
14486
27324
14471
14466
1601
27318
14465
1597
27314
14461
14457
1592
27309
14456
14442
14438
14435
14431
14426
14424
14422
14416
14405
27257
14404
14402
14401
14395
1529
27246
14393
14365
14341
14328
1462
27179
14326
14324
27172
14319
14313
14310
14308
14305
14298
14294
27134
14281
27132
14279
27124
14271
14270
27121
14268
1397
27114
14261
14260
14258
27109
14256
14255
14251
27087
14234
1351
27068
14215
1343
27060
14207
14203
14201
14200
14198
14195
14185
27036
14183
14181
27029
14176
14174
14172
27021
14168
14165
14164
1299
27016
14163
14158
14157
14154
27000
14147
1277
26994
14141
14137
1270
26987
14134
14132
14131
14125
14121
14120
26972
14119
14110
14108
1240
26957
14104
14099
14097
26948
14095
1217
26934
14081
26933
14080
1214
26931
14078
26929
14076
1205
26922
14069
1204
26921
14068
14053
1187
26904
14051
1186
26903
14050
26889
14036
14034
1168
26885
14032
14008
26858
14005
26836
13983
13980
1115
26832
13979
1113
26830
13977
1111
26828
13975
26827
13974
1109
26826
13973
26823
13970
1101
26818
13965
1099
26816
13963
26813
13960
26809
13956
26802
13949
13945
13941
13938
13937
13935
13933
13928
13927
13920
13915
1050
26767
13914
13905
13889
26702
13849
13841
13823
13822
13821
13819
13817
13809
13797
13761
13753
885
26602
13749
13743
825
26542
13689
13668
26496
13643
740
26457
13604
13585
720
26437
13584
26435
13582
704
26421
13568
13558
26382
13529
13517
13516
13515
13507
13504
636
26353
13500
13493
13492
26339
13486
26327
13474
605
26322
13469
13460
13455
13448
26299
13446
580
26297
13444
13438
13436
571
26288
13435
567
26284
13431
13428
13414
13411
13403
26250
13397
13391
13384
13380
13371
13370
13368
13366
13362
13351
13347
13345
13341
13338
26189
13336
466
26183
13330
464
26181
13328
26178
13325
26167
13314
26164
13311
13310
26161
13308
437
26154
13301
436
26153
13300
26144
13291
13288
13284
26134
13281
13276
26127
13274
13269
13265
394
26111
13258
13246
370
26087
13234
357
26074
13221
13208
13201
13200
13195
13188
13170
13169
284
26001
13148
278
25995
13142
13141
276
25993
13140
271
25988
13135
13107
13099
224
25941
13088
211
25928
13075
13062
193
25910
13057
13054
176
25893
13040
13007
13004
13002
12997
12962
12961
25796
12943
72
25789
12936
71
25788
12935
49
25766
12913
31
25748
12895
12869
12853
12852
25704
12851
25702
12849
12847
12846
25696
12843
25694
12841
12840
12839
12838
12837
12836
12834
12833
12832
12831
12830
12829
12828
12827
12826
25678
12825
12824
25676
12823
25672
12819
25671
12818
12812
12808
25660
12807
25656
12803
12802
25654
12801
25652
12799
25651
12798
12797
25648
12795
25647
12794
25646
12793
25645
12792
12791
25643
12790
25642
12789
25641
12788
25639
12786
25638
12785
12784
25636
12783
25635
12782
25634
12781
25633
12780
25632
12779
25630
12777
25627
12774
25626
12773
25622
12769
25618
12765
25617
12764
25614
12761
25612
12759
25611
12758
12757
25609
12756
25607
12754
25606
12753
12752
25603
12750
12749
12748
12747
12746
12732
12728
12727
25578
12725
12717
12714
25566
12713
12711
25559
12706
25557
12704
12702
12700
12698
12697
12696
12695
12692
12691
12688
12685
25537
12684
12683
12682
25534
12681
12680
12679
25531
12678
25530
12677
25528
12675
25524
12671
12670
12668
25510
12657
25508
12655
25495
12642
12636
25488
12635
25487
12634
25485
12632
25483
12630
12629
12628
12620
25472
12619
25471
12618
25467
12614
25466
12613
12612
25464
12611
25463
12610
25452
12599
25447
12594
25443
12590
12589
12572
12568
12563
12562
12561
12560
12556
12553
12546
12545
12531
25381
12528
12525
25377
12524
25376
12523
25375
12522
25344
12491
25341
12488
25340
12487
12486
25337
12484
12483
25335
12482
12481
25333
12480
12479
25330
12477
25329
12476
12475
25327
12474
25326
12473
12472
12471
25323
12470
12467
25315
12462
25312
12459
25311
12458
12456
12452
25294
12441
12440
12419
25267
12414
25262
12409
12406
25236
12383
25234
12381
12377
25228
12375
12372
12370
25221
12368
25220
12367
25219
12366
25218
12365
25216
12363
25214
12361
12357
12356
12354
12352
25204
12351
25201
12348
12347
25199
12346
25195
12342
25186
12333
25184
12331
25180
12327
25177
12324
25172
12319
25171
12318
12317
12315
25166
12313
25164
12311
25163
12310
12309
25160
12307
25159
12306
25158
12305
25153
12300
25149
12296
25142
12289
25137
12284
12282
25133
12280
25128
12275
12274
25126
12273
25125
12272
25124
12271
25122
12269
12267
25117
12264
25108
12255
12254
12253
25102
12249
25100
12247
25096
12243
12241
12234
12233
12232
12229
25081
12228
25076
12223
25075
12222
25071
12218
25057
12204
12201
12197
12193
12192
12191
12176
12175
12167
25016
12163
25013
12160
25012
12159
25009
12156
25007
12154
12145
24997
12144
24982
12129
24980
12127
12125
12123
12119
24962
12109
24957
12104
24951
12098
24944
12091
12085
12075
12066
12055
12050
24896
12043
24895
12042
24892
12039
24891
12038
24825
11972
11957
11956
11955
24807
11954
24803
11950
11941
11938
24788
11935
11933
24783
11930
11929
24781
11928
24779
11926
24778
11925
11920
24772
11919
11918
11915
11914
11913
11912
11911
24760
11907
24759
11906
24757
11904
24756
11903
11900
24749
11896
11895
11894
24746
11893
11892
11891
11887
11886
24738
11885
11884
11864
24716
11863
24705
11852
11850
24697
11844
11843
24695
11842
11839
11838
11836
24687
11834
11833
24685
11832
11827
11825
11823
11822
11821
11820
11819
11818
11817
11815
11814
24664
11811
11810
24662
11809
11805
24647
11794
24644
11791
24642
11789
24641
11788
11783
11781
11779
11778
24612
11759
24606
11753
24599
11746
11744
11743
11742
24589
11736
11735
24584
11731
11725
11723
11720
11717
11716
11715
11713
11712
11710
11709
11708
11707
11704
11700
11680
11675
11671
11655
11652
24498
11645
11644
24488
11635
24485
11632
11631
24476
11623
24475
11622
11614
11609
11608
11597
24449
11596
11589
11588
24440
11587
11584
24432
11579
24431
11578
24429
11576
11574
11562
24412
11559
11558
11556
24400
11547
24395
11542
11540
11538
24383
11530
11526
24376
11523
24367
11514
24366
11513
11508
11505
11499
11497
24349
11496
11495
24346
11493
24345
11492
24343
11490
11485
11484
11483
24327
11474
11472
24321
11468
11465
11458
24309
11456
11455
24306
11453
24304
11451
24303
11450
11439
11428
11425
11413
11405
11404
11402
11398
24250
11397
24235
11382
11381
24214
11361
11360
11346
11335
24186
11333
24184
11331
11328
11325
24175
11322
11317
11309
11306
11305
24155
11302
11300
11293
24145
11292
11290
11281
11278
11276
11275
24127
11274
11273
11272
11271
11269
11268
11262
11260
24109
11256
24104
11251
11249
11240
11237
11218
11214
11209
11206
24058
11205
11195
11182
24032
11179
11176
11174
11170
11152
11148
11144
11143
11131
11129
11106
11096
11086
11084
11068
11045
11038
11022
11021
11009
10999
10986
10985
10944
10937
23789
10936
10932
10931
10925
10924
10923
10915
10912
23744
10891
23739
10886
23738
10885
10879
10855
23702
10849
10847
10845
10844
10842
23683
10830
23680
10827
10826
23676
10823
23675
10822
23672
10819
23670
10817
10809
10807
23658
10805
10804
10803
10802
10799
10796
23642
10789
23641
10788
23640
10787
10784
23635
10782
10781
23627
10774
10743
10733
10731
10727
23569
10716
10712
23555
10702
10701
23552
10699
23551
10698
23550
10697
23547
10694
10645
23483
10630
23452
10599
23443
10590
23442
10589
23433
10580
23401
10548
10538
10533
10532
10524
23375
10522
10474
23324
10471
23315
10462
23305
10452
23235
10382
23228
10375
10374
23226
10373
10362
23174
10321
10292
23139
10286
23129
10276
23115
10262
23101
10248
10247
10246
23074
10221
10216
10160
22991
10138
22990
10137
22986
10133
22972
10119
22969
10116
22964
10111
10109
10103
10091
10089
10074
22926
10073
10070
10068
22918
10065
22913
10060
10057
22909
10056
10052
22902
10049
22901
10048
10043
22894
10041
10033
10031
10029
10024
22876
10023
10021
22872
10019
10010
10002
22854
10001
9995
9985
9979
22818
9965
22814
9961
9958
9957
22808
9955
22793
9940
22792
9939
9933
9929
22774
9921
9914
22763
9910
9909
9908
22760
9907
22759
9906
9905
22757
9904
9900
22749
9896
22746
9893
9891
9883
22735
9882
9880
22731
9878
9875
22727
9874
22726
9873
9853
9839
22667
9814
22652
9799
22610
9757
9752
9744
22593
9740
9739
22583
9730
22560
9707
9699
9692
9689
22532
9679
22530
9677
22487
9634
22476
9623
22468
9615
22459
9606
22455
9602
9596
22442
9589
22426
9573
9568
9567
9540
22388
9535
22371
9518
9511
22355
9502
9501
9499
22351
9498
9496
22348
9495
9494
9492
9487
22316
9463
9443
9437
9415
22261
9408
9367
9358
9357
22208
9355
22206
9353
22205
9352
22194
9341
22186
9333
9313
22148
9295
22092
9239
22091
9238
22083
9230
22069
9216
22037
9184
22036
9183
22009
9156
22008
9155
9150
22001
9148
21996
9143
9120
21971
9118
21929
9076
9069
21914
9061
21912
9059
9058
9048
9044
21890
9037
9006
8997
21848
8995
8984
8966
8954
21798
8945
8942
8938
8931
8921
8908
8884
8881
8867
8855
8850
21695
8842
21685
8832
8795
8765
21602
8749
8748
21596
8743
8735
8728
21580
8727
21570
8717
8706
21548
8695
21543
8690
8681
8668
21508
8655
8654
21490
8637
8631
21483
8630
21482
8629
8624
21470
8617
21430
8577
21428
8575
21425
8572
21420
8567
21415
8562
8559
8558
21402
8549
21396
8543
8540
8538
8534
21386
8533
21384
8531
8530
21382
8529
21380
8527
8526
21373
8520
21371
8518
8517
21369
8516
21368
8515
21367
8514
21366
8513
8510
21362
8509
8507
21353
8500
8497
8496
21343
8490
8488
8487
21338
8485
21337
8484
21335
8482
21322
8469
8463
8455
8449
21300
8447
21293
8440
8423
8420
8405
21257
8404
8396
21248
8395
8389
8376
21206
8353
8346
21196
8343
21195
8342
21181
8328
8317
8307
8306
8305
8304
8273
21107
8254
21105
8252
21102
8249
8237
21045
8192
8180
8174
21024
8171
21019
8166
8164
21014
8161
21013
8160
21012
8159
21008
8155
21007
8154
21006
8153
8152
8151
20999
8146
20996
8143
8141
8140
20992
8139
8134
20985
8132
20983
8130
8128
8126
20975
8122
20974
8121
20973
8120
20969
8116
8110
20951
8098
8097
20949
8096
8095
20941
8088
20939
8086
8081
20931
8078
8077
20922
8069
20921
8068
8043
20890
8037
8028
8025
20877
8024
8003
7999
20847
7994
7990
7984
7978
20826
7973
7972
7969
20809
7956
7948
7947
7946
7932
20782
7929
7918
7915
20762
7909
20750
7897
20746
7893
7887
7880
7878
7875
7867
7866
20697
7844
7838
7835
7829
7827
7825
20675
7822
7810
7802
7780
7773
20622
7769
7768
7766
7763
7760
7758
20608
7755
7752
20604
7751
20602
7749
20601
7748
7742
7739
7738
7737
7735
7732
7731
20580
7727
7726
7715
7714
7713
7710
7702
7700
7699
20550
7697
7693
20542
7689
7688
7687
7685
20534
7681
20531
7678
7677
20528
7675
20525
7672
20523
7670
7660
7658
20509
7656
7654
7653
20501
7648
7641
7637
7633
7609
20457
7604
7602
7593
7588
20433
7580
20421
7568
7559
7551
20400
7547
7544
7542
7541
7540
20391
7538
20384
7531
7528
7527
20358
7505
7503
20349
7496
7483
7478
7472
20323
7470
7462
7457
7452
7427
7418
7417
7415
7412
7409
7408
7406
7399
7395
20246
7393
7390
7388
20238
7385
20235
7382
7375
20223
7370
7369
20220
7367
20218
7365
7359
20207
7354
20203
7350
7331
7314
7298
7297
20145
7292
7287
7277
7271
7270
7260
7258
7240
7235
7234
7226
20078
7225
20071
7218
20065
7212
7211
20060
7207
7202
7197
20049
7196
7193
7183
7179
20008
7155
7154
20003
7150
7142
19992
7139
7124
7113
19907
7054
7053
7052
7051
7050
7048
19899
7046
7042
7037
7034
19884
7031
7029
7028
19880
7027
7020
19869
7016
7014
19865
7012
19863
7010
7005
19857
7004
7000
19852
6999
19850
6997
19846
6993
19844
6991
19843
6990
19840
6987
19837
6984
19830
6977
6971
6968
6966
6965
6963
19795
6942
6939
6938
6934
19783
6930
19777
6924
6904
19746
6893
6883
6879
19724
6871
6863
6859
19709
6856
6852
19702
6849
19701
6848
6846
19697
6844
6838
19682
6829
6828
6826
19666
6813
19664
6811
19662
6809
6805
19642
6789
19638
6785
6784
6780
19632
6779
19624
6771
19618
6765
6760
6748
6743
6738
6737
6728
6721
6718
6716
6715
6710
19561
6708
19556
6703
6694
6656
19506
6653
19496
6643
6634
6630
6625
6608
6607
6599
6591
19443
6590
19438
6585
19428
6575
6572
6565
19416
6563
6558
6557
6539
19383
6530
19378
6525
6514
6513
19364
6511
19360
6507
19353
6500
19347
6494
6465
19298
6445
19290
6437
6420
19268
6415
19267
6414
19266
6413
19265
6412
19263
6410
6408
6407
19259
6406
6404
6403
19254
6401
19246
6393
19245
6392
6390
19242
6389
6387
6386
19238
6385
6383
6382
6381
19233
6380
19232
6379
6378
19230
6377
6375
19227
6374
6373
6372
19224
6371
19219
6366
19218
6365
6364
19212
6359
19211
6358
19208
6355
19203
6350
6349
19197
6344
19196
6343
6338
6334
6329
19175
6322
6321
19173
6320
19172
6319
6318
19169
6316
6314
6312
6310
19162
6309
6308
6307
19159
6306
6304
6303
19155
6302
6300
6299
6298
6297
6296
6295
6292
19144
6291
6290
19142
6289
6288
19136
6283
6282
6281
6280
6279
6278
6277
6274
6273
6272
6271
6270
6269
6268
6267
6266
19118
6265
6259
6258
6250
6247
19099
6246
19095
6242
6239
6236
19086
6233
6232
19083
6230
19082
6229
6228
19078
6225
6224
6222
19064
6211
6204
6202
19052
6199
6188
6187
6186
19035
6182
6176
6174
6172
6168
19014
6161
6160
6159
6156
6152
19003
6150
19002
6149
6148
19000
6147
18998
6145
6142
6141
18993
6140
18992
6139
6137
18987
6134
18985
6132
18982
6129
18981
6128
6125
18977
6124
6123
18975
6122
6121
6118
18969
6116
18968
6115
18967
6114
6113
18965
6112
6107
18958
6105
6102
18954
6101
6099
18950
6097
6096
6095
18947
6094
6092
18944
6091
6090
6089
18941
6088
18940
6087
18939
6086
18937
6084
6080
6076
18928
6075
18926
6073
18923
6070
18922
6069
6068
6067
6066
18916
6063
18911
6058
6057
6056
6055
6054
6050
25322
12469
6048
18900
6047
25319
12466
18898
6045
12465
18897
6044
12464
18896
6043
6040
25313
12460
6039
25310
12457
18889
6036
25308
12455
6034
25307
12454
6033
12453
18885
6032
18883
6030
25303
12450
18882
6029
6028
25301
12448
18880
6027
25300
12447
6026
12446
6025
12445
6024
6023
6022
18874
6021
6018
6017
18869
6016
12435
6014
6013
18865
6012
12432
6011
6010
12430
6009
12429
18861
6008
6007
18858
6005
6003
6002
6001
25274
12421
6000
25273
12420
5999
5996
5995
25268
12415
5994
25265
12412
18844
5991
18840
5987
18835
5982
5981
12400
5979
18831
5978
5976
5974
18821
5968
5967
5964
5948
25215
12362
18794
5941
12349
18781
5928
5924
18776
5923
18772
5919
12339
5918
5917
25190
12337
18769
5916
12336
5915
5882
5881
25151
12298
5877
5874
12294
5873
5870
12290
18722
5869
25141
12288
5867
5866
25139
12286
5865
25138
12285
18717
5864
25136
12283
5862
25134
12281
18713
5860
18711
5858
25131
12278
5857
25130
12277
5856
12276
5855
12270
5849
12268
5847
5845
25118
12265
5844
5842
5840
5839
12259
5838
5836
18688
5835
5831
5829
5819
18667
5814
5806
25074
12221
5800
12220
18652
5799
25072
12219
18651
5798
5796
18647
5794
18646
5793
18644
5791
5788
25060
12207
5786
18638
5785
18637
5784
18635
5782
18634
5781
5778
25051
12198
5777
12194
5773
18622
5769
18620
5767
12187
18619
5766
5764
12180
5759
25032
12179
18611
5758
18609
5756
25027
12174
18606
5753
25024
12171
5750
12170
5749
5748
25019
12166
18598
5745
25014
12161
5740
25011
12158
18590
5737
18589
5736
12155
5734
25006
12153
5732
5730
18582
5729
25002
12149
18581
5728
18580
5727
12147
5726
18573
5720
5719
5718
18567
5714
5713
12132
18564
5711
5703
18554
5701
5700
18549
5696
5695
18547
5694
12114
18546
5693
12112
18544
5691
5690
24963
12110
18542
5689
12108
18540
5687
18539
5686
5685
12105
5684
5682
18534
5681
5680
18529
5676
12096
18528
5675
18526
5673
5672
5671
12090
5669
12089
18521
5668
5667
12087
18519
5666
5665
5663
5661
5658
18510
5657
18509
5656
18508
5655
24927
12074
5653
5651
12071
18503
5650
24923
12070
5649
12069
5648
24920
12067
18499
5646
24917
12064
5643
18494
5641
24914
12061
5640
18492
5639
24912
12059
18491
5638
24911
12058
18490
5637
12057
18489
5636
5635
12052
5631
12051
18483
5630
18481
5628
24900
12047
5626
24898
12045
5624
12044
5623
12041
5620
24893
12040
5619
12037
18469
5616
24889
12036
18468
5615
5613
5612
5611
5610
18462
5609
18460
5607
18459
5606
5605
18457
5604
18456
5603
5602
5601
18453
5600
18452
5599
5598
18450
5597
18448
5595
5594
5593
18445
5592
5591
18442
5589
5588
18440
5587
18438
5585
18437
5584
5583
5581
5579
5578
5577
18429
5576
5575
18425
5572
5571
5570
5569
5567
5566
5565
18417
5564
5563
18414
5561
5560
24833
11980
18412
5559
11979
5558
18410
5557
5556
5555
5554
18406
5553
5552
5549
18401
5548
5547
5546
18397
5544
5543
18395
5542
24815
11962
5541
5540
5538
11953
18385
5532
5526
5518
11934
5513
5511
24784
11931
5510
24780
11927
5506
24777
11924
18356
5503
5496
24763
11910
5489
24761
11908
5487
18337
5484
18333
5480
24752
11899
18331
5478
11898
5477
24750
11897
18329
5476
18322
5469
24742
11889
5468
11888
5467
5462
24734
11881
18313
5460
5459
5456
18308
5455
11874
18306
5453
5452
5451
11870
5449
18300
5447
11865
5444
18294
5441
11861
5440
5439
18291
5438
18290
5437
11857
18289
5436
11856
18288
5435
24708
11855
18287
5434
18286
5433
11853
18285
5432
24702
11849
18281
5428
5427
5426
11816
5395
5392
5387
11806
18238
5385
18236
5383
11803
18235
5382
11802
18234
5381
24653
11800
5379
18231
5378
24651
11798
18230
5377
24650
11797
5376
11795
5374
11793
5372
5369
11785
5364
11780
5359
24630
11777
18209
5356
24629
11776
18208
5355
5354
11774
18206
5353
11773
5352
11772
5351
11771
18203
5350
24623
11770
5349
18200
5347
11766
18198
5345
11764
5343
24616
11763
5342
5341
24614
11761
5340
11758
5337
24610
11757
5336
5335
24608
11755
5334
18186
5333
24605
11752
5331
24604
11751
5330
18182
5329
24602
11749
18181
5328
18180
5327
5326
11745
18177
5324
11741
5320
24593
11740
18172
5319
11739
5318
11738
5317
5316
11733
5312
11732
5311
5308
24580
11727
18159
5306
5305
5303
11721
5300
11719
18151
5298
5297
11714
18146
5293
5290
11706
18138
5285
11705
5284
11703
18135
5282
11702
18134
5281
11701
5280
18131
5278
18129
5276
5275
5274
5273
5272
11692
5271
5268
24539
11686
5265
11684
5263
11683
5262
24535
11682
5261
5258
5248
5247
18099
5246
5245
18097
5244
18096
5243
11663
18095
5242
5240
11660
5239
5237
11657
18089
5236
11654
5233
24506
11653
5232
24504
11651
5230
5229
11649
5228
5227
5226
5222
11642
18074
5221
5220
18065
5212
24483
11630
18062
5209
18060
5207
5204
18056
5203
24474
11621
18053
5200
18051
5198
11617
18049
5196
5194
11613
18045
5192
24464
11611
18043
5190
11610
5189
24460
11607
5186
24459
11606
5185
18037
5184
18036
5183
18033
5180
5179
24452
11599
5178
18030
5177
5174
18026
5173
5172
5171
24444
11591
18023
5170
11590
5169
5164
18015
5162
11582
5161
24428
11575
18007
5154
18005
5152
18003
5150
11570
18002
5149
11569
5148
18000
5147
24420
11567
5146
24418
11565
17997
5144
5143
5142
11553
17985
5132
11552
5131
11551
5130
5129
11549
5128
11548
17980
5127
5124
5123
11543
17975
5122
24394
11541
5120
17969
5116
5115
5114
24387
11534
5113
5112
5111
5110
11528
5107
11527
5106
24378
11525
5104
5101
5100
24373
11520
17952
5099
30815
5098
11517
30813
5096
11516
5095
24368
11515
30811
5094
24363
11510
5089
5088
11507
5086
5085
24357
11504
30800
5083
11502
17934
5081
11501
5080
17932
5079
24351
11498
5077
5073
24344
11491
17923
5070
11489
5068
17920
30784
5067
17919
30783
5066
11486
30782
5065
11480
30776
5059
5058
24331
11478
5057
11477
5056
24329
11476
30772
5055
11475
30771
5054
11473
30769
5052
11471
17903
30767
5050
24323
11470
30766
5049
11461
17893
5040
24310
11457
5036
11452
5031
11438
5017
17863
30727
5010
11423
5002
4999
30711
4994
4993
17827
30691
4974
30686
4969
4968
30683
4966
30679
4962
4956
4953
17805
4952
11363
17795
30659
4942
11362
17794
30658
4941
24211
11358
4937
11357
4936
30651
4934
4933
11344
4923
17775
30639
4922
11341
4920
24190
11337
4916
30628
4911
4895
11303
30599
4882
4880
11299
30595
4878
30594
4877
24150
11297
4876
4873
4865
24133
11280
4859
4858
24120
11267
30563
4846
11266
17698
30562
4845
4837
11257
4836
4825
4815
17664
4811
24084
11231
4810
11227
30523
4806
11213
30509
4792
11203
4782
4781
30497
4780
17625
4772
11187
30483
4766
11181
17613
4760
24030
11177
17609
4756
17605
4752
4751
11166
30462
4745
4742
11162
17594
4741
11159
4738
11158
4737
11151
17583
4730
11150
4729
11140
30436
4719
11137
30433
4716
17568
4715
4714
11132
30428
4711
4701
30417
4700
30415
4698
30414
4697
30412
4695
30410
4693
17544
30408
4691
17543
4690
11104
17536
30400
4683
17534
4681
11101
4680
17532
4679
30395
4678
17530
4677
30393
4676
4669
11089
17521
30385
4668
17515
30379
4662
17514
30378
4661
30377
4660
17512
4659
4657
17502
30366
4649
17501
4648
17497
30361
4644
30358
4641
17492
30356
4639
4638
17489
4636
11051
17483
30347
4630
30343
4626
17473
4620
17471
4618
11037
30333
4616
17464
4611
17463
4610
4609
17460
4607
17458
4605
17448
30312
4595
4584
11000
17432
30296
4579
17426
4573
30289
4572
17421
4568
4567
10983
17415
30279
4562
10979
30275
4558
10978
4557
30272
4555
17404
4551
30265
4548
4545
30257
4540
17392
4539
17390
30254
4537
4536
10956
30252
4535
10955
17387
4534
10954
4533
17384
30248
4531
23804
10951
17383
4530
30241
4524
4521
17373
30237
4520
17372
30236
4519
10939
30235
4518
17370
30234
4517
4509
10929
30225
4508
30224
4507
17351
30215
4498
17343
4490
17342
30206
4489
23762
10909
4488
17340
4487
4486
30202
4485
17335
4482
17334
4481
17332
4479
17330
4477
10896
17328
30192
4475
17327
4474
17324
4471
17322
4469
4467
23737
10884
17316
4463
10882
17314
4461
4459
10875
30171
4454
4452
10871
17303
4450
4449
10869
30165
4448
17300
30164
4447
23720
10867
4446
30162
4445
17297
30161
4444
10862
17294
4441
10861
30157
4440
4439
30154
4437
10857
17289
30153
4436
17286
4433
17284
30148
4431
30147
4430
23696
10843
4422
17272
30136
4419
10839
4418
23674
10821
17253
4400
10815
17247
4394
17225
30089
4372
4370
30082
4365
17217
30081
4364
4362
10778
17210
4357
17203
30067
4350
17197
4344
17194
30058
4341
17189
30053
4336
17188
4335
10750
17182
4329
30044
4327
30041
4324
30037
4320
4313
17152
30016
4299
17140
30004
4287
4286
4285
17136
4283
29991
4274
17125
4272
4265
23538
10685
17117
4264
4263
4260
17112
4259
10673
29969
4252
23519
10666
4245
23518
10665
29961
4244
4241
10660
29956
4239
4234
10653
17085
4232
29942
4225
29940
4223
4219
4210
4202
29911
4194
4193
17043
4190
10608
17040
29904
4187
10600
17032
29896
4179
17030
29894
4177
17025
4172
29888
4171
29887
4170
29874
4157
17009
29873
4156
17000
4147
16996
4143
29858
4141
29857
4140
16991
4138
23410
10557
4136
16987
4134
29847
4130
16978
29842
4125
23387
10534
4113
16952
29816
4099
10517
16949
4096
16946
4093
23366
10513
16945
4092
4089
16940
4087
10507
4086
4082
4081
23354
10501
16933
4080
23353
10500
16932
4079
16931
4078
23351
10498
4077
4074
4072
23343
10490
29786
4069
23334
10481
16913
29777
4060
23333
10480
4059
4046
23316
10463
4042
10460
29756
4039
4033
4032
10448
4027
4025
16875
29739
4022
29735
4018
29734
4017
4016
16867
29731
4014
4008
16860
4007
16859
4006
29717
4000
3993
16841
29705
3988
16836
3983
3982
16832
3979
3975
29691
3974
29688
3971
3965
10383
3962
10368
29664
3947
10366
29662
3945
10358
3937
10357
3936
23209
10356
3935
3934
3933
3932
23205
10352
29648
3931
10345
3924
3921
3920
3919
10339
3918
10338
3917
3913
3911
10329
3908
10327
3906
29621
3904
3902
3898
3897
29612
3895
10310
3889
10309
3888
23159
10306
3885
29598
3881
3879
3870
3868
23141
10288
29584
3867
29583
3866
29578
3861
29577
3860
3859
10278
3857
10275
3854
10273
16705
29569
3852
16703
29567
3850
16702
3849
23121
10268
3847
29560
3843
23116
10263
16695
3842
10261
16693
29557
3840
16689
3836
16687
3834
10240
29536
3819
29534
3817
16669
29533
3816
23088
10235
16667
3814
3813
29527
3810
16662
3809
10226
29522
3805
23076
10223
3802
23073
10220
16652
3799
16651
3798
23070
10217
29513
3796
10215
16647
29511
3794
16645
29509
3792
16643
3790
16641
29505
3788
29504
3787
16639
29503
3786
10206
16638
3785
10205
3784
10203
3782
10202
16634
29498
3781
23053
10200
3779
10199
29495
3778
16628
3775
23047
10194
16626
29490
3773
10193
16625
29489
3772
3769
29483
3766
23039
10186
3765
10185
16617
3764
3761
29476
3759
16606
3753
10172
29468
3751
3748
29462
3745
10162
3741
29453
3736
10151
3730
10150
3729
29442
3725
10145
3724
10142
29438
3721
16571
29435
3718
22982
10129
3708
3706
10122
29418
3701
29416
3699
3692
3691
16542
29406
3689
16511
29375
3658
10051
3630
3626
10037
3616
16468
3615
3614
16466
3613
3611
16448
29312
3595
16445
29309
3592
16443
29307
3590
16437
3584
9993
3572
9992
16424
29288
3571
16420
29284
3567
29283
3566
16415
29279
3562
3561
16409
29273
3556
9974
16406
29270
3553
29268
3551
22819
9966
3545
9963
16395
3542
9959
29255
3538
29247
3530
9946
3525
16363
3510
22771
9918
29214
3497
16347
3494
3492
29208
3491
22750
9897
29193
3476
3473
22734
9881
16313
3460
3456
3449
3447
22719
9866
3445
9862
3441
3438
29148
3431
3429
9846
16278
3425
22694
9841
29137
3420
22686
9833
29129
3412
16260
3407
9825
29121
3404
16254
3401
16248
29112
3395
9811
16243
3390
22663
9810
3389
3385
22656
9803
16235
3382
22655
9802
16234
3381
9798
3377
22647
9794
16226
3373
22646
9793
29089
3372
29084
3367
9778
29074
3357
22628
9775
29071
3354
9774
16206
29070
3353
22626
9773
3352
29066
3349
3347
9766
3345
22618
9765
16197
29061
3344
22614
9761
16193
3340
9760
29056
3339
29046
3329
22595
9742
16174
29038
3321
16165
3312
29028
3311
16160
29024
3307
3302
16149
3296
22569
9716
16148
3295
29010
3293
16142
3289
16135
3282
16129
3276
9694
16126
3273
3250
16100
3247
22519
9666
28962
3245
9648
16080
3227
16072
28936
3219
28934
3217
16054
3201
22474
9621
16053
3200
22473
9620
3199
22471
9618
16050
3197
16049
28913
3196
16044
28908
3191
22464
9611
3190
16042
28906
3189
28904
3187
16039
28903
3186
22458
9605
16037
28901
3184
28897
3180
22453
9600
28896
3179
3178
22451
9598
16030
28894
3177
22450
9597
16029
3176
22448
9595
3174
16025
28889
3172
16024
28888
3171
16023
28887
3170
9590
16022
3169
28884
3167
22439
9586
3165
9585
3164
28880
3163
22436
9583
16015
3162
9582
16014
28878
3161
9581
3160
22433
9580
3159
22432
9579
3158
3157
3156
3155
3154
22427
9574
16006
28870
3153
28868
3151
9571
28867
3150
16002
3149
3148
15998
3145
22418
9565
15997
3144
15996
3143
15995
3142
22415
9562
15994
3141
22414
9561
15993
28857
3140
15992
28856
3139
22412
9559
15991
3138
15990
3137
28853
3136
15988
28852
3135
15987
3134
22407
9554
28850
3133
3132
3131
15983
28847
3130
22403
9550
28846
3129
3128
15980
3127
15979
3126
28842
3125
9545
15977
3124
15976
3123
15975
3122
22395
9542
3121
9541
15973
3120
22392
9539
3118
15970
28834
3117
28833
3116
9536
3115
15966
3113
15965
3112
22384
9531
28827
3110
15962
28826
3109
28824
3107
22380
9527
15959
3106
15958
3105
22378
9525
3104
15956
28820
3103
15955
28819
3102
22375
9522
3101
22374
9521
15953
3100
9520
15952
28816
3099
15951
3098
22370
9517
15949
28813
3096
9516
15948
3095
3093
22366
9513
3092
22363
9510
15942
28806
3089
28805
3088
3087
15939
3086
15937
28801
3084
22357
9504
28800
3083
22356
9503
15935
28799
3082
22353
9500
15932
3079
3076
28787
3070
3069
9489
3068
28784
3067
15918
3065
22338
9485
15917
3064
3063
28779
3062
15914
3061
15913
28777
3060
15912
3059
3058
3057
3055
28771
3054
3053
15905
28769
3052
22325
9472
28768
3051
15903
3050
22323
9470
15902
3049
22322
9469
15901
28765
3048
15900
3047
15899
28763
3046
22319
9466
15898
3045
15897
28761
3044
15894
28758
3041
15893
3040
15892
28756
3039
15890
3037
22310
9457
15889
28753
3036
9456
15888
28752
3035
28751
3034
15886
28750
3033
15885
3032
3031
22304
9451
15883
3030
22302
9449
15881
3028
22301
9448
3027
22300
9447
15879
28743
3026
22299
9446
15878
3025
22298
9445
15877
28741
3024
3023
15874
3021
9441
15873
3020
15872
3019
9439
15871
28735
3018
15870
3017
9435
3014
3013
15864
3011
22284
9431
15863
3010
28726
3009
22282
9429
28725
3008
9428
3007
9427
28723
3006
22279
9426
15858
3005
15857
3004
22277
9424
3003
9423
15855
3002
22275
9422
15854
28718
3001
28717
3000
22273
9420
15852
2999
2998
9418
15850
28714
2997
2996
28712
2995
9414
28710
2993
15845
2992
15844
2991
2990
9410
2989
15841
2988
2986
15838
2985
22258
9405
15837
2984
15836
2983
15832
2979
15831
28695
2978
15830
2977
15829
2976
15826
2973
15824
2971
15823
2970
2969
15821
28685
2968
15818
2965
15817
28681
2964
15815
28679
2962
15814
2961
15813
28677
2960
15812
28676
2959
22231
9378
2957
15809
2956
15808
2955
9375
28671
2954
15806
28670
2953
22226
9373
28669
2952
22225
9372
2951
2950
15802
2949
15801
2948
9368
2947
15798
2945
15797
2944
2943
22213
9360
15792
2939
15791
28655
2938
9354
15786
2933
22204
9351
15783
28647
2930
28646
2929
9349
15781
28645
2928
22201
9348
15780
2927
28643
2926
15778
2925
15777
2924
15776
28640
2923
9343
15775
28639
2922
9342
15774
2921
28635
2918
15770
28634
2917
15769
28633
2916
9336
2915
22188
9335
15767
28631
2914
15766
2913
9332
28628
2911
22184
9331
15763
28627
2910
22183
9330
15762
2909
2908
22181
9328
15760
2907
22180
9327
15759
28623
2906
9326
15758
2905
22178
9325
15757
2904
9324
2903
22176
9323
15755
28619
2902
9322
15754
28618
2901
22174
9321
15753
28617
2900
22173
9320
2899
9319
15751
2898
9317
2896
9316
15748
28612
2895
2894
15746
28610
2893
22165
9312
15744
2891
2890
2889
15741
28605
2888
2887
9307
15739
2886
15735
2882
15734
2881
22154
9301
15733
28597
2880
22153
9300
15732
2879
15731
2878
15730
28594
2877
9296
15728
28592
2875
28590
2873
15725
2872
28588
2871
15723
28587
2870
15722
28586
2869
15721
28585
2868
2867
2865
9285
28581
2864
15716
28580
2863
15715
2862
15714
2861
2860
15712
28576
2859
22132
9279
15711
2858
22130
9277
28573
2856
15708
28572
2855
15707
28571
2854
2853
15705
2852
28568
2851
15703
2850
15702
28566
2849
2846
28562
2845
22118
9265
15697
2844
2843
2842
15694
28558
2841
2840
22113
9260
28556
2839
22112
9259
15691
28555
2838
2837
15689
2836
15688
2835
2834
2833
15685
2832
2831
15683
2830
28546
2829
15681
2828
9247
15679
2826
15678
2825
15677
28541
2824
28540
2823
15675
2822
22095
9242
15674
28538
2821
22094
9241
2820
22093
9240
15672
2819
15668
2815
15667
2814
15666
2813
2812
9231
15663
2810
9229
2808
22080
9227
28523
2806
15656
2803
9223
2802
28518
2801
15652
2799
15651
28515
2798
22071
9218
2797
9217
15649
2796
15647
2794
15646
28510
2793
9213
2792
22065
9212
15644
2791
22064
9211
15643
2790
2789
15640
2787
15639
2786
28502
2785
2784
2783
2782
2781
2780
15632
2779
15631
2778
9198
2777
9197
15629
2776
15628
28492
2775
15627
28491
2774
15626
28490
2773
28489
2772
15623
2770
15621
28485
2768
15620
2767
22040
9187
15619
28483
2766
28482
2765
15617
2764
9182
28478
2761
15613
2760
2759
9179
15611
28475
2758
9177
15609
2756
15608
28472
2755
22028
9175
2754
2753
28469
2752
28468
2751
15603
2750
15602
28466
2749
15601
2748
15600
28464
2747
22020
9167
15599
2746
15598
2745
28459
2742
2741
22014
9161
2740
28456
2739
2738
28454
2737
22010
9157
2736
2733
28449
2732
2730
15581
2728
2726
2721
9141
15573
2720
15572
28436
2719
2718
9138
15570
28434
2717
9137
15569
28433
2716
21989
9136
15568
2715
15567
28431
2714
15566
28430
2713
21986
9133
15565
28429
2712
15563
28427
2710
15562
2709
9129
15561
2708
21981
9128
15560
28424
2707
21980
9127
15559
28423
2706
21979
9126
15558
2705
21978
9125
15557
28421
2704
9124
15556
2703
9122
15554
28418
2701
21974
9121
15553
2700
15551
28415
2698
28413
2696
15547
2694
28410
2693
15545
28409
2692
15544
28408
2691
21963
9110
15542
28406
2689
15541
2688
15540
28404
2687
9107
15539
2686
15538
28402
2685
28401
2684
15536
28400
2683
28399
2682
21955
9102
15534
28398
2681
15533
28397
2680
15532
28396
2679
15530
2677
15528
28392
2675
15527
28391
2674
28390
2673
28389
2672
15524
28388
2671
15521
28385
2668
15520
2667
15519
28383
2666
15518
2665
15517
28381
2664
15516
28380
2663
9082
15514
2661
21934
9081
15513
2660
21933
9080
15512
28376
2659
2657
9075
15507
2654
9074
15506
28370
2653
15505
2652
15504
28368
2651
9071
15503
28367
2650
15502
28366
2649
9068
15500
28364
2647
9067
15499
2646
21919
9066
15498
28362
2645
15497
28361
2644
9064
2643
9063
15495
2642
15494
2641
21913
9060
2639
21910
9057
15489
2636
2635
21908
9055
2634
2633
21906
9053
28349
2632
21905
9052
15484
2631
2630
21903
9050
15482
28346
2629
9049
2628
15479
2626
2624
21896
9043
15475
28339
2622
9042
15474
2621
9039
15471
2618
15470
2617
15468
2615
15467
28331
2614
15466
2613
15464
2611
15457
28321
2604
21877
9024
2603
21873
9020
15452
2599
21870
9017
15449
2596
15447
2594
15446
2593
15444
28308
2591
15441
28305
2588
9008
2587
2584
9002
2581
8996
15428
2575
2573
2572
8990
2569
2568
15420
2567
8987
2566
21839
8986
2565
2561
15413
2560
15411
2558
2553
2550
2546
21817
8964
2543
21815
8962
2541
2539
2534
2532
2530
21802
8949
2528
2526
2519
2518
21785
8932
15364
28228
2511
15360
2507
15359
2506
15350
2497
15346
2493
2490
2486
2483
2464
28181
2475
15327
2474
8894
2473
28177
28188
2471
15321
2468
2466
2454
15306
28170
2453
28153
15300
28164
2447
8854
28150
2433
2408
28125
28136
2419
2405
28122
2416
2403
28120
15267
2414
2401
28118
2412
8831
2399
28116
21682
8829
28114
2402
2390
28107
2389
28106
15253
8815
2383
28100
15247
2394
2388
2387
15236
21656
8803
2371
28088
28099
2382
21652
8799
28095
2378
21651
8798
2377
8797
2365
28082
2376
8794
2362
28079
15226
28090
2373
8793
2361
28078
2372
2358
28075
28086
2369
8789
2357
28074
28085
2368
2354
28071
28065
15212
28076
2359
8777
28073
2356
21629
8776
28061
28072
2355
2341
8760
28045
28056
2339
8752
28048
2331
8751
2319
28036
2330
28046
2329
21600
8747
2315
28032
2326
8746
28031
15178
28042
2325
28024
15171
2318
21589
8736
15166
2313
2301
28018
28029
2312
2298
28015
28026
2309
21579
8726
2294
28011
28022
2305
21576
8723
2291
28008
2302
21574
8721
2289
28006
2300
8719
2287
28004
15151
2281
27998
28009
2292
21565
8712
2280
27997
8710
8704
15136
28000
2283
21556
8703
2282
21553
8700
27996
2279
2275
15126
2273
21539
8686
27982
2265
8685
2264
2262
21535
8682
2261
8680
2248
27965
2259
8676
2255
21528
8675
2254
2253
21525
8672
2240
27957
2251
8669
27954
27963
2246
8666
2245
21518
8665
15097
2244
2230
27947
15094
27958
2241
2225
27942
15089
2236
21504
8651
27936
8650
2229
15081
2228
2227
8647
15079
2226
8645
15077
2224
21496
8643
21492
8639
15071
2218
2206
27923
2217
2213
2200
27917
2211
21481
8628
2207
21478
8625
27921
2204
8620
2193
2192
27907
2190
27894
15041
2188
2175
27892
2186
2184
8603
2171
27888
15035
2182
8602
2181
8600
2168
27885
2179
21450
8597
2176
2164
27881
21447
8594
2173
21446
8593
15025
2172
2169
2167
15019
27869
2163
2149
27866
27877
2160
27876
2159
2158
2144
27861
2155
21421
8568
2147
2134
27851
2145
21418
8565
2135
21404
8551
27836
14983
2130
21398
8545
27830
14977
2124
21397
8544
14976
27840
2123
14971
27835
2118
8536
2115
2114
8521
27806
27817
2100
27791
2085
27789
14936
2083
21356
8503
2071
27788
21354
8501
2080
21347
8494
14926
2068
21333
8480
2059
2058
2055
21326
8473
2041
27758
14905
2045
2033
27750
2044
27743
2037
8456
2024
27741
2035
27749
2032
21298
8445
14877
2011
27728
27739
2022
2013
21283
8430
1998
27715
1996
27713
2007
8421
14853
2000
27704
14851
14843
1990
21260
8407
14839
1986
8392
27688
1971
21243
8390
27686
1969
21240
8387
27672
27683
1966
8386
1954
27671
27682
1965
21237
8384
14816
1963
14814
1961
1960
8377
1956
8373
27658
1952
21224
8371
14803
1950
14800
1947
21219
8366
1934
27651
14798
1945
1928
27645
14792
1939
8357
27642
14789
1936
21198
8345
1913
27630
1924
1908
27625
14769
8335
14767
1902
27619
14766
8325
1904
21171
8318
1897
8315
27600
1894
8313
1892
1888
8300
1868
27585
14723
1870
8290
1858
27575
27586
1869
1843
27560
14707
27571
1854
1851
14703
1850
17899
30763
5046
14696
8262
14694
1841
24316
11463
5042
21113
8260
27545
1839
11459
17891
5038
1824
27541
14688
1835
24302
11449
5028
27542
1825
24300
11447
17879
30743
5026
14676
1823
11443
5022
21093
8240
27536
1819
11436
17868
5015
8233
1812
17866
5013
21084
8231
27516
1810
1806
1801
11422
5001
21072
8219
1798
4998
1784
27501
14648
1795
4987
8205
27490
11407
4986
8204
27489
27500
1783
1770
27487
1781
27493
1776
27492
1775
1767
17817
4964
1761
17807
4954
27457
1751
1737
27454
1748
1747
17802
4949
21020
8167
1746
1741
4930
8148
1716
27433
1727
4926
8144
27429
1723
17777
4924
20995
8142
1710
27427
1721
14559
1706
4899
1696
27396
14543
11307
17739
4886
27400
1683
14533
27397
1680
8065
27350
14497
1644
11263
4842
14492
17677
4824
27338
1621
17667
4814
14464
11221
4800
20871
8018
1586
27303
1583
27300
27311
1594
11217
4796
1593
11216
30512
4795
14443
1590
11212
4791
20862
8009
14441
1588
11211
17643
4790
8008
1587
14439
14437
4786
14434
1581
11204
4783
27286
1580
11200
17632
4779
20850
7997
1576
11199
4778
20849
7996
1564
27281
14428
1575
11198
30494
4777
27280
14427
1574
4775
14425
1572
11194
30490
4773
7991
14423
1570
11192
4771
14421
1568
14420
1567
11190
30486
4769
14419
1566
11189
30485
4768
14418
1565
4767
14417
11186
17618
4765
14415
1562
11185
4764
1550
27267
14414
1561
11184
17616
4763
7981
27266
1560
11183
17615
30479
4762
7980
1559
7979
14411
1558
11180
17612
30476
4759
20830
7977
14409
1556
1544
27261
1555
11178
4757
7975
1554
14403
7968
1547
14399
1546
1545
17600
4747
20818
7965
4746
20817
7964
14396
1543
4744
1530
27247
14394
1541
11161
4740
27243
1537
17592
30456
4739
27242
1536
17589
30453
4736
7954
1522
27239
14386
1533
7953
1532
24008
11155
30451
4734
1520
27237
14384
1531
11154
4733
20804
7951
11153
17585
4732
1518
27235
20802
7949
7945
27230
1524
14376
1523
11146
17578
4725
7943
11145
4724
20795
7942
1521
20794
7941
1519
11142
17574
30438
4721
14371
11141
30437
4720
7938
1506
27223
1517
11139
30435
4718
20789
7936
1515
11138
4717
1514
30430
4713
1510
4712
7930
27215
1509
7928
27213
14360
1507
4709
14358
1505
11128
30424
4707
1504
27209
1503
30422
4705
23978
11125
30421
4704
1501
17556
4703
20774
7921
1489
27206
11123
30419
4702
7920
1499
30411
4694
14344
1491
30409
4692
7910
4688
7906
27191
14338
1485
4687
20758
7905
27190
1484
30403
4686
20757
7904
14336
1483
17537
4684
1481
4682
20753
7900
1468
27185
1479
4672
14322
1469
20742
7889
11091
4670
27173
1467
1453
27170
1464
20737
7884
1463
14315
17517
30381
4664
20735
7882
14314
11077
17509
30373
4656
14303
1450
17505
4652
1449
1448
1447
7865
14297
1444
11067
4646
14296
1443
11066
30362
4645
1442
4642
27145
14292
1439
17493
30357
4640
27143
1437
1434
1421
27138
1432
1420
27137
14284
1431
11054
30350
4633
1430
17485
4632
1429
17481
4628
17480
30344
4627
27130
11046
30342
4625
7843
14274
17476
4623
14265
1412
17467
4614
14264
1411
17466
4613
14263
1410
30329
4612
14262
1409
7821
14253
1400
17455
4602
14252
1399
14250
30316
4599
20670
7817
1396
30315
4598
1384
27101
14248
1395
1383
27100
1394
30313
4596
14246
1393
30311
4594
1391
14243
1390
1377
27094
14241
1388
4590
27093
1387
30306
4589
14239
1386
14238
1385
11008
17440
30304
4587
1373
27090
14237
11007
30303
4586
1372
27089
14236
17438
30302
4585
1371
27088
1382
20654
7801
14233
1380
11003
4582
14232
1379
7799
14231
1378
14228
1375
7794
27079
14226
30292
4575
4570
1356
27073
1367
27072
1366
7784
27080
1363
1349
27066
27077
1360
27064
17409
4556
1344
17397
30261
4544
30255
4538
7756
1324
27041
27052
1335
17380
4527
7745
1313
27030
10926
17358
4505
27019
1302
30216
4499
27002
1280
26997
14144
1291
7701
14133
17329
4476
7694
1273
4472
7690
14122
1269
7683
14115
1262
17315
4462
7680
1259
10876
4455
26958
14105
26969
1252
1213
26930
14077
1224
10846
17278
4425
1211
26928
14075
1222
20492
7639
26924
10838
17270
30134
4417
26920
14067
17269
4416
26919
14066
30130
4413
26916
26927
1210
4412
7630
26915
14062
20482
7629
26914
1194
26911
1193
26910
14057
20475
7622
1190
26907
4393
7611
26896
14043
20463
7610
1189
30107
4390
1176
26893
1175
26892
1185
1173
26890
1184
1174
10795
17227
4374
26888
1171
17224
30088
4371
26874
14021
26872
14019
26883
1166
26871
26882
1165
7581
26866
14013
1160
23633
10780
4359
1145
26850
1144
1128
26845
13992
30056
4339
26842
13989
1136
17169
4316
1102
26819
13966
20378
7525
1104
10721
30017
4300
30014
4297
26800
13947
26811
1094
13944
26808
1091
23563
10710
4289
26792
1086
13932
26796
1079
20344
7491
1059
26776
13923
1070
17111
4258
13908
26772
1055
10678
29974
4257
13907
1054
29970
4253
13903
23520
10667
29963
4246
1043
23512
10659
4238
20309
7456
13888
1035
1021
26738
13885
1032
4226
7444
1012
26729
13876
1008
26725
26736
1019
2609
15460
2607
4213
1010
9022
15454
2601
17060
4207
20278
7425
1004
21872
9019
15451
2598
17057
4204
26707
1001
21869
9016
28312
2595
26704
26715
998
28309
2592
4198
995
21860
9007
15439
2586
26695
989
28297
2580
29903
4186
7404
983
20255
7402
981
29899
4182
2548
20225
7372
26668
951
2544
20221
7368
26664
947
8961
15393
2540
29863
4146
932
26649
943
2538
20215
7362
13794
941
15389
2536
20213
7360
928
26645
939
2531
4137
923
26640
934
2520
29843
4126
15365
28229
2512
29835
4118
904
26621
13768
915
21777
8924
28209
15356
2503
7327
895
26612
906
2502
894
26611
905
21772
8919
28215
2498
4104
901
15337
2484
10511
16943
4090
887
28194
2477
16936
4083
880
29790
4073
870
8885
16923
4070
7288
26573
2441
23321
10468
4047
26561
844
28144
28155
2438
4044
26547
26558
841
21692
8839
10445
16877
29741
4024
7242
810
26527
821
21667
8814
2393
3999
26502
796
21666
8813
2381
28098
15245
2392
3998
784
26501
795
21665
8812
2380
28097
15244
2391
7215
21664
8811
2379
28096
793
23269
10416
3995
20066
7213
2386
16845
29709
3992
789
28102
2385
10412
3991
777
26494
13641
788
15237
28101
2384
10411
16843
29707
3990
7208
26493
787
21655
8802
2370
28087
16840
3987
21654
8801
783
8800
29702
3985
7203
782
8796
2364
28081
2375
16834
3981
778
23254
10401
3980
7198
766
26483
2360
28077
3977
7195
15223
3976
20047
7194
26479
773
2367
3973
26476
13623
2366
29689
3972
20043
7190
13622
2353
28070
15217
23244
10391
3970
7188
756
26473
767
2352
28069
15216
2363
3969
7187
755
26472
13619
21636
8783
2351
28068
29685
3968
7186
765
10388
3967
753
26470
21634
8781
15213
10387
3966
752
26469
763
2347
28064
23238
10385
3964
761
29680
3963
20034
7181
21628
8775
2343
28060
15207
29677
3960
757
2342
28059
3959
7177
21626
8773
3958
7176
26461
21625
8772
2340
28057
3957
7175
754
21624
8771
2350
10377
3956
7174
26459
21623
8770
2338
28055
2349
23229
10376
3955
7173
8768
15200
7171
739
26456
750
21620
8767
2346
7170
749
21619
8766
2345
10372
29668
3951
748
23224
10371
29667
3950
736
26453
747
21617
8764
10370
3949
7167
746
10369
29665
3948
745
21614
8761
29663
3946
13596
743
21612
8759
10365
3944
7162
741
21611
8758
29660
3943
2336
3942
7160
21609
8756
2324
28041
2335
727
26444
13591
738
2334
3940
7158
13590
737
28039
2333
3939
7157
13589
21606
8753
2332
29655
3938
735
21598
8745
3930
26433
13580
8744
2323
3929
7147
26432
726
10349
29645
3928
7146
725
8742
2321
3927
7145
713
26430
13577
724
2320
3926
7144
13576
21593
8740
15172
3925
711
26428
13575
722
3923
15169
2316
3922
7140
13572
719
8731
2299
28016
2310
3916
7134
702
26419
2308
3914
3912
709
8725
2293
28010
2304
3910
696
26413
13560
8724
3909
706
2290
28007
29624
3907
2288
28005
15152
3905
8718
2286
28003
2297
29620
3903
700
21569
8716
2284
28001
10322
3901
7119
13551
698
21568
8715
26403
13550
21567
8714
3899
7117
13549
8711
15143
3896
7114
693
21562
8709
2277
27994
29611
3894
7112
691
8708
2276
27993
3893
679
26396
690
8707
3892
13542
689
10312
3891
677
26394
688
8705
3890
687
27987
23161
10308
3887
27986
29603
3886
8699
2267
27984
2278
10305
3884
681
2266
27983
10304
3883
669
26386
13533
680
8697
15129
3882
13532
666
26383
2272
29595
3878
675
8692
2271
3877
674
3876
673
23149
10296
3875
672
8689
2268
10295
3874
660
26377
13524
21541
8688
29590
3873
670
21540
8687
3872
26375
23143
10290
3869
655
26372
3864
650
26367
13514
661
8678
2257
10284
3863
8677
2256
3862
659
29575
3858
2250
642
26359
653
641
26358
13505
652
10274
29570
3853
26356
13503
2242
3848
634
26351
10267
3846
26349
643
21513
8660
2239
23119
10266
3845
8659
2238
16697
3844
8656
2235
7059
10260
3839
10259
16691
29555
3838
7056
624
26341
635
2231
13487
2214
27931
19902
7049
628
2223
7047
27927
2221
7045
26330
19897
7044
13476
623
10243
3822
619
16668
3815
7033
601
26318
612
21475
8622
15054
2201
16660
3807
19878
7025
26310
26321
604
2187
27904
2198
3804
7022
590
26307
13454
27912
2195
7019
26304
13451
598
10992
17424
30288
4571
14221
1368
8589
15021
10195
16627
29491
3774
19845
6992
560
26277
8585
10191
16623
29487
3770
21422
8569
27854
15001
2148
16607
29471
3754
19825
6972
551
7764
14196
29466
3749
6967
535
26252
546
20614
7761
27057
1340
16599
29463
3746
13396
543
30258
4541
20612
7759
1338
29461
3744
6962
541
21410
8557
14989
2136
539
2120
27837
14984
13387
534
7741
1309
27026
1320
27826
14973
10147
29443
3726
19797
6944
13376
523
7724
14156
1303
8524
14956
2103
10130
16562
3709
495
26212
13359
506
14151
1298
3704
490
26207
501
13343
6908
26193
487
10901
17333
4480
7698
26983
14130
8498
459
26176
26187
470
467
27744
2038
430
26147
13294
26158
441
21310
8457
2036
13292
439
26900
14047
21268
8415
6818
397
20467
7614
1182
26899
21267
8414
6817
385
26102
396
7613
26898
21266
8413
27698
26101
395
8412
383
26100
13247
6812
380
26097
386
14835
1982
16441
3588
6806
26091
14833
1980
10007
16439
29303
3586
26089
8400
1979
10006
3585
382
1177
21251
8398
1977
6801
26086
1976
16435
3582
6800
26085
7596
1164
26881
14028
367
26084
13231
7594
365
26082
376
14825
375
23647
10794
17226
30090
4373
26876
14023
1170
16429
3576
6794
362
26079
3573
19644
6791
26076
21238
8385
1964
9991
16423
29287
3570
356
26073
8383
1951
27668
1962
16421
3568
354
26071
8380
14812
1959
7579
14011
1958
21231
8378
27663
14810
1957
16416
3563
6781
8375
16413
29277
3560
6778
23630
10777
17209
4356
1142
26859
1153
14806
1953
16412
29276
3559
6777
13209
1140
26857
1151
21225
8372
22831
9978
16410
3557
14802
1949
6773
352
14001
1937
27654
14801
1948
29271
3554
19625
6772
13204
351
6770
13202
349
26849
1143
6767
346
13995
13198
345
30060
4343
20414
7561
1129
26846
13993
27646
1940
9967
29263
3546
6764
343
27644
1938
6762
13194
341
26843
13990
1137
14790
9964
16396
3543
6761
340
17190
30054
4337
26840
13987
1134
8355
27640
14787
337
27639
14786
13189
336
17187
30051
4334
7552
26837
13984
1131
27637
1931
13187
334
6754
333
26835
13982
16388
29252
3535
19606
6753
13185
332
10752
30048
4331
26834
13981
8349
14781
331
13183
330
329
328
13179
326
22802
9949
16381
29245
3528
325
9948
16380
3527
324
19597
6744
323
6742
13174
321
3523
309
26026
320
17171
4318
13968
16374
29238
3521
318
8333
1901
27618
19589
6736
315
4314
26817
13964
1900
27617
14764
9938
16370
3517
6735
303
26020
13167
314
8331
3516
13166
313
1098
26815
9936
16368
3515
6733
13165
312
21182
8329
14761
9935
16367
3514
6732
26017
13164
311
310
298
26015
1905
6729
308
14756
1903
6727
26012
306
30022
4305
7523
6726
305
17157
4304
20375
7522
1090
26807
13954
16360
29224
3507
19578
6725
13157
304
6724
10723
17155
30019
4302
26805
21173
8320
1899
6723
13155
302
4301
26804
21172
8319
27604
14751
6722
301
22776
9923
29219
3502
6720
299
26801
13948
1095
16354
29218
3501
26004
20367
7514
26799
1093
8314
14746
1893
29216
3499
6717
13149
296
7511
22770
9917
16349
29213
3496
19567
6714
293
1878
27595
1889
22769
9916
29212
3495
6713
281
25998
13145
292
19564
6711
279
25996
290
6707
286
8303
1882
274
25991
285
4284
1081
1881
6705
25990
14733
25989
14731
20351
7498
13930
1077
269
25986
13133
20350
7497
13929
1076
21150
8297
16335
3482
19553
6700
1875
267
25984
13131
1863
27580
266
25983
277
1073
21147
8294
1873
265
25982
29992
4275
13925
29195
3478
264
25981
13128
275
1860
27577
14724
1871
29194
3477
13127
4271
13921
1068
9895
3474
17122
4269
7487
13919
1066
27572
19543
6690
25975
4268
20339
7486
1065
8286
14718
1865
9892
29188
3471
19542
6689
25974
268
23541
10688
29984
4267
1064
1853
27570
1864
19541
6688
10687
4266
13916
1063
27569
29186
3469
6687
255
25972
1862
9889
16321
29185
3468
13118
24315
11462
30758
5041
1838
22718
9865
29161
3444
19515
6662
230
25947
241
24313
11460
5039
21110
8257
1836
16295
29159
3442
25945
13092
25956
239
2215
19892
7039
26324
13471
8239
14671
1818
16277
3424
210
25927
13074
221
21879
9026
15458
2605
4211
7429
22688
9835
16267
3414
13064
27897
2191
23071
10218
29514
3797
19868
7015
26300
594
17850
30714
4997
27511
1794
22674
9821
29117
3400
6618
25903
13050
197
15443
2590
20267
7414
993
4996
16252
3399
196
2189
26298
26309
592
9010
15442
28306
2589
29912
4195
992
30712
4995
1792
3398
13048
195
19468
6615
13047
25911
194
15040
10214
16646
29510
3793
19864
7011
16249
29113
3396
19467
6614
15038
2185
23065
10212
16644
29508
3791
577
26294
4991
14641
1788
22668
9815
3394
6612
13044
191
11411
4990
14640
1787
6611
25896
190
21457
8604
2183
29506
3789
13439
586
21857
9004
15436
2583
4189
26692
986
4989
14639
1786
22666
9813
3392
19463
6610
25895
13042
189
30705
4988
8206
1785
3391
177
25894
13041
188
15432
2579
4185
982
11406
30702
4985
14635
1782
3388
25891
13038
185
30297
4580
7798
14230
23057
10204
29500
3783
19854
7001
26286
13433
21851
8998
2577
4183
26686
21054
8201
29103
3386
6604
13036
183
8199
1778
22658
9805
29101
3384
25887
13034
181
1374
15027
2174
29497
3780
6998
23454
10601
29897
4180
7398
26683
977
8198
27483
1777
9804
16236
3383
25886
13033
180
7792
14224
8592
29494
3777
6995
13427
574
8195
14627
1774
22654
9801
16233
29097
3380
19451
6598
8591
15023
2170
16629
29493
3776
19847
6994
573
2570
20247
7394
13826
6597
19449
6596
25881
4973
22650
9797
16229
29093
3376
13026
172
8586
15018
2165
23045
10192
16624
3771
6989
24245
11392
17824
30688
4971
3374
160
25877
171
8583
27868
15015
2162
565
8983
2562
3371
157
25874
13021
168
27067
1361
2161
16620
3767
564
30684
4967
1764
9791
29087
3370
22643
9790
16222
3369
6587
166
2559
13815
962
4965
21036
8183
1762
16221
3368
25871
165
30277
4560
1346
27063
14210
1357
21431
8578
2157
23037
10184
29480
3763
13413
28274
2557
29880
4163
960
4963
8181
16219
29083
3366
163
17412
30276
4559
14209
23036
10183
16615
3762
6980
26265
559
26665
13812
959
16218
29082
3365
162
958
21032
8179
13014
161
16613
3760
6978
13410
557
2554
4160
7378
957
25866
22636
9783
16215
29079
3362
159
10179
16611
3758
19829
6976
555
15405
2552
26661
955
4958
16214
29078
3361
6579
147
25864
17407
30271
4554
14204
10178
16610
3757
554
1754
16213
3360
23030
10177
16609
3756
13406
553
19430
6577
156
4552
27855
16608
3755
13405
8970
2549
29872
4155
13805
4955
14605
1752
16211
3358
6576
155
8968
15400
2547
4153
7371
950
3356
13006
153
7767
16605
3752
19823
6970
549
22629
9776
16208
29072
3355
13005
152
945
9772
29068
3351
148
1744
3350
16201
3348
134
25851
12998
145
16596
29460
3743
6961
13393
540
16199
29063
3346
19417
6564
132
25849
143
14987
10161
3740
13390
537
21011
8158
14590
22617
9764
3343
140
21407
8554
14986
2133
29856
4139
20210
7357
936
8157
1736
22616
9763
16195
29059
3342
139
8553
2132
10159
29455
3738
524
26241
13388
1724
27441
1735
22615
9762
29058
3341
19412
6559
138
17385
30249
4532
7750
27035
1329
8550
2129
10156
3735
19806
6953
13385
532
2529
29852
4135
7353
26638
13785
22612
9759
29055
3338
135
16190
29054
3337
21401
8548
2116
27833
14980
2127
530
919
26636
930
133
17382
4529
27032
1326
14979
6950
26235
13382
529
8150
1729
16188
29052
3335
19406
6553
30245
4528
27031
14178
1325
8546
2125
6949
13381
528
20202
7349
21002
8149
1728
16187
3334
2523
16982
29846
4129
4929
8147
1726
22606
9753
29049
3332
19403
6550
129
4525
7743
27028
6946
13378
525
15375
2522
10549
4128
925
19402
6549
128
4927
20998
8145
14577
29047
3330
12980
127
6941
13373
520
16179
29043
3326
12976
123
21390
8537
14969
3722
19793
6940
519
2516
29839
4122
19396
6543
12975
122
2515
29838
4121
7339
13771
918
22598
9745
29041
3324
19395
6542
121
2514
29837
4120
917
120
7734
14166
516
8934
2513
7337
13769
916
11340
4919
20990
8137
27422
19393
6540
119
27813
2107
10134
3713
13363
510
24187
11334
30630
4913
9737
16169
3316
12966
113
10132
3711
508
29031
3314
100
25817
12964
111
28197
2491
4097
7315
11318
4897
20968
8115
25803
97
17346
4493
7711
26996
14143
1290
22970
10117
29413
3696
482
26199
13346
493
3299
96
2489
4095
13745
892
22572
9719
16151
3298
19369
6516
95
15341
2488
23368
10515
16947
4094
7312
26608
891
4894
14544
1691
16150
3297
25800
12947
25811
94
2485
10512
16944
4091
26605
888
16147
29011
3294
80
25797
91
30606
4889
8107
1686
3292
6510
12942
89
15335
2482
10509
16941
4088
7306
1685
16144
3291
12941
88
8502
2081
29404
3687
19758
6905
26201
484
24161
11308
4887
1684
29007
3290
6508
12940
25804
87
6903
26188
2479
16938
4085
7303
26588
882
20956
8103
16141
29005
3288
6506
74
25791
12938
85
8499
14931
6902
481
28184
2478
4084
7302
881
20955
8102
1681
6505
25790
84
20549
7696
1275
19752
6899
13331
3284
25787
81
29000
3283
28998
3281
6499
78
8492
2060
27777
16530
29394
3677
463
26180
13327
474
9701
16133
28997
3280
77
7691
14123
26179
473
4076
862
26579
9700
16132
3279
6497
76
10496
16928
29792
4075
6496
75
27377
1671
9698
3277
12927
26175
13322
469
8090
1658
27375
14522
1669
9696
28992
3275
61
25778
23742
10889
4468
7686
1265
26174
13321
8886
15318
2465
16924
4071
16127
28991
3274
6492
17319
4466
7684
6887
26172
13319
8087
27372
14519
1666
9693
3272
58
25775
12922
69
8883
2451
28168
15315
2462
4068
854
26571
865
6489
68
21135
8282
14714
3467
6685
25970
13117
20535
7682
1261
10088
29384
3667
19738
6885
453
26170
13317
10488
16920
4067
24141
11288
17720
30584
4867
1664
16123
3270
12920
67
8281
14713
16319
3466
6684
13116
263
8481
16519
3666
19737
6884
13316
23340
10487
4066
7284
17719
4866
27369
1663
6487
66
10683
17115
4262
20333
7480
13912
29182
3465
13115
7283
851
26568
6486
54
25771
12918
65
4261
1047
26764
13911
1058
9885
3464
19535
6682
250
25967
13114
15311
23338
10485
16917
29781
4064
7282
26567
861
11285
4864
20935
8082
27367
9688
16120
3267
64
21131
8278
14710
1857
29180
3463
249
25966
260
21331
8478
2046
27763
2057
449
26166
13313
28163
15310
2457
23337
10484
4063
26566
860
16119
3266
6484
63
14709
1856
6680
259
2056
6880
26165
13312
23336
10483
4062
20133
7280
859
16118
3265
62
2444
28161
2455
4061
7279
847
26564
24135
11282
4861
8079
14511
16117
3264
19335
6482
245
25962
256
17309
4456
1253
27759
14906
3659
445
26162
456
22536
9683
16115
28979
3262
6480
12912
59
6676
8873
2452
4058
7276
21325
8472
27757
14904
2051
6875
443
26160
13307
454
28157
15304
4057
13707
9681
3260
19331
6478
12910
57
1250
14903
2439
28156
2450
10477
4056
7274
853
17709
4856
8074
1653
45
25762
56
14702
1849
29172
3455
6673
252
16508
29372
3655
6873
452
8870
15302
2449
4055
7273
852
19329
6476
55
20322
7469
1048
8269
27554
1848
251
14101
1248
10075
29371
3654
26157
451
2437
28154
10475
4054
16110
3257
24317
11464
30760
5043
1840
3446
19517
6664
25949
243
4443
26946
3646
6864
432
26149
13296
9670
16102
3249
46
8860
28145
7263
831
26548
842
22522
9669
16101
3248
34
25751
1037
9864
3443
229
25946
240
28143
16896
4043
7261
26546
840
1629
27346
14493
1640
22520
9667
16099
3246
12896
43
7259
838
20912
8059
1627
27344
14491
1638
41
8255
14687
1834
3440
13090
25954
237
3640
6858
29
25746
40
17089
29953
4236
7454
26739
1033
29156
3439
6657
225
25942
25953
236
26142
6460
28
25745
12892
25756
39
8853
15285
28149
2432
29755
4038
26541
835
27352
1635
9662
16094
28958
3241
27
25744
38
19508
6655
223
25940
25951
234
8452
2031
6855
26140
13287
26151
434
823
26540
834
28957
3240
12890
25754
37
7451
1030
24307
11454
5033
1830
29153
3436
6654
13086
14883
2030
19707
6854
422
26139
13286
433
2430
16889
29753
4036
26539
833
16092
28956
3239
19310
6457
12889
36
6853
26138
13285
7253
832
8053
1632
9659
16091
3238
19309
6456
25741
35
1017
26734
1028
16287
29151
3434
6652
220
25937
10455
4034
7252
820
26537
4834
1631
16090
3237
6455
23
25740
12887
27533
1827
3433
19504
6651
3633
19704
6851
13283
1630
3236
19307
6454
33
10650
4229
1026
14679
1826
218
25935
20500
7647
26932
14079
1226
19703
6850
418
26135
429
17685
30549
4832
27335
22509
9656
16088
28952
3235
19306
6453
12885
32
21699
8846
2425
8049
1628
9655
28951
3234
17080
4227
1013
26730
1024
30744
5027
8245
3430
6648
216
25933
227
4030
816
26533
827
9654
16086
28950
3233
12883
30
16482
3629
19700
6847
415
26132
13279
426
4029
7247
26532
17682
4829
1626
9653
16085
28949
3232
18
25735
12882
5025
14675
1822
22702
9849
16281
3428
21696
8843
2422
10449
29745
4028
26531
1614
27331
16084
28948
3231
19302
6449
17
25734
12881
25930
13077
14074
1221
26130
13277
424
8045
27330
14477
1624
21488
8635
3820
7038
26323
617
17073
4220
11441
30737
5020
21091
8238
22697
9844
3423
13073
10841
17273
30137
4420
26923
14070
22897
10044
16476
3623
19694
6841
409
26126
13273
420
2406
28123
23297
10444
16876
29740
4023
7241
4823
1620
22500
9647
3226
19297
6444
12876
29139
3422
219
16078
28942
3225
12875
22
23092
10239
16671
3818
7036
615
15465
2612
1015
8236
27521
1815
22695
9842
16274
29138
3421
19492
6639
14868
2015
19692
6839
2404
28121
15268
2415
4021
818
28941
3224
19295
6442
12874
21
6935
26220
13367
514
8135
1703
27420
1714
106
25823
117
3223
20
913
6537
105
25822
116
7434
26719
5016
1813
22693
9840
3419
2413
29736
4019
26522
9643
16075
28939
3222
19293
6440
19
30229
4512
22989
10136
3715
19786
6933
13365
512
8930
15362
28226
2509
16968
29832
4115
20186
7333
912
115
27718
2012
16471
3618
19689
6836
8036
27321
14468
1615
28938
3221
19292
6439
16567
3714
6932
13364
511
2508
16967
29831
4114
911
22591
9738
29034
3317
6535
12967
29931
4214
20285
7432
1000
26717
13864
11435
5014
8232
14664
1811
3417
214
17267
4414
26917
21285
8432
22891
10038
3617
6835
26120
30534
4817
27320
14467
22494
9641
16073
3220
9736
16168
29032
3315
112
8627
23086
10233
16665
3812
7030
609
2606
29929
4212
1009
30729
5012
14662
1809
22689
9836
16268
29132
3415
25918
13065
25929
212
21683
8830
28126
2409
4015
7233
812
16071
28935
3218
4
25721
25732
15
21378
8525
27810
14957
2104
16563
3710
13360
507
2504
7328
907
16166
3313
12963
110
22687
9834
16266
3413
6631
8828
15260
2407
16866
29730
4013
1599
27316
1610
22490
9637
28933
3216
12866
21280
8427
2006
6830
398
26115
21680
8827
16865
4012
7230
809
17665
4812
8030
1609
16068
3215
12
2202
16661
3808
2602
26711
1005
5008
14658
1805
208
29728
4011
13661
808
28931
3214
19285
6432
11
22981
10128
16560
29424
3707
13357
504
2501
16960
4107
26610
13757
16163
3310
19381
6528
107
21678
8825
4010
7228
807
19284
6431
10
13756
20977
8124
14556
23080
10227
16659
29523
3806
7024
2600
16262
29126
3409
3609
406
8824
15256
16862
4009
7227
13659
806
17662
4809
20880
8027
14459
9633
16065
28929
3212
12862
9
14152
3705
502
8920
15352
10526
16958
4105
20176
7323
902
12958
30722
5005
1802
205
4808
20879
8026
1605
9632
16064
28928
3211
12861
8
16063
3210
12860
7
23524
10671
4250
8268
14700
1847
6474
53
23774
10921
17353
30217
4500
7718
14150
1297
3703
26206
13353
500
3306
6524
103
15050
2197
3803
7021
13453
600
21871
9018
15450
2597
29920
4203
5003
1800
29123
3406
6624
13056
203
9630
16062
28926
3209
25712
12859
6
4249
7467
1046
14699
1846
19523
6670
25955
6870
26155
13302
22529
9676
16108
3255
19326
6473
12905
52
8917
2496
10523
4102
899
29022
3305
19376
6523
12955
102
202
21673
8820
15252
16858
4005
20076
7223
26508
24079
11226
17658
4805
14455
1602
9629
16061
28925
3208
12858
5
23522
10669
4248
7466
1045
11469
17901
5048
14698
1845
22725
9872
3451
13101
248
8866
28151
2445
10472
16904
4051
848
16107
3254
6472
12904
51
2495
7319
898
29021
3304
19375
6522
12954
101
8819
2398
16857
29721
4004
20075
7222
801
11225
17657
4804
20875
8022
22481
9628
16060
28924
3207
19278
6425
12857
11444
5023
21094
8241
14673
22700
9847
16279
29143
3426
13076
2420
23300
10447
29743
4026
20897
8044
27329
14476
22503
9650
3229
12879
26
17100
29964
4247
1044
14697
1844
22724
9871
16303
3450
19521
6668
247
7268
22527
9674
3253
19324
6471
50
2494
4100
26603
13750
897
24174
11321
4900
14550
1697
16156
3303
6521
12953
21468
8615
15047
2194
597
11421
5000
8218
14650
16256
3403
19474
6621
200
16856
29720
4003
11224
4803
8021
27306
1600
28923
3206
12856
3625
19696
6843
13275
9649
28945
3228
12878
25
2043
26152
13299
446
8864
15296
2443
4049
24123
11270
4849
8067
1646
16105
3252
6470
12902
16255
3402
6620
13052
199
27702
26105
2396
29719
4002
799
11223
4802
8020
3205
12855
2
11466
17898
5045
14695
1842
9869
29165
3448
4048
3251
19322
6469
12901
48
7316
26601
3301
6519
12951
98
27701
14848
1995
19672
6819
2395
16854
29718
4001
798
20872
8019
14451
1598
16057
3204
6422
25707
12854
1
