0
1
2
14
3
4
5
6
7
16
8
24
26
37
9
41
43
10
47
11
12
52
63
13
15
73
81
17
18
19
20
21
22
23
25
27
29
30
31
32
33
34
35
36
38
69
85
39
40
42
45
46
170
48
49
50
51
53
54
55
56
57
58
59
60
585
62
64
65
66
67
70
71
312
390
72
74
75
76
77
78
79
80
83
84
91
87
88
93
94
95
110
96
97
98
100
101
102
113
103
104
105
106
134
107
108
111
4716
112
114
115
116
117
118
119
120
121
123
124
147
126
127
128
129
131
132
133
157
137
138
139
140
142
143
243
148
153
155
156
158
159
160
161
162
163
165
166
167
168
171
172
173
174
176
177
179
180
181
182
183
185
187
188
189
198
201
207
190
191
193
194
195
196
208
217
214
199
200
202
203
204
206
209
422
210
211
212
215
216
218
219
220
221
222
223
224
225
227
229
230
231
236
237
239
240
244
245
247
248
249
250
251
254
255
256
258
260
261
262
263
264
265
266
267
405
268
269
275
270
271
273
274
782
276
277
278
279
280
282
283
284
285
286
290
291
292
297
304
298
299
301
340
302
318
303
333
305
306
308
309
328
310
315
4336
311
313
314
320
321
323
324
325
326
329
330
331
332
334
336
337
351
341
342
343
345
346
347
348
349
4493
352
354
356
357
359
360
361
362
365
367
370
371
373
374
375
376
377
378
379
380
382
383
384
385
386
388
391
393
394
395
396
415
397
588
398
399
406
409
411
413
414
418
420
424
425
426
427
428
429
430
432
433
434
435
885
436
437
438
439
440
441
443
445
446
449
450
451
452
453
454
456
458
459
460
461
4751
463
464
466
467
468
19393
469
470
472
473
474
478
480
481
482
484
487
490
492
493
495
499
500
501
502
504
506
507
509
510
511
512
513
514
516
518
18958
519
520
522
523
524
525
530
532
534
535
536
538
539
540
541
543
545
546
549
551
552
553
554
5510
555
558
559
560
1341
564
565
568
2785
4554
571
572
573
574
577
580
586
590
592
596
597
601
603
604
645
605
606
608
609
612
615
617
618
619
622
623
624
626
628
632
633
634
635
636
638
643
650
653
655
658
659
660
661
662
669
666
670
671
672
673
679
681
674
675
676
677
682
683
687
688
689
690
691
693
694
696
697
698
699
700
701
702
704
708
709
718
719
720
721
722
723
724
725
726
727
734
735
736
737
738
739
740
741
5597
742
743
744
745
746
747
748
749
750
751
752
753
754
1345
755
756
757
761
762
764
765
766
767
768
769
773
1344
774
777
778
783
784
787
788
789
792
793
794
795
796
797
798
800
801
802
803
805
806
807
814
808
809
810
811
812
815
816
817
818
819
820
821
825
826
827
834
828
831
6167
8510
832
833
835
837
4589
838
839
842
840
841
864
2114
4590
5013
844
4448
4521
845
846
847
848
849
850
851
4264
852
853
854
855
856
857
858
861
859
872
860
880
862
863
865
867
868
869
870
873
881
882
892
893
894
895
897
898
899
900
903
904
905
907
912
913
915
916
919
917
918
922
923
925
926
928
930
932
934
936
939
941
943
945
947
950
951
952
957
955
965
958
959
960
962
973
977
979
982
983
986
988
989
992
993
994
995
997
998
999
1000
1001
1002
1003
1004
1005
1006
1007
1008
1009
1015
1010
1024
1012
1013
1014
1017
1018
1019
1020
1021
1022
1023
1026
1027
1028
1029
1030
1031
1032
1033
1034
1035
1036
1037
1038
1039
1040
1046
1042
1048
1050
1053
1054
1055
1057
1058
1059
1063
1064
1065
1068
1066
1067
1089
1069
1073
1076
1070
1080
1072
1077
1078
1079
1086
1090
1091
1093
1094
1095
1101
1096
1102
1097
1098
1103
1104
1105
1108
1109
1110
1111
1112
1113
1114
1115
1128
1129
1130
1131
1132
1133
1134
1137
1135
1145
1136
1140
1148
1143
1144
1151
1153
1155
1156
1158
1159
1160
1165
1166
1168
1169
1170
1171
1172
1173
1174
1175
1179
1192
1176
1177
1180
1181
1182
1183
1194
1185
1187
1778
1758
1189
1190
4265
1193
1201
1203
1204
1205
1208
1209
1210
1211
1213
1214
1215
1217
1218
1221
1226
1222
1223
1224
1239
1240
1249
1250
1251
1252
1253
1258
1259
1261
1262
1263
1268
1269
1270
1272
1273
1274
1275
1279
1280
1290
1291
1296
1297
1298
1299
1302
1303
1305
1312
1313
1319
1320
1321
1322
1324
1325
1326
1329
1335
1338
1340
5238
1343
1346
1349
1351
1352
1353
1355
1356
1357
1358
1361
1363
1366
1367
1368
1371
1372
1373
1374
1375
1376
4602
1377
1378
1379
1380
1381
1382
4249
1383
1384
1385
4232
24593
1386
1387
1388
1390
1391
1393
1394
1395
1396
1397
1399
1400
1403
1408
1409
1410
1411
1412
1419
1420
1421
1422
1424
1425
1430
1431
1432
1433
8512
9453
1434
1435
1436
9454
1437
1439
1441
1442
1446
1447
1448
1449
8120
4234
1450
1452
1453
1461
1462
1463
1467
1468
1469
1478
1479
1480
1481
1483
1484
1485
1486
1494
1495
1498
1499
1500
1501
1502
1503
1543
1504
1544
1505
1506
1547
1550
1507
1509
1510
1513
1514
1515
1516
1517
1520
1518
1519
1530
1527
1521
1522
1523
1524
1525
1531
1533
1535
1537
1540
1541
1545
1546
1555
1839
1556
1558
1559
1560
1568
1570
1561
1562
1602
1563
1594
1564
1565
1566
1567
1569
1619
1620
1623
1575
1573
1574
1576
1598
1579
1580
1581
1582
1583
1584
1585
1586
1587
1588
1590
1591
1592
1596
1597
1599
1600
1605
1606
1609
1610
1611
1615
1613
1621
1624
1625
1626
1631
1627
1630
1628
1629
1632
1637
1638
1639
1640
1643
1644
1645
1646
1652
1653
1658
1660
1661
1663
1664
1666
1668
1669
1680
1681
1682
1694
1683
1684
14042
1685
1686
1689
1690
1691
1696
1697
1702
1703
1705
1706
1709
1710
1721
1722
1723
1724
1725
1726
7212
1727
1728
1729
1734
7469
1735
1737
1739
1741
1743
1744
1745
1746
1747
7472
1748
1751
1752
1753
1754
1755
1760
1761
1762
1763
1764
1766
1767
1768
1770
1774
6662
1775
1776
1777
8087
1780
1781
4527
1782
1783
1784
1785
1786
1787
1788
1790
1792
1793
1794
1795
10445
1797
1798
1800
1801
10468
1802
1805
1806
1808
1809
1810
1811
1812
1813
1814
1815
1816
1817
1818
1819
4437
1820
1821
1822
1823
1824
1825
1826
14982
1827
1829
1830
1833
1834
1835
1836
1837
1838
1840
1841
1842
1843
1844
1906
1931
1937
1845
1846
1847
1848
4252
1849
1850
1851
1852
1853
1854
1855
1856
1857
1858
1860
1865
1862
1863
14974
1864
1866
1867
1868
1879
1869
1870
1871
1872
1873
1874
1875
1876
1877
1878
1880
1881
1882
18481
1888
1889
1892
1893
1894
1896
6152
1897
1898
1899
1900
1901
23693
1902
24052
1903
1904
1927
7930
1905
1907
1908
1909
2251
1910
1911
1912
1913
1914
1915
1916
1923
1924
1928
1933
1934
1935
1936
1938
1939
1940
1944
1945
1946
1947
1948
1949
1950
1951
1952
1953
1954
1955
1956
1957
1958
1959
1960
1961
1962
1963
1964
1965
1966
1967
1968
1969
1971
1972
1975
1976
1977
1978
1979
1980
1981
1982
1985
1986
1989
1990
1991
1992
2175
1993
1994
1995
16050
1996
1997
1998
1999
2000
2005
2006
2007
2008
2009
2010
2011
2012
2013
2014
2015
2016
2017
2021
2022
2023
2024
2029
2030
2031
2033
2035
2036
2037
2038
2041
2042
2043
2044
2045
2046
2051
2052
2053
2055
2054
2056
2057
2058
2059
2060
2067
2068
2070
2071
2073
2074
2076
2077
2078
2080
2081
2082
2083
2085
2091
2102
2104
2107
2109
2111
2115
2116
2118
2124
2120
2121
2125
2126
2127
2129
2130
2131
13568
2132
2133
2134
2135
2136
2144
2145
2146
2147
6801
2148
6390
2149
2155
2156
4262
2157
2158
2159
2160
16052
2161
2162
16091
2163
2164
2165
2166
2167
2168
15952
15955
2169
2170
5835
2171
2172
15965
15976
2173
2174
2176
2177
2178
2179
2180
2181
2182
2183
15958
2184
2185
15439
2186
2187
2188
16938
2189
2190
2191
2192
2193
2194
2195
2197
2198
15595
2199
2200
2201
2202
2203
2204
2205
2206
2207
2208
2209
2210
2211
2212
2213
15950
15956
2214
2215
2216
2217
2218
2219
4718
2220
2221
2222
2223
24776
2224
2225
2226
2227
3386
2228
2229
16943
2230
2231
17081
2232
2233
2234
2235
2236
16160
2237
15949
2238
16105
16118
16978
17004
2239
2240
2241
18880
2242
2243
16129
2244
2245
2246
2247
2248
4444
2249
8095
8099
2250
6639
2252
2253
2254
2255
4548
2256
2257
2258
2259
2260
2261
2262
2263
2264
2265
20670
2266
2267
14712
2268
20672
2270
2271
12414
2272
20674
2273
2274
20697
2275
2276
2277
2278
2279
2280
2281
2282
2283
10401
2284
2285
2286
2287
2288
2289
2290
2291
2292
2293
2294
2295
2296
2297
2298
2299
2300
2301
17828
17862
2302
2303
2304
2305
2308
4809
2309
13981
2310
2311
2312
2313
13542
2315
2316
2317
2318
2319
2320
4267
2321
2322
2323
2324
2325
2326
2327
2328
2329
2330
2331
2332
2333
2334
2335
2336
4261
2337
2338
2339
2340
14751
18489
2341
15046
18490
2342
2343
2345
2346
2347
2348
2349
2350
2351
2352
20892
2353
2354
2355
2356
17866
4431
2357
3977
2358
2359
4540
2360
2361
11131
2362
2363
2364
2365
11268
11292
2366
2367
2414
2368
29082
2369
2370
2371
11302
2372
29095
2373
2375
2376
11331
2377
2378
12091
29079
2379
29112
2380
29113
2381
14294
2382
14284
2383
2384
2385
2386
2387
2398
2388
2389
2390
29101
2391
2392
2393
29097
2394
2395
2396
2397
2399
4268
6809
2400
4274
2401
2402
2403
2404
2405
2406
2407
2408
2409
2410
2412
2413
4258
2415
2416
2417
2418
2419
2420
2421
2422
2423
2424
2425
2426
2427
2428
2429
18028
2430
2431
2432
4756
2433
15169
2435
2436
4580
4934
5022
2437
2438
2439
2440
2441
2442
5857
2443
4846
4858
2444
2445
2446
2447
2448
2449
2450
2451
2452
2453
2454
2455
28140
2456
2457
2458
2459
2460
2461
2462
2463
2464
2465
4565
2466
2467
4954
2468
2469
2470
4887
2471
2472
4570
2473
2474
2475
2476
2477
5640
2478
5101
2479
2480
2481
2482
5204
2483
2484
5672
2485
2486
2488
2489
2490
5864
2491
2492
2497
2493
2494
2495
5278
8103
2496
20919
2498
2499
2500
5858
2501
4889
4923
2502
2503
2504
2505
2506
2507
12229
2508
2509
2510
2511
2512
26568
2513
2514
28752
2515
3382
2516
2517
2518
28867
2519
4284
2520
2521
2522
2523
7417
2525
2526
2527
2528
4967
2529
2530
2531
2532
2533
2534
2535
2536
2537
14708
14713
2538
2539
4598
2540
2541
2542
2543
14736
2544
2545
2546
12732
2547
2548
2549
2550
2551
2552
2553
6401
2554
2555
2556
7568
2557
2558
7654
2559
2560
2561
2562
2564
5799
2565
4248
2566
2567
10951
2568
2569
2570
2571
2572
4212
2573
11671
2574
2575
2576
2577
28852
2578
2579
2580
2581
2583
2584
2585
2586
28901
2587
2588
11090
12675
2589
2590
4229
2591
15152
2592
2593
14832
2594
2595
2596
2597
14862
2598
2599
2600
2601
5862
2602
4494
2603
2604
2605
2606
4244
4247
2607
2608
2609
2610
15808
2611
2612
2613
30761
2614
2615
2617
5129
5444
5467
2618
2619
4245
2621
2622
2623
2624
2625
2626
2628
2629
2630
2631
2632
2633
2634
15007
2635
6338
2636
2637
2638
6349
2639
14987
15004
2641
2642
2643
2644
2645
20935
20959
2646
2647
10278
2648
2649
2650
2651
2652
2653
2654
2655
20809
2657
14298
2658
2659
2660
2661
2662
2663
2664
2665
4480
2666
2667
2668
2670
2671
2672
2673
2674
2675
2677
2678
2679
15352
2680
2681
8307
2682
2683
7241
2684
2685
2686
2687
2688
21072
4239
2689
7798
8232
2690
11440
2691
2692
2693
2694
2696
2697
2698
12129
29544
2700
2701
2702
2703
2704
28880
2705
2706
2707
2708
24004
2709
24019
2710
2712
2713
2714
4313
2715
17762
2716
2717
2718
2719
2720
2721
2722
2723
2724
2725
2726
6033
2728
2729
2730
21614
6627
2732
28636
2733
2734
2736
2737
2738
17313
2739
2740
17315
17317
2741
2742
2743
3236
2745
17618
2746
2747
2748
17616
2749
2750
24920
2751
17157
2752
2753
2754
2755
2756
2758
2759
2760
2761
2763
2764
2765
2766
2767
2768
2769
2770
2771
2772
2773
2774
2775
2776
11436
2777
2778
2779
20704
2780
2781
11621
2782
2783
2784
2786
2787
2788
2789
2790
2791
6624
2792
2793
2794
2795
2796
2797
2798
2799
2801
20345
2802
9946
2803
2806
2807
14853
2808
2810
2812
2813
2814
2815
3370
2819
2820
11279
11305
2821
11316
11304
2822
2823
2824
2825
2826
2828
2827
2829
11419
2830
2831
2832
2833
2834
9720
2835
2836
29394
2837
7291
8465
11288
11349
2838
2839
2840
2841
2842
2843
12088
2844
2845
2846
2850
2851
2852
2853
2854
2855
2856
2858
2859
2860
2861
2862
2863
2864
14972
18796
2865
2867
2868
2869
2870
15216
2871
2872
17115
2873
17160
2874
2875
2876
2877
2878
13848
2879
2880
2881
5052
2882
2883
2884
2885
17176
2886
2887
2888
2889
14703
2890
5476
13497
2891
2892
2893
2894
5607
2895
2896
2897
2898
2899
18999
2900
2901
18858
2902
19019
2903
2904
2905
2906
2907
2908
14699
2909
2910
2911
2913
2914
2915
2916
2917
2918
2921
2922
2923
2924
6222
2925
2926
6095
2927
2928
18869
2929
18900
2930
2932
5651
2933
2934
2935
2936
2937
2938
5189
2939
2940
2941
11885
2943
12264
2944
5440
5496
2945
2946
2947
2948
2949
2950
2951
2952
2953
2954
2955
2956
2957
2958
2959
2968
2960
13992
12114
2961
2962
12119
2964
12107
12126
2965
2969
2970
2971
2973
2974
4286
2976
2977
11649
2978
2979
2982
2983
2984
2985
2986
2987
2988
2989
2990
2991
2992
2993
2994
2995
2996
4765
2997
2998
2999
3000
3001
3002
19395
3003
3004
3005
3006
3007
3008
3009
10511
6302
3010
3011
3012
3013
3014
3015
3016
3017
3018
5154
3020
28454
28474
3021
3022
17534
3023
3024
3025
3026
3027
3028
3029
3030
28897
3031
3032
3033
3034
3035
12176
3036
3037
3038
19355
3039
3040
3041
3042
12277
3044
3045
3046
3047
3048
3049
3050
3051
4257
3052
3053
3054
3055
30561
30436
30437
30438
3057
3058
3059
3060
3061
3062
3063
3064
3065
3067
13494
3068
3069
18035
3070
3071
3072
3073
3074
3075
3076
3077
3078
3079
3080
3081
3082
3083
3084
3085
3086
6069
18010
3087
3088
3089
3090
3091
3092
3093
3094
29276
3095
3096
3097
4316
5711
4287
3098
3099
3100
17458
3101
3102
3103
21050
3104
3105
3106
3107
3108
3109
3110
3111
11806
3112
5455
5867
6101
3113
3114
3115
3116
3117
3118
13948
3119
3120
3121
3122
4781
3123
3124
3125
3126
3127
3128
11256
3129
3130
3131
3132
3133
3134
28806
3135
28798
3136
6168
3137
3138
3139
3140
3141
3142
3143
3144
20725
29148
29360
3145
3146
3148
3149
3150
3151
3153
18007
3154
3155
3156
3157
3158
3159
3160
3161
3162
3163
3164
3165
15018
3167
3168
3169
20890
20891
20999
3170
3171
12204
3172
7444
3174
3175
3176
22920
3177
3178
3179
3180
3182
13945
3184
3185
3186
19779
3187
3189
3190
3191
3194
3196
22423
3197
3198
12723
28802
28847
3199
3200
29685
29677
13944
3203
9799
3204
3205
3206
3207
3208
3209
3210
3211
3212
12372
3214
3215
3216
3217
4324
3218
3219
3220
3221
5854
3222
29371
3223
3224
3225
3226
3227
3228
3229
24100
3230
4285
14308
3231
3232
5062
3233
3234
3235
28165
3237
4337
3238
3239
3240
3241
3242
3243
3244
3245
3246
3247
24226
3248
3249
3250
3251
24172
3252
3253
3254
5740
3255
3256
3257
3259
3260
3261
24218
3262
24173
3264
24219
3266
24120
3267
3270
3271
16015
3272
3273
6025
3274
3275
3276
4413
6441
4356
9841
11223
11260
3277
12677
4259
3279
3280
3281
3282
3283
9216
3284
26286
3288
3289
3290
3291
3292
3293
3294
3295
9964
3296
3297
26333
3298
3299
26372
3301
26377
3302
3303
3304
5116
3305
6413
3306
3307
3308
3309
3310
5263
4993
3311
3312
3313
3314
3315
3316
3317
3321
3324
3325
3326
29058
3328
3329
17471
3330
3332
3334
3335
3337
4534
4566
3338
3339
3340
3341
13983
3342
3343
3344
3345
3346
7581
3347
3348
3349
3350
3351
3352
3353
3354
3355
3356
3357
3358
20841
3359
14464
3360
3361
21073
21074
3362
3363
3364
3365
3366
10500
3367
3368
3369
3371
14764
3372
3373
3374
12105
6195
3376
18654
3377
3379
3380
3381
3383
5729
3384
3385
4318
10533
3387
3388
3389
3390
3391
3433
29454
3392
3393
3394
3395
3396
3397
3398
3399
29444
3400
3401
3402
3403
3404
3406
30274
3407
3408
30276
3409
3805
3412
3413
3414
13284
13285
3415
3416
3417
3418
3419
3420
3421
3422
3423
3424
22900
3425
3426
3428
3429
3430
3431
3432
3434
3436
3437
3438
3439
18243
3440
3441
3442
3443
3444
3445
4698
3446
3447
3448
3449
8963
8982
8983
3450
3451
3452
3453
18036
3454
3455
29382
3456
3457
3458
3459
3460
3462
3463
3464
29152
29221
3465
29485
3466
3467
3468
3469
3470
3471
11911
3472
3473
3474
3475
3476
3501
3477
3478
3479
3480
3481
3482
3483
3484
3485
3486
3487
3488
3489
3490
3491
29182
3492
29403
3493
30417
3494
3495
3496
3497
3498
3499
3500
3502
3504
3505
9039
3507
3508
3509
3510
3511
3512
3513
3514
3515
3516
28758
3518
3521
3522
3523
3524
10227
3525
3526
3527
3528
3529
3530
3532
15666
3533
3534
3535
15516
3536
3538
3539
3541
3542
3543
3544
16678
3545
3546
3547
3550
3551
3552
30811
30813
3553
3554
3556
12553
3558
3559
3560
3561
3562
3563
3565
3566
28926
29057
3567
3568
3570
12036
3571
3572
3573
3574
3575
3576
3577
3578
3579
3580
3581
3582
3583
3584
3585
3586
3587
3588
3589
3590
3591
12381
3592
3593
3594
3595
3597
3598
3599
3600
3601
3602
3603
3604
3605
3606
3607
29263
3609
30040
3612
3613
3614
12487
3615
3616
11251
3617
29151
3618
3619
3620
3621
3622
3623
3624
3625
3626
3627
3628
3629
3630
3631
3632
3633
30106
3636
3637
3638
3639
3640
3641
3642
3643
3644
30219
3646
3648
3649
3650
3651
3652
30153
3654
3655
3656
3657
3658
3659
3660
3661
3663
3664
3665
3666
3667
3668
3669
3928
3671
30155
3673
3674
3675
3676
3677
3678
3679
3680
3681
3682
3683
3684
3685
3686
3687
3688
3689
3690
29130
3691
3692
3693
3695
3696
30107
30303
3699
3700
3701
3702
3703
3704
3705
3706
18618
3707
3708
3709
3710
3711
3713
3714
3715
3716
3717
3718
3719
3720
3721
3722
3723
3724
3725
3726
3727
3729
3730
3735
3736
3737
19856
3738
3740
3741
3742
3743
3744
30651
3745
3746
29670
3747
3748
3749
3750
3751
3752
3753
3754
3755
3756
3757
3758
3759
14192
3760
29132
29153
3761
3762
3763
3764
3765
3766
3767
3768
3769
29061
3770
29137
29154
3771
29384
29518
3772
3773
3774
3775
3776
3777
3778
3779
3780
22924
3781
29160
29383
3782
3783
21593
3784
3785
21653
22171
22464
3786
29138
29140
3787
3788
3789
29236
3790
30015
3791
29161
3792
30016
3793
3794
3795
3796
3797
3798
3799
3802
3803
3804
3806
3807
3808
3809
3810
29368
3811
3812
3813
3814
3815
3816
30012
3817
29334
3818
3819
29502
3820
3822
3836
3837
3838
3839
3840
29734
3841
29737
3842
3843
3844
29714
3845
29711
29717
3846
3847
3848
29718
3849
3850
3851
29731
3852
29736
3853
22894
3854
3855
3856
3857
22859
3858
29740
3859
29745
3860
29752
29753
29747
29748
29713
3862
3863
29738
3864
3865
3866
3867
21596
29287
3868
3869
29172
3870
3871
3872
3873
3874
3875
3876
3877
3878
3879
29963
3880
3881
29959
29964
3882
3883
3884
29952
3885
22916
29953
3886
22912
29954
22913
29961
29504
29508
3889
3890
3891
28924
29028
29482
3892
3893
3894
3895
3896
3897
30000
3898
3899
14295
29367
3901
3902
3903
3904
3905
30210
30217
3906
3907
3908
3909
3910
30211
3911
3912
30212
30241
3913
30193
3914
3915
3916
3917
3918
30263
3919
3920
29204
29205
3921
30312
3922
3923
29189
3924
29207
3925
3926
3927
3929
3930
3931
3932
25084
3933
3934
3935
28168
3936
3937
3938
3939
23161
3940
23279
23276
3942
3943
23401
3944
3945
3946
20880
3947
3948
3949
3950
3951
3952
3953
23393
3954
23672
3955
3956
3957
3958
3959
3960
3961
14195
3962
14079
3963
14097
3964
3965
23557
3966
3967
3968
14076
3969
3970
3971
23314
23368
3972
3973
3974
23072
3975
3976
24373
3979
3980
24363
3981
27731
3982
3983
3984
3985
3986
3987
3988
3989
3990
3991
3992
3993
3995
3997
3998
3999
4000
4001
6587
4347
4414
5807
4002
4003
4010
4004
4005
27541
4006
4007
4008
4009
4011
4012
27578
4013
4014
4015
4016
14163
14463
4017
14132
4018
4019
14151
14158
4021
4022
14270
4023
25603
4024
14165
4025
4026
4027
4028
4029
6029
4030
4031
4032
4033
9899
4034
9552
4036
4037
4038
26690
4039
9900
4041
4042
4051
4043
13989
4044
4045
23026
4046
4047
26709
4048
4049
26720
4050
4054
4055
4056
4057
13427
4058
17547
4059
4060
4061
4062
4063
28194
4064
4066
4067
4068
4069
28115
28144
4070
4071
4072
4073
28181
28197
4074
4075
4076
4077
4078
4079
30758
4080
4081
4082
9912
4083
4084
4085
4086
4087
4088
4089
4090
9916
9923
4091
4092
4093
4094
14182
18445
4095
4096
4097
4098
4099
4100
4102
8159
4103
4104
8160
4107
4113
4114
4115
5684
4118
30543
4119
4120
4121
4122
4123
4125
4126
4128
4129
4130
9978
4134
10926
4135
4136
4137
4138
4139
4140
4141
4143
4144
7011
4145
4146
4147
20075
30600
4151
4152
4153
4155
4156
4157
4158
4159
4160
4162
12085
4163
4164
4165
4167
20022
4169
4170
4171
4172
4173
4174
4175
4176
28805
4177
4178
4179
4180
12310
4181
4182
4183
10089
4184
4185
4186
4187
12356
4189
4190
4191
4192
4193
4194
4195
4196
4197
4198
4199
4200
4202
4201
4203
4204
4206
4207
29533
4210
4211
4213
4214
4218
6773
4219
4220
4223
4225
4226
4230
4235
4237
4238
4241
4243
4246
9122
4269
4250
4253
4256
4260
4263
4266
4270
4271
4272
7833
4275
4280
4283
4329
4289
4297
4299
4300
4301
4302
4304
4305
8329
7928
4314
4317
4320
4326
4327
4333
4334
4335
4338
7561
7116
4339
4341
4343
4344
4350
4505
4357
4359
4408
4362
4363
4364
4422
4365
4370
4371
4372
4390
4373
4400
4374
4393
4394
4412
4416
4417
11123
4418
9846
4420
4425
4430
4433
4435
4436
4438
4439
4922
4440
4441
4443
4445
4446
4447
4456
4449
15157
4454
4451
4452
4453
4455
4459
14971
14975
14979
15006
4461
4462
4463
4465
4466
4467
4468
4469
4470
4471
4472
4474
4475
4476
4478
4479
4481
4482
4484
4485
4486
4487
4488
4495
4498
4499
14759
4500
4501
4506
4507
4524
4508
4509
4511
4513
4514
4516
4517
4518
4519
4520
4897
5070
5079
4525
4528
4529
4530
4531
4532
4533
5280
4535
4536
4537
4586
4538
4539
4541
4543
4544
4545
4550
4551
4552
4555
4563
4849
4556
4557
4558
4559
4560
4561
4562
4567
5681
4568
4571
4572
4573
4575
4582
4583
4584
4585
4587
4588
4593
6204
4604
6202
4607
4608
4609
4610
6263
4611
4612
4613
4614
4616
4617
4618
4619
6012
4620
4623
4625
4626
4627
4628
4629
4630
4632
5700
5798
4633
5796
4636
4637
4638
4639
4641
6034
4642
8255
5334
4644
5340
4645
4646
4647
4649
4652
4653
4656
4657
4658
4659
6158
4660
4661
4662
4664
4665
4666
8179
5806
4668
6148
4669
6021
6174
4670
4672
4674
4676
4678
4679
4680
4681
4683
4682
4740
4684
4686
4685
4687
4767
4688
4689
4690
4691
4771
4692
4693
4694
4695
4696
4697
4845
4699
4795
4700
4823
4866
4701
4702
4882
4703
4704
5194
4705
4706
4707
4708
4709
4711
4712
4757
4713
4749
4714
4715
4790
4717
4822
4720
4942
4722
4723
4724
4725
5667
4726
4727
4728
4729
4730
4731
4732
4800
4733
4734
4735
4736
4737
4738
4739
4930
4742
4743
4744
4745
4746
4747
4753
4754
4758
4759
4760
4924
4762
4796
4763
5791
4764
4766
4768
4769
4770
4801
4837
4772
4817
4886
4773
4774
4775
4776
4777
4778
4779
4788
4780
4782
4783
4784
4785
4786
4926
4791
4802
4803
4804
4805
4806
4807
4808
8930
4810
4811
4814
4815
4818
4824
4829
4833
4834
4859
4861
4863
4864
4867
4870
4873
4880
4894
4888
4895
4936
4920
4951
4952
4955
4962
4963
4964
4965
4966
26561
4968
4969
4971
4973
4974
4976
4977
4978
4988
4985
6250
4986
4987
4992
5031
4994
5046
4995
13782
5928
4996
5734
4997
4998
4999
18167
5000
5086
5001
5002
5003
5004
5005
5006
5007
5036
5080
5008
5009
5726
5010
5012
5014
5015
5075
5016
5017
6089
5023
5025
5026
5027
5028
5033
5038
5039
17920
5040
5041
19369
5056
5077
5042
5043
5045
10474
5048
18209
5049
5050
14929
5054
5055
5057
5058
5059
19378
5065
5067
5066
5083
5068
5071
5072
5073
5095
5081
5082
5096
5106
5107
6230
5110
5113
5117
5118
5111
5112
5114
5115
5119
5120
5122
5123
5145
5128
5130
5131
5132
5141
5142
5143
5144
5146
5147
5148
5152
5163
5164
5169
5170
5172
5173
5174
5196
5175
5185
5177
5178
5179
5192
5180
5183
5188
5190
5186
5200
5810
5198
5201
5211
5212
5219
5220
5222
5221
5226
5227
5228
5298
5229
5230
5232
5233
5235
5236
5237
5239
5307
5240
5242
5243
5244
5245
5246
5247
5248
5249
5250
5251
28490
5252
5311
5318
5312
5257
5258
5297
5308
5275
5262
5265
5267
5268
5272
5273
19357
5274
5281
5276
5290
5293
5299
5300
5302
5303
5304
5305
5316
5317
5326
5327
5328
5336
5329
5331
5332
5333
5337
8997
8999
5343
5344
5345
5346
5347
5349
5350
5351
5352
5353
5354
5387
5355
5374
5356
5358
5463
5359
5361
5362
5364
5365
5369
5371
5372
5376
5377
5378
5459
5379
5380
5381
5383
5385
14836
5391
5392
5393
15959
5395
5397
5425
5426
5447
5427
5428
5432
5433
5434
5435
5436
5438
5439
5468
5451
5452
5513
5453
5456
5460
5477
5478
5479
5506
5516
5518
5526
5538
5541
5542
5596
5543
5544
5546
5547
5548
5637
5549
5550
5611
5552
5553
5554
5638
5555
5556
5557
5558
5559
5560
5561
5626
5563
5564
5565
5666
5567
5568
5680
5569
5570
5571
5572
5573
5574
5613
5575
5576
5577
5578
5603
5579
5580
5581
5582
5583
5584
5585
5586
5605
5587
5588
5589
5590
5591
5592
5622
5648
5593
19365
5594
5595
5661
5598
6017
5599
5600
5601
5602
5604
5606
5608
5693
5609
5632
5657
5610
5614
5615
5616
5619
5620
5623
5624
5625
5628
5629
5634
5635
5641
5643
5646
5647
5649
5655
5656
18837
5663
5668
5669
5676
5690
5691
5696
5703
5709
21468
5712
5714
5717
8665
5718
5719
5721
5724
5732
5727
5927
5728
5730
5736
5737
5744
5745
5748
5749
5756
5758
5759
5763
5764
5766
5767
5773
5777
5778
5779
5781
5782
5784
5785
5786
5787
5788
5794
5793
5811
5819
15980
5836
5839
5837
5838
5840
5842
18023
5866
5873
5844
5845
14664
5846
5847
5848
5849
5850
5851
5852
5869
5855
5856
5874
5877
5881
5882
6096
5913
5914
5916
5917
5920
18043
6076
5923
5924
19078
6084
5929
16144
28032
5940
15413
5948
5964
5968
5974
5976
5982
5978
5979
5980
5981
5990
5991
5994
6004
5995
5996
5999
6000
6001
6002
6003
6007
6008
6009
6010
6011
6013
6014
6018
6019
6023
6026
6027
6028
6030
6036
6037
6039
6040
6042
6043
6044
6045
6046
6047
6048
6049
6050
6053
6054
6055
6058
6056
6057
6063
6060
6068
6070
6073
6090
6075
6086
6087
6088
6091
6112
7611
6097
6099
6102
6105
6113
6114
20525
6115
6120
6121
6122
6132
6123
6124
6129
6134
6137
6139
6141
6140
6142
6143
6145
6147
6149
6150
6155
6156
6159
6160
6161
6165
6176
6177
6179
6185
6186
6187
6199
6210
6211
6216
6228
6225
6232
6233
6235
6236
6239
6240
6246
6247
6264
6265
6266
6267
6268
6269
6270
6271
6272
6273
6274
6277
6278
6318
6279
6280
6281
6300
6316
6343
6282
6283
6284
6287
6288
6289
6299
6304
6290
6291
6292
6295
6296
6297
14897
6298
6307
6308
6309
6313
6314
6339
6340
15947
6341
18308
6344
6350
6355
6357
6358
6359
6363
6365
6366
6371
6372
6373
6374
6375
6377
6378
6379
6380
6381
6382
6383
6384
6690
6385
6386
6387
6388
6389
7060
6392
6393
6402
6403
6404
6406
6407
6410
6408
6411
6414
6412
6415
6431
6432
6439
6440
6454
6455
6457
6469
6470
6471
6472
6473
6474
6475
6476
6478
6649
6480
6482
6483
6484
6486
6487
6489
6492
6585
6494
6496
6497
6498
6499
6500
6501
6502
6505
6506
6669
6507
6508
6509
6510
6511
6513
6516
6618
6700
6519
6680
6521
6522
6523
6524
6525
6526
6528
6530
6673
6535
6537
6538
6539
6659
6540
6630
6542
6549
6550
6553
6556
6557
6558
6559
6562
6600
6563
6564
6565
6572
6576
6577
6579
14610
6589
6590
6591
6595
6596
6598
6599
6606
6607
6608
6610
6611
6612
6614
6619
6620
6625
6631
6651
6652
6660
6653
6654
6655
6656
6657
6667
6668
6684
6670
6676
6685
6687
6688
6693
6694
6702
6703
6704
6705
6706
6707
6782
6802
6708
6710
6711
6713
6714
6715
6716
6718
6719
9571
6720
6721
6722
6723
6724
6826
6817
6725
18470
6726
6727
6728
6729
6730
6732
6733
6734
18557
6735
18486
6736
6737
6738
6818
6742
6743
18560
6744
6745
6746
6747
6748
6750
6753
6754
6760
6761
6767
6762
6764
6765
6789
6770
9739
6772
6777
6778
6779
6780
6781
6783
6784
6785
6786
6790
6791
6793
6794
6824
6800
6803
30705
6805
6812
6811
6813
6828
6829
6830
6835
6836
6838
6837
6839
6840
6841
6842
6843
6844
6845
6846
6847
6848
6850
6849
6851
6852
6871
6875
6853
6855
6856
6858
6859
6863
6864
6872
6873
6879
6880
6884
6885
6902
6903
6905
6914
6932
6933
6934
6935
6938
6939
6940
6941
6942
7252
7312
7579
6946
6949
6950
6953
7012
6959
6961
6962
6963
6965
6966
20928
6967
6968
6969
6970
6971
6972
6976
6977
6978
6979
6980
6981
6984
6987
6989
6990
6991
6992
7261
6993
6994
7451
6995
6996
6999
6997
6998
7350
7000
7001
7004
7005
7006
7008
7211
7010
7014
7015
7202
7215
7016
7258
7019
7020
7021
7022
7614
7630
7242
7024
7025
7026
7027
7028
7029
7030
7394
7031
7032
7033
7345
7034
7604
7035
7036
7037
7480
7038
7039
7042
7207
7044
7045
7046
7528
7047
7048
18307
7049
7050
8430
7051
7052
7053
7054
7055
7056
7057
7058
7059
7105
7111
7112
7114
7119
7613
7124
7133
7134
7139
7140
7141
7142
7143
7144
7146
7147
7153
7154
11137
11443
12177
12221
7155
7156
7157
7158
7160
7161
7162
7163
7166
7167
7173
7174
7177
7178
7179
7180
7181
7185
7186
7187
7188
7203
7208
7213
7218
7222
7223
7225
7226
7227
7228
7233
7234
7235
7240
7245
7246
7247
7253
7259
7262
7263
7260
7267
7268
7269
7270
7271
7273
7274
7277
7278
7279
7280
7281
7282
7284
7283
7285
7287
7296
7288
7292
7297
7298
7315
7316
7322
7323
7343
7349
7354
7327
7328
7339
7356
7357
7358
7359
7360
7361
7366
7367
7368
7369
7370
7371
7375
7377
7378
7381
7382
7390
7397
7398
7399
7401
7402
7404
7406
7411
7412
7414
7415
7418
7425
7452
7453
7457
7461
7602
7462
7465
20269
7466
7470
7491
7496
7500
7502
7503
7504
7505
7539
7544
7547
7559
7578
7580
7582
7594
7596
7616
7622
7629
7633
7639
7641
7647
7648
7657
7710
7658
7659
7660
7670
7672
7675
7676
7794
7677
7678
7679
7756
7680
7767
7763
7681
7682
7683
7684
13476
7685
7686
7773
7687
19694
7688
7689
7690
7766
7691
7744
7693
7694
7696
7697
7698
7699
7700
7784
7701
7702
7703
7705
7706
7711
7713
7714
7715
7726
7725
7727
7737
7728
7735
7731
7732
7736
7738
7739
7745
7746
7747
7748
7749
7758
7762
7750
7751
7752
19849
7759
7760
7761
7764
7765
7768
7791
9991
7792
7800
7801
7802
7810
7816
7817
7821
7822
7825
7827
7843
7844
7859
7865
7866
26764
7867
7871
7872
7875
7884
7878
7893
7880
7889
7887
7882
7888
7894
7897
7900
7920
7904
7918
7905
7906
7908
7932
7910
7915
7916
7921
7924
7935
7936
7940
7941
7942
7943
7944
8008
7945
7969
7973
7976
7946
7964
7947
7948
7950
7951
7952
8456
7996
7953
7981
7954
7956
7965
7968
7971
7972
7974
7975
7978
7979
7980
7984
7991
7990
7997
7999
8004
17863
8009
8018
8019
8020
8021
8022
8024
8031
8025
8044
8026
8027
8028
8029
8030
8034
8035
8037
8043
8045
8048
8049
8058
8059
8067
8069
8074
8076
8077
8078
8079
8081
8106
8082
8085
8088
8090
8096
8097
8101
8102
8108
8110
8107
8121
8122
8124
8153
8126
8128
8130
8131
8132
8134
8135
8137
8139
8140
8142
8143
8144
28466
8155
8146
8147
8148
8149
8240
8150
8151
8154
8157
8158
8161
8164
8165
8167
8169
8170
8171
8173
8174
8176
8177
8178
8245
8180
8181
8182
8183
21238
8192
8193
8195
8197
8200
8201
8205
8206
8229
8237
8241
8247
8249
8252
8253
8254
8256
8257
8268
8269
8273
8280
8281
8282
8286
9568
8290
8294
8297
8300
8302
8303
8304
8305
8306
8313
8314
8315
8317
8319
8320
8322
20108
8432
8326
8440
8328
8331
8333
8335
8342
8343
8344
8346
8348
8349
8352
8353
8354
8355
8356
8357
8365
8366
8371
8372
8373
8374
8375
8377
8378
8380
8384
8385
8386
8387
8388
8394
8395
8396
8397
8398
8400
8405
8407
8412
8413
8420
8421
8423
8431
8447
8449
8453
8454
8457
8462
8469
8471
8472
8473
8477
8478
8480
8481
8482
8483
8484
8485
8486
8488
8489
8490
8491
8492
8493
8495
8496
8497
8498
8499
8500
8557
8501
8627
8502
8503
8505
8506
8507
8508
8509
8513
8514
8515
8516
8625
8517
8603
9047
8518
8519
8520
8521
8523
8524
8525
8526
8527
8528
8529
8530
8531
8532
8533
8534
8536
8537
8639
8647
8538
8539
8540
8542
8543
8544
8545
8546
8548
8549
8550
8551
8583
8553
8554
8558
8559
8561
8562
8564
8565
8566
8567
9020
8568
8569
8571
8572
8575
8576
8577
8578
8584
8585
8586
8588
8590
8591
8592
8593
8594
8596
8597
8599
8600
8601
8602
8604
9063
8612
8614
8616
8617
8619
8620
8622
8624
8628
8629
8630
8654
8631
8634
8635
8642
8643
8644
8650
24362
8645
8651
8655
8659
8658
8660
8666
9000
8669
8670
8671
8672
8675
8676
8677
8678
8679
8881
8680
8681
8682
8683
8855
8860
8864
8684
8685
8870
8686
8687
8688
8690
8869
8692
8695
10485
8697
8699
8703
8704
8705
8942
8706
8707
8708
8709
8710
8711
8712
8713
8714
8715
9355
8716
8717
8718
9296
8719
8720
8721
9004
8723
8724
8725
8726
9295
8728
8729
9447
8731
8732
9444
8735
9448
9449
8773
9445
8742
9439
8743
8744
8745
8746
8747
8748
8749
8750
9352
9372
8751
9405
8752
9229
8753
8756
8758
8759
19326
8760
8761
8762
8763
9027
8764
8765
8766
8767
8768
8770
9456
8771
8772
8774
8775
8776
8777
8778
8779
8780
8781
26017
9080
8783
9048
8788
8789
8790
8791
8792
8794
8795
8796
9082
8797
9076
8798
8799
8800
8801
8802
9057
8803
8811
9059
8812
25986
25997
8813
8814
8815
8816
8819
8820
8821
8822
8824
8825
8828
8829
8830
8831
10001
8832
8833
8834
8838
9148
8839
8841
8842
8843
8846
8848
8850
8853
9024
8854
8873
8866
8867
8882
8883
8884
8885
8917
8886
8919
8920
8921
8924
8931
8932
8934
8944
8945
8960
8961
8966
8968
8970
8984
8985
8986
8987
8996
9002
9006
9008
9010
8998
9007
9009
9016
9017
9018
9025
9037
9041
9042
9043
9044
9045
9050
9052
9053
9054
25996
9055
9071
9069
9058
9074
9075
9102
9117
9118
9120
9121
9137
9138
9155
9156
9157
9166
9167
9174
9182
9175
9177
9178
9179
9180
9211
9212
9218
9217
9213
9238
9239
9240
9241
9247
9259
9260
9277
9279
9280
9300
9301
9312
9313
9316
9317
9319
9320
9321
9330
9322
9323
9324
9325
9332
9333
9326
9327
9328
9341
9342
9348
9349
9353
9354
9378
9373
9420
9388
9410
9415
9421
9422
9423
9424
9425
9426
9427
9428
9434
9429
9435
9466
9467
9472
9484
9487
9489
9494
9495
9496
9498
9499
9500
9501
9502
9503
9504
9513
9511
9514
9516
9517
19264
9518
9520
9522
9527
9525
9531
9534
9535
9536
9539
9540
9541
9542
9544
9545
9549
9550
9553
9554
9559
9561
9562
9564
9565
9566
9567
9573
9745
9574
9575
9576
9579
9580
9581
9582
9585
9586
10002
9588
9589
9590
9595
9995
9596
9842
9597
9598
9959
10037
9600
9601
9602
9605
9606
9609
9611
9654
9614
9615
9618
9620
9621
9983
9623
9624
9627
9628
9629
9955
9630
9632
9940
20322
9633
9634
9754
9819
9847
9637
9638
9639
9641
9642
9798
19766
9647
9648
9649
9651
9653
9655
9656
9657
9658
9660
9661
9662
9666
9667
9669
9670
9671
9672
9673
9904
9906
9907
9674
9909
9939
9676
9910
9677
9679
18935
9681
9683
9762
9684
9687
9688
9689
9694
9691
9692
9693
9695
9696
9698
9699
9707
9722
9730
9736
9737
9738
9752
9753
9740
9741
9744
9742
9759
9760
9761
9763
9765
9764
9766
9772
9773
9774
9776
9775
9777
9778
9793
9794
9796
9797
9802
9803
9804
9805
9810
9811
9813
9814
9815
9825
9833
9835
9836
9843
9844
9849
9850
9864
9853
9861
9862
9869
9870
9878
9871
9872
9873
9874
9875
9881
9883
9884
9885
9889
9892
9893
26711
9897
9905
9927
9929
9930
9933
9934
9948
9949
9958
9961
9973
9974
9976
10019
9979
9985
9992
9993
10006
10007
10011
10020
10021
10023
10034
10038
10040
10041
10043
10044
10048
10049
10060
10070
10075
10087
10088
10111
10116
10119
10121
10122
10127
10128
10129
10130
10259
10260
10132
10133
10134
10268
10284
10136
10137
10138
10141
10142
10150
10144
10145
10146
10147
10151
10152
10156
10665
10160
10161
10177
10178
10183
10184
10185
10186
10190
10191
10192
10202
10193
10194
10195
10198
10199
10200
10203
10204
10205
10206
10215
10214
10212
10220
10233
10240
10216
10217
10218
10222
10223
10235
10242
10243
10261
10262
10263
10266
10267
10271
10272
10273
10285
10286
10304
10305
10306
10307
10308
10309
10310
10321
10322
10339
10688
10329
10538
10645
10338
10340
10341
10344
10345
10349
10382
10352
10356
10357
10358
10360
10361
10444
10362
10363
10364
10365
10366
10368
10369
10370
10371
10372
10373
10374
10375
10376
10377
10378
10394
10383
10384
10387
10388
10411
10412
10446
10447
10449
10452
10454
10455
10459
10460
10462
10463
10471
10472
10475
10496
10477
10478
10479
10480
10483
10484
10487
10488
10490
10501
10509
10512
10515
10522
10523
10524
28489
10526
10548
10549
10579
10580
10588
10589
10648
10649
10650
10651
10652
10653
10658
10659
10660
10666
10667
10669
10671
10673
10674
10677
10678
10727
10682
10683
10784
10685
10687
10694
10697
10698
10699
10700
10701
10702
10709
10710
10849
10712
10716
10717
10723
10875
10732
10733
10743
10745
10747
10748
10749
10750
10752
10774
10776
10777
10778
10785
10787
10790
10788
10791
10789
10795
10796
10798
10799
10802
10803
10804
10805
10807
10808
10809
10821
10822
10823
10826
10827
10867
10830
10838
10839
10844
10845
10846
10861
10862
10879
10880
10881
10900
10901
10908
10909
10911
10912
10913
10915
11077
10923
10924
10925
10928
10929
10931
10936
10937
10938
10939
10944
10954
10955
10956
10979
10983
10985
10986
10991
10992
11045
10999
11000
11007
11009
11021
30807
11050
11051
11053
11054
11067
11068
11084
11089
11091
11095
11096
11124
11125
11127
11128
11129
11132
11138
11139
11158
11140
11141
11142
11149
11143
11156
11154
11144
11166
11170
11145
11146
11148
11150
11151
11152
11153
11165
11174
11175
11159
11161
11162
11177
11178
11179
11180
11181
11196
11200
11182
11216
11183
11218
11184
11192
11185
11186
11187
11188
11189
11190
11193
11194
11197
11198
11199
11203
11211
11201
11212
11204
11205
11206
11225
11224
11226
11227
11231
11232
11236
11237
11248
11249
11257
11258
11259
11262
11263
11265
11266
11267
11280
11313
11303
11269
11270
11297
11309
11271
11272
11320
11273
11274
11275
11276
11308
11317
11281
11282
11284
11285
29118
12104
11293
29110
11299
11300
11340
11306
11315
11325
11335
11336
11341
11345
11346
11356
11357
12144
11358
11359
11360
11361
11362
11363
11381
11382
11397
11398
11399
11402
11403
11404
11405
11407
11406
11408
11412
11413
11422
11423
11424
11428
11434
11435
11439
11444
11450
11523
11451
11452
11525
11453
11508
11542
11454
11574
11455
11589
11456
11457
11458
11597
11514
11592
11459
11565
11460
11515
11461
11520
11462
11463
11464
11486
11465
11492
11466
11467
11495
11468
11577
11469
11478
11470
11483
11471
11472
11473
11474
11475
11476
11502
11477
11479
11506
11513
11480
11516
11481
11553
11484
11547
11485
11487
11488
11504
11489
11528
11527
11490
11507
11540
11549
11491
11567
11493
11494
11496
11497
11576
11541
11498
11548
11499
11500
11551
11501
11596
11505
11510
11550
11559
11570
11578
11517
11521
11522
11526
11530
11552
30712
11534
11538
11582
11544
11568
11569
11607
11608
11626
11628
11609
11617
11610
11611
11613
11622
11623
11636
11645
11655
11651
11652
11653
11657
11654
11675
11679
11680
11682
11683
11684
11727
11699
11700
11701
11732
11755
11770
11702
11703
11704
11780
11757
11705
11758
11761
11706
11707
11708
11725
11763
11764
11709
11710
11774
11712
11713
11776
11715
11788
11716
11718
11773
11781
11789
11719
11802
11720
11721
11722
11723
11805
11733
11735
11739
11738
11746
11740
11749
11741
11750
11742
11751
11743
11752
11744
11748
11747
11759
11762
11765
11766
11785
11777
11779
11783
11784
11803
11791
11793
11794
11795
11796
11797
11809
11810
11811
11816
11817
11856
11818
11825
11819
11831
11820
11843
11821
11822
11832
11823
11826
11858
11836
11827
11833
11834
11837
11861
11855
11838
11842
11869
11839
11848
11844
11850
11853
11863
11857
11864
11865
11878
11880
11884
11886
11887
11888
11889
11903
11890
11892
11893
11894
11907
11914
11895
11896
11897
11910
11898
11899
11917
11908
11904
11915
11906
11912
11913
11923
11924
11925
11933
11926
11940
11927
11929
11928
11930
11931
11934
11953
11954
11955
11961
11956
11972
11957
11980
12037
12061
12038
12039
12040
12041
12042
12043
12044
12064
12068
12045
12046
12048
12047
12049
12050
12051
12052
12074
12056
12057
12058
12059
12070
12071
12089
12090
12095
12096
12106
12121
12108
12109
12110
12115
12131
12132
12145
12147
12152
12153
12174
12154
12159
12155
29705
12156
12157
12158
12160
12161
12163
12162
12166
12167
12178
12179
12190
12191
12192
12193
12194
12206
12207
12218
12219
12222
12223
12232
12233
12234
12240
12241
12246
12247
12252
12253
12254
12255
12267
12266
12268
12324
12269
12270
12327
12342
12346
12271
12272
12273
12274
12275
12294
12276
12278
12279
12280
12315
12281
12307
12314
12282
12337
12344
12284
12285
12331
12286
12287
12288
12289
12318
12290
12292
12295
12296
12297
12298
12304
12319
12336
12306
12339
12308
12347
12309
12311
12338
12350
12351
12362
12352
12353
12354
12357
12370
12360
12361
12374
12375
12376
12377
12378
12400
12382
12383
12393
12415
12419
12420
12429
12430
12432
12440
12441
12445
12446
12469
12476
12447
12448
12484
12449
12488
12450
12464
12467
12451
12452
12470
12472
12453
12473
12454
12475
12455
12456
12477
12481
12457
12458
12459
12486
12460
12461
12462
12479
12465
12466
12485
12490
12491
12522
12523
12528
12524
12536
12525
12531
12545
12546
12563
12562
12561
12589
12590
12593
12594
12610
12611
12612
12618
12613
12616
12614
12627
12628
12629
12630
12632
12633
12634
12636
12641
12642
12654
12655
12657
12678
12683
12682
12679
12681
12684
12685
12686
12687
12688
12690
12691
12692
12695
12696
12709
12697
12699
12700
12704
12728
12749
12750
12753
12752
12754
12755
12756
12757
12758
12759
12769
12763
12764
12772
12773
12776
12778
12779
12780
12781
12883
12782
12783
12784
12785
12786
12802
12818
12787
12788
12796
12797
12789
12812
12795
12790
12791
12792
12793
12798
12799
12854
12801
12874
12918
13007
12803
12806
12807
12958
12808
12819
12823
13034
12824
12825
13008
12826
12827
12828
12829
12830
12831
12943
12832
12833
12834
12836
12837
12838
12839
12840
12841
12842
12843
12845
12846
12847
12848
12850
12851
12882
12852
12853
12855
12856
12857
12858
12859
12860
12861
12862
12863
13005
12864
12865
12869
12896
12875
12878
12879
12880
12881
12955
12885
12888
12889
13056
12890
12891
12892
12894
12895
12902
12904
12905
12910
12911
12912
12913
12926
12927
12954
12935
12940
12941
12942
12962
12963
12964
12975
12976
13009
13014
13037
13038
13048
13040
13042
13047
13044
13052
13062
13064
13065
13073
13074
13075
13076
13077
13088
13089
13090
13091
13098
13099
13107
13114
13115
13116
13117
13118
13126
13127
13128
13130
13131
13132
13133
13134
13135
13142
13148
13149
13150
13163
13164
13165
13166
13167
13168
13182
13183
13187
13188
13194
13195
13198
13200
13203
13202
13204
13205
13207
13208
13209
13210
13245
13257
13258
13265
13272
13273
13274
13275
13276
13277
13279
13328
13281
13282
13283
13286
13287
13288
13291
13292
13351
13294
13295
13296
13299
13300
13301
13302
13306
13307
13309
13310
13311
13312
13313
13322
13315
13316
13317
13319
13320
13321
13329
13330
13331
13335
13353
13357
13358
13359
13360
13362
13363
13372
13364
13380
13365
13366
13381
13367
13368
13370
13371
13376
13387
13388
13393
13397
13403
13404
13405
13410
13411
13406
13428
13430
13431
13432
13433
13434
13435
13436
13437
13438
13439
13444
13446
13450
13451
13453
13454
13486
13487
13492
13493
13500
13503
13504
13505
13513
13514
13515
13516
13517
13548
13549
13550
13551
13559
13560
13574
13575
13576
13577
13579
13580
13581
13582
13584
13585
13589
13590
13591
13595
13596
13603
13604
13622
13623
13742
13743
13745
13749
13750
13752
13753
13756
13757
13767
13768
13770
13771
13784
13785
13793
13794
13811
13812
13819
13821
17611
17635
13822
13841
13849
13885
13888
13889
13902
13903
13907
13908
13911
13912
13915
13984
13916
13920
13921
13925
13923
13926
13927
13928
13929
13930
13931
13935
13936
13937
13938
13939
13949
13954
13955
13956
13962
13963
13964
13965
13966
13969
13970
13973
13974
13975
13976
13977
13990
13994
13995
14000
14001
14011
14013
14019
14021
14023
14034
14036
14043
14047
14050
14051
14053
14057
14062
14065
14066
14068
14075
14081
14095
14077
14099
23065
14080
14101
14103
14104
14109
14115
14119
14120
14125
14121
14122
14123
14124
14133
14134
14136
14164
14137
14141
14143
14144
14145
14146
14147
14149
14150
14152
14153
14154
14159
14167
14168
14171
14172
14174
14175
14176
14180
23591
14183
14184
14185
14186
14197
14198
14199
14200
14201
14203
14209
14204
14207
14208
14210
14221
14224
14225
14226
21390
14227
14228
14233
14229
14230
14231
14241
14232
14234
14235
21386
23179
21380
14236
14237
14238
21384
14239
14243
14248
14249
14250
14251
14252
14253
14260
14254
14255
14256
14261
14266
14262
14263
14264
14265
14267
14271
14268
14274
14281
14297
14290
14291
14292
14303
14309
14310
14312
14313
14314
14315
14319
14320
14321
14322
14324
14325
14326
14328
14336
14341
14357
14358
14359
14360
14364
14365
14368
14370
14371
14411
14392
14393
14394
14395
14415
14396
14419
14397
14398
14420
14399
14404
14401
14402
14403
14405
14407
14408
14416
14417
14421
14422
14423
14424
14444
14425
14429
14433
14426
14427
14428
14434
14431
14432
14435
14436
14437
14442
14438
14450
14451
14456
14458
14459
14471
14465
14466
14467
21400
21425
14468
14469
14476
14477
23181
14486
14492
14493
14495
14496
14497
14498
14513
14518
14519
14521
14522
14525
14526
14532
14533
14543
14544
14545
14550
14556
14558
14559
14561
14564
14565
14587
14590
14635
14641
14648
14650
14656
14657
14786
14658
14671
14672
14674
14675
14676
14677
14678
14679
14681
14688
14697
14698
14705
14709
14710
14714
14717
14718
14723
14724
14730
14731
14760
14761
14765
14768
14773
14774
14851
14781
14782
14785
14789
14790
14787
14788
14793
14794
14797
14796
14799
14801
14802
14806
14803
14813
14814
14816
14817
14837
14833
14839
14840
14848
14856
14857
14863
14868
14869
14870
14882
14876
14877
14895
14904
14905
14906
14914
14918
14925
14936
14938
14939
14940
14941
14942
14943
14944
14945
14946
14969
14978
14993
14947
14949
14950
14951
14965
14966
14970
14989
14973
14976
14977
14980
15029
14981
14983
14984
14985
14986
14990
14994
15001
15021
15023
15035
15038
15041
15071
15079
15080
15081
15088
15089
15093
15094
15096
15097
15126
15135
15136
15137
15138
15142
15167
15171
15172
15178
15199
15200
15213
15217
15226
15235
15236
15237
15244
15245
15252
15253
15254
15256
15259
15260
15267
18015
15277
15281
15303
15304
15306
15310
15311
15312
15313
15314
15316
15317
15318
15319
15321
15322
15327
15328
15329
15330
15333
15334
15335
15336
15337
15341
15342
15349
15350
15358
15359
15360
15362
15364
15365
15380
15389
15393
15398
15400
15417
15436
15438
15440
15441
15491
15442
15443
15444
15445
15446
15447
15470
15448
15473
15449
15450
15451
15484
15460
15452
15454
15455
15457
15458
15461
15494
15463
15464
15552
15569
15620
15465
15778
15466
15467
15468
16286
15469
15471
15474
15475
15478
15479
15482
15495
15485
15497
15498
15857
15499
15500
15501
15502
15503
15504
15505
15506
15507
15508
15527
15509
15510
15511
15596
15512
15513
15723
16183
15515
15517
15518
15519
15520
15521
15523
15524
15528
15529
15530
15531
15532
15533
16277
15547
15534
15841
15535
15536
16466
15537
15538
15539
15540
15542
15543
15544
15548
15550
15551
15553
15571
15554
15555
15556
15557
15558
15559
15560
16377
15561
17089
15562
15563
15564
15565
15566
16273
15567
15568
15570
15572
15746
15573
15581
15597
15598
15599
15600
15601
15602
15603
15607
15608
15609
15610
15611
15613
15616
15618
15758
15619
15621
15622
15623
15624
15625
15626
15627
15628
15629
16511
15631
15632
16295
15639
15640
15641
15642
15643
15645
15646
15647
15649
15651
15652
15656
15658
15665
15667
15668
15669
15701
15670
16373
16381
15671
15672
15674
15675
15676
15677
15678
15679
15680
15694
15702
15681
15705
15682
15683
15685
15688
15689
15691
15707
15712
15696
15697
15708
15710
15699
15700
15703
15714
15715
15716
15718
15719
15720
15721
15725
15727
15728
15733
15729
15730
15731
15732
15734
15735
15748
15751
15736
15737
15738
15739
15740
15741
15743
15744
15754
15755
15756
15791
15757
15759
15760
15761
15762
15763
15765
15767
15769
15770
15773
15774
15775
15776
15779
15780
15781
16337
15782
15783
15784
16487
15785
15786
15787
15788
15789
15797
15798
15799
15800
15802
15813
15804
15806
15809
15814
15833
15815
15817
15816
15818
15819
15820
15821
15822
15823
15824
15831
15825
15826
15827
15855
15829
15838
15830
15834
15835
15836
15837
15850
15843
15845
15858
15863
15864
15870
15871
15872
16352
15873
15874
16274
15875
15876
15877
15878
15879
15881
15882
15883
15885
15886
15888
15890
15892
15894
15897
15898
15899
15900
15901
15902
15903
15905
15909
15912
15913
15914
15917
15918
15923
15924
15925
15926
15927
15929
15930
15934
15935
15937
16395
15939
15941
15942
15951
15948
15962
15963
15964
15967
15970
15972
15973
15977
15982
15983
15988
15987
15990
15991
15992
15993
16006
15994
15995
15996
16001
16014
15999
16000
16010
16002
16017
16018
16039
16019
16021
16020
16022
16023
16024
16025
16027
16028
16029
16037
16040
16041
16042
16048
16049
16053
16054
16055
16057
16056
16060
16061
16062
16075
16063
16080
16086
16064
16065
16066
16068
16071
16072
16073
16074
16084
16078
16092
16090
16093
16094
16095
16096
16097
16098
16099
16100
16101
16102
16103
16107
16114
16108
16109
16110
16111
16112
16126
16127
16132
16133
16135
16138
16142
16147
16148
16149
16151
16152
16156
16163
16165
16166
16168
16169
16171
16172
16173
16174
16176
16178
16179
16181
16184
16613
16185
16186
16187
16188
16189
16190
16192
16193
16194
16195
16196
16197
16198
16199
16200
16205
16206
16208
16212
16210
16211
16213
16214
16215
16218
16221
16222
16226
16229
16231
16233
16234
16235
16236
16240
16241
16243
16246
16248
16249
16251
16252
16254
16255
16256
16258
16260
16261
16262
16263
16264
16266
16267
16268
16271
16278
16279
16281
16283
16287
16303
16305
16310
16313
16315
16318
16321
16347
16323
16334
16338
16349
16353
16354
16355
16359
16363
16364
16366
16367
16368
16374
16375
16382
16384
16385
16387
16388
16392
16396
16397
16400
16404
16405
16409
16410
16411
16427
16412
16413
16414
16420
16415
16416
16417
16418
16452
16419
16441
16421
16422
16424
16431
16432
16434
16435
16436
16437
16439
16442
16445
16447
16448
16454
16455
16456
16457
16458
16459
16460
16461
16463
16492
16468
16470
16471
16472
16473
16474
16476
16477
16482
16495
16496
16507
16509
16516
16518
16519
16520
16521
16523
16524
16525
16526
16527
16528
16529
16530
16541
16542
16547
16551
16553
16562
16564
16566
16568
16570
16580
16581
16596
16599
16605
16606
16607
16608
16609
16624
16625
16612
16614
16615
16616
16617
16618
16619
16620
16621
16622
16626
16627
16628
16629
16634
16637
16641
16643
16645
16644
16646
16651
16647
16654
16648
16652
16658
16659
16660
16661
16662
16666
16667
16668
16688
16696
16689
16690
16698
16693
16695
16697
16705
16708
16709
16718
16725
16832
16836
16842
16843
16844
16845
16853
16854
16856
16857
16859
16860
16861
16867
16862
16863
16866
16874
16875
16888
16889
16898
16904
16924
16928
16931
16932
16933
16936
16941
16944
16945
16947
16949
16956
16958
16959
16960
16961
16962
16967
16968
16970
16982
16987
16994
16995
16996
17000
17002
17005
17009
17017
17020
17025
17030
17032
17034
17054
17055
17056
17057
17073
17107
17108
25095
17112
17116
17117
17122
17123
17126
17132
17134
17136
17151
17152
17155
17165
17169
17173
17174
17177
17178
17179
17181
17182
17183
17186
17187
17188
17189
17194
17196
17197
17202
17203
17208
17209
17210
17213
17214
17215
17258
17216
17217
17218
17219
17220
17222
17223
17224
17225
17226
17227
17229
17230
17232
17231
17233
17234
17235
17236
17238
17240
17241
17244
17245
17246
17247
17249
17293
17251
17253
17254
17255
17256
17267
17268
17269
17270
17271
17272
17277
17278
17294
17286
17288
17289
17297
17300
17453
17303
17309
17318
17314
17316
17322
17323
17325
17326
17327
17328
17329
17330
17331
17380
17332
17333
17351
17334
17335
17368
17342
17358
17337
17370
17338
17392
17340
17343
17344
17345
17372
17346
17347
17348
17349
17350
17353
17354
17355
17357
17382
17385
17359
17387
17366
17369
17373
17376
17384
17383
17389
17397
17399
17400
17401
17404
17405
17409
17406
17407
17410
17412
17415
17417
17419
17421
17425
17426
17438
17440
17441
17444
17448
17454
17455
17456
17463
17459
17468
17460
17461
17462
17467
17472
17469
17473
17474
17475
17477
17476
17479
17481
17482
17483
17484
17493
17489
17485
17487
17496
17499
17500
17501
17502
17505
17503
17504
17506
17512
17514
17515
17518
17519
17521
17520
17526
17529
17530
17532
17535
17536
17537
17544
17549
17567
17568
17578
17579
17581
17583
17585
17589
17592
17594
17596
17600
17605
17608
17609
17612
17613
17623
17625
17632
17641
17642
17643
17649
17650
17661
17662
17666
17667
17676
17677
17684
17685
17696
17698
17704
17705
17719
17720
17731
17732
17738
17739
17743
17744
17745
17746
17756
17774
17775
17776
17777
17793
17796
17797
17802
17803
17804
17805
17807
17816
17817
17823
17824
17834
17864
17868
17889
17890
17891
17893
17896
17897
17898
17899
17901
17903
17904
17913
17914
17916
17918
17919
17961
17923
17932
17934
17945
17952
17958
17971
17972
17978
18238
17979
24370
28005
28031
18154
27789
17980
17985
17986
17987
17988
17989
17990
17991
18208
17992
17997
17999
18000
18002
18003
18004
18011
18013
18016
18018
18019
18020
18021
18034
18026
18033
18030
18041
18044
18045
18049
18050
18053
18055
18051
18052
18054
18062
18056
18067
18065
18058
18069
18070
18071
18077
18078
18088
18089
18094
18095
18096
18100
18097
18099
18104
18105
18107
18108
18112
18113
18130
18131
18135
18136
18138
18140
18144
18145
18146
18150
18151
18172
18174
18175
18176
18181
18177
18182
18196
18197
18198
18203
18199
18204
18306
18212
18213
18215
18216
18228
18230
18231
18233
18234
18246
18249
18251
18253
18259
18254
18255
18262
18264
18268
18270
18271
18272
18274
18276
18278
18281
18282
18285
18290
18286
18288
18287
18292
18289
18291
18294
18295
18298
18397
18309
18310
18313
18316
18318
18323
18324
18325
18326
18327
18328
18329
18330
18331
18337
18343
18344
18345
18346
18347
18350
18373
18351
18355
18370
18367
18369
18387
18392
18395
18398
18401
18404
18406
18410
18411
18415
18412
18417
18424
18425
18426
18428
18429
18440
18432
18433
18434
18435
18446
18448
18450
18453
18457
18459
18460
18467
18468
18469
18474
18475
18487
18491
18492
18493
18494
18496
18507
18497
18498
18499
18500
18502
18503
18504
18505
18506
18509
18510
18514
18515
18523
18519
18521
18525
18526
18532
18534
18544
18552
18545
18553
18546
18565
18570
18574
18575
18547
18578
18549
18580
18550
18551
18554
18555
18558
18562
18563
18564
18581
18569
18572
18594
18573
18576
18582
18587
18588
18589
18595
18590
18600
18591
18592
18596
18598
18599
18606
18616
18617
18619
18620
18621
18622
18623
18633
18634
18635
18636
18637
18642
18638
18640
18644
18646
18647
18652
18655
18659
18660
18661
18662
18663
18666
18667
18670
18674
18675
18676
18683
18686
18687
18688
18713
18716
18719
18722
18726
18748
18780
18781
18785
18786
18794
18797
18807
18808
18811
18812
18820
18821
18823
18824
18834
18835
18839
18840
18841
18842
18882
18883
18884
18885
18923
18924
18925
18926
18927
18996
18928
18929
18930
18939
18940
18953
18954
18961
18963
18967
18968
18981
18982
18983
18989
18993
19001
19002
19003
19013
19014
19043
19053
19058
19067
19068
19070
19069
19079
19082
19083
19086
19088
19094
19095
19097
19099
19101
19102
19104
19113
19115
19118
19128
19136
19142
19144
19147
19155
19159
19161
19162
19163
19164
19166
19171
19172
19173
19190
19193
19194
19222
19195
19199
19196
19197
19208
19200
19201
19202
19204
19206
19227
19209
19219
19211
19212
19213
19214
19215
19216
19218
19220
19221
19225
19241
19228
19229
19232
19233
19242
19244
19249
19245
19251
19246
19252
19255
19259
19262
19263
19265
19266
19267
19268
19269
19270
19295
19271
19272
19274
19275
19276
19278
19277
19279
19281
19292
19283
19285
19286
19291
19287
19288
19290
19293
19296
19297
19298
19329
19302
19303
19307
19309
19310
19312
19314
19315
19316
19318
19321
19322
19324
19332
19335
19338
19381
19346
19348
19353
19360
19376
19384
19399
19394
19396
19397
19398
19400
19401
19402
19403
19404
19408
19419
19420
19421
19422
19428
19430
19433
19434
19435
19438
19448
19436
19437
19451
19440
19442
19443
19445
19446
19456
19463
19466
19467
19558
19468
19469
19478
19479
19480
19487
19488
19491
19492
19496
19505
19506
19507
19508
19515
19517
19518
19534
19522
19523
19524
19525
19528
19540
19541
19542
19543
19544
19545
19546
19548
19549
19555
19556
19559
19560
19561
19578
19566
19567
19577
19589
19591
19592
19625
19598
19597
19601
19606
19608
19609
19618
19632
19638
19640
19646
19648
19656
19657
19671
19672
19676
19677
19692
26508
19696
19697
19698
19699
19700
19701
19702
19707
19703
19704
19708
19709
19710
19721
19722
19723
19736
19737
19738
19739
19741
28992
19746
19753
19758
19764
19768
19770
19773
19775
19776
19777
19780
19790
19793
19797
19813
19824
19825
19829
19830
19838
19843
19839
19840
19844
19841
19846
19853
19868
19854
19855
19857
19858
19859
19861
19862
19869
19870
19871
19873
19874
19880
19884
19888
19892
19894
19899
19922
19980
19990
20003
20030
20031
20033
20034
20035
20037
20041
20042
20043
20045
20047
20049
20059
20060
20067
20069
20070
20071
20072
20076
20077
20078
20079
20092
20093
20096
20097
20099
20137
20147
20176
20181
20182
20184
20185
20186
20204
20205
20207
20208
20212
20213
20214
20215
20220
20221
20223
20225
20233
20234
20238
20247
20255
20260
20267
20272
20273
20278
20279
20280
20281
20284
20285
20293
20306
20308
20309
20314
20323
20324
20344
20325
20350
20327
20328
20357
20330
20331
20338
20332
20333
20334
20336
20337
20339
20341
20342
20352
20361
20362
20367
20375
20378
20383
20384
20386
20387
20399
20400
20408
20409
20419
20420
20421
20424
20422
20425
20426
20427
20433
20437
20440
20444
20447
20448
20457
20458
20460
20461
20463
20465
20467
20470
20473
20475
20478
20480
20482
20484
20490
20491
20500
20501
20508
20509
20510
20512
20517
20523
20529
20531
20533
20534
20541
20542
20549
20550
20557
20558
20559
20565
20576
20580
20581
20593
20601
20602
20604
20608
20611
20612
20617
20618
20624
20625
20629
20654
20657
20659
20660
20663
20664
20665
20675
20676
20677
20686
20687
20700
20701
20705
20706
20709
20710
20711
20716
20717
20723
20724
20726
20727
20737
20739
20741
20742
20744
20746
20748
20750
20752
20754
20757
20758
20759
20760
20761
20762
20763
20764
20767
20770
20775
20776
20777
20779
20782
20783
20784
20786
20787
20788
20789
20793
20794
20812
20832
20814
20815
20817
20827
20818
20846
20847
20854
20848
20849
20850
20851
20852
20856
20857
20860
20862
20863
20866
20869
20873
20874
20877
20879
20888
23305
20894
20896
20897
20905
20913
20912
20914
20921
20922
20924
20925
20926
20929
20930
20931
20938
20937
20939
20940
20949
20951
20954
20955
20969
20956
20957
20968
20960
20964
20961
20965
20970
20971
20972
20973
20975
20976
20989
20992
20994
20996
21002
21005
21006
21007
21008
21014
21009
21011
21012
21013
21019
21020
21021
21023
21024
21026
21025
21035
21036
21037
21038
21039
21040
21041
21042
21043
21044
21045
21047
21054
21055
21062
21063
21065
21066
21067
21070
21075
21078
21082
21083
21084
21090
21091
21093
21094
21095
21100
21101
21116
21102
21103
21104
21105
21106
21107
21109
21110
21111
21125
21112
21128
21129
21130
21131
21132
21133
21136
21140
21141
21142
21148
21149
21150
21170
21171
21172
21173
21174
21179
21180
21181
21182
21188
21189
21190
21191
21192
21193
21194
21195
21196
21198
21204
21205
21209
21206
21215
21207
21214
21218
21219
21220
21221
21222
21225
21223
21231
21240
21241
21242
21248
21250
21251
21252
21258
21260
21259
21261
21262
21266
21267
21268
21278
21279
21283
21286
21287
21290
21291
21292
21319
21293
21313
21294
21295
21297
21298
21321
21299
21300
21303
21304
21318
21309
21322
21323
21324
21333
21325
21338
21326
21327
21348
21328
21329
21341
21330
21344
21354
21331
21332
21343
21335
21336
21337
21339
21346
21347
21361
21364
21366
21367
21369
21371
21373
21375
21378
21381
21392
21385
21382
21395
21396
21397
21401
21402
21403
21414
21404
21405
21407
21406
21421
21408
21409
21410
21411
21417
21415
21418
21422
21428
21431
21429
21430
21432
21434
21437
21441
21446
21447
21449
21450
21451
21452
21454
21457
21458
21460
21461
21463
21465
21472
21475
21479
21481
21482
21483
21487
21488
21489
21490
21495
21496
21500
21501
21502
21505
21503
21506
21508
21512
21513
21514
21516
21518
21523
21525
21526
21540
21527
21528
21532
21535
21537
21542
21543
21544
21551
21556
21562
21565
21567
21568
21569
21574
21570
21575
21576
21577
21579
21581
21590
29280
21594
21598
21600
21602
21607
21608
21642
21612
21615
21617
21619
21620
21622
21623
21624
21641
21625
21626
21627
21628
21632
21629
21634
21644
21651
21652
21654
21655
21656
21657
21658
21663
21666
21659
21660
21679
21662
21664
21665
21676
21667
21672
21674
21678
21681
21682
21683
21684
21685
21686
21688
21687
21689
21692
21693
21694
21695
21741
21696
21697
21698
21699
21700
21701
21709
21710
21711
21726
21727
21729
21731
21752
21766
21767
21771
21772
21785
21786
21787
21790
21795
21798
21799
21800
21801
21802
21814
21815
21816
21817
21818
21821
21822
21826
21827
21831
21832
21846
21847
21848
21851
21853
21857
21854
21856
21860
21866
21867
21868
21869
21870
21874
21871
21872
21873
21878
21875
21876
21891
21877
21879
21880
21889
21883
21896
21902
21903
21904
21907
21905
21906
21908
21909
21919
21930
21910
21911
21912
21913
21914
21931
21932
21936
21933
21935
21934
21937
21940
21939
21938
21944
21945
21946
21947
21948
21971
21996
21949
22011
21950
21951
21952
21953
21954
21955
21956
21966
21957
21974
21958
21978
21959
21960
21961
21962
21963
21965
21967
21969
21980
21975
22037
21981
21982
21983
21984
22084
21985
21993
21986
22001
21987
22083
22008
21988
21989
21990
21992
21995
21998
21999
22006
22003
22012
22013
22014
22015
22031
22016
22017
22020
22018
22135
22019
22029
22021
22035
22022
22023
22025
22040
22027
22028
22039
22130
22034
22080
22081
22036
22042
22043
22052
22053
22054
22055
22056
22065
22057
22062
22058
22059
22060
22063
22064
22069
22067
22070
22077
22078
22090
22091
22092
22102
22093
22099
22094
22105
22095
22096
22106
22098
22108
22101
22103
22110
22111
22112
22121
22113
22118
22114
22125
22115
22116
22119
22120
22123
22131
22132
22133
22134
22137
22143
22144
22145
22161
22150
22147
22148
22165
22152
22153
22154
22159
22162
22168
22172
22173
22174
22175
22176
22177
22178
22179
22180
22204
22181
22182
22183
22201
22184
22185
22186
22187
22188
22190
22191
22192
22193
22194
22198
22202
22205
22206
22260
22207
22208
22209
22211
22212
22214
22215
22218
22219
22221
22222
22224
22225
22226
22227
22229
22230
22231
22235
22239
22244
22241
22245
22248
22249
22273
22276
22277
22283
22278
22279
22281
22285
22287
22286
22288
22289
22290
22291
22292
22293
22294
22295
22296
22300
22298
22299
22301
22302
22319
22303
22317
22304
22306
22308
22310
22311
22312
22314
22315
22321
22322
22334
22323
22332
22324
22325
22335
22326
22327
22328
22333
22337
22338
22353
22339
22340
22341
22344
22355
22430
22356
22432
22357
22392
22358
22359
22360
22362
22363
22386
22364
22365
22366
22405
22378
22367
22368
22409
22369
22370
22371
22372
22374
22375
22397
22376
22400
22384
22377
22380
22381
22382
22401
22407
22447
22385
22387
22388
22390
22391
22395
22403
22412
22413
22436
22414
22415
22416
22417
22418
22419
22420
22426
22422
22439
22446
22427
22428
22440
22445
22431
22438
22442
22450
22451
22452
22453
22455
22456
22462
22469
22470
22471
22492
22472
22484
22473
22474
22475
22480
22476
22478
22479
22481
22487
22490
22493
22494
22500
22503
22513
22518
22514
22515
22516
22528
22517
22530
22519
22520
22521
22522
22524
22525
22526
22527
22532
22536
22537
22558
22559
22560
22563
22565
22568
22569
22572
22574
22575
22576
22578
22579
22580
22598
22581
22582
22591
22601
22583
22584
22585
22586
22587
22603
22588
22595
22596
22606
22638
22607
22608
22610
22609
22611
22612
22613
22614
22615
22616
22617
22618
22619
22620
22622
22623
22624
22663
22625
22626
22627
22628
22629
22634
22632
22637
22635
22639
22640
22641
22642
22655
22643
22645
22646
22647
22648
22650
22651
22652
22656
22665
22666
22667
22678
22668
22669
22670
22674
22682
22683
22684
22701
22685
22686
22689
22687
22688
22690
22692
22693
22768
22775
22694
22721
22695
22696
22697
22699
22759
22700
22702
22703
22763
22706
22707
22708
22710
22711
22714
22716
22718
22723
22724
22725
22726
22746
22727
22728
22730
22750
22743
22731
22732
22733
22734
22735
22749
22737
22738
22739
22741
22752
22753
22766
22774
22754
22755
22756
22757
22764
22771
22778
22780
22784
22785
22786
22787
22788
22792
22793
22795
22797
22800
22802
22812
22813
22814
22818
22819
22823
22839
22847
22849
22853
22854
22857
22860
22861
22864
22867
22872
22876
22878
22880
22883
22891
22902
22908
22909
22926
22930
22951
22964
22966
22968
22969
22970
22982
22971
22972
22973
22977
22978
22983
22986
22987
22999
22989
22990
22991
22993
23007
23008
23020
23023
23028
23029
23030
23034
23042
23038
23039
23045
23048
23049
23050
23053
23066
23372
23070
23071
23073
23076
23080
23077
23078
23079
23081
23082
23083
23084
23088
23085
23086
23087
23089
23090
23091
23105
23092
23093
23094
23095
23097
23101
23102
23103
23106
23115
23116
23118
23119
23120
23121
23129
23134
23135
23170
23137
23138
23139
23140
23141
23143
23144
23145
23147
23146
23149
23151
23155
23157
23158
23159
23166
23174
23178
23183
23184
23185
23188
23190
23311
23196
23197
23200
23203
23204
23205
23219
23220
23223
23224
23229
23230
23232
23234
23233
23242
23245
23246
23248
23249
23250
23251
23252
23253
23258
23254
23255
23256
23257
23267
23269
23272
23273
23274
23278
23281
23282
23283
23286
23287
23294
23297
23300
23303
23309
23312
23315
23316
23317
23318
23320
23324
23326
23329
23332
23333
23334
23335
23336
23337
23338
23340
23343
23346
23347
23350
23351
23352
23353
23356
23357
23366
23375
23378
23379
23380
23381
23382
23383
23384
23385
23412
23386
23387
23388
23389
23410
23400
23395
23397
23398
23403
23404
23413
23414
23426
23664
23415
23416
23417
23428
23429
23431
23433
23438
23439
23442
23443
23444
23445
23446
23447
23448
23449
23454
23451
23452
23453
23467
23455
23456
23457
23459
23460
23462
23465
23469
23471
23468
23470
23472
23474
23475
23476
23478
23479
23480
23481
23489
23482
23483
23492
23495
23497
23498
23499
23500
23501
23502
23503
23504
23505
23514
23517
23516
23518
23519
23520
23521
23522
23523
23524
23527
23528
23530
23525
23539
23541
23545
23546
23547
23555
23550
23551
23552
23561
23560
23562
23563
23568
23569
23571
23594
23595
23597
23599
23602
23604
23606
23607
23608
23609
23620
23621
23622
23647
23623
23635
23624
23646
23625
23633
23626
23638
23627
23639
23628
23640
23629
23641
23630
23642
23632
23644
23634
23636
23650
23654
23656
23659
23667
23671
23673
23674
23687
23675
23680
23681
23685
23696
23702
23704
23705
23721
23733
23742
23747
23748
23749
23774
23775
23789
23804
23813
23817
23821
23828
23833
23882
23885
23915
23960
23969
23976
23977
23978
24007
24008
24020
24021
24084
24089
24104
24105
24122
24123
24133
24135
24139
24140
24141
24142
24150
24154
24155
24160
24161
24163
24164
24174
24175
24176
24177
24185
24186
24197
24198
24211
24221
24222
24224
24228
24229
24240
24245
24269
24283
24300
24303
24304
24306
24307
24310
24313
24315
24316
24317
24319
24321
24323
24341
24327
24330
24329
24332
24333
24342
24343
24346
24348
24349
24351
24357
24359
24364
24365
24371
27338
24366
27714
24367
24375
24376
24377
24412
24378
24386
24379
24410
24382
24383
24384
24387
24393
24394
24395
24398
24399
24414
24416
24420
24424
24425
24426
24428
24429
24590
24431
24432
24437
24438
24439
24440
24443
24444
24446
24447
24448
24449
24451
24452
24459
24460
24463
24464
24498
24465
24470
24471
24474
24475
24476
24477
24483
24485
24488
24506
24507
24508
24509
24514
24515
24517
24525
24526
24534
24535
24539
24544
24571
24592
24599
24600
24602
24605
24604
24606
24607
24608
24609
24610
24612
24613
24614
24736
24616
24617
24618
24620
24621
24622
25382
25411
24623
24624
24628
24716
24629
24630
24631
24635
24639
24640
24641
24642
24643
24644
24645
24646
24647
24649
24724
24650
24651
24652
24742
24701
24653
24654
24738
26209
24660
24662
24663
24664
26207
24682
24687
24690
24693
24697
26220
24702
24703
26206
24719
24720
24743
24746
24748
24749
24750
24752
24754
24756
24759
24760
24761
24763
24772
24775
24777
24778
24779
24780
24781
24783
24784
24787
24788
24795
24796
24797
24798
24815
24821
24822
24824
24825
24829
24828
24830
24832
24833
24835
24836
24840
24844
24845
24847
24848
24854
24855
24856
24857
24859
24860
24861
24867
24869
24871
24874
24875
24876
24877
24883
24878
24885
24879
24898
24880
24881
24882
24884
24886
24887
24888
24889
24890
24900
24902
24904
24893
24906
24907
24910
24911
24912
24916
24917
24918
24923
24925
24930
24933
24935
24936
24941
24944
24945
24947
24948
24950
24951
24955
24957
24960
24962
24963
24966
24969
24971
24973
24974
24975
24978
24980
24981
24982
24984
24986
24991
24992
24997
25002
25005
25036
25006
25007
25008
25009
25010
25011
25012
25022
25013
25026
25014
25021
25016
25017
25018
25019
25020
25024
25027
25032
25034
25035
25037
25055
25056
25057
25058
25070
25059
25060
25062
25063
25064
25066
25067
25068
25071
25075
25081
25089
25090
25091
25092
25093
25094
25172
25096
25144
25097
25098
25099
25100
25159
25145
25101
25151
25102
25103
25104
25105
25107
25154
25186
25108
25109
25125
25110
25111
25184
25112
25113
25114
25115
25116
25193
25117
25118
25153
25119
25121
25122
25157
25124
25126
25128
25166
25129
25130
25131
25132
25133
25134
25176
25177
25136
25137
25162
25138
25139
25140
25141
25143
25149
25148
25164
25155
25160
25163
25165
25171
25174
25180
25181
25194
25191
25206
25196
25199
25203
25204
25207
25208
25209
25210
25211
25212
25213
25214
25219
25215
25216
25217
25220
25227
25221
25226
25228
25229
25234
25235
25236
25246
25247
25252
25255
25256
25257
25261
25259
25262
25264
25268
25265
25274
25266
25276
25267
25269
25270
25271
25272
25273
25275
25287
25279
25281
25294
25300
25301
25302
25303
25304
25305
25326
25306
25307
25333
25308
25360
25343
25309
25310
25311
25312
25313
25315
25316
25317
25318
25319
25320
25321
25322
25323
25327
25330
25335
25337
25338
25339
25340
25341
25344
25349
25353
25392
25361
25400
25374
25375
25381
25376
25377
25380
25379
25386
25387
25388
25393
25395
25404
25405
25406
25440
25436
25443
25444
25449
25445
25446
25450
25447
25451
25452
25459
25453
25460
25454
25455
25464
25463
25466
25467
25469
25471
25472
25476
25477
25478
25496
25479
25480
25481
25483
25484
25490
25485
25486
25488
25492
25494
25499
25500
25501
25502
25503
25504
25509
25510
25520
25511
25522
25512
25513
25516
25518
25519
25528
25529
25534
25530
25531
25535
25537
25538
25539
25540
25542
25544
25552
25555
25556
25557
25566
25567
25568
25570
25571
25576
25595
25788
25606
25607
25791
25608
25609
25611
25612
25754
25613
25614
25615
25616
25617
25618
25695
25619
25620
25621
25622
25623
25626
25627
25628
25629
25630
25720
25631
25724
25632
25702
25633
25634
25635
25796
25636
25637
25797
25638
25697
25639
25748
25698
25778
25640
25641
25642
25643
25751
25645
25646
25647
25648
25649
25650
25651
25652
25654
25655
25656
25659
25660
25671
25662
25667
25668
25672
25675
25676
25677
25678
25700
25701
25706
25707
25731
25732
25734
25735
25745
25762
25774
25775
25786
25787
25798
25799
25789
25794
25790
25792
25800
25804
25822
25823
25831
25848
25849
25864
25871
25872
25875
25877
25881
25886
25887
25890
25891
25892
25893
25894
25895
25896
25910
25911
25923
25927
25928
25929
25930
25932
25935
25933
25941
25937
25938
25939
25942
25944
25945
25946
25955
25947
25959
25948
25962
25950
25951
25953
25954
25956
25963
25965
25966
25967
25972
25973
25974
25975
25978
25981
25982
25985
25983
25989
25990
25995
25988
25993
25998
26000
26001
26004
26012
26015
26019
26020
26025
26070
26071
26072
26132
26073
26074
26075
26076
26077
26078
26079
26080
26081
26082
26095
26083
26086
26084
26085
26087
26088
26089
26090
26110
26091
26092
26093
26094
26096
26119
26134
26097
26105
26098
26131
26100
26101
26102
26103
26104
26126
26130
26176
26106
26107
26108
26120
26109
26111
26112
26115
26174
26124
26137
26138
26139
26141
26140
26142
26144
26149
26145
26147
26150
26151
26152
26153
26160
26154
26155
26156
26157
26165
26158
26170
26169
26166
26161
26167
29300
26164
26172
26177
26175
26179
26180
26181
26187
26182
26201
26183
26188
26184
26199
26185
26189
26192
26193
26194
26195
26196
26197
26200
26211
26212
26214
26221
26251
26252
26253
26264
26265
26276
26277
26295
26296
26299
26300
26302
26304
26305
26309
26310
26317
26318
26319
26320
26321
26322
26323
26326
26327
26330
26331
26335
26337
26338
26341
26343
26353
26354
26355
26356
26358
26359
26361
26362
26367
26374
26375
26382
26383
26385
26386
26402
26403
26412
26413
26414
26424
26435
26439
26440
26455
26456
26458
26459
26468
26469
26472
26470
26473
26476
26477
26478
26483
26479
26480
26481
26491
26496
26497
26501
26502
26519
26509
26510
26511
26517
26518
26520
26522
26527
26530
26531
26532
26533
26534
26538
26539
26540
26541
26542
26547
26543
26546
26548
26549
26550
26562
26563
26580
26564
26565
26566
26576
26572
26575
26567
26581
26571
26573
26583
26585
26584
26592
26600
26601
26602
26604
26603
26605
26606
26612
26636
26637
26638
26640
26639
26641
26649
26643
26654
26655
26660
26661
26664
26665
26667
26668
26682
26683
26684
26686
26691
26695
26694
26696
26697
26698
26715
26729
26730
26739
26740
26757
26788
26789
26800
26799
26801
27328
26802
26803
26804
26805
26806
26807
27329
26808
26809
26810
26811
26812
26813
27321
26814
26815
26816
26817
26896
26818
26819
26821
26822
26823
26825
26826
26839
26827
26828
26829
26830
26831
26832
26833
26835
26834
26836
26849
26837
26856
27306
26838
26840
26841
26842
26843
27030
26844
26845
26846
26848
26847
27311
27309
26850
26851
26852
26857
26858
26862
26863
26864
26865
26866
26870
26871
26872
26873
26874
26903
26875
26904
26876
26877
26878
26880
26881
26882
26883
26884
26885
26888
26898
26889
26890
26891
26902
26892
26897
26899
26905
26900
26906
26907
26908
26909
26910
26927
26911
26924
26912
26930
26931
26913
26914
26915
26932
26933
26916
27324
26934
26935
26955
26917
26936
26918
26919
26920
26921
26922
26923
26925
26926
26928
27057
26929
26937
26944
26946
26947
26948
26949
26953
26956
26957
26961
26958
26962
26969
26972
26980
26983
26989
26999
27000
27002
27001
27016
27019
27021
27022
27023
27024
27025
27026
27028
27027
27029
27033
27031
27032
27035
27286
27036
27038
27039
27056
27058
27060
27063
27064
27065
27066
27067
27068
27069
27070
27071
27072
27075
27079
27080
27087
27088
27089
27092
27093
27094
27100
27108
27109
27120
27121
27122
27124
27129
27130
27131
27132
27133
27134
27137
27138
27172
27141
27142
27143
27170
27144
27178
27269
27151
27152
27173
27179
27184
27185
27190
27191
27205
27206
27212
27213
27214
27215
27216
27217
27218
27219
27230
27233
27235
27237
27239
27241
27242
27243
27245
27246
27247
27256
27257
27260
27261
27266
27267
27314
27316
27317
27319
27320
27334
27335
27337
27339
27340
27341
27342
27345
27346
27351
27352
27355
27356
27358
27366
27370
27371
27372
27377
27378
27395
27396
27397
27399
27406
27400
27403
27404
27410
27416
27417
27448
27418
27419
27420
27421
27422
27426
27427
27428
27429
27439
27432
27433
27477
27485
27487
27489
27490
27492
27493
27495
27496
27497
27501
27500
27511
27520
27521
27533
27534
27535
27537
27538
27540
27542
27560
27570
27571
27572
27574
27575
27580
27583
27586
27589
27591
27593
27595
27596
27597
27600
27601
27615
27618
27619
27623
27624
27636
27625
27626
27627
27639
27628
27629
27630
27671
27631
27632
27633
27634
27635
27637
27658
27640
27643
27644
27684
27645
27646
27686
27689
27647
27649
27650
27651
27661
27663
27665
27669
27672
27695
27701
27702
27703
27708
27709
27710
27713
27715
27718
27725
27735
27726
27727
27728
27729
27733
27738
27739
27741
27743
27744
27749
27750
27758
27759
27762
27763
27765
27769
27770
27777
27790
27791
27792
27793
27794
27795
27796
27798
27799
27800
27801
27802
27803
27804
27869
27805
27806
27807
27808
27809
27810
27811
27885
27812
27813
27917
27814
27816
27817
27819
27822
27823
27824
27825
27828
27830
27831
27833
27834
27835
27836
27837
27840
27842
27843
27848
27851
27854
27855
27856
27857
27859
27861
27866
27922
27873
27875
27876
27877
27921
27887
27888
27894
27901
27904
27907
27912
27915
27916
27927
27939
27942
27947
27949
27958
27963
27966
27982
27983
27984
27985
27986
27990
27994
28000
27987
27988
27991
27992
27993
27995
28001
28002
28003
28018
28004
28045
28006
28007
28041
28048
28008
28009
28010
28011
28012
28013
28015
28020
28021
28023
28024
28026
28028
28036
28039
28042
28054
28055
28056
28069
28057
28058
28068
28059
28060
28065
28061
28062
28064
28070
28067
28075
28076
28077
28090
28078
28079
28080
28081
28088
28082
28084
28086
28091
28092
28093
28097
28106
28114
28098
28102
28107
28116
28117
28118
28120
28119
28123
28125
28126
28127
28135
28136
28141
28146
28142
28143
28145
28148
28149
28150
28155
28151
28160
28152
28153
28164
28154
28156
28157
28158
28159
28161
28162
28177
28175
28178
28184
28185
28186
28215
28216
28225
28226
28228
28229
28281
28297
28305
28306
28308
28309
28330
28331
28338
28339
28362
28370
28364
28365
28366
28381
28367
28385
28368
28374
28375
28376
28382
28383
28388
28389
28390
28391
28416
28392
28393
28394
28395
28396
28397
28424
28406
28398
28407
28418
28399
28400
28401
28423
28402
28410
28403
28404
28414
28408
28409
28426
28427
28433
28434
28439
28440
28444
28449
28451
28456
28458
28459
28460
28461
28467
28468
28473
28475
28483
28485
28491
28492
28515
28518
28525
28526
28538
28546
28549
28556
28564
28566
28568
28573
28576
28581
28593
28585
28586
28587
28590
28588
28592
28594
28597
28610
28617
28618
28628
28629
28640
28645
28646
28647
28651
28669
28671
28670
28680
28681
28698
28699
28703
28704
28714
28715
28761
28753
28754
28784
28756
28760
28763
28765
28768
28769
28777
28771
28773
28775
28779
28787
28789
28790
28799
28858
28800
29434
28801
28842
28853
28883
28884
28888
28885
28887
28889
28891
28894
28898
28899
28902
28903
28904
28905
28906
28913
28920
28908
28909
28910
28912
28927
28928
28929
28958
28930
28935
28931
28932
28933
28934
28941
28936
28937
28953
28938
28939
28948
28942
28943
28945
28946
28947
28961
28962
28978
28979
28997
28998
28999
29002
29005
29015
29010
29011
29024
29025
29031
29032
29038
29039
29044
29045
29055
29046
29048
29052
29047
29053
29049
29054
29059
29070
29071
29085
29078
29083
29072
29092
29093
29103
29096
29120
29121
29139
29155
29156
29185
29186
29194
29195
29197
29198
29209
29210
29212
29471
29213
29224
29225
29227
29228
29235
29229
29246
29247
29248
29249
29250
29252
29264
29277
29278
29283
29284
29305
29306
29309
29307
29308
29312
29310
29404
29372
29374
29375
29416
29417
29442
29443
29455
29461
30314
29468
29487
29488
29489
29490
29491
29493
29494
29495
29499
29500
29505
29510
29503
29506
29507
29523
29557
29567
29568
29588
29569
29590
29570
29571
29572
29573
29574
29575
29576
29577
29582
29583
29620
29621
29663
29664
29665
29667
29688
29678
29702
29707
29708
29715
29716
29727
29729
29756
29757
29776
29777
29780
29781
29785
29786
29790
29791
29792
29828
29829
29830
29831
29852
29832
29833
29865
29834
29858
29868
29835
29836
29837
29838
29840
29867
29839
29841
29842
29843
29859
29847
29844
29864
29846
29848
29849
29850
29856
29862
29870
29871
29872
29934
29873
29874
29875
29876
29877
29878
29879
29880
29881
29883
29884
29886
29887
29888
29890
29891
29892
29893
29894
29895
29896
29897
29898
29900
29901
29902
29903
29911
29912
29914
29915
29916
29931
29932
29968
29969
29970
29971
29973
29974
29980
29990
29991
30003
30004
30032
30013
30021
30014
30019
30017
30029
30039
30041
30054
30042
30043
30044
30045
30046
30047
30048
30063
30049
30050
30051
30052
30053
30055
30056
30058
30057
30059
30064
30067
30085
30080
30081
30082
30083
30084
30087
30088
30089
30098
30103
30111
30112
30116
30123
30124
30126
30127
30145
30146
30159
30170
30171
30202
30206
30225
30249
30255
30267
30275
30281
30277
30282
30278
30306
30339
30332
30333
30334
30341
30342
30343
30347
30348
30350
30371
30353
30355
30356
30357
30362
30367
30368
30372
30373
30377
30378
30379
30380
30381
30384
30385
30391
30392
30393
30399
30402
30419
30407
30408
30409
30410
30411
30412
30414
30425
30413
30421
30422
30428
30424
30434
30435
30451
30452
30453
30460
30479
30485
30486
30487
30490
30493
30491
30494
30511
30512
30534
30562
30563
30564
30565
30658
30594
30595
30601
30606
30607
30609
30613
30627
30628
30629
30630
30634
30635
30638
30639
30655
30656
30659
30661
30685
30686
30687
30688
30691
30692
30722
30723
30727
30728
30737
30738
30742
30743
30744
30765
30766
30767
30769
30770
30772
30776
30781
30782
30787
30809
30810
