23669
23668
23667
23666
23665
23664
23663
23662
23661
23658
23657
23655
23654
23653
23651
23650
23649
23647
23646
23645
23643
23642
23641
23639
23638
23637
23636
23635
23620
23619
23618
23617
23616
23615
23614
23612
23611
23610
23609
23608
23607
23606
23605
23604
23603
23602
23601
23600
23599
23598
23597
23596
23595
23594
23593
23592
23591
23590
23589
23581
23580
23579
23578
23577
23576
23575
23574
23573
23572
23571
23570
23569
23568
23561
23560
23559
23558
23557
23556
23555
23554
23553
23552
23550
23549
23548
23547
23541
23540
23532
23531
23524
23523
23522
23521
23520
23519
23518
23510
23509
23508
23507
23506
23505
23497
23496
23495
23494
23493
23492
23491
23490
23489
23488
23487
23486
23485
23484
23483
23482
23481
23480
23479
23478
23477
23476
23469
23468
23467
23466
23465
23464
23463
23462
23461
23460
23458
23457
23456
23455
23454
23453
23452
23451
23450
23442
23441
23440
23439
23438
23437
23435
23434
23433
23432
23431
23430
23429
23428
23427
23426
23425
23423
23422
23421
23420
23419
23418
23417
23416
23415
23413
23412
23411
23409
23408
23407
23405
23404
23403
23401
23400
23399
23397
23396
23395
23394
23393
23378
23377
23376
23375
23374
23373
23372
23371
23370
23369
23368
23367
23366
23365
23364
23363
23362
23361
23360
23359
23358
23357
23356
23355
23354
23353
23352
23351
23350
23349
23348
23340
23338
23337
23336
23335
23334
23333
23332
23331
23330
23329
23328
23327
23319
23318
23317
23316
23315
23314
23313
23312
23311
23310
23309
23308
23307
23306
23305
23304
23303
23302
23301
23300
23299
23298
23290
23289
23288
23287
23286
23285
23284
23283
23282
23281
23280
23279
23278
23277
23276
23268
23267
23266
23265
23264
23263
23255
23254
23253
23252
23251
23250
23249
23248
23247
23246
23245
23244
23243
23242
23241
23235
23234
23227
23226
23225
23224
23223
23222
23221
23214
23213
23212
23211
23210
23206
23205
23204
23203
23199
23198
23197
23196
23192
23191
23190
23189
23185
23184
23183
23182
23178
23177
23173
23172
23171
23170
23169
23165
23164
23163
23162
23161
23160
23159
23151
23147
23144
23143
23142
23141
23140
23139
23138
23137
23136
23135
23134
23133
23130
23129
23128
23127
23126
23125
23124
23122
23121
23120
23118
23117
23116
23114
23113
23112
23110
23109
23108
23106
23105
23104
23103
23102
23087
23086
23085
23084
23083
23082
23081
23080
23079
23078
23077
23076
23075
23074
23073
23072
23071
23070
23069
23068
23067
23066
23065
23064
23063
23062
23061
23060
23059
23058
23057
23044
23043
23042
23041
23040
23039
23038
23037
23036
23028
23027
23026
23025
23024
23023
23022
23021
23020
23019
23018
23017
23016
23015
23013
23012
23011
23010
23009
23008
23007
22999
22998
22997
22994
22991
22990
22989
22988
22987
22986
22985
22984
22983
22982
22980
22979
22977
22976
22975
22974
22973
22972
22964
22963
22962
22961
22960
22959
22958
22957
22956
22955
22954
22953
22952
22951
22936
22935
22934
22933
22932
22931
22930
22929
22928
22927
22926
22925
22924
22923
22922
22921
22920
22919
22915
22914
22913
22912
22911
22907
22906
22905
22904
22903
22899
22898
22897
22896
22895
22891
22890
22889
22888
22887
22883
22882
22881
22877
22876
22875
22874
22873
22869
22868
22867
22866
22865
22864
22863
22862
22854
22853
22852
22851
22850
22847
22846
22845
22844
22843
22842
22841
22840
22839
22838
22837
22835
22834
22833
22832
22831
22830
22829
22828
22827
22825
22824
22823
22821
22820
22819
22817
22816
22815
22813
22812
22811
22809
22808
22807
22806
22805
22790
22789
22788
22787
22786
22785
22784
22783
22782
22781
22780
22779
22778
22777
22776
22775
22774
22773
22772
22771
22770
22769
22768
22767
22766
22765
22764
22763
22762
22761
22760
22745
22744
22743
22742
22741
22740
22739
22731
22730
22729
22728
22727
22726
22725
22724
22723
22722
22721
22720
22719
22718
22717
22716
22715
22714
22713
22712
22711
22710
22702
22701
22700
22699
22698
22697
22694
22693
22692
22691
22690
22689
22688
22683
22680
22679
22678
22677
22676
22675
22667
22666
22665
22664
22663
22662
22661
22660
22659
22658
22657
22656
22655
22654
22649
22639
22638
22637
22636
22635
22634
22633
22632
22631
22630
22629
22628
22627
22626
22625
22624
22623
22622
22618
22617
22616
22615
22614
22610
22609
22608
22607
22606
22602
22601
22600
22599
22598
22594
22593
22592
22591
22590
22586
22585
22584
22580
22579
22578
22577
22576
22572
22571
22570
22569
22568
22567
22566
22565
22557
22550
22549
22548
22547
22546
22545
22544
22543
22542
22541
22540
22539
22538
22537
22536
22535
22534
22533
22532
22531
22530
22528
22527
22526
22524
22523
22522
22520
22519
22518
22516
22515
22514
22512
22511
22510
22509
22508
22493
22492
22491
22490
22489
22488
22487
22486
22481
22480
22479
22478
22477
22476
22475
22474
22473
22472
22471
22470
22469
22468
22467
22466
22465
22464
22463
22448
22447
22446
22445
22444
22443
22442
22440
22439
22438
22437
22434
22433
22432
22431
22430
22429
22428
22427
22426
22425
22424
22423
22422
22421
22420
22419
22418
22417
22416
22415
22414
22413
22405
22404
22399
22397
22396
22395
22394
22393
22392
22391
22389
22387
22383
22382
22381
22380
22379
22378
22370
22369
22368
22367
22366
22365
22364
22363
22362
22361
22360
22359
22358
22357
22355
22353
22351
22350
22342
22341
22340
22339
22338
22337
22336
22335
22334
22333
22332
22331
22330
22329
22328
22327
22326
22325
22321
22320
22319
22318
22317
22313
22312
22311
22310
22309
22305
22304
22303
22302
22301
22297
22296
22295
22294
22293
22289
22288
22287
22283
22282
22281
22280
22279
22275
22274
22273
22272
22271
22270
22269
22268
22259
22258
22257
22256
22255
22253
22252
22251
22250
22249
22248
22247
22246
22245
22244
22243
22242
22241
22240
22239
22238
22237
22236
22235
22234
22233
22231
22230
22229
22227
22226
22225
22223
22222
22221
22219
22218
22217
22215
22214
22213
22212
22211
22196
22195
22194
22193
22192
22191
22190
22189
22188
22187
22186
22185
22184
22183
22182
22181
22180
22179
22178
22177
22176
22175
22174
22173
22172
22171
22170
22169
22168
22167
22166
22160
22151
22150
22149
22148
22147
22146
22145
22139
22137
22136
22135
22134
22133
22132
22131
22130
22129
22128
22127
22126
22125
22124
22123
22122
22121
22120
22119
22118
22117
22116
22108
22107
22106
22105
22104
22103
22100
22099
22098
22097
22096
22095
22094
22087
22086
22085
22084
22083
22082
22081
22073
22072
22071
22070
22069
22068
22067
22066
22065
22064
22063
22062
22061
22060
22045
22044
22043
22042
22041
22040
22039
22038
22037
22036
22035
22034
22033
22032
22031
22030
22029
22028
22024
22023
22022
22021
22020
22016
22015
22014
22013
22012
22008
22007
22006
22005
22004
22000
21999
21998
21997
21996
21992
21991
21990
21986
21985
21984
21983
21982
21978
21977
21976
21975
21974
21973
21972
21971
21963
21956
21955
21954
21953
21952
21951
21950
21949
21948
21947
21946
21945
21944
21943
21942
21941
21940
21939
21938
21937
21936
21934
21933
21932
21930
21929
21928
21926
21925
21924
21922
21921
21920
21918
21917
21916
21915
21914
21899
21898
21897
21896
21895
21894
21893
21892
21887
21886
21885
21884
21883
21882
21881
21880
21879
21878
21877
21876
21875
21874
21873
21872
21871
21870
21869
21854
21853
21852
21851
21850
21849
21848
21846
21845
21844
21843
21840
21839
21838
21837
21836
21835
21834
21833
21832
21831
21830
21829
21828
21827
21826
21825
21824
21823
21822
21821
21820
21819
21811
21810
21805
21803
21802
21801
21800
21799
21798
21797
21795
21793
21789
21788
21787
21786
21785
21784
21776
21775
21774
21773
21772
21771
21770
21769
21768
21767
21766
21765
21764
21763
21761
21759
21757
21756
21748
21747
21746
21745
21744
21743
21742
21741
21740
21739
21738
21737
21736
21735
21734
21733
21732
21731
21727
21726
21725
21724
21723
21719
21718
21717
21716
21715
21711
21710
21709
21708
21707
21703
21702
21701
21700
21699
21695
21694
21693
21689
21688
21687
21686
21685
21681
21680
21679
21678
21677
21676
21675
21674
21665
21664
21663
21662
21661
21659
21658
21657
21656
21655
21654
21653
21652
21651
21650
21649
21648
21647
21646
21645
21644
21643
21642
21641
21640
21639
21637
21636
21635
21633
21632
21631
21629
21628
21627
21625
21624
21623
21621
21620
21619
21618
21617
21602
21601
21600
21599
21598
21597
21596
21595
21594
21593
21592
21591
21590
21589
21588
21587
21586
21585
21584
21583
21582
21581
21580
21579
21578
21577
21576
21575
21574
21573
21572
21566
21557
21556
21555
21554
21553
21552
21551
21545
21543
21542
21541
21540
21539
21538
21537
21536
21535
21534
21533
21532
21531
21530
21529
21528
21527
21526
21525
21524
21523
21522
21514
21513
21512
21511
21510
21509
21506
21505
21504
21503
21502
21501
21500
21493
21492
21491
21490
21489
21488
21487
21479
21478
21477
21476
21475
21474
21473
21472
21471
21470
21469
21468
21467
21466
21451
21450
21449
21448
21447
21446
21445
21444
21443
21442
21441
21440
21439
21438
21437
21436
21435
21434
21430
21429
21428
21427
21426
21422
21421
21420
21419
21418
21414
21413
21412
21411
21410
21406
21405
21404
21403
21402
21398
21397
21396
21392
21391
21390
21389
21388
21384
21383
21382
21381
21380
21379
21378
21377
21369
21362
21361
21360
21359
21358
21357
21356
21355
21354
21353
21352
21351
21350
21349
21348
21347
21346
21345
21344
21343
21342
21340
21339
21338
21336
21335
21334
21332
21331
21330
21328
21327
21326
21324
21323
21322
21321
21320
21305
21304
21303
21302
21301
21300
21299
21298
21293
21292
21291
21290
21289
21288
21287
21286
21285
21284
21283
21282
21281
21280
21279
21278
21277
21276
21275
21260
21259
21258
21257
21256
21255
21254
21252
21251
21250
21249
21246
21245
21244
21243
21242
21241
21240
21239
21238
21237
21236
21235
21234
21233
21232
21231
21230
21229
21228
21227
21226
21225
21217
21216
21211
21209
21208
21207
21206
21205
21204
21203
21201
21199
21195
21194
21193
21192
21191
21190
21182
21181
21180
21179
21178
21177
21176
21175
21174
21173
21172
21171
21170
21169
21167
21165
21163
21162
21154
21153
21152
21151
21150
21149
21148
21147
21146
21145
21144
21143
21142
21141
21140
21139
21138
21137
21133
21132
21131
21130
21129
21125
21124
21123
21122
21121
21117
21116
21115
21114
21113
21109
21108
21107
21106
21105
21101
21100
21099
21095
21094
21093
21092
21091
21087
21086
21085
21084
21083
21082
21081
21080
21071
21070
21069
21068
21067
21065
21064
21063
21062
21061
21060
21059
21058
21057
21056
21055
21054
21053
21052
21051
21050
21049
21048
21047
21046
21045
21043
21042
21041
21039
21038
21037
21035
21034
21033
21031
21030
21029
21027
21026
21025
21024
21023
21008
21007
21006
21005
21004
21003
21002
21001
21000
20999
20998
20997
20996
20995
20994
20993
20992
20991
20990
20989
20988
20987
20986
20985
20984
20983
20982
20981
20980
20979
20978
20972
20963
20962
20961
20960
20959
20958
20957
20951
20949
20948
20947
20946
20945
20944
20943
20942
20941
20940
20939
20938
20937
20936
20935
20934
20933
20932
20931
20930
20929
20928
20920
20919
20918
20917
20916
20915
20912
20911
20910
20909
20908
20907
20906
20899
20898
20897
20896
20895
20894
20893
20885
20884
20883
20882
20881
20880
20879
20878
20877
20876
20875
20874
20873
20872
20857
20856
20855
20854
20853
20852
20851
20850
20849
20848
20847
20846
20845
20844
20843
20842
20841
20840
20836
20835
20834
20833
20832
20828
20827
20826
20825
20824
20820
20819
20818
20817
20816
20812
20811
20810
20809
20808
20804
20803
20802
20798
20797
20796
20795
20794
20790
20789
20788
20787
20786
20785
20784
20783
20775
20768
20767
20766
20765
20764
20763
20762
20761
20760
20759
20758
20757
20756
20755
20754
20753
20752
20751
20750
20749
20748
20746
20745
20744
20742
20741
20740
20738
20737
20736
20734
20733
20732
20730
20729
20728
20727
20726
20711
20710
20709
20708
20707
20706
20705
20704
20699
20698
20697
20696
20695
20694
20693
20692
20691
20690
20689
20688
20687
20686
20685
20684
20683
20682
20681
20666
20665
20664
20663
20662
20661
20660
20658
20657
20656
20655
20652
20651
20650
20649
20648
20647
20646
20645
20644
20643
20642
20641
20640
20639
20638
20637
20636
20635
20634
20633
20632
20631
20623
20622
20617
20615
20614
20613
20612
20611
20610
20609
20607
20605
20601
20600
20599
20598
20597
20596
20588
20587
20586
20585
20584
20583
20582
20581
20580
20579
20578
20577
20576
20575
20573
20571
20569
20568
20560
20559
20558
20557
20556
20555
20554
20553
20552
20551
20550
20549
20548
20547
20546
20545
20544
20543
20539
20538
20537
20536
20535
20531
20530
20529
20528
20527
20523
20522
20521
20520
20519
20515
20514
20513
20512
20511
20507
20506
20505
20501
20500
20499
20498
20497
20493
20492
20491
20490
20489
20488
20487
20486
20477
20476
20475
20474
20472
20471
20470
20469
20468
20467
20466
20465
20464
20463
20462
20461
20460
20459
20458
20457
20456
20455
20454
20453
20452
20451
20449
20448
20447
20445
20444
20443
20441
20440
20439
20437
20436
20435
20433
20432
20431
20430
20429
20414
20413
20412
20411
20410
20409
20408
20407
20406
20405
20404
20403
20402
20401
20400
20399
20398
20397
20396
20395
20394
20393
20392
20391
20390
20389
20388
20387
20386
20385
20384
20369
20368
20367
20366
20365
20364
20363
20355
20354
20353
20352
20351
20350
20349
20348
20347
20346
20345
20344
20343
20342
20341
20340
20339
20338
20337
20336
20335
20334
20326
20325
20324
20323
20322
20321
20320
20318
20317
20316
20315
20314
20313
20312
20307
20305
20304
20303
20302
20301
20300
20299
20291
20290
20289
20288
20287
20286
20285
20284
20283
20282
20281
20280
20279
20278
20272
20263
20262
20261
20260
20259
20258
20257
20256
20255
20254
20253
20252
20251
20250
20249
20248
20247
20246
20242
20241
20240
20239
20238
20234
20233
20232
20231
20230
20226
20225
20224
20223
20222
20218
20217
20216
20215
20214
20210
20209
20208
20204
20203
20202
20201
20200
20196
20195
20194
20193
20192
20191
20190
20189
20181
20176
20174
20173
20172
20171
20170
20169
20168
20167
20166
20165
20164
20163
20162
20161
20160
20159
20158
20156
20155
20154
20152
20151
20150
20148
20147
20146
20144
20143
20142
20140
20139
20138
20136
20135
20134
20133
20132
20117
20116
20115
20114
20113
20112
20111
20110
20105
20104
20103
20102
20101
20100
20099
20098
20097
20096
20095
20094
20093
20092
20091
20090
20089
20088
20087
20072
20071
20070
20069
20068
20067
20066
20064
20063
20062
20061
20058
20057
20056
20055
20054
20053
20052
20051
20050
20049
20048
20047
20046
20045
20044
20043
20042
20041
20040
20039
20038
20037
20029
20028
20023
20021
20020
20019
20018
20017
20016
20015
20013
20011
20007
20006
20005
20004
20003
20002
19994
19993
19992
19991
19990
19989
19988
19987
19986
19985
19984
19983
19982
19981
19979
19977
19975
19974
19966
19965
19964
19963
19962
19961
19960
19959
19958
19957
19956
19955
19954
19953
19952
19951
19950
19949
19945
19944
19943
19942
19941
19937
19936
19935
19934
19933
19929
19928
19927
19926
19925
19921
19920
19919
19918
19917
19913
19912
19911
19907
19906
19905
19904
19903
19899
19898
19897
19896
19895
19894
19893
19892
19884
19883
19882
19881
19880
19877
19876
19875
19874
19873
19872
19871
19869
19868
19867
19866
19865
19864
19863
19862
19861
19859
19858
19857
19855
19854
19853
19851
19850
19849
19847
19846
19845
19843
19842
19841
19839
19838
19837
19836
19835
19820
19819
19818
19817
19816
19815
19814
19813
19812
19811
19810
19809
19807
19806
19805
19804
19803
19802
19801
19800
19799
19798
19797
19796
19795
19794
19793
19792
19791
19790
19784
19777
19775
19774
19773
19772
19771
19770
19769
19763
19761
19760
19759
19758
19757
19756
19755
19754
19753
19752
19751
19750
19749
19748
19747
19746
19745
19744
19743
19742
19741
19740
19732
19731
19730
19729
19728
19727
19724
19723
19722
19721
19720
19719
19718
19713
19710
19709
19708
19707
19706
19705
19697
19696
19695
19694
19693
19692
19691
19690
19689
19688
19687
19686
19685
19684
19669
19668
19667
19666
19665
19664
19663
19662
19661
19660
19659
19658
19657
19656
19655
19654
19653
19652
19648
19647
19646
19645
19644
19640
19639
19638
19637
19636
19632
19631
19630
19629
19628
19624
19623
19622
19621
19620
19616
19615
19614
19610
19609
19608
19607
19606
19602
19601
19600
19599
19598
19597
19596
19595
19587
19583
19580
19579
19578
19577
19576
19575
19574
19573
19572
19571
19570
19568
19567
19566
19565
19564
19562
19561
19560
19558
19557
19556
19554
19553
19552
19550
19549
19548
19546
19545
19544
19542
19541
19540
19539
19538
19523
19522
19521
19520
19519
19518
19517
19512
19511
19510
19509
19508
19507
19506
19505
19504
19503
19502
19501
19500
19499
19498
19497
19496
19495
19494
19493
19480
19479
19478
19477
19476
19475
19474
19473
19472
19471
19470
19469
19468
19464
19463
19462
19461
19460
19459
19458
19457
19456
19455
19454
19453
19452
19451
19448
19447
19446
19445
19444
19435
19434
19430
19427
19426
19425
19424
19423
19422
19421
19419
19416
19413
19412
19411
19410
19409
19408
19400
19399
19398
19397
19396
19395
19394
19393
19392
19391
19390
19389
19388
19387
19385
19383
19372
19371
19370
19369
19368
19367
19366
19365
19364
19363
19362
19361
19360
19359
19358
19357
19356
19355
19351
19350
19349
19348
19347
19343
19342
19341
19340
19339
19335
19334
19333
19332
19331
19327
19326
19325
19324
19323
19319
19318
19317
19313
19312
19311
19310
19309
19305
19304
19303
19302
19301
19300
19299
19298
19290
19289
19288
19286
19284
19283
19282
19281
19280
19279
19278
19277
19276
19275
19274
19273
19272
19271
19270
19269
19268
19267
19265
19264
19263
19261
19260
19259
19257
19256
19255
19253
19252
19251
19249
19248
19247
19245
19244
19243
19242
19241
19226
19225
19224
19223
19222
19221
19220
19219
19218
19217
19215
19214
19213
19212
19211
19210
19209
19208
19207
19206
19205
19204
19203
19202
19201
19200
19199
19198
19197
19196
19182
19181
19180
19179
19178
19177
19176
19175
19171
19167
19166
19165
19164
19163
19162
19161
19160
19159
19158
19157
19156
19155
19154
19153
19152
19151
19150
19149
19148
19147
19146
19138
19137
19136
19135
19133
19132
19130
19129
19128
19127
19126
19125
19124
19116
19115
19114
19113
19112
19111
19103
19102
19101
19100
19099
19098
19097
19096
19095
19094
19093
19092
19091
19090
19086
19084
19075
19074
19073
19072
19071
19070
19069
19068
19067
19066
19065
19063
19062
19061
19060
19059
19058
19054
19053
19052
19051
19050
19046
19045
19044
19043
19042
19038
19037
19036
19035
19034
19030
19029
19028
19027
19026
19022
19021
19020
19016
19015
19014
19013
19012
19008
19007
19006
19005
19004
19003
19002
19001
18992
18990
18989
18986
18985
18984
18983
18982
18981
18980
18979
18978
18977
18976
18974
18973
18972
18971
18970
18968
18967
18966
18964
18963
18962
18960
18959
18958
18956
18955
18954
18952
18951
18950
18948
18947
18946
18945
18944
18929
18928
18927
18926
18925
18924
18923
18922
18919
18918
18917
18916
18915
18914
18913
18912
18911
18910
18909
18908
18907
18906
18905
18904
18903
18902
18901
18900
18899
18884
18883
18882
18881
18880
18879
18878
18876
18875
18870
18869
18868
18867
18866
18865
18864
18863
18862
18861
18860
18858
18857
18856
18855
18854
18853
18852
18851
18850
18849
18841
18840
18837
18836
18833
18832
18831
18830
18829
18828
18827
18825
18822
18819
18818
18817
18816
18815
18814
18806
18805
18804
18803
18802
18801
18800
18799
18798
18797
18796
18795
18794
18793
18791
18790
18778
18777
18776
18775
18774
18773
18772
18771
18770
18769
18768
18767
18766
18765
18764
18763
18762
18761
18757
18756
18755
18754
18753
18749
18748
18747
18746
18745
18741
18740
18739
18738
18737
18733
18732
18731
18730
18729
18725
18724
18723
18719
18718
18717
18716
18715
18711
18710
18709
18708
18707
18706
18705
18704
18696
18695
18692
18689
18688
18687
18686
18685
18684
18683
18682
18681
18680
18679
18678
18677
18676
18675
18674
18673
18671
18670
18669
18667
18666
18665
18663
18662
18661
18659
18658
18657
18655
18654
18653
18651
18650
18649
18648
18647
18632
18631
18630
18629
18628
18627
18626
18625
18624
18621
18620
18619
18618
18617
18616
18615
18614
18613
18612
18611
18610
18609
18608
18607
18606
18605
18604
18603
18602
18587
18586
18585
18584
18583
18582
18581
18578
18577
18573
18572
18571
18570
18569
18568
18567
18566
18565
18564
18563
18562
18561
18560
18559
18558
18557
18556
18554
18553
18552
18544
18543
18542
18539
18538
18536
18535
18534
18533
18532
18531
18530
18528
18522
18521
18520
18519
18518
18517
18509
18508
18507
18506
18505
18504
18503
18502
18501
18500
18499
18498
18497
18496
18492
18490
18489
18481
18480
18479
18478
18477
18476
18475
18474
18473
18472
18471
18470
18469
18468
18467
18466
18465
18464
18460
18459
18458
18457
18456
18452
18451
18450
18449
18448
18444
18443
18442
18441
18440
18436
18435
18434
18433
18432
18428
18427
18426
18422
18421
18420
18419
18418
18414
18413
18412
18411
18410
18409
18408
18407
18398
18397
18396
18395
18393
18392
18391
18390
18389
18388
18387
18386
18385
18384
18383
18382
18380
18379
18378
18377
18376
18374
18373
18372
18370
18369
18368
18366
18365
18364
18362
18361
18360
18358
18357
18356
18354
18353
18352
18351
18350
18335
18334
18333
18332
18331
18330
18329
18328
18326
18325
18324
18323
18322
18321
18320
18319
18318
18317
18316
18315
18314
18313
18312
18311
18310
18309
18308
18307
18306
18305
18290
18289
18288
18287
18286
18285
18284
18282
18276
18275
18274
18273
18272
18271
18270
18269
18268
18267
18266
18264
18262
18261
18260
18259
18258
18257
18256
18255
18247
18246
18244
18243
18242
18239
18238
18237
18236
18235
18234
18233
18228
18225
18224
18223
18222
18221
18220
18212
18211
18210
18209
18208
18207
18206
18205
18204
18203
18202
18201
18200
18199
18197
18194
18184
18183
18182
18181
18180
18179
18178
18177
18176
18175
18174
18173
18172
18171
18170
18169
18168
18167
18163
18162
18161
18160
18159
18155
18154
18153
18152
18151
18147
18146
18145
18144
18143
18139
18138
18137
18136
18135
18131
18130
18129
18125
18124
18123
18122
18121
18117
18116
18115
18114
18113
18112
18111
18110
18102
18097
18096
18095
18094
18093
18092
18091
18090
18089
18087
18086
18085
18084
18083
18082
18081
18080
18079
18077
18076
18075
18073
18072
18071
18069
18068
18067
18065
18064
18063
18061
18060
18059
18057
18056
18055
18054
18053
18038
18037
18036
18035
18034
18033
18032
18026
18025
18024
18023
18022
18021
18020
18019
18018
18017
18016
18015
18014
18013
18012
18011
18010
18009
18008
18007
17993
17992
17991
17990
17989
17988
17987
17986
17985
17984
17983
17982
17979
17978
17977
17976
17975
17974
17973
17972
17971
17970
17969
17968
17967
17966
17965
17964
17963
17962
17961
17960
17959
17958
17950
17949
17944
17942
17941
17940
17939
17938
17937
17936
17934
17932
17928
17927
17926
17925
17924
17923
17915
17914
17913
17912
17911
17910
17909
17908
17907
17906
17905
17904
17903
17902
17901
17900
17898
17896
17895
17894
17887
17886
17885
17884
17883
17882
17881
17880
17879
17878
17877
17876
17875
17874
17873
17872
17871
17870
17866
17865
17864
17863
17862
17858
17857
17856
17855
17854
17850
17849
17848
17847
17846
17842
17841
17840
17839
17838
17834
17833
17832
17828
17827
17826
17825
17824
17820
17819
17818
17817
17816
17815
17814
17813
17804
17803
17802
17801
17798
17797
17796
17795
17794
17793
17792
17791
17790
17789
17787
17786
17785
17784
17783
17782
17780
17779
17778
17776
17775
17774
17772
17771
17770
17768
17767
17766
17764
17763
17762
17760
17759
17758
17757
17756
17741
17740
17739
17738
17737
17736
17735
17734
17733
17732
17731
17730
17729
17728
17727
17726
17725
17724
17723
17722
17721
17720
17719
17718
17717
17716
17715
17714
17713
17712
17711
17696
17695
17694
17693
17692
17691
17690
17682
17681
17680
17679
17678
17677
17676
17675
17674
17673
17672
17671
17670
17669
17668
17667
17666
17665
17664
17663
17662
17661
17653
17652
17651
17650
17649
17648
17645
17644
17643
17642
17641
17640
17639
17634
17631
17630
17629
17628
17627
17626
17618
17617
17616
17615
17614
17613
17612
17611
17610
17609
17608
17607
17606
17605
17590
17589
17588
17587
17586
17585
17584
17583
17582
17581
17580
17579
17578
17577
17576
17575
17574
17573
17569
17568
17567
17566
17565
17561
17560
17559
17558
17557
17553
17552
17551
17550
17549
17545
17544
17543
17542
17541
17537
17536
17535
17531
17530
17529
17528
17527
17517
17516
17489
17488
17487
17486
17485
17483
17482
17474
17473
17469
17444
17443
17442
17441
17440
17439
17434
17431
17423
17419
17418
17409
17404
17382
17381
17380
17379
17378
17377
17376
17355
17347
17333
17331
17319
17317
17311
17309
17293
17290
17269
17261
17253
17240
17239
17238
17234
17233
17232
17231
17230
17193
17191
17190
17189
17188
17186
17185
17177
17176
17174
17173
17147
17146
17145
17144
17143
17142
17134
17126
17125
17124
17122
17121
17112
17085
17084
17083
17082
17081
17080
17079
17058
17050
17036
17034
17022
17020
17014
17012
16996
16995
16994
16993
16991
16990
16964
16956
16948
16943
16942
16941
16937
16936
16935
16934
16933
16924
16923
16922
16894
16893
16892
16891
16889
16888
16880
16876
16875
16850
16849
16848
16847
16846
16845
16842
16826
16825
16824
16813
16788
16787
16786
16785
16784
16783
16782
16761
16753
16739
16737
16725
16723
16717
16715
16699
16695
16675
16667
16659
16651
16646
16645
16644
16640
16639
16638
16637
16636
16599
16598
16597
16596
16595
16594
16592
16591
16583
16582
16580
16579
16553
16552
16551
16550
16549
16548
16541
16540
16532
16531
16530
16529
16528
16527
16491
16490
16489
16488
16487
16486
16485
16464
16456
16442
16440
16428
16426
16420
16418
16402
16401
16400
16399
16398
16388
16370
16362
16354
16349
16348
16347
16343
16342
16341
16340
16339
16330
16329
16328
16303
16301
16300
16299
16298
16297
16295
16294
16281
16256
16255
16254
16253
16252
16251
16248
16247
16246
16245
16243
16231
16230
16220
16194
16193
16192
16191
16190
16189
16188
16167
16159
16145
16143
16131
16129
16123
16121
16105
16104
16100
16081
16065
16057
16052
16051
16050
16046
16045
16044
16043
16042
16004
16003
16002
16001
16000
15998
15997
15989
15988
15986
15985
15984
15959
15958
15957
15956
15955
15954
15946
15938
15937
15936
15935
15933
15897
15896
15895
15894
15893
15892
15891
15870
15862
15848
15846
15834
15832
15826
15824
15808
15805
15804
15803
15768
15760
15755
15754
15753
15749
15748
15747
15746
15745
15734
15707
15706
15705
15704
15703
15701
15700
15692
15691
15687
15662
15661
15660
15659
15658
15657
15652
15651
15649
15641
15640
15637
15636
15626
15600
15599
15598
15597
15596
15595
15594
15573
15565
15551
15549
15537
15535
15529
15527
15511
15510
15505
15471
15463
15458
15457
15456
15452
15451
15450
15449
15448
15411
15409
15408
15407
15406
15404
15403
15395
15394
15392
15391
15365
15364
15363
15362
15361
15360
15352
15344
15343
15342
15341
15340
15339
15325
15303
15302
15301
15300
15299
15298
15297
15276
15268
15254
15252
15240
15238
15232
15230
15214
15211
15210
15174
15166
15161
15160
15159
15155
15154
15153
15152
15151
15140
15112
15111
15110
15109
15107
15106
15098
15097
15093
15068
15067
15066
15065
15064
15063
15058
15057
15047
15046
15043
15042
15031
15028
15006
15005
15004
15003
15002
15001
15000
14979
14971
14957
14955
14943
14941
14935
14933
14917
14916
14915
14912
14885
14879
14864
14863
14862
14858
14857
14856
14855
14854
14816
14815
14814
14813
14812
14810
14809
14801
14800
14799
14798
14797
14796
14771
14770
14769
14768
14767
14766
14758
14750
14749
14748
14747
14746
14745
14735
14709
14708
14707
14706
14705
14704
14682
14674
14668
14660
14658
14646
14644
14638
14636
14620
14614
14598
14590
14572
14567
14566
14565
14561
14560
14559
14558
14557
14549
14520
14518
14517
14516
14515
14513
14512
14503
14501
14500
14474
14473
14472
14471
14470
14469
14453
14452
14451
14450
14449
14448
14437
14412
14411
14410
14409
14408
14407
14406
14385
14377
14363
14361
14349
14347
14346
14341
14339
14322
14321
14320
14301
14293
14285
14275
14270
14269
14268
14264
14263
14262
14261
14260
14251
14250
14249
14221
14220
14219
14218
14216
14215
14207
14203
14177
14176
14175
14174
14173
14172
14169
14168
14167
14165
14164
14153
14152
14151
14139
14137
14115
14114
14113
14112
14111
14110
14109
14088
14080
14066
14064
14052
14050
14049
14044
14042
14024
14023
14022
14021
14004
13996
13988
13973
13972
13971
13967
13966
13964
13963
13952
13925
13924
13923
13922
13921
13920
13919
13918
13910
13909
13905
13880
13879
13878
13877
13876
13875
13870
13869
13868
13867
13859
13858
13857
13855
13854
13818
13817
13816
13815
13814
13813
13812
13791
13783
13769
13767
13755
13753
13752
13747
13745
13729
13728
13727
13723
13707
13699
13698
13691
13681
13676
13675
13674
13670
13669
13668
13667
13666
13657
13656
13628
13627
13626
13625
13624
13623
13622
13621
13613
13610
13609
13583
13582
13581
13580
13579
13578
13575
13574
13573
13572
13571
13570
13561
13560
13559
13558
13557
13545
13521
13520
13519
13518
13517
13516
13515
13494
13486
13472
13470
13458
13456
13455
13450
13448
13439
13432
13431
13426
13418
13410
13402
13394
13379
13378
13377
13373
13372
13371
13370
13369
13360
13330
13329
13328
13327
13326
13313
13312
13286
13285
13284
13283
13282
13281
13276
13275
13274
13265
13264
13263
13262
13261
13260
13249
13248
13224
13223
13222
13221
13220
13219
13218
13197
13189
13173
13159
13158
13153
13151
13128
13113
13105
13097
13096
13089
13082
13081
13080
13076
13075
13074
13073
13072
13040
13033
13018
13016
13015
13014
13013
12989
12988
12987
12986
12985
12984
12978
12977
12968
12967
12966
12965
12952
12927
12926
12925
12924
12923
12922
12921
12900
12892
12884
12876
12862
12861
12854
12853
12851
12849
12838
12837
12836
12835
12834
12833
12832
12831
12830
12829
12828
12827
12826
12825
12824
12823
12822
12821
12819
12817
12816
12815
12814
12813
12809
12808
12807
12806
12805
12801
12800
12799
12798
12797
12793
12792
12791
12790
12789
12785
12784
12783
12779
12778
12777
12776
12775
12773
12771
12770
12769
12768
12767
12766
12765
12764
12754
12752
12750
12749
12748
12747
12746
12745
12744
12743
12742
12741
12740
12739
12737
12736
12735
12734
12733
12732
12731
12730
12729
12726
12725
12723
12722
12721
12718
12717
12714
12713
12711
12710
12709
12707
12692
12691
12690
12689
12688
12687
12686
12685
12684
12683
12682
12681
12680
12679
12678
12677
12676
12675
12674
12673
12672
12671
12670
12669
12668
12667
12666
12665
12664
12663
12662
12649
12648
12647
12646
12645
12644
12643
12642
12641
12633
12632
12631
12630
12629
12628
12627
12626
12625
12624
12623
12622
12621
12620
12618
12617
12616
12615
12614
12613
12612
12604
12603
12602
12601
12600
12598
12596
12595
12594
12593
12592
12591
12590
12582
12581
12580
12579
12578
12577
12569
12568
12567
12566
12565
12564
12563
12562
12561
12560
12559
12558
12557
12556
12555
12541
12540
12539
12538
12537
12536
12535
12534
12533
12532
12531
12530
12529
12528
12527
12525
12524
12520
12519
12517
12516
12512
12511
12510
12509
12508
12504
12503
12502
12501
12500
12496
12495
12494
12493
12492
12488
12487
12486
12482
12481
12480
12479
12478
12474
12473
12472
12471
12470
12469
12468
12467
12458
12457
12455
12454
12452
12451
12450
12449
12448
12447
12446
12445
12444
12443
12442
12440
12439
12438
12437
12436
12435
12434
12433
12432
12430
12429
12428
12427
12426
12425
12424
12422
12421
12420
12418
12417
12416
12414
12413
12412
12410
12395
12394
12393
12392
12391
12390
12389
12388
12387
12384
12383
12382
12381
12380
12379
12378
12377
12376
12375
12374
12373
12372
12371
12370
12369
12368
12367
12366
12365
12364
12357
12352
12351
12350
12349
12348
12347
12346
12345
12344
12343
12341
12340
12336
12335
12334
12333
12332
12331
12330
12329
12328
12327
12326
12325
12322
12321
12320
12319
12318
12317
12315
12307
12306
12305
12302
12301
12299
12298
12297
12296
12295
12294
12293
12290
12285
12284
12283
12282
12281
12280
12272
12271
12270
12269
12268
12267
12266
12265
12264
12263
12262
12261
12260
12259
12258
12256
12254
12244
12243
12242
12241
12240
12239
12238
12237
12236
12235
12234
12233
12232
12231
12230
12229
12228
12227
12225
12223
12222
12221
12220
12219
12215
12214
12213
12212
12211
12207
12206
12205
12204
12203
12199
12198
12197
12196
12195
12191
12190
12189
12185
12184
12183
12182
12181
12179
12177
12176
12175
12174
12173
12172
12171
12170
12162
12159
12158
12155
12154
12153
12152
12151
12150
12149
12148
12147
12146
12145
12144
12143
12142
12141
12140
12139
12138
12137
12136
12135
12133
12132
12131
12129
12128
12127
12125
12124
12123
12120
12119
12117
12116
12115
12113
12098
12097
12096
12095
12094
12093
12092
12091
12088
12087
12086
12085
12084
12083
12082
12081
12080
12079
12078
12077
12076
12075
12074
12073
12072
12071
12070
12069
12068
12055
12054
12053
12052
12051
12050
12049
12048
12047
12045
12044
12039
12038
12037
12036
12035
12034
12033
12032
12031
12030
12029
12028
12027
12026
12025
12024
12023
12022
12021
12019
12018
12010
12009
12006
12005
12002
12001
12000
11999
11998
11997
11996
11995
11991
11988
11987
11986
11985
11984
11983
11975
11974
11973
11972
11971
11970
11969
11968
11967
11966
11965
11964
11963
11962
11960
11959
11958
11956
11947
11946
11945
11944
11943
11942
11941
11940
11939
11937
11936
11935
11934
11933
11931
11930
11926
11925
11923
11922
11918
11917
11916
11915
11914
11910
11909
11908
11907
11906
11902
11901
11900
11899
11898
11894
11893
11892
11888
11887
11886
11885
11884
11880
11879
11878
11877
11876
11875
11874
11873
11864
11863
11861
11858
11857
11856
11855
11854
11853
11852
11851
11850
11849
11848
11847
11846
11845
11844
11843
11842
11840
11839
11838
11836
11835
11834
11833
11832
11831
11830
11828
11827
11826
11825
11824
11823
11822
11820
11819
11818
11816
11801
11800
11799
11798
11797
11796
11795
11794
11793
11792
11790
11789
11788
11787
11786
11785
11784
11783
11782
11781
11780
11779
11778
11777
11776
11775
11774
11773
11772
11771
11758
11757
11756
11755
11754
11753
11752
11751
11750
11746
11742
11741
11740
11739
11738
11737
11736
11735
11734
11733
11732
11731
11730
11729
11728
11727
11726
11725
11724
11723
11722
11721
11713
11712
11711
11710
11708
11707
11705
11704
11703
11702
11701
11700
11699
11697
11696
11691
11690
11689
11688
11687
11686
11678
11677
11676
11675
11674
11673
11672
11671
11670
11669
11668
11667
11666
11665
11662
11661
11659
11658
11650
11649
11648
11647
11646
11645
11644
11643
11642
11641
11640
11639
11637
11636
11635
11634
11633
11631
11629
11628
11626
11625
11621
11620
11618
11617
11613
11612
11611
11610
11609
11605
11604
11603
11602
11601
11597
11596
11595
11591
11590
11588
11587
11585
11583
11582
11581
11580
11579
11578
11577
11576
11567
11566
11565
11564
11563
11561
11560
11559
11558
11557
11556
11555
11554
11553
11552
11551
11550
11548
11547
11546
11545
11543
11542
11541
11539
11538
11537
11535
11534
11533
11531
11530
11529
11526
11525
11523
11522
11521
11519
11504
11503
11502
11501
11500
11499
11498
11497
11495
11494
11493
11492
11490
11489
11488
11487
11486
11485
11484
11483
11482
11481
11480
11479
11478
11477
11476
11475
11474
11467
11461
11460
11459
11458
11457
11456
11455
11454
11453
11451
11446
11445
11444
11443
11442
11441
11440
11439
11438
11437
11436
11435
11434
11433
11432
11431
11430
11429
11428
11427
11426
11425
11424
11416
11415
11413
11412
11410
11408
11407
11406
11405
11404
11403
11402
11401
11394
11393
11392
11391
11390
11389
11381
11380
11379
11378
11377
11376
11375
11374
11373
11372
11371
11370
11369
11368
11366
11365
11364
11363
11353
11352
11351
11350
11349
11348
11347
11346
11345
11344
11343
11342
11341
11340
11339
11337
11336
11332
11331
11329
11328
11324
11323
11321
11320
11316
11315
11314
11313
11312
11308
11307
11305
11304
11300
11299
11298
11294
11293
11291
11290
11286
11285
11284
11283
11282
11281
11280
11279
11270
11267
11264
11263
11262
11261
11260
11259
11258
11257
11256
11255
11254
11253
11252
11251
11250
11249
11248
11247
11246
11245
11244
11242
11241
11240
11238
11237
11236
11234
11233
11232
11231
11230
11229
11228
11226
11225
11224
11222
11207
11206
11205
11204
11203
11202
11201
11200
11199
11196
11194
11193
11192
11191
11190
11189
11188
11187
11186
11185
11184
11183
11182
11181
11180
11179
11178
11177
11171
11166
11164
11163
11162
11161
11160
11159
11158
11157
11156
11153
11152
11150
11148
11147
11146
11145
11144
11143
11142
11141
11140
11139
11138
11137
11136
11135
11134
11133
11132
11131
11130
11129
11128
11127
11119
11118
11117
11114
11111
11110
11109
11108
11107
11106
11105
11102
11097
11096
11095
11094
11093
11092
11084
11083
11082
11081
11080
11079
11078
11077
11076
11075
11074
11073
11072
11071
11056
11055
11054
11053
11052
11051
11050
11049
11048
11047
11046
11045
11044
11043
11042
11040
11039
11037
11035
11034
11033
11032
11031
11027
11026
11024
11023
11019
11018
11017
11016
11015
11011
11010
11008
11007
11003
11002
11001
10997
10996
10995
10994
10993
10991
10989
10988
10987
10986
10985
10984
10983
10982
10973
10972
10971
10970
10969
10968
10967
10966
10965
10964
10963
10962
10961
10960
10959
10958
10957
10956
10955
10954
10953
10952
10951
10949
10948
10947
10945
10944
10943
10941
10940
10939
10937
10936
10935
10932
10931
10929
10928
10927
10925
10910
10909
10908
10907
10906
10905
10904
10903
10901
10900
10899
10898
10897
10896
10895
10894
10893
10892
10891
10890
10889
10888
10887
10886
10885
10884
10883
10882
10881
10880
10874
10869
10868
10867
10866
10865
10864
10863
10862
10861
10860
10859
10857
10853
10851
10850
10849
10848
10847
10846
10845
10844
10843
10842
10841
10840
10839
10838
10837
10836
10835
10834
10833
10832
10831
10830
10822
10821
10819
10818
10815
10814
10813
10812
10811
10810
10809
10808
10807
10803
10800
10799
10798
10797
10796
10795
10787
10786
10785
10784
10783
10782
10781
10780
10779
10778
10777
10776
10775
10774
10773
10771
10770
10769
10759
10758
10757
10756
10755
10754
10753
10752
10751
10750
10749
10747
10746
10745
10743
10742
10738
10737
10736
10734
10732
10729
10727
10726
10722
10721
10720
10719
10718
10714
10710
10706
10705
10704
10700
10699
10697
10696
10692
10691
10690
10689
10688
10687
10686
10685
10676
10673
10672
10671
10670
10669
10668
10667
10666
10665
10664
10663
10662
10661
10660
10659
10657
10656
10655
10654
10653
10652
10651
10650
10648
10647
10646
10645
10644
10643
10642
10641
10640
10639
10638
10637
10636
10635
10634
10633
10632
10631
10630
10629
10628
10613
10612
10611
10610
10609
10608
10607
10605
10602
10601
10599
10598
10597
10596
10595
10594
10593
10592
10591
10590
10589
10588
10587
10586
10585
10584
10583
10576
10570
10569
10568
10567
10566
10565
10564
10563
10562
10559
10558
10555
10554
10553
10552
10551
10550
10549
10548
10547
10546
10545
10544
10543
10542
10541
10539
10538
10537
10536
10535
10534
10533
10525
10524
10523
10520
10517
10516
10515
10514
10513
10512
10511
10508
10503
10502
10501
10500
10499
10498
10490
10487
10486
10485
10484
10483
10482
10481
10480
10479
10478
10477
10476
10474
10462
10461
10460
10459
10458
10457
10456
10455
10454
10453
10452
10451
10450
10449
10448
10447
10446
10445
10443
10441
10440
10439
10438
10437
10433
10432
10430
10429
10425
10424
10423
10421
10415
10414
10413
10409
10408
10407
10403
10402
10401
10400
10399
10397
10395
10394
10393
10392
10391
10390
10389
10388
10378
10375
10374
10373
10372
10371
10370
10369
10368
10367
10364
10362
10361
10360
10359
10358
10357
10356
10354
10353
10351
10350
10349
10347
10346
10345
10343
10342
10340
10339
10338
10337
10335
10333
10331
10316
10315
10313
10312
10311
10310
10309
10308
10307
10304
10303
10302
10301
10300
10299
10298
10297
10296
10295
10294
10293
10292
10291
10290
10289
10288
10287
10286
10285
10273
10272
10271
10270
10269
10268
10267
10266
10265
10264
10261
10260
10257
10256
10255
10254
10253
10252
10251
10250
10249
10248
10247
10246
10245
10243
10242
10241
10240
10239
10238
10236
10228
10227
10226
10225
10222
10220
10219
10218
10217
10216
10215
10214
10211
10210
10208
10206
10205
10204
10201
10193
10192
10191
10190
10189
10188
10187
10186
10185
10184
10183
10182
10181
10179
10174
10165
10164
10163
10162
10160
10159
10158
10157
10156
10155
10154
10153
10152
10151
10150
10149
10148
10144
10143
10141
10140
10138
10136
10135
10133
10132
10128
10127
10126
10124
10120
10119
10118
10117
10116
10112
10111
10110
10108
10106
10105
10104
10103
10102
10098
10080
10079
10078
10077
10076
10075
10074
10073
10072
10071
10070
10069
10068
10067
10066
10065
10063
10062
10061
10060
10059
10058
10057
10054
10053
10052
10050
10049
10046
10045
10044
10042
10041
10038
10037
10036
10034
10019
10017
10016
10015
10014
10013
10009
10007
10005
10004
10003
10002
10001
10000
9999
9998
9997
9996
9995
9994
9993
9992
9991
9990
9989
9982
9980
9976
9975
9974
9973
9972
9971
9970
9969
9968
9967
9966
9965
9963
9961
9960
9959
9958
9957
9956
9955
9954
9953
9952
9951
9950
9949
9948
9947
9946
9945
9944
9943
9942
9941
9940
9939
9931
9930
9927
9925
9923
9922
9921
9920
9919
9918
9917
9916
9915
9913
9909
9908
9907
9896
9895
9894
9893
9892
9891
9890
9889
9888
9887
9886
9885
9884
9883
9882
9868
9867
9866
9865
9864
9863
9862
9861
9860
9859
9858
9857
9856
9855
9854
9852
9851
9849
9847
9846
9844
9843
9839
9838
9836
9835
9831
9830
9827
9823
9822
9820
9819
9815
9814
9813
9809
9808
9806
9805
9803
9801
9796
9784
9783
9779
9778
9777
9776
9775
9774
9773
9772
9771
9770
9769
9768
9766
9765
9764
9763
9761
9760
9757
9756
9755
9753
9752
9750
9749
9748
9747
9746
9745
9744
9741
9740
9739
9737
9722
9720
9719
9718
9717
9716
9715
9714
9713
9712
9710
9709
9708
9707
9706
9705
9704
9703
9702
9701
9700
9699
9698
9697
9696
9695
9694
9693
9692
9691
9683
9681
9679
9678
9677
9676
9675
9674
9673
9672
9671
9670
9666
9663
9662
9661
9660
9659
9658
9657
9656
9655
9654
9653
9652
9651
9650
9648
9647
9646
9645
9644
9643
9634
9633
9632
9631
9630
9626
9625
9624
9623
9622
9621
9620
9616
9615
9612
9611
9610
9599
9598
9597
9596
9595
9594
9593
9592
9591
9590
9589
9588
9587
9586
9585
9583
9581
9571
9570
9569
9568
9567
9566
9565
9564
9563
9562
9561
9560
9559
9558
9557
9555
9554
9550
9549
9547
9546
9544
9542
9541
9539
9538
9534
9533
9532
9530
9528
9526
9525
9524
9523
9522
9518
9517
9516
9514
9512
9511
9509
9508
9504
9502
9500
9498
9497
9489
9486
9484
9482
9481
9480
9479
9478
9477
9476
9475
9474
9473
9472
9471
9469
9468
9467
9466
9464
9463
9460
9459
9458
9456
9455
9452
9451
9450
9448
9447
9444
9443
9442
9440
9425
9423
9422
9421
9420
9419
9414
9413
9412
9411
9410
9409
9408
9407
9406
9405
9404
9403
9402
9401
9400
9399
9398
9397
9396
9395
9384
9383
9382
9381
9380
9379
9378
9377
9376
9375
9374
9373
9372
9371
9370
9366
9365
9364
9363
9362
9361
9360
9359
9358
9357
9356
9355
9353
9352
9351
9350
9349
9348
9347
9346
9345
9337
9336
9332
9331
9329
9328
9327
9326
9325
9324
9323
9322
9321
9320
9315
9314
9313
9312
9302
9301
9300
9299
9298
9297
9296
9295
9294
9293
9292
9290
9289
9288
9284
9283
9274
9273
9272
9271
9270
9269
9268
9267
9266
9265
9264
9263
9262
9261
9260
9258
9257
9255
9253
9252
9250
9249
9245
9244
9242
9241
9237
9236
9235
9234
9233
9229
9228
9226
9225
9221
9220
9219
9215
9214
9213
9212
9211
9209
9207
9190
9189
9188
9187
9186
9185
9184
9183
9182
9181
9180
9179
9178
9177
9176
9175
9174
9172
9171
9170
9169
9166
9163
9162
9161
9159
9158
9155
9154
9153
9151
9150
9147
9146
9145
9143
9128
9126
9125
9124
9123
9122
9120
9119
9118
9116
9114
9113
9112
9111
9110
9109
9108
9107
9106
9105
9104
9103
9102
9101
9100
9099
9098
9091
9085
9084
9083
9082
9081
9080
9079
9078
9077
9076
9072
9070
9069
9068
9067
9066
9065
9064
9063
9062
9061
9060
9059
9058
9057
9056
9055
9054
9053
9052
9051
9050
9049
9048
9040
9039
9038
9037
9036
9034
9032
9031
9030
9029
9028
9027
9026
9019
9018
9017
9016
9005
9004
9003
9002
9001
9000
8999
8998
8997
8996
8995
8994
8993
8992
8991
8989
8987
8986
8985
8977
8976
8975
8974
8973
8972
8971
8969
8968
8967
8966
8965
8964
8963
8961
8960
8956
8955
8954
8953
8952
8950
8948
8947
8946
8945
8944
8940
8939
8936
8934
8932
8931
8929
8928
8924
8923
8922
8920
8918
8917
8916
8915
8914
8910
8908
8906
8904
8903
8894
8888
8887
8886
8885
8884
8883
8882
8881
8880
8879
8878
8877
8875
8874
8873
8872
8871
8870
8869
8866
8865
8864
8862
8861
8858
8857
8856
8855
8854
8853
8850
8849
8848
8846
8831
8829
8828
8827
8826
8825
8824
8823
8819
8818
8817
8816
8815
8814
8813
8812
8811
8810
8809
8808
8807
8806
8805
8804
8803
8802
8801
8800
8787
8786
8785
8784
8783
8782
8781
8780
8779
8777
8776
8775
8772
8771
8770
8769
8768
8767
8766
8765
8764
8763
8762
8761
8760
8759
8758
8757
8756
8755
8754
8753
8752
8751
8743
8742
8741
8737
8735
8734
8733
8732
8731
8730
8729
8727
8726
8725
8722
8721
8720
8719
8718
8708
8707
8706
8705
8704
8703
8702
8701
8700
8699
8698
8696
8695
8694
8693
8690
8689
8688
8680
8679
8678
8677
8676
8675
8674
8673
8672
8671
8670
8669
8668
8667
8666
8664
8663
8661
8659
8658
8656
8655
8651
8650
8648
8647
8645
8643
8642
8641
8640
8639
8635
8634
8632
8631
8627
8626
8625
8621
8620
8619
8618
8617
8615
8613
8596
8595
8594
8591
8590
8589
8588
8587
8586
8585
8584
8583
8582
8581
8580
8578
8577
8576
8575
8572
8569
8568
8567
8565
8564
8561
8560
8559
8557
8556
8553
8552
8551
8549
8534
8532
8531
8530
8529
8528
8527
8526
8525
8524
8523
8522
8521
8520
8519
8518
8517
8516
8515
8514
8513
8512
8511
8510
8509
8508
8507
8506
8505
8504
8498
8490
8489
8488
8487
8486
8485
8484
8483
8477
8475
8474
8473
8472
8471
8470
8469
8468
8467
8466
8465
8464
8463
8462
8461
8460
8459
8458
8457
8456
8455
8454
8446
8445
8444
8443
8442
8441
8438
8437
8436
8435
8434
8433
8432
8425
8424
8423
8422
8411
8410
8409
8408
8407
8406
8405
8404
8403
8402
8401
8400
8399
8398
8397
8396
8395
8393
8391
8383
8382
8381
8380
8379
8378
8377
8376
8375
8374
8373
8372
8371
8370
8369
8368
8367
8366
8362
8361
8359
8358
8356
8354
8353
8351
8350
8346
8345
8344
8342
8340
8338
8337
8335
8334
8332
8330
8329
8328
8326
8324
8323
8322
8321
8320
8316
8314
8312
8310
8309
8300
8294
8293
8292
8291
8290
8289
8288
8287
8286
8285
8284
8283
8281
8280
8279
8278
8277
8276
8275
8272
8271
8270
8268
8267
8264
8263
8262
8260
8259
8256
8255
8254
8252
8237
8235
8234
8233
8232
8231
8230
8229
8225
8224
8223
8222
8221
8220
8219
8218
8217
8216
8215
8214
8213
8212
8211
8210
8209
8208
8207
8192
8191
8190
8189
8188
8187
8186
8183
8182
8181
8178
8177
8176
8175
8174
8173
8172
8171
8170
8169
8168
8167
8166
8165
8164
8163
8162
8161
8160
8159
8158
8157
8149
8148
8147
8143
8141
8140
8139
8138
8137
8136
8135
8133
8132
8128
8127
8126
8125
8124
8114
8113
8112
8111
8110
8109
8108
8107
8106
8105
8104
8102
8101
8100
8099
8096
8095
8094
8086
8085
8084
8083
8082
8081
8080
8079
8078
8077
8076
8075
8074
8073
8072
8071
8070
8069
8067
8065
8064
8062
8061
8057
8056
8054
8053
8051
8049
8048
8046
8045
8041
8040
8038
8037
8033
8032
8031
8027
8026
8025
8024
8023
8021
8019
8002
8001
8000
7999
7998
7997
7996
7995
7994
7993
7992
7991
7990
7989
7988
7987
7986
7984
7983
7982
7981
7978
7975
7974
7973
7972
7971
7970
7967
7966
7965
7963
7962
7959
7958
7957
7955
7940
7938
7937
7936
7935
7934
7933
7931
7930
7929
7928
7926
7925
7924
7923
7922
7921
7920
7919
7918
7917
7916
7915
7914
7913
7912
7911
7910
7903
7895
7894
7893
7892
7891
7890
7889
7887
7882
7881
7880
7879
7878
7877
7876
7875
7874
7873
7872
7871
7870
7869
7868
7867
7866
7865
7864
7863
7862
7861
7860
7852
7851
7849
7848
7847
7846
7844
7843
7842
7841
7840
7839
7838
7831
7830
7829
7828
7817
7816
7815
7814
7813
7812
7811
7810
7809
7808
7807
7806
7805
7804
7803
7802
7801
7799
7798
7797
7789
7788
7787
7786
7785
7784
7783
7782
7781
7780
7779
7778
7777
7776
7775
7774
7773
7772
7768
7767
7765
7764
7762
7760
7759
7757
7756
7752
7751
7748
7746
7744
7743
7741
7740
7738
7736
7735
7734
7732
7730
7729
7728
7727
7726
7722
7720
7718
7716
7715
7700
7699
7698
7697
7696
7695
7694
7693
7692
7691
7690
7689
7687
7686
7685
7684
7683
7682
7681
7678
7677
7676
7674
7673
7670
7669
7668
7666
7665
7662
7661
7660
7658
7643
7641
7640
7639
7638
7637
7636
7631
7630
7629
7628
7627
7626
7625
7624
7623
7622
7621
7620
7619
7618
7617
7616
7615
7614
7613
7598
7597
7596
7595
7594
7593
7592
7590
7589
7588
7587
7584
7583
7582
7581
7580
7579
7578
7577
7576
7575
7574
7573
7572
7571
7570
7569
7568
7567
7566
7565
7564
7543
7542
7541
7534
7533
7532
7531
7519
7492
7491
7490
7489
7488
7487
7486
7478
7476
7473
7447
7446
7444
7443
7438
7437
7427
7425
20275
7422
7409
7408
7384
20236
7383
7381
7380
7361
20198
7345
7343
7337
7335
7329
7327
7323
7321
7301
7300
7299
7298
7297
7296
7295
7275
7271
7267
7266
7255
7249
7247
7246
7245
7237
7236
7235
7234
7221
7195
7194
7193
7192
7191
7190
7189
7181
7178
7152
7150
7149
7147
7146
7142
7141
7140
19980
7127
7126
19978
7125
7112
7088
7087
19939
7086
7084
7083
7064
19901
7048
7046
7032
7030
7026
7004
7003
7002
7001
6999
6994
6986
6978
6974
6970
6950
6949
6948
6940
6939
6938
6937
6924
6898
6897
6896
6895
6894
6882
6881
6853
6852
6850
6849
6845
6844
6843
19682
6829
19681
6828
6814
6790
19642
6789
6787
6786
6767
6749
6741
6733
6727
6726
6707
6706
6705
6704
6681
6677
6673
6664
6661
6653
6652
6651
6643
6642
6641
6640
6601
6586
6585
6584
6558
6556
6555
6553
6552
6548
6547
6546
6494
6493
19345
6492
6490
6489
6452
6436
6435
6430
6410
6409
6408
6407
6406
6405
6404
6402
6401
6400
6399
6396
6395
6394
6393
6392
6391
6389
6388
6387
6386
6385
6384
6383
6381
6380
6379
6378
6377
6376
6375
6367
6361
6359
6358
6357
6356
6355
6354
6346
6345
6344
6343
19195
6342
19194
6341
19193
6340
6332
6331
6330
6329
6328
6327
6325
6324
6323
6322
6321
6320
6319
6318
6313
6312
6304
6303
6302
6301
6300
6299
6297
6296
6295
6293
6292
6290
6288
6287
6285
6283
6282
6280
6279
6274
6272
6271
6269
6267
6266
19117
6264
6263
6259
6258
6256
6255
6251
6250
6249
6244
6242
19089
6236
19087
6234
6233
19085
6232
6231
19083
6230
6221
6220
6219
6217
6212
19064
6211
6210
6209
6208
6207
6205
6204
19056
6203
6202
6201
6200
6199
6196
19048
6195
6193
6192
6191
6189
6188
19040
6187
6185
6184
6183
6181
6180
19032
6179
6177
6175
6173
6158
19010
6157
6156
6155
6154
6153
6152
6151
6150
6149
6148
6147
6146
6145
6144
6143
6142
6141
6140
6139
6138
6137
6136
6135
6134
6113
6112
6111
6110
6109
6108
6107
6099
6098
6097
6096
6095
6094
6092
6091
6090
6089
6088
6087
6086
6084
6083
6082
6081
6080
6079
6078
6070
6068
6067
6066
6065
6062
6061
6060
6059
6058
6057
6049
6048
6047
6046
18898
6045
18897
6044
18896
6043
6035
6034
6033
6032
6028
6027
6026
6025
6024
6023
6022
6021
18873
6020
18872
6019
18871
6018
6015
6007
18859
6006
6005
6004
6003
6002
6001
6000
5999
5998
5997
5996
5995
5994
5993
5991
5990
5988
5986
5985
5983
5982
5980
5977
5975
5974
5970
5969
18820
5967
5966
5964
5962
5961
5959
5958
5956
5954
5953
5952
5948
18792
5939
5937
18789
5936
18788
5935
18787
5934
18786
5933
5924
5915
5914
5913
5912
5911
5910
5908
5907
18759
5906
5905
5904
5900
5899
18751
5898
5896
5895
5894
5892
5891
18743
5890
5888
5887
5886
5884
5883
18735
5882
5880
5878
5876
5861
18713
5860
5859
5858
5857
5856
5855
5854
5853
5849
5848
5847
5846
5845
5844
5843
5842
5841
5840
5839
5838
5837
5835
5833
5816
5815
5814
5813
5812
5811
5810
5807
5806
5805
5802
5801
5800
5799
5798
5797
5795
5794
5793
5792
5791
5790
5789
5787
5786
5785
5784
5783
5782
5781
5773
5771
5767
5765
5764
5763
5762
5761
5760
5752
5751
5750
5749
18601
5748
18600
5747
18599
5746
5738
5737
5736
5735
5734
5733
5731
5730
5729
5728
5727
5726
5725
5724
5723
5719
5718
5710
5709
5708
5707
5706
5705
5704
5703
5702
5701
5699
5698
5697
5696
5695
5694
5693
5691
5689
5688
5686
5685
5680
5678
5677
5675
5673
5672
18523
5670
5669
5665
5664
5662
5661
5657
5656
5655
5650
5648
5647
18494
5641
18493
5640
5639
18491
5638
5637
5636
5626
5625
5624
5623
5622
5621
5618
5617
5616
5615
5614
5613
5611
5610
5608
5607
5606
5605
5602
18454
5601
5599
5598
5597
5595
5594
18446
5593
5591
5590
5589
5587
5586
18438
5585
5583
5581
5579
5564
18416
5563
5562
5561
5560
5559
5558
5557
5555
5554
5553
5552
5550
5549
5548
5547
5546
5545
5544
5543
5542
5541
5539
5538
5537
5535
5527
5519
5518
5516
5515
5514
5513
5506
5505
5504
5502
5501
5500
5498
5497
5496
5495
5494
5493
5492
5490
5489
5488
5487
5486
5485
5484
5476
5473
5472
5471
5470
5468
5467
5466
5465
5464
5463
5455
5454
5453
5452
18304
5451
18303
5450
18302
5449
5441
5440
5439
5438
5434
5433
5432
5431
5430
5429
5428
5427
18279
5426
18278
5425
18277
5424
5422
5413
18265
5412
5411
18263
5410
5409
5408
5407
5406
5405
5404
5403
5402
5401
5400
5399
5398
5397
5396
5392
5391
5389
5388
5386
5383
5381
5380
5376
5375
18226
5373
5372
5370
5368
5367
5365
5364
5362
5360
5359
5358
5352
18196
5343
18195
5342
5341
18193
5340
18192
5339
5324
5321
5320
5319
5318
5317
5316
5314
5313
18165
5312
5311
5310
5309
5308
5306
5305
18157
5304
5302
5301
5300
5298
5297
18149
5296
5294
5293
5292
5290
5289
18141
5288
5286
5284
5282
5267
18119
5266
5265
5264
5263
5262
5261
5260
5255
5254
5253
5252
5251
5250
5249
5248
5247
5246
5245
5244
5241
5240
5238
5237
5222
5221
5220
5219
5218
5216
5214
5213
5212
5211
5208
5207
5205
5204
5203
5201
5200
5199
5197
5196
5195
5193
5192
5191
5190
5188
5187
5179
5173
5171
5170
5169
5167
5166
5165
5158
5157
5156
5155
5154
18006
5153
18005
5152
5144
5143
5142
5141
5140
5139
5137
5136
5135
5134
5133
5132
5131
5130
5125
5124
5116
5115
5114
5113
5112
5111
5110
5109
5108
5107
5105
5104
5103
5102
5100
5099
5095
5094
5092
5091
5086
5084
5083
5081
5079
5078
17929
5076
5075
5071
5070
5068
5067
5063
5062
5061
5056
5054
5053
5047
17899
5046
5045
17897
5044
5043
5042
5033
5032
5031
5029
5027
5025
5024
5023
5022
5021
5020
5019
5017
5016
17868
5015
5014
5013
5012
5011
5008
17860
5007
5005
5004
5003
5001
5000
17852
4999
4997
4996
4995
4993
4992
17844
4991
4989
4987
4985
4970
17822
4969
4968
4967
4966
4965
4964
4963
4962
4961
4960
4959
4958
4957
4956
4955
4954
4953
4952
4951
4950
4949
4948
4947
4945
4944
4943
4942
4925
4924
4923
4922
4921
4920
4919
4911
4910
4908
4907
4906
4904
4903
4902
4900
4899
4898
4896
4895
4894
4893
4892
4891
4890
4882
4880
4879
4878
4877
4874
4873
4872
4871
4870
4869
4861
4860
4859
4858
17710
4857
17709
4856
17708
4855
4847
4846
4845
4843
4840
4839
4838
4837
4836
4835
4834
17686
4833
4832
17684
4831
17683
4830
4829
4827
4819
4817
4816
4815
4814
4813
4812
4811
4810
4809
4808
4807
4806
4805
4803
4802
4800
4798
4797
4795
4794
4792
4789
4787
4786
4782
4781
17632
4779
4778
4776
4774
4773
4771
4770
4768
4766
4765
4764
17603
4750
17602
4749
17601
4748
17600
4747
17599
4746
17598
4745
4731
4730
4727
4726
4725
4724
4723
4722
4720
4719
17571
4718
4717
4716
4715
4714
4712
4711
17563
4710
4708
4707
4706
4704
4703
17555
4702
4700
4699
4698
4696
4695
17547
4694
4692
4690
4688
4673
17525
4672
4671
17523
4670
17522
4669
17521
4668
17520
4667
17519
4666
17518
4665
4661
4660
4659
4658
4657
4656
4655
17507
4654
4653
17505
4652
4651
4650
17481
4628
4627
17479
4626
17478
4625
17477
4624
4623
17475
4622
4619
17471
4618
17470
4617
17467
4614
17466
4613
17465
4612
4611
17463
4610
17462
4609
17460
4607
17459
4606
4605
4603
4602
4601
4599
4598
4597
4596
4595
4594
4593
17438
4585
4583
17432
4579
17430
4577
17429
4576
17428
4575
17427
4574
17426
4573
17425
4572
17420
4567
17417
4564
17416
4563
17415
4562
17414
4561
17413
4560
17412
4559
17411
4558
17403
4550
4549
4548
4547
17399
4546
17396
4543
17395
4542
17394
4541
17393
4540
4539
17391
4538
17390
4537
4536
17388
4535
17387
4534
17386
4533
17384
4531
17383
4530
17375
4522
17374
4521
17373
4520
17372
4519
17371
4518
17370
4517
17369
4516
17368
4515
17367
4514
17366
4513
4511
4510
4509
4508
4507
4506
4505
17356
4503
4501
4500
4498
4497
17345
4492
17343
4490
17342
4489
17340
4487
4485
17337
4484
17335
4482
17334
4481
17330
4477
17329
4476
4474
4473
4469
17321
4468
17320
4467
17314
4461
17306
4453
17304
4451
17303
4450
17302
4449
17301
4448
17292
4439
17291
4438
17289
4436
17288
4435
17287
4434
17286
4433
17284
4431
17283
4430
17282
4429
17281
4428
17280
4427
17279
4426
17278
4425
17276
4423
4422
4420
17272
4419
17271
4418
17270
4417
4414
17266
4413
17264
4411
17263
4410
17262
4409
17260
4407
4406
17258
4405
17256
4403
17255
4402
17254
4401
17252
4399
4398
17250
4397
17248
4395
17246
4393
17245
4392
17244
4391
4376
17228
4375
4374
17226
4373
17225
4372
17224
4371
17223
4370
17222
4369
17221
4368
17220
4367
17219
4366
4365
4364
4362
4361
4360
4359
4358
17210
4357
17209
4356
17208
4355
4354
17206
4353
4352
17203
4350
17202
4349
17201
4348
17192
4339
17184
4331
4330
17182
4329
17181
4328
4326
4318
17170
4317
17169
4316
17168
4315
4314
17166
4313
17165
4312
17164
4311
17163
4310
17162
4309
4308
4306
4305
4304
4302
4300
4299
4298
4297
4296
17139
4286
17138
4285
17137
4284
4283
17135
4282
17133
4280
17132
4279
17131
4278
17129
4276
17128
4275
17123
4270
17119
4266
17118
4265
17117
4264
17116
4263
4262
17114
4261
17106
4253
17104
4251
4250
17102
4249
17099
4246
17098
4245
17097
4244
17096
4243
4242
17094
4241
4240
4239
17091
4238
4237
17089
4236
17088
4235
17087
4234
17086
4233
17078
4225
17077
4224
17076
4223
17075
4222
17074
4221
17073
4220
17072
4219
17071
4218
17070
4217
17069
4216
17068
4215
17067
4214
4213
4212
4211
4209
4208
17057
4204
17056
4203
4201
17053
4200
17051
4198
17048
4195
17047
4194
17046
4193
17045
4192
17041
4188
4187
17038
4185
17037
4184
17035
4182
17033
4180
17032
4179
4177
4176
4174
4172
17024
4171
17023
4170
17009
4156
17008
4155
17007
4154
17006
4153
17005
4152
17004
4151
16992
4139
16989
4136
16987
4134
16986
4133
16985
4132
16984
4131
16983
4130
16982
4129
16981
4128
16979
4126
4125
16977
4124
4123
16975
4122
16974
4121
16973
4120
16971
4118
4117
16969
4116
16967
4114
16966
4113
16965
4112
16963
4110
4109
16961
4108
16959
4106
16958
4105
16957
4104
16955
4102
4101
16953
4100
16951
4098
16949
4096
16947
4094
4077
16929
4076
16928
4075
16927
4074
16926
4073
16925
4072
4068
4067
4066
4065
4064
4062
16914
4061
16913
4060
4058
16910
4057
16909
4056
4055
16906
4053
16887
4034
4033
16885
4032
16884
4031
16883
4030
4029
16881
4028
16879
4026
4025
16877
4024
16873
4020
16872
4019
16871
4018
4017
16869
4016
16868
4015
16866
4013
4011
4009
4008
4005
4004
4003
4002
4001
4000
3999
16844
3991
16839
3986
16838
3985
16836
3983
16835
3982
16834
3981
16833
3980
16832
3979
16831
3978
16822
3969
16821
3968
16820
3967
16819
3966
16818
3965
16817
3964
16807
3954
16805
3952
16803
3950
16802
3949
16801
3948
16800
3947
16799
3946
3944
16796
3943
16795
3942
16790
3937
16789
3936
16781
3928
16780
3927
16779
3926
16778
3925
16776
3923
16775
3922
16774
3921
16773
3920
16772
3919
16771
3918
3916
3915
3914
3911
16762
3909
16760
3907
3906
16756
3903
16751
3898
16749
3896
16748
3895
16746
3893
3891
3890
3889
16741
3888
16740
3887
16736
3883
16735
3882
3880
3879
3875
16727
3874
16726
3873
16721
3868
16711
3858
16710
3857
16709
3856
16708
3855
16707
3854
16698
3845
16697
3844
16696
3843
16694
3841
16693
3840
16692
3839
16689
3836
16688
3835
16687
3834
16686
3833
16685
3832
16684
3831
16682
3829
3828
16680
3827
3826
16678
3825
16677
3824
3820
16672
3819
16670
3817
16669
3816
16668
3815
16666
3813
3812
16664
3811
16662
3809
16661
3808
16660
3807
16658
3805
3804
16656
3803
16654
3801
16652
3799
16650
3797
3782
16634
3781
3780
16632
3779
16631
3778
16630
3777
16629
3776
16628
3775
16627
3774
16626
3773
16625
3772
3771
3769
3768
3766
3765
16617
3764
3763
16615
3762
3761
3760
3759
16611
3758
16609
3756
16606
3753
16590
3737
3736
16588
3735
16587
3734
16586
3733
3732
16584
3731
16576
3723
16575
3722
3720
16572
3719
16571
3718
16570
3717
16569
3716
3714
3712
3711
3710
3707
3706
3705
3704
3703
3702
16547
3694
3692
16544
3691
3690
3689
16525
3672
16524
3671
16523
3670
16522
3669
16521
3668
16520
3667
16512
3659
3658
16510
3657
16509
3656
16508
3655
16505
3652
16504
3651
16503
3650
16502
3649
3648
16500
3647
16498
3645
16497
3644
3643
16495
3642
16494
3641
16484
3631
16482
3629
16481
3628
16480
3627
16479
3626
16478
3625
16477
3624
16476
3623
16474
3621
16473
3620
3619
3618
3617
3615
3614
3610
16462
3609
3607
16459
3606
16457
3604
16454
3601
16452
3599
16451
3598
16447
3594
3593
16444
3591
16443
3590
16441
3588
16439
3586
16438
3585
3583
3582
3580
3578
16430
3577
16429
3576
16424
3571
16422
3569
16421
3568
16415
3562
16414
3561
16413
3560
16412
3559
16411
3558
16410
3557
16397
3544
16396
3543
16395
3542
16393
3540
16392
3539
16391
3538
16390
3537
16389
3536
16387
3534
16385
3532
3531
16383
3530
3529
16381
3528
16380
3527
16379
3526
16377
3524
3523
16375
3522
16373
3520
16372
3519
16371
3518
16369
3516
3515
16367
3514
16365
3512
16364
3511
16363
3510
16361
3508
3507
16359
3506
16357
3504
16355
3502
16353
3500
3485
16337
3484
3483
16335
3482
16334
3481
16333
3480
16332
3479
3474
3473
3472
3468
3467
16319
3466
16318
3465
16317
3464
16316
3463
3462
3461
16311
3458
16307
3454
16293
3440
3439
16291
3438
16290
3437
16289
3436
3435
16287
3434
16286
3433
3431
16283
3430
16279
3426
16278
3425
3423
16275
3422
16274
3421
16272
3419
3417
3415
3414
3413
3411
3410
3409
3407
3406
3405
16250
3397
16244
3391
16239
3386
16234
3381
16229
3376
16228
3375
16227
3374
16226
3373
16225
3372
16224
3371
3370
3362
3361
16212
3359
16211
3358
16208
3355
16207
3354
16206
3353
16205
3352
3351
3350
3348
16196
3343
16195
3342
16187
3334
16185
3332
16184
3331
16183
3330
16182
3329
16181
3328
16180
3327
16179
3326
16177
3324
16176
3323
3322
3321
3320
3318
3317
16166
3313
16165
3312
16163
3310
3309
16160
3307
16157
3304
16155
3302
16154
3301
3299
3297
3296
16147
3294
16146
3293
16142
3289
16141
3288
3286
3285
3281
16133
3280
16132
3279
16118
3265
16117
3264
16116
3263
16115
3262
16114
3261
16113
3260
16103
3250
16102
3249
16101
3248
16099
3246
16098
3245
16095
3242
16094
3241
16093
3240
16092
3239
16091
3238
16090
3237
16088
3235
3234
16086
3233
3232
16084
3231
16083
3230
16082
3229
3226
16078
3225
16076
3223
16075
3222
16074
3221
16072
3219
3218
16070
3217
16068
3215
16067
3214
16066
3213
16064
3211
3210
16062
3209
3208
16060
3207
16058
3205
16056
3203
3188
16040
3187
3186
16038
3185
16037
3184
16036
3183
16035
3182
16034
3181
16033
3180
16032
3179
16031
3178
3177
3176
3175
3174
3173
3171
16023
3170
3169
16021
3168
3167
3166
3165
16017
3164
16015
3162
16014
3161
16013
3160
15996
3143
3142
15994
3141
15993
3140
15992
3139
3138
15990
3137
15982
3129
15981
3128
3126
15978
3125
15977
3124
15976
3123
15975
3122
3120
3118
3117
3116
3113
3112
3111
3110
3109
3108
15953
3100
3098
15950
3097
3096
3095
15947
3094
15945
3092
15943
3090
15941
3088
15940
3087
15931
3078
15930
3077
15929
3076
15928
3075
15927
3074
15926
3073
3065
3064
15916
3063
15915
3062
15914
3061
15911
3058
15910
3057
15909
3056
15908
3055
3054
15906
3053
15904
3051
15901
3048
15900
3047
15899
3046
15898
3045
15890
3037
15888
3035
15887
3034
15886
3033
15885
3032
15884
3031
15883
3030
15882
3029
15880
3027
15879
3026
3025
3024
3023
3021
3020
3016
15868
3015
3013
15865
3012
15863
3010
15860
3007
15858
3005
15857
3004
15853
3000
2999
2998
15850
2997
15849
2996
15847
2994
15845
2992
15844
2991
2989
2988
2986
2984
15836
2983
15835
2982
15830
2977
15828
2975
15827
2974
15821
2968
15819
2966
15818
2965
15817
2964
15816
2963
15807
2954
15806
2953
15802
2949
15801
2948
15799
2946
15798
2945
15797
2944
15796
2943
15795
2942
15794
2941
15793
2940
15791
2938
2937
15789
2936
2935
15787
2934
15785
2932
15783
2930
2929
15781
2928
15779
2926
15778
2925
15777
2924
15775
2922
2921
15773
2920
15771
2918
15770
2917
15769
2916
15767
2914
2913
15765
2912
2911
15763
2910
15761
2908
15759
2906
15743
2890
2889
15741
2888
15740
2887
15739
2886
15738
2885
15737
2884
15736
2883
15735
2882
2879
2878
2877
2876
2874
2873
15725
2872
15724
2871
15723
2870
15722
2869
2868
2867
15716
2863
15715
2862
15699
2846
2845
15697
2844
15696
2843
15695
2842
2841
15693
2840
15689
2836
15688
2835
15685
2832
15684
2831
2829
15681
2828
15680
2827
15678
2825
15677
2824
2823
2820
2819
2817
2816
2815
2814
2813
2812
2811
15656
2803
15654
2801
15653
2800
15650
2797
15635
2782
15634
2781
15633
2780
15632
2779
15631
2778
15630
2777
2776
2768
2767
15618
2765
15617
2764
15614
2761
15613
2760
15612
2759
15611
2758
2757
2756
2754
15602
2749
15601
2748
15593
2740
15591
2738
15590
2737
15589
2736
15588
2735
15587
2734
15586
2733
15585
2732
15583
2730
15582
2729
2728
2727
2726
2724
2723
15572
2719
15571
2718
15569
2716
2715
15566
2713
15563
2710
15561
2708
15560
2707
2705
2703
2702
15553
2700
15552
2699
15550
2697
15548
2695
15547
2694
2692
2691
2687
15539
2686
15538
2685
15524
2671
15523
2670
15522
2669
15521
2668
15520
2667
15519
2666
15509
2656
15508
2655
15507
2654
15506
2653
15504
2651
15502
2649
15501
2648
15500
2647
15499
2646
15498
2645
15497
2644
15496
2643
15494
2641
2640
2638
15490
2637
15489
2636
15488
2635
15486
2633
2632
15484
2631
15482
2629
15481
2628
15480
2627
15478
2625
2624
15476
2623
15474
2621
15473
2620
15472
2619
15470
2617
2616
15468
2615
2614
15466
2613
15464
2611
15462
2609
2594
15446
2593
2592
15444
2591
15443
2590
15442
2589
15441
2588
15440
2587
15439
2586
15438
2585
15437
2584
2583
2582
2580
2579
2577
2576
2575
15427
2574
2573
15424
2571
2570
8990
15422
2569
15421
2568
15420
2567
15419
2566
15418
2565
15410
2557
8970
15402
2549
2548
15400
2547
15399
2546
15398
2545
15396
2543
15388
2535
15387
2534
15386
2533
15384
2531
15383
2530
15382
2529
15381
2528
8937
21790
15380
2527
2526
2525
2523
2522
8942
2521
2516
2514
8926
15358
2505
2504
15355
2502
15353
2500
15349
2496
15347
2494
15346
2493
15345
2492
15338
2485
15336
2483
15335
2482
2481
2460
15313
2471
2470
15322
2469
2456
15309
15320
2467
8876
21729
15319
2466
15316
2463
15315
2462
15314
2461
15312
2459
15306
2453
15296
2443
8852
21705
15295
2442
15294
2441
15293
2440
15291
2438
15290
2437
15289
2436
15288
2435
21697
15287
2434
15286
2433
2430
2429
21691
2428
2427
2426
2422
15274
2421
8830
21683
2420
2419
15271
2418
2406
2405
15256
2403
15255
2402
15251
2398
15250
2397
2395
2394
15241
2388
2375
15228
15239
2386
2373
15226
15237
2384
2371
15224
15235
2382
2370
15223
15234
2381
8797
15229
2376
8795
15227
2374
15225
2372
15222
2369
15213
2360
15209
2356
15208
2355
15207
2354
2342
15195
15206
2353
15200
2347
15197
2344
2343
2341
15193
2340
15192
2339
15191
2338
15189
2336
2335
15187
2334
15184
2331
15177
2324
15175
2322
15173
2320
15171
2318
2317
15169
2316
15167
2314
15165
2312
2297
15149
2296
15147
2294
15146
2293
15145
2292
15144
2291
15143
2290
2283
2282
2280
2279
15131
2278
15130
2277
15129
2276
15128
2275
15127
2274
15125
2272
21544
8691
15123
2270
15122
2269
15121
2268
15120
2267
15105
2252
15102
2249
15091
2238
15090
2237
8657
15089
2236
2235
15087
2234
15086
2233
8653
15085
2232
15083
2230
2229
8649
2228
2226
2220
2219
2218
15062
2209
8629
15061
2208
15060
2207
15056
2203
8611
21464
15054
2201
8610
21463
15053
2200
8607
21460
15050
2197
8606
21459
15049
2196
2184
15037
15048
2195
15034
15045
2192
15041
2188
15039
2186
15038
2185
15027
2174
2173
15025
2172
15023
2170
2158
15011
8579
21432
15022
2169
15019
2166
15018
2165
15017
2164
2162
15008
2155
15007
2154
14999
2146
14997
2144
14996
2143
14994
2141
14993
2140
14992
2139
14991
2138
21400
14990
2137
14989
2136
2135
2133
2132
21394
2131
2130
2129
14978
2125
14977
2124
8533
21386
14976
2123
14975
2122
14974
2121
2111
2109
2108
14959
2106
14958
2105
14956
2103
14954
2101
14953
2100
2099
2098
14945
2092
14944
2091
2078
14931
14942
2089
2076
14929
14940
2087
2074
14927
14938
2085
2073
14926
14937
2084
8500
14932
2079
14930
2077
14928
2075
14925
2072
14914
2061
14913
2060
14911
2058
14910
2057
14903
2050
14902
2049
14900
2047
2046
14898
2045
2044
14896
2043
14895
2042
14894
2041
14892
2039
14890
2037
14888
2035
14880
2027
14878
2025
14876
2023
14874
2021
14872
2019
2017
14868
2015
2000
14852
1999
14850
1997
14849
1996
14848
1995
14847
1994
14846
1993
14845
1992
1985
1983
1982
1981
14832
1979
14830
1977
14829
1976
14828
1975
14826
1973
14825
1972
8392
14824
1971
14823
1970
14808
1955
14806
1953
14805
1952
14804
1951
14802
1949
14794
1941
14793
1940
8360
14792
1939
1938
14790
1937
14789
1936
1934
8343
21196
14786
1933
1932
8352
1931
1929
1922
1921
1920
14764
1911
1910
14761
1908
14760
1907
1906
14757
1904
14755
1902
14753
1900
14752
1899
14742
1889
14741
1888
14740
1887
1877
1876
14728
1875
1862
14715
14726
1873
8282
21135
14725
1872
14722
1869
14721
1868
14720
1867
14718
1865
14702
1849
8258
21111
14701
1848
14700
1847
14699
1846
14697
1844
14696
1843
14695
1842
14694
1841
21103
14693
1840
14692
1839
1836
1835
21097
1834
1833
1832
14683
1830
1828
1827
8236
21089
14679
1826
14678
1825
1824
14667
1814
1812
1811
1810
14662
1809
14661
1808
14657
1804
14656
1803
1802
1801
14647
1794
1781
14634
14645
1792
1779
14632
14643
1790
1777
14630
14641
1788
1776
14629
14640
1787
8203
14635
1782
8201
14633
1780
14631
1778
14628
1775
14619
1766
14617
1764
14616
1763
14615
1762
14613
1760
14601
14612
1759
14607
1754
14603
1750
1749
1747
14599
1746
14597
1744
14595
1742
1741
14593
1740
1739
1731
14583
1730
14581
1728
14569
14580
1727
14579
1726
14577
1724
14575
1722
14573
1720
14571
1718
1703
14555
1702
14553
1700
14552
1699
14551
1698
1689
1688
1686
1685
1684
1683
1682
14534
1681
14533
1680
14531
1678
20950
8097
14529
1676
14528
1675
14527
1674
14526
1673
1666
14511
1658
14509
1656
14508
1655
14507
1654
1645
14497
1644
14496
1643
8063
14495
1642
14493
1640
14492
1639
8059
14491
1638
14489
1636
1635
8055
1634
1632
8047
1626
1624
14468
1615
8035
14467
1614
14466
1613
1611
14463
1610
14462
1609
8017
20870
14460
1607
8016
20869
14459
1606
8013
20866
14456
1603
8012
20865
14455
1602
14447
1594
14445
1592
14444
1591
14443
1590
1580
1579
14431
1578
14429
1576
20838
1564
14417
14428
1575
14425
1572
14424
1571
14423
1570
1568
14414
1561
14413
1560
14405
1552
7961
20814
14404
1551
14403
1550
14402
1549
14400
1547
1546
14398
1545
14397
1544
20806
14396
1543
14395
1542
14394
1541
1539
1538
20800
1537
1536
1535
14384
1531
1530
7939
20792
1529
14381
1528
14380
1527
14378
1525
14375
1522
14370
1517
1515
1514
14365
1512
14364
1511
14362
1509
14360
1507
14359
1506
1504
14351
1498
14350
1497
14348
1495
1480
14333
14344
1491
1479
14332
14343
1490
7906
14338
1485
14336
1483
14335
1482
14334
1481
14331
1478
14323
1470
14319
1466
14318
1465
14317
1464
14316
1463
14306
1453
1452
14304
1451
14302
1449
14300
1447
14298
1445
14296
1443
1442
14294
1441
14286
1433
14284
1431
14282
1429
14280
1427
14278
1425
14276
1423
14274
1421
1406
14258
1405
14256
1403
14255
1402
14254
1401
14252
1399
1394
1392
1391
1389
1388
14240
1387
14239
1386
14238
1385
1383
1382
14234
1381
14233
1380
14232
1379
14231
1378
14230
1377
14229
1376
14222
1369
14214
1361
14212
1359
14211
1358
14210
1357
14208
1355
14206
1353
14204
1351
14200
1347
14199
1346
7766
14198
1345
14196
1343
14195
1342
14194
1341
1340
7749
20602
14192
1339
1338
7758
1337
1335
1330
1328
1327
1326
1317
14166
1313
14163
1310
14159
1306
14158
1305
1293
14146
14157
1304
1292
14145
7724
14156
1303
1291
14144
14155
1302
14143
14154
1301
14150
1297
14148
1295
14147
1294
1283
1282
14134
1281
1268
14121
14132
1279
1267
14120
7688
20541
14131
1278
14128
1275
14127
1274
14126
1273
1271
14118
1265
14116
1263
14108
1255
7664
20517
14107
1254
14106
1253
14105
1252
14103
1250
14102
1249
14101
1248
14100
1247
20509
14099
1246
14098
1245
14097
1244
1242
1241
20503
1240
1239
14087
1234
14086
1233
7642
20495
14085
1232
14084
1231
1230
14081
1228
1220
1218
14070
1217
1216
14068
1215
14067
1214
14062
1209
1208
1207
14053
1200
14051
1198
1183
14036
14047
1194
1182
14035
14046
1193
7611
14043
1190
7609
14041
1188
7607
14039
1186
14038
1185
14037
1184
14034
1181
14026
1173
14025
1172
14019
1166
14009
1156
1155
14007
1154
14005
1152
14003
1150
14001
1148
13999
1146
1126
13979
1137
13989
1136
7555
13987
1134
7554
13975
13986
1133
13985
1132
7549
13981
1128
13969
13980
1127
7547
7546
13978
1125
7545
13977
1124
7530
1109
20382
7529
13961
1108
13959
1106
13958
1105
13957
1104
13955
1102
13953
1100
7516
1095
7515
1094
7512
13944
1091
20362
7509
1088
7508
13940
1087
7507
13939
1086
7505
13937
1084
7504
13936
1083
20356
7503
13935
1082
7502
13934
1081
7501
13933
1080
7483
1051
13904
13915
1062
7482
13914
1061
7481
13913
1060
7475
13907
1054
7471
13903
1050
7470
13902
1049
7469
13901
1048
7467
13899
1046
13898
1045
7465
13897
1044
7463
13895
1042
7462
1041
7461
1040
7457
1036
7455
1034
7452
1031
7451
1030
13874
1021
7441
13873
1020
13872
1019
7433
13865
1012
7432
7421
20274
13864
1011
7430
13862
1009
7429
7418
20271
13861
1008
7419
13851
998
13850
997
13849
996
7407
986
974
13827
985
7405
13837
984
7403
13835
982
7402
7391
20244
13834
981
7399
13831
978
7398
13830
977
7397
13829
976
7395
7389
13821
968
7388
13820
967
7387
13819
966
7379
13811
958
7367
20220
13810
957
7377
13809
956
7376
13808
955
13806
953
7373
13805
952
7372
13804
951
7371
13803
950
20212
13802
949
7369
13801
948
945
7365
944
7364
20206
943
7363
942
941
13792
939
937
936
935
13787
934
13786
933
13781
928
7340
919
7339
13771
918
7338
13770
917
7336
13768
915
7334
13766
913
7333
13765
912
7332
911
7331
910
7325
13757
904
7324
13756
903
7318
886
13739
13750
897
7317
885
13738
13749
896
7314
13746
893
7312
13744
891
13742
889
13741
888
13740
887
13737
884
13726
873
13725
872
13724
871
13722
869
7280
13712
859
7279
858
7277
856
7276
13708
855
7274
13706
853
7272
13704
851
7268
13700
847
13692
839
7258
837
7257
13678
13689
836
7256
13688
835
7254
13686
833
7253
832
13684
831
7250
13682
829
7248
13680
827
20086
7233
812
20085
7232
13664
811
13662
809
13661
808
13660
807
13659
806
13658
805
7220
799
7215
794
7214
793
7213
13645
792
7212
791
7210
789
7209
788
7207
13639
786
20059
7206
13638
785
7205
13637
784
7204
13636
783
7203
13635
782
13629
776
7186
13618
765
7185
13617
764
7184
13616
763
7182
13614
761
7176
13608
755
7174
13606
753
7173
13605
752
7172
13604
751
7170
13602
749
13601
748
7168
13600
747
7166
7155
20008
13598
745
7165
744
7164
743
7162
741
7156
735
734
7154
733
732
7144
723
13569
716
7133
13565
712
7132
13564
711
698
13551
7130
13562
709
7124
13556
703
7122
13554
701
7121
13553
700
689
688
13540
687
13539
686
7106
674
13527
13538
685
7105
673
13526
7094
19947
13537
684
7102
13534
681
7101
13533
680
7100
13532
679
7098
677
7097
676
7091
13523
670
7090
658
13511
13522
669
7082
13514
661
7070
19923
13513
660
7080
13512
659
7079
13509
656
7076
13508
655
7075
13507
654
7074
13506
653
19915
13505
652
7072
13504
651
7071
13503
650
648
7068
647
7067
19909
646
7066
645
644
13495
642
13493
640
13492
639
13491
638
637
636
7047
626
7045
13477
624
7044
623
7043
622
7042
13474
621
7041
13473
620
7037
13469
616
7036
13468
615
7035
614
7034
613
7027
13459
606
7025
13457
604
7022
590
13443
13454
601
7021
589
13442
13453
600
7020
588
13441
13452
599
7017
13449
596
7015
13447
594
7013
13445
592
13444
591
13440
587
13429
576
13428
575
6995
13427
574
6993
13425
572
6983
13415
562
6982
561
6981
13413
560
6979
13411
558
6977
13409
556
6975
13407
554
6973
13405
552
6972
551
6971
13403
550
532
13385
543
13395
542
6961
13393
540
6960
13381
13392
539
6959
13391
538
13389
536
535
6955
13387
534
6953
6952
13384
531
6951
13383
530
19789
6936
515
19788
6935
13367
514
13365
512
13364
511
13363
510
13362
509
6922
501
6921
500
6920
6909
19762
499
6919
498
6918
13350
497
6916
495
6915
13347
494
6913
13345
492
6911
13343
490
6910
13342
489
6908
13340
487
6907
13339
486
6906
13338
485
13337
484
13332
479
6892
13324
471
6889
13321
468
6888
13320
467
6877
13309
456
6876
13308
455
6875
13307
454
6873
13305
452
13304
451
6869
6858
19711
13301
448
6868
447
6867
446
6865
444
6859
438
6857
436
13280
427
6847
13279
426
13272
419
6839
13271
418
6836
6825
19678
13268
415
6835
6824
19677
13267
414
19680
6827
13259
406
13257
404
13256
403
13255
402
6813
13245
392
6812
391
6811
13243
390
6809
13241
388
6808
19650
376
13229
13240
387
6805
13237
384
6804
13236
383
6803
13235
382
6801
13233
380
6793
13225
372
6785
13217
364
6783
13215
362
6782
13214
361
13212
359
6779
13211
358
6778
13210
357
6777
13209
356
19618
13208
355
6775
354
351
6771
350
6770
19612
349
6769
348
347
13198
345
343
342
6751
19604
13194
341
13193
340
13192
339
13185
332
6750
13182
329
6748
327
6747
326
6746
325
6745
13177
324
13176
323
6742
13174
321
6740
13172
319
13171
318
6738
317
6737
316
6731
13163
310
6730
13162
309
6729
13161
308
6728
296
13149
13160
307
6724
292
13145
13156
303
6723
13155
302
6720
13152
299
6718
13150
297
13148
295
6715
13147
294
13146
293
13144
291
13143
290
6703
13135
282
13132
279
6699
13131
278
13130
277
6691
13123
270
6686
13118
265
6685
264
6684
13116
263
6683
262
6682
13114
261
6680
13112
259
6678
13110
257
6676
13108
255
6675
254
6674
13106
253
6672
13104
251
13098
245
13094
241
6660
13092
239
6659
238
6658
13090
237
6656
13088
235
6654
13086
233
19492
6639
218
19491
6638
13070
217
13068
215
13067
214
13066
213
13064
211
6626
205
6625
6614
19467
204
6624
6613
19466
203
6622
201
6621
13053
200
6619
198
6618
197
6616
13048
195
6615
13047
194
13046
193
13045
192
6611
13043
190
6610
13042
189
6609
13041
188
6600
13032
179
6599
13031
178
6598
13030
177
6595
13027
174
6594
13026
173
6592
13024
171
6591
13023
170
6590
13022
169
6580
13012
159
6579
13011
158
6578
13010
157
6576
13008
155
13007
154
13005
152
19414
6561
140
6560
139
138
6550
12982
129
6544
6533
19386
123
12975
122
6542
6531
19384
12974
121
6539
6528
19381
12971
118
12919
66
6476
19329
6532
12964
111
95
94
6512
12944
91
6511
79
12932
6500
19353
12943
90
16144
3291
6509
12941
88
6508
12940
87
6507
12939
86
6506
12938
85
16122
3269
9690
6502
12934
81
6485
12917
64
16089
3236
19337
6484
12916
63
6478
12910
57
16096
3243
9664
9649
55
6473
19315
52
6472
51
12901
48
46
12896
43
42
9609
22462
41
6431
12863
10
12852
9608
22461
12893
40
6429
12850
22459
27
12880
12891
38
12878
25
16080
3227
12877
24
6443
12875
22
6442
12874
21
6441
20
12856
3
6424
6439
18
12855
2
6423
6438
17
6422
6437
16
6433
12865
12
6428
12860
7
6427
12848
12859
6
1043
7449
7423
20276
13866
1013
13836
983
972
13825
2520
2479
15332
7287
13719
866
16907
4054
10475
7231
20084
13037
184
6317
15952
3099
9520
14313
1460
14283
1430
14272
17501
4648
11069
7825
20678
14887
2034
1989
5162
18004
13254
401
16427
3574
3563
16416
6781
19634
360
13213
14827
1974
14818
1965
5138
5127
17980
16394
3541
9962
7103
13535
682
16738
3885
10877
4471
19321
12911
58
1637
8043
16237
3384
9794
22647
16282
3429
6629
13061
208
16249
3396
9817
15350
2497
8907
21760
7393
17013
4160
10581
20228
7375
13807
954
16980
4127
15317
2464
5667
13633
780
16791
3938
10348
23201
3408
9829
14523
1670
6237
12658
3049
6989
13421
568
6944
19786
15036
2183
5356
5345
18198
8563
21416
2142
14995
6261
9095
2689
15655
2802
9223
5945
1202
1187
7608
14016
1163
17204
4351
10772
23584
7539
7528
20381
13302
449
6855
44
6454
19307
6510
12942
89
9689
6501
80
3283
1629
1588
14441
2022
14171
1318
6127
8476
14908
2055
5243
11664
8420
21273
19490
6637
216
9825
14843
1990
18031
5178
11599
5163
810
10419
6247
6277
14312
1459
20677
17500
4647
11068
7014
13446
593
6984
13416
563
16604
3751
10161
23014
6886
13318
465
6841
6830
19683
13303
450
6871
13336
483
2107
14906
2053
21271
16724
3871
3860
16713
16754
3901
18301
15124
2271
8692
2701
21865
1107
10716
13471
618
16674
3821
3767
10177
23030
7000
14723
1870
5073
19787
6934
513
10122
7095
10283
3877
14129
1276
17332
4479
7770
14202
1349
15646
2793
9203
22056
18895
15718
2865
9286
7672
20525
1251
14104
17318
4465
4454
17307
17348
4495
1238
23659
15333
2480
5653
5642
18495
5683
5231
2028
12945
92
3295
10146
16578
3725
54
1633
8039
9751
22604
16209
3356
3345
16198
13036
183
14606
1753
4941
11362
13928
1075
12659
15903
3050
6253
17437
4584
11005
17422
4569
14659
1806
5009
149
6570
6540
12972
119
6529
19382
14710
1857
17836
1129
1866
5069
17017
4164
5827
7158
737
16793
3940
7128
13549
14089
1236
2818
9239
2833
15304
2451
16901
4048
3319
22582
1723
5663
4842
14522
1669
22457
12889
36
15182
2329
5532
5517
11938
11768
2159
17313
4460
2875
9285
22138
6123
6069
12490
15719
2866
9287
5065
11471
1035
5772
12193
5757
4844
14524
1671
14506
1653
8029
8018
20871
2223
2182
15035
5351
7029
608
6990
13422
569
16610
3757
10178
6945
5829
17019
4166
5796
12217
13930
1077
7480
13912
1059
7435
7424
20277
12065
5659
50
6453
12885
32
4757
3172
9582
22435
6420
13694
841
7217
796
16897
4044
7208
13640
787
3945
10355
23208
15264
2411
1623
8015
20868
14458
1605
16120
3267
9688
6031
15711
2858
14078
1225
14048
1195
1336
7742
14882
2029
5232
1984
8394
21247
5217
11638
441
400
13253
13038
185
14909
2056
8421
21274
14936
2083
11692
3608
10018
22871
13632
779
7459
1038
17049
4196
10606
23459
17461
4608
11029
14291
1438
17494
4641
15831
2978
2967
15820
5435
15115
2262
13482
629
23050
13485
632
7023
23053
5202
11623
16425
3572
5235
435
6838
13270
417
8501
2095
15414
2561
7322
890
13743
13754
901
4059
23322
15354
2501
8958
15390
2537
1930
8336
2821
9227
2524
8930
2227
8633
7460
1039
7445
13847
994
5830
16097
3244
9665
6477
12909
56
6866
445
6851
14020
1167
17178
4325
10735
23588
6569
148
6554
6587
13019
166
12956
103
12983
130
104
12957
6536
14589
1736
4939
5960
2163
5366
1569
4772
15141
2288
11882
14125
1272
4475
17242
15713
2860
16453
3600
16423
3570
5233
2536
7099
13531
678
3881
16648
7024
15119
2266
6802
381
3584
6294
12715
9310
22163
15757
6133
12554
14228
1375
5700
12121
1348
1333
7754
2693
2396
5106
11527
5903
12324
13607
754
3912
23175
739
7160
9506
3052
9462
22315
14821
1968
14866
14877
2024
14065
1212
17268
4415
5976
5946
17397
4544
14224
1371
6129
12550
15413
2560
13780
927
15359
2506
8912
7330
909
7315
6488
12920
67
1628
14440
15269
2416
15305
2452
6497
12929
76
7269
848
4006
10427
10416
23269
4938
14588
1735
6810
13242
389
3592
13188
335
22756
14063
1210
5992
16601
3748
14968
2115
16010
3157
17539
3022
22285
15924
19168
6315
14819
1966
13186
333
14765
1912
1886
14739
8318
6736
315
6721
1927
8348
1942
9014
21867
13399
546
16602
3749
14969
2116
14939
2086
13400
547
16603
3750
14970
2117
5732
5721
18574
15412
2559
13779
926
13991
1138
7514
1093
17194
4341
15531
2678
12362
2753
6693
13125
272
16313
3460
22734
9881
6663
13095
242
13084
13361
508
14904
2051
5239
11660
21269
12946
93
6505
84
3287
6694
13126
273
13672
13683
830
9167
15605
2752
5940
12361
14703
14714
1861
5049
11470
1499
14337
1484
7905
15528
2675
9096
15495
2642
5679
5649
6732
311
3469
9879
22732
6717
14743
1890
5093
14713
1860
10702
6124
6912
491
10100
6885
13317
464
16475
3622
22885
2097
8503
15179
2326
2281
5529
16719
3866
17197
4344
1130
13983
13994
1141
7517
1096
17111
1733
4936
6566
145
16156
3303
16126
3273
13993
1140
4343
15533
2680
14820
1967
13187
334
6725
13157
304
6326
16006
3153
14373
1520
16331
3478
6257
9231
2231
8637
15118
2265
2247
8623
8612
21465
17100
4247
13927
1074
5832
12253
5059
14691
1838
5026
11447
15712
2859
9217
9206
22059
15679
2826
9247
14079
1226
4841
14521
1668
12888
35
6426
12858
5
12847
16867
4014
10435
15267
2414
13697
844
16900
4047
15285
2432
5620
18462
12041
7223
13655
802
16843
3990
10411
16828
3975
23238
16008
3155
6298
12719
16417
3564
9985
6734
313
6719
3471
17113
5643
12064
2455
7216
795
16806
3953
10363
23216
5756
18598
14290
1437
17493
4640
7826
20679
1435
14288
14299
1446
1924
16007
3154
14374
1521
13487
634
10202
23055
7563
13995
1142
17198
4345
12363
5942
18727
2036
14844
1991
5164
16059
3206
16048
33
4788
4758
6421
15265
2412
15190
2337
15205
2352
8773
22161
6131
12552
14226
1373
6530
12962
109
1679
11288
14505
1652
6800
13232
379
9988
8364
17180
4327
10748
17195
4342
15562
2709
15532
2679
7500
13932
1079
4252
15574
2721
6773
19626
13216
363
9987
16419
3566
14822
1969
8555
21408
14998
2145
11769
5348
18133
6969
13401
548
12476
14314
1461
17502
4649
11070
2327
5530
16750
3897
16720
3867
12619
6213
12634
15833
2980
2969
15822
6837
13269
416
6826
19679
6273
6243
7328
907
7313
3470
9880
22733
14744
1891
5085
5055
6125
17315
4462
6564
143
6534
12955
16199
3346
8717
21570
5540
11961
2134
5307
5322
11743
16533
3680
14966
2113
16536
3683
10093
22946
3713
10134
14011
1158
17199
4346
10767
14002
1149
7540
13190
337
9905
22758
6794
13226
373
649
16690
3837
10258
13784
931
16972
4119
10540
14675
1822
14711
1858
1352
14160
1307
7717
20570
1334
6128
12549
9311
22164
14972
2119
14754
1901
8311
21164
1928
14751
1898
6752
13184
331
6722
13154
301
1964
6743
13175
322
15536
2683
2672
15525
15526
2673
9094
7431
13863
1010
7420
20273
6883
13315
462
1501
7907
15181
2328
5531
14446
1593
4796
12781
7033
612
7018
3770
10180
23033
13258
405
11593
5909
13102
249
16305
3452
14672
1819
14642
1789
6679
247
13100
13111
258
15040
2187
5390
13386
533
13375
15337
2484
5687
7281
849
13702
13713
860
6281
14307
1454
14277
1424
14266
6593
172
14604
1751
14574
1721
14563
6890
469
14901
2048
14871
2018
14860
7187
766
16777
3924
10334
23187
15198
2345
15168
2315
15157
7484
1063
15465
2612
15454
7454
1033
13856
1003
13845
14213
1360
15762
2909
15751
13341
488
3646
10056
22909
13359
506
3002
9390
14510
1657
16119
3266
9687
6499
12931
78
5582
18424
7278
13710
857
5879
18721
15604
2751
3596
6796
13228
375
9984
12727
7163
742
7148
13550
697
3859
16712
13577
724
15183
2330
5533
6176
19018
14372
1519
14342
1489
15939
3086
15942
3089
9510
9499
22352
3119
9540
16005
3152
19380
6527
12959
106
14457
1604
8014
20867
16827
3974
16816
23237
2431
5619
12040
12960
107
17365
4512
10933
6563
142
12954
13852
999
17055
4202
8988
21841
2578
12187
6806
13238
385
6791
7977
20830
14420
1567
11176
16011
3158
9579
9394
15829
2976
15859
3006
15052
2199
8609
21462
7096
675
16716
3863
10284
19931
7078
13510
657
16683
3830
13484
631
23052
14309
1456
17497
4644
11065
14308
1455
17496
4643
11064
15932
3079
12661
1540
4713
4728
11149
9552
7179
758
7134
13566
713
7123
19976
7188
13620
767
16823
3970
740
13563
710
699
13552
15199
2346
5534
11955
14117
1264
17305
4452
10873
17308
4455
10876
2822
9243
15645
2792
9202
22055
2891
16574
3721
10142
5285
18127
11766
15010
2157
16518
3724
3709
10130
6130
12551
17398
4545
14225
1372
1393
2990
1270
7680
20533
15786
2933
9354
16277
3424
9845
5048
11469
4988
17830
13931
1078
9013
21866
15460
5836
12257
6627
206
16232
3379
16221
3427
3412
9833
15980
3127
9548
4691
17533
13634
781
8799
15231
2378
5503
11924
7157
736
16792
3939
3130
3115
9536
4784
14416
1563
17604
4751
11172
15683
2830
9251
7612
14033
17247
4394
17236
10875
14119
1266
15638
2785
15627
5206
11627
9392
9291
22144
15800
2947
9368
6692
13124
271
19489
16312
3459
5089
6798
377
9986
16238
3385
9795
22648
16240
3387
9797
22650
2408
2390
8796
7394
13826
973
10582
13853
1000
7477
13612
759
7180
15913
3060
22323
14415
1562
5354
6289
10280
7092
13524
671
5101
5826
14670
1817
6419
6434
12866
13
14454
1601
4804
11334
4913
105
12958
12969
116
8098
14530
1677
8123
20976
1732
14585
14596
1743
14587
1734
4937
146
16127
3274
12963
110
6571
150
6562
141
16197
3344
15639
2786
15628
4190
7390
13822
969
17010
4157
10578
181
6503
12935
82
5972
5346
11767
15020
2167
8573
15417
2564
8179
14611
1758
4946
11367
6495
6628
207
16233
3380
16222
5475
11896
16537
3684
10094
22947
8274
21127
14717
1864
11473
6688
13120
267
16308
3455
9876
16242
3389
9799
22652
2857
6030
14149
1296
17352
4499
12484
1691
17706
4912
4897
11318
2518
15033
15044
2191
5394
6976
13408
555
13397
13423
570
6991
8571
21424
2161
11770
6985
13417
564
16605
3752
10173
5382
16539
3686
10096
22949
19450
6597
13029
176
6582
14605
1752
4940
11361
13035
182
17172
4319
10740
5901
5916
12337
13954
1101
17127
4274
15530
2677
4307
10728
15142
2289
5462
16718
3865
7104
672
13525
13536
683
6101
12522
14130
1277
6695
13127
274
8266
21119
14724
1871
6650
9910
7289
13721
868
7244
7316
13748
895
23346
10504
2454
15307
15318
2465
14345
1492
7883
14315
1462
9454
22307
15912
3059
7827
20680
11098
3014
9424
22277
6241
1029
2217
6623
6612
19465
202
9800
22653
9811
10405
13631
778
16804
3951
6538
12970
117
1687
11296
12961
108
9721
22574
16164
3311
14609
1756
20974
16273
3420
9841
6689
13121
268
16309
3456
9877
16130
3277
14015
1162
10730
23583
7538
20380
15709
2856
6029
17285
4432
17274
15094
2241
16691
3838
17312
4459
6056
9316
14209
1356
7721
20574
13129
276
246
15101
2248
5421
7396
975
4178
7342
921
4079
10489
23342
14673
1820
6795
13227
374
14648
1795
6574
13006
153
14639
1786
11395
6589
13021
168
16124
3271
4901
11322
14548
1695
4868
14054
1201
15570
2717
9127
21980
5944
14045
1192
10801
14386
1533
6291
12712
15881
3028
22291
6235
19088
1503
7909
4010
10431
23273
7273
13705
852
8868
21721
2458
12067
7282
13714
861
16902
4049
10470
15242
2389
15233
2380
11989
2319
5507
11928
7089
7136
13568
715
7218
797
3955
10365
23218
14426
1573
7979
4752
11173
12890
37
22458
15348
2495
8905
21758
7400
13832
979
7385
970
17011
4158
10579
15487
2634
5834
12255
21864
14893
2040
14905
2052
21270
6197
15823
2970
9391
9388
14311
1458
17499
4646
11067
20676
15253
2400
5603
746
16757
3904
10314
23167
7285
13717
864
16905
4052
23326
10473
20082
13720
867
7288
5209
5194
11615
1988
5161
18003
2725
21988
15503
2650
9071
15492
17140
4287
10708
5902
12323
7319
13751
898
8860
21713
16898
4045
13696
843
16899
4046
15266
2413
15236
2383
15263
2410
16830
3977
23240
840
16896
4043
15351
2498
15321
2468
2457
15310
17492
4639
13483
630
5436
15116
2263
15415
2562
13782
929
7320
8938
2517
5720
15329
5681
4078
16931
7346
13778
925
6891
13323
470
16526
3673
443
13266
413
1037
13860
1007
7485
13917
1064
17120
4267
5831
12252
13926
1073
14376
1523
1612
1630
4818
11239
1589
14442
1631
6455
12887
34
6425
12857
4
12846
7049
13481
628
7019
13451
598
15051
2198
8608
21461
15114
2261
2225
5437
15117
2264
15009
2156
5344
11765
16534
3681
10091
22944
15642
2789
14075
1222
15708
2855
15603
2750
5938
12359
15564
2711
12656
15861
3008
3416
9837
13063
210
16236
3383
14669
1816
16302
3449
16158
3305
16455
3602
16752
3899
7453
1032
13844
5087
14869
2016
5189
6486
12918
65
4790
5384
7401
13833
980
995
17021
4168
5825
5759
17015
4162
5978
1625
4828
4762
4756
6353
9613
14427
1574
4759
6314
15934
3081
15923
6275
16009
3156
6617
13049
196
6572
13004
151
13103
250
16306
3453
4909
11330
5950
6016
4301
10711
23564
14018
1165
10744
23586
16535
3682
10092
22945
5378
13555
702
3905
11890
1796
8202
14610
1757
8122
20975
6687
13119
266
13078
3451
14907
2054
5242
11663
8419
21272
6887
13319
466
16492
3639
5323
16600
3747
10097
22950
7028
13460
607
15021
2168
13424
571
6947
10207
6980
5350
14608
1755
20973
2404
15203
2350
21568
6017
15643
2790
9200
22053
6132
12553
22162
15103
2250
5423
16676
3823
10244
10203
23056
16568
3715
10125
22978
6879
13311
458
3616
22879
338
9906
22759
16271
3418
9828
22681
6735
314
5057
13906
1053
12286
9015
21868
18596
2572
14803
1950
8315
21168
1986
14831
1978
1987
18002
14237
1384
7219
798
3956
10366
23219
7183
13615
762
7138
7211
790
12879
26
15974
3121
9531
22384
19190
14013
1160
20378
1145
4303
10724
10713
23566
330
16356
3503
16345
14807
1954
16653
3800
16642
2251
10281
7093
2160
16538
3685
10095
22948
5315
14637
1784
8205
15792
2939
14162
1309
7719
20572
15825
2972
9393
7800
20653
1390
10999
14756
1903
8313
21166
6799
378
16386
3533
15944
3091
9501
22354
14419
1566
4754
11175
14401
1548
4721
16950
4097
16939
23345
5984
17141
4288
10698
23551
14010
1157
6923
502
16517
6914
13346
493
1434
17490
4637
4604
11025
17424
4571
1926
5129
1885
14738
14788
1935
11544
16722
3869
5499
11920
6093
12514
6126
17316
4463
7311
5651
7284
13716
863
16904
4051
10472
20081
16865
4012
10422
23275
9097
7479
13911
1058
7506
13938
1085
10694
6498
12930
77
15099
2246
2273
7326
905
4063
17344
4491
10879
15648
2795
9205
22058
15714
2861
9282
15616
2763
22026
1863
5051
11472
14698
1845
5018
16241
3388
9798
22651
6568
147
16128
3275
4905
11326
15534
2681
7511
1090
17101
4248
23511
15608
2755
9165
22018
13062
209
16235
3382
13044
191
16202
3349
9759
22612
738
3941
15644
2791
9201
22054
6863
442
6833
15095
2242
6239
12660
6206
14161
1308
12526
14076
1223
15619
2766
16213
3360
1206
15202
2349
21567
14547
1694
14340
1487
7908
6245
14504
1651
1909
2093
8499
1269
17310
4457
10878
15647
2794
9204
22057
17277
4424
5671
6474
53
14618
1765
7344
13776
923
23344
14934
2081
8502
6884
13316
463
6482
12914
61
7969
20822
15615
2762
9157
22010
14014
1161
7537
20379
14017
1164
7585
15204
2351
15163
8716
21569
4935
7341
920
10488
23341
7270
4007
10417
23270
14727
1874
5077
1204
7610
5947
17018
4165
5828
15024
2171
5374
16714
3861
10282
6265
6874
453
15592
2739
9149
22002
13997
1144
7520
7171
750
15889
3036
9446
22299
7135
13567
714
15176
2323
5511
11932
1395
17421
4568
17410
6390
12811
4760
7031
610
7016
5353
6577
156
13039
186
1837
12583
5803
5788
12209
5755
18597
6448
6349
19191
6397
6382
12803
4186
3913
17491
4638
6214
2284
15096
14310
1457
17498
4645
11066
20675
6470
49
14499
1646
16770
3917
23180
13333
480
10048
22901
16506
3653
4729
16012
3159
9580
9503
22356
5097
17059
4206
946
16465
3612
16168
3315
6451
30
6352
23236
16815
16829
3976
23239
4021
6085
12506
6100
1243
7283
13715
862
16903
4050
10471
15277
2424
1332
14671
1818
2221
17016
4163
2544
8909
21762
16988
4135
10556
6481
12913
60
6496
12928
75
14525
1672
10341
23194
18430
5918
12339
19024
6215
12636
15356
2503
6807
13239
386
5198
11619
5968
1153
7544
13965
1998
11607
144
3347
15784
2931
15871
3018
4600
11021
4615
1331
352
16378
3525
1925
5128
14737
14077
1224
6926
13358
505
16546
3693
10114
14967
2114
2222
13929
1076
15717
2864
437
16493
3640
14980
2127
6861
440
6831
13252
16125
3272
9093
9904
22757
16351
6541
12973
120
14582
1729
11338
12201
17346
4493
14227
1374
1565
11174
6860
439
13251
15292
2439
5612
5645
12066
7222
801
7392
971
10580
14253
1400
11009
13956
1103
10712
14550
1697
11306
15201
2348
5536
11957
9607
22460
16054
12063
13334
481
15059
2206
2224
6690
13122
269
16310
3457
9878
6987
13419
566
16607
3754
10175
6366
12787
6351
16016
3163
9584
7513
1092
14886
2033
5236
1800
8206
14012
1159
17200
4347
10768
15185
2332
8697
21550
2392
8798
1692
7510
1089
17130
4277
6925
504
16519
15925
6316
7468
1047
6596
13028
175
16186
3333
9743
22596
2285
5491
11912
7518
1097
1344
1329
7750
6893
13325
472
16483
3630
10040
22893
14591
1738
14546
1693
8103
20956
6655
13087
234
1798
8204
7368
13800
947
8962
13065
212
9821
6450
29
6504
12936
83
14133
1280
4483
14430
1577
4780
6480
12912
59
12915
62
1641
6620
199
16210
3357
9767
22620
14712
1859
16945
1426
1627
14439
4881
11302
8665
17385
4532
6988
13420
567
6943
19785
16608
3755
10176
7286
13718
865
20083
2239
13630
777
5917
1980
5168
11589
1404
11013
1701
11310
6702
13134
281
2295
11904
6917
13349
496
16507
3654
22917
6998
13430
577
45
15212
2359
13335
482
7439
1018
6701
13133
280
6440
19
12795
21863
1923
5126
12498
16285
3432
9853
15584
2731
21994
6449
28
6350
19192
9556
9259
15776
2923
14292
1439
17495
4642
6432
12864
11
457
16073
3220
14884
2031
5234
6774
353
15479
2626
15416
2563
6588
13020
167
16178
3325
22588
2519
5722
4210
2532
