36638
36622
36614
36605
36586
36582
36580
36575
36574
36573
36562
36550
36548
36529
36518
36511
36492
36491
36485
36468
36460
36452
36447
36433
36429
36426
36420
36411
36397
36395
36390
36381
36375
36372
36366
36363
36351
36350
36339
36330
36328
36325
36321
36315
36312
36311
36309
36304
36303
36290
36265
36242
36239
36235
36229
36228
36213
36207
36201
36195
36192
36191
36161
36157
36129
36113
36099
36096
36095
36093
36092
36089
36074
36062
36061
36056
36052
36045
36020
36011
36001
35999
35988
35987
35983
35974
35971
35969
35968
35957
35954
35948
35943
35941
35935
35929
35921
35920
35915
35913
35896
35874
35865
35863
35855
35853
35823
35815
35807
35793
35786
35779
35773
35755
35739
35732
35721
35712
35694
35663
35659
35648
35634
35624
35620
35617
35607
35598
35597
35592
35582
35574
35569
35559
35546
35537
35512
35508
35470
35461
35449
35435
35427
35411
35389
35388
35384
35371
35347
35343
35342
35341
35335
35326
35309
35293
35283
35276
35254
35253
35247
35246
35239
35231
35224
35205
35192
35184
35161
35128
35122
35120
35119
35117
35111
35094
35079
35064
35060
35058
35054
35046
35023
34995
34982
34981
34955
34940
34931
34900
34894
34878
34864
34861
34855
34850
34847
34845
34842
34828
34822
34814
34799
34796
34784
34771
34769
34753
34748
34745
34728
34724
34723
34689
34673
34655
34641
34640
34633
34627
34623
34620
34608
34591
34555
34549
34543
34540
34538
34524
34520
34518
34501
34492
34449
34436
34433
34429
34421
34418
34397
34396
34371
34370
34349
34347
34339
34338
34306
34300
34297
34295
34289
34282
34276
34275
34262
34260
34259
34256
34244
34239
34228
34207
34201
34196
34169
34161
34158
34155
34150
34140
34126
34105
34069
34055
34046
34042
34036
34032
34030
34008
34000
33969
33966
33958
33954
33952
33948
33929
33926
33924
33914
33911
33905
33898
33890
33887
33872
33871
33857
33840
33836
33833
33831
33825
33823
33816
33773
33771
33764
33763
33758
33752
33743
33730
33719
33707
33703
33664
33657
33648
33645
33614
33602
33592
33586
33580
33579
33576
33575
33572
33563
33561
33560
33559
33534
33526
33517
33516
33513
33494
33479
33478
33474
33471
33444
33440
33436
33433
33404
33403
33377
33360
33357
33354
33343
33327
33307
33306
33294
33278
33273
33263
33256
33255
33254
33250
33249
33247
33244
33200
33195
33194
33189
33170
33163
33153
33148
33140
33100
33077
33071
33067
33064
33056
33054
33053
33047
33024
33021
33016
32997
32988
32982
32969
32963
32960
32957
32943
32938
32937
32934
32892
32890
32887
32882
32873
32870
32869
32864
32861
32857
32841
32831
32804
32793
32792
32780
32778
32749
32747
32746
32735
32729
32716
32712
32708
32701
32693
32692
32690
32682
32673
32634
32626
32623
32606
32596
32593
32590
32584
32550
32541
32531
32526
32493
32490
32477
32476
32471
32469
32466
32454
32453
32443
32408
32407
32391
32388
32377
32374
32370
32362
32334
32326
32313
32303
32299
32275
32274
32273
32270
32264
32255
32252
32251
32249
32232
32231
32203
32194
32193
32190
32179
32176
32174
32173
32170
32169
32165
32154
32151
32145
32144
32119
32098
32083
32082
32057
32053
32052
32042
32009
32008
32005
31996
31958
31903
31889
31887
31885
31872
31867
31866
31864
31861
31860
31850
31848
31846
31841
31838
31818
31792
31787
31775
31767
31766
31759
31734
31710
31692
31691
31677
31665
31663
31662
31651
31644
31642
31640
31639
31623
31619
31608
31606
31603
31583
31579
31575
31571
31561
31554
31542
31535
31532
31529
31523
31502
31496
31485
31461
31458
31453
31451
31424
31423
31419
31390
31388
31385
31379
31377
31373
31361
31351
31340
31330
31328
31327
31322
31317
31296
31292
31285
31284
31282
31280
31279
31278
31276
31274
31266
31265
31254
31253
31250
31246
31245
31233
31229
31220
31216
31214
31196
31174
31171
31165
31161
31149
31103
31084
31072
31064
31058
31034
31031
31027
31012
30995
30993
30992
30986
30985
30965
30946
30939
30913
30910
30906
30875
30861
30844
30843
30818
30816
30814
30792
30779
30777
30773
30766
30745
30734
30720
30712
30708
30704
30703
30695
30693
30675
30650
30645
30644
30643
30642
30639
30611
30609
30599
30582
30571
30568
30567
30564
30561
30554
30553
30549
30539
30529
30528
30510
30490
30479
30475
30474
30466
30462
30461
30456
30455
30439
30419
30406
30398
30395
30394
30373
30370
30354
30340
30331
30308
30297
30272
30264
30258
30241
30221
30218
30193
30188
30185
30175
30132
30098
30089
30086
30069
30059
30054
30049
30019
30008
29995
29989
29971
29969
29967
29939
29938
29923
29909
29901
29888
29880
29863
29857
29852
29848
29845
29841
29777
29758
29745
29737
29722
29715
29701
29672
29670
29669
29651
29638
29618
29610
29605
29602
29579
29530
29529
29512
29510
29489
29485
29480
29479
29456
29452
29441
29433
29429
29397
29394
29386
29380
29378
29345
29344
29343
29334
29317
29316
29292
29291
29277
29260
29242
29220
29217
29211
29210
29199
29180
29167
29166
29140
29122
29111
29033
29031
29025
29016
29008
29006
29004
28988
28983
28974
28967
28955
28953
28920
28910
28909
28900
28891
28880
28879
28864
28851
28848
28843
28801
28800
28796
28779
28762
28761
28758
28756
28748
28739
28737
28729
28725
28716
28692
28687
28676
28648
28644
28639
28632
28618
28585
28578
28577
28571
28562
28550
28529
28523
28518
28503
28496
28494
28491
28489
28484
28481
28480
28464
28448
28440
28439
28436
28433
28418
28411
28400
28375
28364
28360
28343
28341
28323
28314
28294
28276
28271
28269
28268
28260
28255
28254
28250
28218
28191
28165
28164
28161
28153
28122
28118
28113
28103
28095
28093
28092
28088
28077
28075
28072
28062
28057
28048
28040
28036
28021
28016
27994
27987
27986
27978
27973
27969
27961
27956
27950
27948
27947
27929
27928
27914
27909
27897
27893
27866
27848
27826
27808
27802
27782
27773
27772
27767
27753
27748
27744
27729
27719
27709
27705
27697
27688
27685
27678
27675
27665
27655
27650
27640
27627
27593
27585
27563
27562
27559
27549
27546
27544
27533
27521
27516
27509
27462
27456
27455
27423
27417
27409
27407
27404
27397
27385
27372
27353
27349
27347
27334
27325
27291
27287
27273
27271
27265
27262
27261
27260
27250
27242
27241
27239
27209
27200
27188
27176
27173
27168
27163
27156
27146
27143
27139
27134
27126
27103
27098
27095
27078
27075
27066
27062
27058
27056
27035
27028
27027
27023
26997
26976
26973
26968
26954
26933
26929
26921
26915
26908
26903
26893
26883
26874
26829
26817
26815
26812
26792
26774
26765
26763
26756
26750
26744
26740
26739
26730
26726
26725
26717
26715
26701
26694
26685
26665
26660
26634
26633
26626
26625
26614
26606
26605
26601
26585
26574
26563
26557
26508
26499
26497
26474
26448
26447
26417
26413
26407
26405
26401
26386
26382
26378
26376
26358
26355
26337
26328
26307
26282
26278
26264
26221
26200
26197
26194
26190
26183
26181
26180
26158
26147
26145
26136
26123
26122
26117
26106
26105
26097
26094
26089
26075
26049
26046
26041
26031
26023
26021
26019
25984
25981
25968
25966
25928
25924
25920
25913
25912
25903
25885
25884
25880
25872
25869
25863
25818
25817
25813
25794
25785
25782
25764
25762
25737
25727
25721
25705
25700
25693
25691
25689
25687
25676
25675
25672
25669
25667
25666
25657
25654
25649
25645
25642
25632
25620
25586
25576
25571
25569
25568
25566
25564
25562
25559
25548
25536
25533
25522
25519
25500
25498
25496
25490
25469
25459
25452
25448
25446
25439
25436
25432
25423
25406
25405
25395
25388
25364
25363
25355
25353
25347
25343
25328
25325
25318
25309
25306
25295
25286
25285
25282
25281
25274
25255
25252
25238
25235
25231
25227
25218
25217
25203
25200
25183
25181
25177
25161
25150
25146
25144
25139
25123
25119
25117
25116
25109
25108
25106
25100
25096
25092
25070
25062
25057
25054
25044
25042
25038
25030
25025
25020
25019
25013
25010
25009
25004
25000
24999
24997
24996
24994
24978
24975
24974
24970
24969
24963
24957
24955
24949
24941
24937
24931
24929
24928
24923
24922
24919
24915
24910
24902
24895
24888
24883
24865
24857
24855
24850
24840
24836
24832
24831
24830
24818
24803
24798
24796
24794
24789
24783
24779
24768
24762
24755
24754
24743
24741
24733
24731
24730
24713
24709
24708
24694
24691
24681
24672
24653
24637
24636
24634
24633
24632
24614
24610
24603
24596
24585
24571
24570
24568
24566
24557
24552
24538
24536
24501
24498
24488
24485
24475
24461
24427
24415
24413
24405
24402
24392
24369
24368
24365
24361
24357
24350
24349
24344
24341
24340
24338
24336
24332
24327
24312
24311
24300
24292
24289
24284
24283
24273
24272
24250
24245
24239
24238
24233
24229
24224
24215
24213
24202
24201
24200
24180
24174
24171
24165
24164
24159
24143
24130
24128
24098
24097
24095
24086
24081
24080
24073
24070
24069
24064
24058
24056
24052
24045
24032
24017
24007
24006
24004
24003
23993
23985
23983
23970
23957
23953
23941
23930
23907
23904
23899
23884
23883
23869
23864
23859
23821
23809
23806
23802
23793
23791
23790
23788
23786
23784
23778
23775
23759
23754
23751
23747
23745
23744
23732
23724
36567
23714
36563
23710
36557
23704
23683
36528
23675
23666
23664
23657
23653
36478
23625
23622
23619
23608
36456
23603
23587
36424
23571
36419
23566
23565
23564
23545
23532
23530
23527
23523
23508
23500
23488
23473
36316
23463
23452
23448
23440
23422
23418
23399
23394
23387
36222
23369
23367
23358
23353
36203
23350
23321
23317
23316
36167
23314
23312
36158
23305
36148
23295
23292
23284
23281
23277
23263
23254
23252
36103
23250
23232
23230
36081
23228
23226
23219
23207
23206
23205
23197
23193
36037
23184
23183
36033
23180
23179
23174
23170
23168
23162
23161
23156
23155
23153
23152
23145
23129
23117
23113
23109
23098
35946
23093
23087
23084
23080
23079
23078
23065
23063
23057
35902
23049
23035
23029
23028
23005
23004
22994
22991
22989
22985
35826
22973
22957
35804
22951
22949
22948
22947
22944
22939
35782
22929
35781
22928
22915
22905
22895
22893
22887
22885
22883
22877
35725
22872
22871
22867
22866
35709
22856
22854
22853
22851
22839
22836
22832
22830
22829
35681
22828
22817
22813
22808
22804
22800
22799
22798
22790
22789
22787
22780
22774
22765
22753
22724
35568
22715
22708
22704
22692
22681
22665
35517
22664
35466
22613
22605
22604
22599
22597
22593
22580
22563
22553
22532
35379
22526
22523
22514
35366
22513
35365
22512
35361
22508
22506
22501
22499
22498
22480
35328
22475
22468
22460
35311
22458
22457
22448
22434
22429
22422
35274
22421
22392
22381
35230
22377
22367
22364
22361
35208
22355
35204
22351
35193
22340
22338
22328
22314
22312
22311
22309
22284
22283
22279
22265
22257
22256
22247
22245
22242
35092
22239
35090
22237
22235
22234
35076
22223
22222
35073
22220
22218
22217
22212
22199
22187
22177
22176
22171
22169
35021
22168
35017
22164
35008
22155
22150
22149
22146
22134
22130
22125
22123
22103
22101
34952
22099
22095
22085
22069
22052
22049
22045
22036
22034
22028
34865
22012
22010
22007
34854
22001
21983
21977
21972
34823
21970
21958
34807
21954
21950
21933
21914
21913
21904
21898
21897
21890
21889
21886
34735
21882
34732
21879
34731
21878
34727
21874
21862
21860
21830
34681
21828
21827
34674
21821
21814
21805
34653
21800
21795
21793
21785
21784
34629
21776
21765
34609
21756
21747
34596
21743
34595
21742
21736
21725
34577
21724
21723
21718
34566
21713
21711
21709
34558
21705
34544
21691
21689
34537
21684
21681
21673
21661
21660
21650
34489
21636
34488
21635
34484
21631
21628
21627
21624
34475
21622
21619
21611
21599
21593
34445
21592
21589
34437
21584
21578
21571
21554
34405
21552
34391
21538
34386
21533
21519
21514
34366
21513
21511
21507
34353
21500
21498
21479
21476
34320
21467
21463
34310
21457
21454
34305
21452
21451
21449
21448
21446
34287
21434
21432
34284
21431
21430
21413
21410
21371
21370
21369
21366
21361
21360
21341
21338
21337
21329
34172
21319
21310
34159
21306
21283
21262
21260
21258
21250
21249
21245
21244
34095
21242
21241
21231
21228
21190
21187
21176
34023
21170
21160
21144
21142
21135
21134
21125
21123
21119
21111
21097
21094
21091
21072
21068
21059
21044
33893
21040
33879
21026
33858
21005
33856
21003
20993
20992
20988
33827
20974
20967
20958
20957
20950
33780
20927
20925
20922
20921
33762
20909
20896
20895
20889
20882
20880
20863
33704
20851
20849
20847
20833
33681
20828
20817
20805
33651
20798
20797
20796
33647
20794
20783
20773
20760
20748
20746
33595
20742
20738
20730
20693
33529
20676
33528
20675
20661
20653
20648
20642
20627
33462
20609
20603
20594
20593
20586
20582
20579
33431
20578
20577
20575
33420
20567
20548
20547
20543
33387
20534
20533
20528
20525
20496
20475
20472
20471
20470
20468
20458
33310
20457
33303
20450
20432
20428
33280
20427
20422
20418
20417
20412
20407
20385
20382
20375
20373
20366
33212
20359
20356
20352
20329
33181
20328
20326
20323
20318
20311
20301
33147
20294
20289
20277
20276
20271
20258
20240
20237
33086
20233
20215
33063
20210
20206
33058
20205
33057
20204
20189
33038
20185
20182
20180
20179
20178
20177
20175
20174
20167
33019
20166
20154
20153
20149
33000
20147
20146
20134
32986
20133
20126
32977
20124
20119
20100
20097
20088
20082
20075
32924
20071
20060
20057
20053
20052
20051
20044
20036
32868
20015
20005
20003
32851
19998
19970
19965
32813
19960
19930
32781
19928
19922
19910
32761
19908
19892
19890
19884
19874
19860
19857
19853
32702
19849
19846
19843
19838
32684
19831
19826
19825
32668
19815
19814
19801
19799
19798
19796
32648
19795
19789
32631
19778
19764
32608
19755
19730
19729
19728
19702
19691
19690
19689
32539
19686
19679
19676
19668
19666
19663
19661
19655
19645
19644
19636
32488
19635
32483
19630
32482
19629
19628
19627
19621
19614
19607
19602
32448
19595
32442
19589
32439
19586
19585
19584
19583
19579
19575
19565
19560
32403
19550
19513
19505
19497
32336
19483
19482
19469
19462
19459
19458
19451
32302
19449
19448
19445
19438
19436
32282
19429
19427
32269
19416
19415
19409
32261
19408
19404
19394
19393
19386
19381
19375
19369
19368
19361
19356
19346
19345
32187
19334
19333
19331
19330
32139
19286
19285
32133
19280
19278
19272
19240
19236
19233
32084
19231
19225
19222
19220
19219
19207
19198
32048
19195
19179
19177
32017
19164
19159
31998
19145
31991
19138
31990
19137
31989
19136
19129
19128
19124
19120
19118
19114
31960
19107
19103
19101
19100
19086
19085
19066
19057
31907
19054
19045
31891
19038
19027
31871
19018
19017
19004
31856
19003
31836
18983
18981
18978
18976
18957
18954
31799
18946
18938
18933
18920
31768
18915
18911
31755
18902
18895
31746
18893
18890
18889
31739
18886
31736
18883
31730
18877
31726
18873
31722
18869
18860
18859
18855
18845
31697
18844
18833
18828
18819
31654
18801
18793
18784
18779
18778
18777
18760
31604
18751
18749
18734
18716
18713
18710
18704
31550
18697
31548
18695
18690
18688
18674
31521
18668
18661
31489
18636
18623
31459
18606
18604
18594
18593
18584
31430
18577
31426
18573
31425
18572
18561
18560
18557
18553
31367
18514
18511
18510
18506
18496
18488
18468
18467
31318
18465
18461
18452
18446
18434
31262
18409
31261
18408
18405
18404
18395
18389
18388
18385
18384
31235
18382
31232
18379
31231
18378
18372
31219
18366
18362
18355
18354
18353
18344
18335
18329
31181
18328
18326
18323
18322
18314
31156
18303
18297
18290
31141
18288
18286
18285
18281
18279
18278
18274
18269
18265
18264
18261
18260
18255
18254
18253
31086
18233
18210
18207
18199
18196
18195
18192
18188
18177
18175
18170
18163
18161
31004
18151
30987
18134
18128
30979
18126
18115
18091
18084
18072
30921
18068
30919
18066
30915
18062
18055
30902
18049
18042
18041
18039
30885
18032
18030
30882
18029
18025
18003
17998
17995
17993
30836
17983
17982
17968
17962
30811
17958
17954
17953
30800
17947
17941
30793
17940
30791
17938
17930
17917
17914
17906
30741
17888
17883
30731
17878
17871
17870
30721
17868
17854
30706
17853
17849
30700
17847
17828
17809
17808
17807
30659
17806
17803
30649
17796
30628
17775
17773
30625
17772
30618
17765
17761
17748
17744
17709
30560
17707
17698
17677
17671
17667
17665
17664
17656
30491
17638
17632
17628
17623
17592
17587
17584
17580
17579
17574
17565
17555
17554
30405
17552
17544
30396
17543
17538
17530
30382
17529
17528
17527
30368
17515
17513
30342
17489
30336
17483
17480
17470
30312
17459
17452
17450
17445
17435
30285
17432
17428
17416
17415
30267
17414
17396
30246
17393
30242
17389
17383
17374
17371
17364
30216
17363
17359
17358
17351
30194
17341
17329
17325
17320
17316
17308
30158
17305
17302
30153
17300
17297
30147
17294
17284
17283
30134
17281
30131
17278
17276
17261
17257
17252
17244
17243
30090
17237
17231
30075
17222
17198
17186
17182
30034
17181
17177
17175
30025
17172
17162
17158
30003
17150
17147
17144
17134
17127
17126
17124
17119
29960
17107
17099
29941
17088
17075
17071
17066
17061
4207
17060
4192
17045
17020
29858
4152
17005
17001
16998
16993
29834
4128
16981
16952
29804
16951
16927
16902
29717
16864
29705
3999
16852
16844
3984
29690
16837
16818
29659
16806
29657
16804
16796
29627
3921
16774
29611
16758
3887
16740
3877
16730
3863
16716
29566
16713
16709
16708
16689
3835
16688
3831
16684
29519
3813
16666
3808
16661
16649
3785
16638
29481
16628
16617
3752
16605
16600
3744
16597
3736
16589
16555
3694
16547
3673
16526
16516
3651
16504
16487
29338
16485
16479
16471
16452
3591
16444
16428
16415
16414
29264
16411
16381
16379
29231
16378
16369
3515
16368
29213
3507
16360
16353
16339
16336
3470
16323
29174
16321
3455
16308
3440
16293
16291
29136
16283
16268
29110
16257
16242
3383
16236
16226
16192
16176
16150
16147
16134
16129
16123
3255
16108
16103
3239
16092
16061
28899
16046
16036
16029
28875
3169
16022
16016
28842
3136
15989
15983
3091
15944
15931
15930
3071
15924
3070
15923
28770
3064
15917
15911
3041
28747
15894
3036
15889
15880
15865
28714
3008
15861
28709
15856
2999
15852
15851
15846
15830
2954
15807
28655
15802
2946
15799
15793
15789
2924
15777
28621
2915
15768
2899
15752
28598
15745
2883
15736
15735
15728
2868
15721
15714
2854
15707
28558
15705
15698
15685
28532
2826
15679
28527
2821
15674
28519
15666
15658
28504
2798
15651
15630
2769
15622
28466
15613
15606
28457
15604
2749
15602
2747
15600
28451
15598
15576
2722
15575
28422
15569
15545
15532
15480
15474
15463
2599
15452
2597
15450
15438
28285
15432
2577
28283
15430
15425
2571
15424
15412
28238
2532
15385
15382
2527
15380
15367
15364
2510
15363
28208
2502
15355
28202
15349
2484
15337
28158
2452
15305
15304
15293
28143
2437
15290
15288
15287
2430
15283
15277
2411
15264
28111
2405
15258
2404
15257
28102
15249
2391
15244
2376
15229
28080
2374
15227
15226
15205
28028
2322
15175
2293
15146
2276
15129
2269
15122
27934
2228
15081
15072
15060
15058
27906
2200
15053
27898
15045
2177
15030
15029
2165
15018
27869
15016
15011
15008
15005
14999
14992
27838
14985
27834
14981
2126
14979
2125
14978
2122
14975
2121
14974
2119
14972
2116
14969
27803
2097
14950
14941
14937
27779
14926
2071
14924
27776
14923
2057
14910
14873
14869
27717
2011
14864
2002
14855
1993
14846
27698
1992
14845
14830
14827
14819
27635
1929
14782
14763
1902
14755
1885
14738
27586
14733
1867
14720
27548
14695
14684
14670
14653
1785
14638
14612
14587
27432
1726
14579
1680
14533
14524
1660
14513
27338
14485
1631
14484
14483
1624
14477
14467
27249
14396
27238
14385
27228
1522
14375
1507
14360
27161
1455
14308
1453
14306
27158
14305
27157
14304
14287
27122
1416
14269
14264
27099
14246
14238
14227
14211
14202
14201
14196
1341
14194
1337
14190
1310
14163
27012
1306
14159
14155
26999
1293
14146
26996
1290
14143
26974
14121
26971
14118
26965
1259
14112
14111
26940
14087
14082
14077
14067
1208
14061
14058
1204
14057
26907
14054
1200
14053
1196
14049
1173
14026
14022
26871
14018
14017
13991
13980
13975
13974
26823
13970
26813
13960
26772
1066
13919
1049
13902
13899
1045
13898
13896
1032
13885
13882
13858
26709
1003
13856
967
26673
13820
26666
13813
943
13796
941
13794
925
13778
13758
894
13747
889
13742
26593
13740
884
13737
26567
861
13714
13686
13683
26525
13672
13671
805
13658
26494
13641
13640
13610
26435
13582
723
13576
26411
13558
13550
13546
692
13545
13543
26389
13536
26366
13513
26344
13491
13490
26336
13483
26335
629
13482
626
13479
625
13478
13474
13465
611
13464
587
13440
581
13434
579
26285
13432
13358
13357
26170
13317
13315
461
13314
459
13312
26138
13285
13281
13263
13257
13249
26091
13238
13234
13227
26066
360
13213
26061
13208
26039
13186
327
13180
13176
13153
13142
25977
271
13124
13102
247
13100
13098
230
13083
25906
200
13053
13048
25890
184
13037
13007
25846
12993
131
12984
115
12968
108
12961
12956
12949
12947
12936
63
12916
12914
12910
25761
12908
12900
12891
12889
33
12886
12882
25729
12876
12873
12869
12866
12865
12863
4
12857
12839
12837
12831
12817
25646
12793
12791
12784
12776
12775
25625
12772
12766
12741
12740
12731
12724
12705
12704
12703
12696
12694
12692
25543
12690
12673
12671
12668
25520
12667
12658
12648
12634
12633
12625
25475
12622
12621
12612
12605
25455
12602
12596
12591
12581
12559
25408
12555
12549
12546
12544
25386
12533
12530
12528
25375
12522
12504
12493
12486
12482
25332
12479
12450
25302
12449
12445
12436
12434
25280
12427
12426
25278
12425
12424
12420
12418
12417
12413
12393
12390
12388
25240
12387
25239
12386
25233
12380
12366
12353
12351
12348
12345
25192
12339
12332
25174
12321
12319
12316
12284
25136
12283
12278
12273
12257
12240
12238
25068
12215
12203
25048
12195
25046
12193
25043
12190
12186
12165
12164
24995
12142
12140
12113
24958
12105
12097
12095
24930
12077
12061
24906
12053
24894
12041
24881
12028
12009
12003
11998
24847
11994
11985
11980
11976
11975
24825
11972
11971
24821
11968
11961
11959
11958
11956
24808
11955
11954
11947
11944
24788
11935
24780
11927
24776
11923
11917
24757
11904
11900
11897
11896
11894
11884
24729
11876
11870
11867
24718
11865
11864
11847
11842
11830
11829
24677
11824
11820
24669
11816
11811
11803
24655
11802
24652
11799
11796
11789
24618
11765
11764
11763
11756
24597
11744
11742
11738
11733
11731
11728
11727
11724
11722
11719
11711
11703
24555
11702
11692
24544
11691
24539
11686
11684
24530
11677
11671
11664
24505
11652
11647
11640
11638
11637
24489
11636
24487
11634
24483
11630
11628
11625
11624
11623
11620
24472
11619
24470
11617
24468
11615
24463
11610
11607
11598
11593
11591
24434
11581
24431
11578
11575
24426
11573
11570
11559
24411
11558
24410
11557
24403
11550
11536
24386
11533
11532
11529
11523
24359
11506
24354
11501
11492
11486
11481
24326
11473
11465
11460
11446
11437
11435
11432
11425
11421
24268
11415
11409
11408
11391
11388
24237
11384
24219
11366
24218
11365
11361
24211
11358
24210
11357
11345
11334
11333
24181
11328
11326
11320
11316
11310
24160
11307
11293
24141
11288
11285
11282
24134
11281
24129
11276
11270
11264
11259
24111
11258
24077
11224
24060
11207
24050
11197
11196
11194
24042
11189
11186
11180
11171
11170
24022
11169
11167
11146
11144
11138
11134
11133
11131
11128
11124
11123
11121
11111
11109
23961
11108
11107
11106
23950
11097
23948
11095
11085
11081
11078
23926
11073
11072
23924
11071
11069
23919
11066
23916
11063
11058
23906
11053
11050
11047
23891
11038
23886
11033
11027
23871
11018
23866
11013
11009
11008
11007
23851
10998
10997
23849
10996
10992
10984
10982
10964
10954
10939
36619
23766
10913
10909
23756
10903
23755
10902
23753
10900
10889
36590
10884
36583
10877
36578
23725
10872
10866
36571
10865
23715
10862
10854
10852
10835
10825
10824
10821
36526
10820
10808
10801
10799
23643
10790
23641
10788
23630
10777
36465
10759
10751
36451
23598
10745
10742
10735
10732
10730
10725
10717
23568
10715
10702
10694
36399
10693
36388
10682
23521
10668
10664
23496
10643
10642
36340
10634
10631
36331
10625
10617
17037
36322
23469
10616
10608
10604
23454
36307
10601
29866
17013
10592
36296
10590
36295
23442
10589
4153
17006
36291
10585
17002
10581
36268
10562
10558
10550
23398
10545
23397
10544
10543
10524
36227
23374
10521
36226
23373
10520
23371
10518
10512
10511
23356
10503
36205
10499
10498
36199
10493
23345
10492
10483
23335
10482
23332
36185
10479
10476
36179
10473
23313
10460
4025
16878
10457
4021
16874
10453
36143
10437
36132
23279
10426
10414
23255
10402
10400
23248
10395
36100
10394
3956
16809
36094
10388
16803
10382
10376
36078
23225
10372
23224
10371
23222
36075
10369
23189
10336
3903
16756
36041
23188
10335
29580
16727
23159
10306
3829
16682
35967
23114
10261
10258
23108
10255
10244
10238
23074
10221
10216
23058
10205
10203
35907
23054
10201
3766
16619
10198
10197
23047
10194
10189
10186
3748
16601
10180
23024
10171
23019
10166
29432
16579
10158
35851
10145
10143
35841
10135
10127
10118
10113
16520
35805
22952
10099
29362
16509
10088
22938
35791
10085
29358
3652
16505
10084
35780
10074
22914
10061
35759
10053
29322
16469
10048
3612
29318
16465
10044
22894
10041
22890
10037
10028
10025
16441
10020
3578
16431
35716
10010
10004
9997
9995
9991
3550
16403
35688
9982
9968
35673
9967
35672
9966
9944
22793
9940
9935
9933
22778
9925
22769
9916
22766
9913
9910
9907
9889
9883
3427
16280
35565
9859
9856
16270
35555
9849
9824
9819
16238
9817
16237
9816
16235
22667
9814
35516
22663
9810
16222
22654
9801
9791
9790
9788
9785
9773
9763
9756
22594
9741
9731
9728
35426
9720
35405
9699
35403
9697
9695
35400
22547
9694
22546
9693
35397
9691
9675
16089
22521
9668
35370
9664
35360
9654
35357
9651
9650
22500
9647
9639
22491
9638
9631
3198
16051
9630
35334
9628
9626
22477
35330
9624
9618
9614
16031
22463
9610
28873
16020
9599
16019
9598
9597
9588
3150
16003
22435
9582
35281
9575
22426
9573
3135
15988
9567
3132
15985
9564
9558
35260
22407
9554
15965
9544
9542
9530
35235
9529
3085
15938
9517
15937
9516
35221
9515
35211
22358
9505
28775
15922
9501
3062
15915
9494
15898
22330
9477
9467
9466
22317
9464
35169
9463
22303
9450
9446
9445
35148
9442
22294
9441
15860
22292
9439
9437
28708
15855
35140
9434
15844
9423
9419
22255
9402
35104
22251
9398
9397
9383
2923
15776
9355
28607
15754
9333
28599
15746
9325
9322
22163
9310
35009
9303
9294
9292
9287
9282
9266
15660
34945
9239
34934
9228
15647
9226
34927
9221
9212
22064
9211
9210
2766
15619
9198
34880
22027
9174
34879
22026
9173
22016
9163
34856
9150
9147
15563
34848
9142
21986
9133
9128
34831
21978
9125
21968
9115
28373
2667
15520
34805
9099
9077
9076
34781
9075
15494
21926
9073
9064
2630
15483
21915
9062
9056
9052
21902
9049
34754
21901
9048
21896
34749
9043
28289
15436
9015
9006
8995
8982
21832
8979
8957
34656
8950
15366
8945
2486
15339
21771
8918
21766
8913
8906
2449
15302
8881
28154
15301
21733
8880
2444
15297
8876
15295
8874
8868
8861
21710
8857
2423
15276
8855
8853
15271
8850
28121
15268
8847
8846
8845
21695
8842
8829
8822
15234
34519
21666
8813
8811
21663
8810
8800
21649
8796
8794
8791
21634
8781
34486
8780
21632
8779
8759
21604
8751
8750
34455
8749
8748
34441
8735
8734
15153
34438
8732
34409
8703
8695
8692
8672
21522
34375
8669
34358
8652
8640
8635
34337
8631
8628
27887
2181
15034
8613
34274
21421
8568
34267
8561
21405
8552
34255
8549
21397
8544
8534
21379
8526
34221
8515
8514
8511
8510
34215
8509
8494
8491
8487
34188
8482
27742
14889
8468
8464
8447
8442
14849
21281
8428
8417
21247
8394
34093
8387
34090
8384
21233
8380
8377
8373
14777
21209
8356
8353
8352
21200
8347
14766
8345
8325
34025
8319
21168
8315
27588
14735
8314
27587
1881
14734
21166
8313
34006
8300
34001
8295
8278
33983
21130
8277
33981
8275
33979
8273
8271
21112
8259
8253
33951
8245
21093
8240
27505
14652
33937
21084
8231
1794
14647
21079
8226
8224
8221
1784
14637
21069
8216
33904
8198
1763
14616
21048
8195
8193
8163
33861
8155
33860
8154
8146
14562
20994
8141
14557
8136
8132
20979
8126
8124
8095
8094
20943
8090
8073
8051
1617
14470
20902
8049
8041
8040
8031
33729
8023
33728
8022
33727
8021
14440
20872
8019
27290
14437
33722
8016
33720
20867
8014
8011
1577
14430
33715
8009
14426
33711
8005
8000
7995
33697
7991
33692
7986
20838
7985
7977
7965
1531
14384
20816
7963
1525
14378
33663
7957
1524
14377
33662
7956
1523
14376
7955
33655
20802
7949
33653
7947
7931
20780
7927
33632
7926
1490
14343
7922
1486
14339
33624
20771
7918
7913
7906
7904
7901
7899
33600
7894
20731
7878
7864
7849
7845
7833
7832
7813
7805
7804
1367
14220
7799
33493
20640
7787
27057
1351
14204
20636
7783
14198
7777
20608
7755
33459
7753
7713
7709
7707
1273
14126
7705
20542
7689
1254
14107
33392
7686
26959
1253
14106
7685
1251
14104
7683
1250
14103
20535
7682
14100
33385
7679
14099
7678
14098
20530
7677
7667
20515
7662
33361
7655
33356
7650
14059
33344
7638
33336
7630
7627
14047
7626
7624
1191
14044
7623
7609
14029
7608
14028
33313
20460
7607
26872
14019
20451
7598
7586
20434
7581
1148
14001
33286
20433
7580
1119
13972
33257
7551
26816
13963
33248
7542
13952
7531
26797
1091
13944
7523
13931
20363
7510
7505
13917
33202
7496
7484
26754
13901
33186
7480
1039
13892
7471
13890
20322
7469
20307
7454
33158
20305
7452
20304
7451
20302
7449
13861
7440
7429
20280
7427
7425
7409
20261
7408
7403
968
13821
33106
7400
7398
13817
7396
20248
7395
7386
20236
7383
13800
20232
7379
33076
7370
33074
20221
7368
7366
7360
7359
924
13777
33062
7356
7354
13764
33049
7343
33048
7342
7340
20181
7328
33023
7317
7312
20152
7299
20151
7298
7297
863
13716
20148
7295
32995
20142
7289
7279
7260
7249
32949
7243
7242
20092
7239
804
26510
13657
7236
32940
7234
20076
7223
26487
781
13634
20066
7213
7212
20062
7209
7208
26470
764
13617
7196
7192
7175
7170
7160
7156
722
13575
7154
710
13563
7142
19994
32847
7141
13557
7136
13553
7132
7128
7118
7116
19964
7111
19963
7110
19961
7108
7101
668
13521
7100
7099
7094
7091
7078
26334
13481
32766
7060
619
13472
19904
7051
19902
7049
19901
7048
7045
7042
32736
7030
13448
32733
7027
7026
32730
7024
19871
7018
19868
7015
26266
13413
19845
6992
6981
32686
6980
32681
19828
6975
6964
6938
13356
6935
6934
13345
19777
6924
32627
6921
32621
6915
26179
13326
6905
32610
6904
6895
6879
6874
19726
6873
32575
6869
13289
6868
13287
6866
13282
6861
425
13278
6857
32560
6854
6843
6832
6819
19671
6818
6814
32507
6801
32505
6799
13217
6796
19648
6795
13199
6778
6769
32470
6764
13179
6758
6757
6744
306
13159
6738
19588
6735
6723
13140
6719
6713
6710
25982
276
13129
19561
6708
267
13120
32405
6699
6695
6690
19536
6683
25948
242
13095
6674
6673
19525
6672
6666
19501
6648
19500
6647
6646
6639
32344
6638
19487
6634
32329
6623
19475
6622
6619
13039
6618
6615
32307
6601
19452
6599
32295
6589
12999
6578
6575
6570
129
12982
19414
32267
6561
6559
25787
81
12934
19366
6513
12930
6509
25780
12927
32212
19359
6506
12925
6504
12919
6498
19335
6482
12897
6476
12872
6451
6434
32123
6417
12832
6411
6406
6405
6403
19255
6402
6401
12820
19252
6399
6397
32101
19248
6395
12807
6386
6382
25647
12794
32079
6373
19224
6371
32074
19221
6368
6365
32070
6364
6362
32064
19211
6358
6350
12769
32054
19201
6348
32047
19194
6341
12760
6339
25611
12758
6337
32040
6334
6333
6331
19180
6327
12746
32031
6325
6322
19174
6321
25592
12739
6318
6317
6313
12728
6307
6305
25575
12722
6301
6298
19149
6296
6295
32000
6294
6291
6288
25540
12687
19119
6266
6259
12676
6255
6253
19104
6251
19098
6245
12665
6244
12664
6243
12663
6242
12662
31947
6241
25512
12659
31944
6238
6234
6231
19083
6230
12650
31935
19082
6229
6226
6223
6222
25495
12642
6221
25494
12641
6220
12640
6219
12639
6218
6215
6211
6210
19062
6209
31914
6208
31913
19060
6207
6206
31911
6205
12623
31908
19055
6202
6196
6195
19046
6193
25463
12610
31895
6189
19041
6188
31893
6187
6186
6182
19030
6177
19026
6173
31869
6163
31868
19015
6162
12580
6159
6153
31858
6152
19000
6147
31852
6146
6143
6141
18992
6139
12543
31828
6122
6120
6118
31822
6116
18967
6114
6111
6110
31814
6108
6106
25376
12523
18955
31808
6102
6100
18943
6090
18942
6089
6088
31790
6084
6079
12499
31784
6078
12498
6077
6076
12495
6074
6070
12489
6068
25338
12485
6064
12484
6063
18909
6056
31758
18905
6052
31757
6051
31756
18903
6050
6048
18900
6047
12467
18899
6046
12466
31751
6045
6044
31747
6041
18892
6039
12444
31729
6023
12440
31725
6019
31724
18871
6018
6017
6011
12431
6010
25283
12430
31715
6009
6008
18853
6000
12416
31701
5995
5993
18841
5988
25258
12405
5984
5981
25253
12400
5979
12397
5976
31679
5973
5964
31669
5963
5961
5955
18807
5954
5951
31653
5947
31652
18799
5946
5943
31648
18795
5942
5937
5923
31628
18775
5922
12340
5919
25190
12337
5916
12335
5914
5912
12326
5905
5903
5899
12315
31600
5894
31597
18744
5891
12311
5890
18741
5888
25158
12305
18737
5884
5879
5875
12292
5871
5867
18719
5866
31570
5864
12282
31567
5861
12275
31560
5854
5853
31549
5843
25113
12260
5839
12259
5838
31540
18687
5834
12254
5833
5832
5827
5824
31520
5814
5813
31518
5812
31512
18659
5806
12225
31510
18657
5804
5803
12223
5802
31504
5798
5797
25069
12216
5795
31499
5793
31498
18645
5792
25065
12212
31497
5791
31491
5785
31490
18637
5784
5780
5778
5777
31482
18629
5776
18626
5773
12187
5766
5763
25036
12183
18615
5762
5760
25033
12180
5759
5758
5754
5749
18601
5748
31442
5736
18588
5735
18587
5734
18585
5732
5730
12150
5729
12148
18580
5727
5725
18575
5722
5716
5714
12131
18563
5710
12130
5709
5706
5702
31407
5701
5699
5698
18549
5696
31401
5695
5694
12114
5693
5690
5689
24962
12109
31394
5688
24960
12107
31392
5686
5681
5678
31375
5669
5668
31372
5666
5665
5654
12068
31353
5647
12067
18499
5646
12060
31345
5639
24912
12059
18491
31344
5638
5637
5631
12051
5630
31335
5629
5628
5627
5587
31293
5609
5604
5595
12005
31290
5584
5512
5494
5488
24740
11887
18319
5466
5458
31163
5457
11872
5451
31153
5447
11857
5436
5422
31126
5420
11839
31124
18271
5418
5417
5405
24668
11815
5394
31099
5393
5391
31083
5377
18220
5367
11776
5355
31054
5348
5334
5330
31022
5316
31021
18168
5315
11726
5305
30997
5291
18131
5278
11697
30982
5276
30961
5255
11672
5251
11669
5248
11668
5247
11667
5246
11662
5241
18092
5239
5235
5234
24504
11651
5230
5225
24486
11633
5212
24484
11631
18063
5210
30903
5197
5191
5187
24447
30890
5184
11583
24436
5173
17996
5143
5139
5135
11548
17980
5127
17978
5125
17975
5122
17972
5119
5106
5097
11511
5090
24363
11510
17942
5089
24346
30789
5083
24356
11503
30788
17935
5082
17934
5081
17929
5076
5075
24342
11489
5068
5046
11462
24304
5041
5038
24297
30740
5034
17885
5032
11452
5031
11443
30728
5022
11441
17873
5020
30719
5013
5010
17862
5009
4974
4948
11356
4935
30622
17769
4916
11331
17763
4910
30612
4906
11317
4896
11309
30594
4888
30585
4879
30579
17726
4873
4866
4851
11271
30556
4850
4846
4839
24110
11257
4836
17684
4831
4829
11231
30516
4810
4807
11226
4805
4797
4795
4793
11213
24055
30498
4792
24065
11212
30497
4791
30496
4790
4788
17636
4783
30487
4781
17620
4767
4762
11173
30458
4752
17596
4743
4741
30446
4740
4738
4709
4706
4672
11091
4670
11087
4666
4633
30339
30361
4655
11075
4654
4644
4643
23905
11052
17484
4631
17471
4618
30321
4615
11035
30320
4614
4610
30291
17460
4607
11025
4604
11024
4603
4581
23848
10995
4574
4572
4559
30254
4548
4538
17369
4516
10924
4503
30201
17348
4495
4494
10911
17343
4490
30192
4486
4480
4478
4477
4471
17317
4464
4459
10859
4438
10853
30138
4432
30126
4420
4417
30121
4415
4410
4406
23668
4405
17255
4402
10818
4397
10816
30101
17248
4395
23651
10798
17230
4377
30079
4373
4370
36470
4365
30067
4361
4355
4344
17194
4341
30023
4317
23586
10733
17165
4312
10724
17156
4303
4290
10701
29964
17133
4280
4275
4270
17121
4268
10685
17117
4264
4262
4241
36354
23501
4238
36364
23511
10658
29943
4237
4236
10651
4230
4227
4219
17057
4215
17067
4214
10632
17064
4211
10630
29915
4209
4181
17034
36306
10600
23453
29896
4190
29894
4188
4185
4170
17023
29870
17017
10596
29881
4175
4138
16978
10557
4136
4131
16972
4130
16968
4115
16953
10532
23363
36216
29817
4111
4084
16937
4095
29789
4083
16936
10515
29800
4094
36208
10502
29787
4081
10475
29760
4054
4050
4047
4046
29748
4042
4028
4026
16865
36128
36150
23297
10444
29729
4023
16855
29719
16866
4013
4001
4000
10418
3997
36123
10417
3996
3980
3978
3959
3944
29644
3938
16766
3924
3923
3911
29616
3910
16761
3908
3907
16748
3906
3902
3889
16742
3900
3886
16739
3897
3883
16736
29600
3894
10313
29587
3881
16734
3892
36013
10307
10304
16733
3880
29578
3872
35992
10286
3865
16705
16699
35984
10278
16710
3857
16681
3839
3815
3797
16650
29496
3790
16643
3801
29494
3788
16641
29505
3799
3771
16598
10177
16609
3756
16585
35870
10164
16596
3743
10111
35817
3712
16545
29409
3703
10119
3687
16540
3698
3690
3683
22955
10102
3681
29383
3677
3675
29360
3654
16507
29371
3665
16499
22931
10078
29363
3657
22918
3655
16496
16493
35778
10072
22903
35756
35753
3648
3644
3619
16455
29319
3613
3603
16442
3600
3596
16448
3595
10012
29286
3580
3579
29272
16419
16430
3577
16417
3564
9981
22823
29266
3560
35680
9974
3553
3549
16384
3542
29233
16380
9959
3538
29227
3521
29219
3513
16345
35630
9924
3503
3502
9920
35604
29205
3499
3477
16330
29194
3488
3465
29151
16298
16309
3456
3448
3444
9852
3431
9842
29127
3421
3420
3414
16252
3410
35506
9800
3379
3354
16188
29030
3346
16170
3317
29012
3306
9716
3295
3291
28986
3280
16124
3271
28964
3258
16081
22502
3238
3234
3212
16065
22497
35350
9644
3223
3221
9634
28919
3213
3211
9623
28886
3202
28901
3195
16023
28876
3192
9611
16043
3190
28865
3181
16014
3172
28866
3160
16013
9592
16024
3171
22436
9583
16015
28868
3162
9578
28863
3157
3155
28839
15986
35271
9565
3144
15982
3140
9560
3139
9559
3138
22410
35263
9557
15974
9553
3131
3117
15970
3128
28822
3116
15969
3127
15964
35249
9543
28828
3122
3107
15960
28824
3118
22391
9538
35232
22379
9535
3114
9534
22376
3113
3106
3104
3103
9512
35212
22359
9506
9489
3068
22341
9488
3067
3065
3054
9469
3048
9449
22302
15892
3039
35139
3034
15874
28738
3032
9451
28736
3030
3028
9447
28710
3026
28706
15853
3011
28703
15850
22282
9429
28700
15847
28711
3005
28685
3001
9417
2974
15827
28680
2996
28701
2995
2992
2985
2975
28670
2964
15792
28645
2961
15798
28662
2956
15797
9376
15808
2955
15796
9371
2950
15783
35068
9362
2941
2937
28638
2932
15771
28635
2929
2917
15770
35055
9349
2928
15778
2925
9343
2922
22194
9341
2920
15753
9332
2911
15761
28614
2908
2895
15748
15759
2906
2905
2902
15740
28604
2898
15737
2890
15734
2881
15733
2880
22138
9285
2864
15700
15711
2858
2857
2855
22116
9263
15695
2842
2830
15683
34968
9262
2841
2829
15682
28546
2840
15681
22091
34944
2839
2838
2836
2825
34947
9241
28526
15673
2820
15661
2819
2815
2796
15635
2793
9213
2792
15640
2787
2786
15621
9200
2779
9191
15623
2770
9190
15620
2767
2748
15601
22033
9180
28465
2759
28449
15596
2754
15590
9165
2744
9140
34846
28447
2741
2738
15577
28441
2735
15574
2732
15570
2728
28417
2711
15564
9143
15560
28424
2718
2713
15561
2708
34833
9127
2706
2688
15541
9120
2699
2697
28379
28401
2695
28383
2677
15530
15540
2687
28380
2674
15527
2685
9104
2683
2682
34804
21951
9098
15519
2675
2672
9092
2671
2668
34792
9086
28371
2665
2663
2646
15499
2657
28345
2639
15492
34777
9071
2650
2645
34761
9055
2634
15475
2633
28319
15466
28330
2624
2618
2605
15458
2616
28320
2614
15465
2612
2611
2606
15447
2604
2600
9020
28304
15451
2598
15433
9012
34696
2569
28275
2591
15431
9010
28295
2589
28293
2587
15428
2586
21855
9002
2581
28282
2576
15409
2567
8978
21809
34662
2557
8973
2552
2551
28245
15392
8971
2550
28251
2545
28229
2523
15376
2534
8953
34632
2509
15362
21794
34647
8941
28226
2520
8939
21781
2518
2505
15358
2516
8904
34610
2504
34617
21764
2501
34626
8920
2499
2490
2489
2488
2476
15329
21761
8908
28193
2487
34613
8907
28178
15325
15336
2483
2469
15322
8901
2480
28185
2479
21751
8898
2477
34603
8897
15326
2473
28176
15323
2470
2454
15307
28171
2465
28163
2457
15298
8877
2456
15294
15303
2450
2433
15286
28127
15296
2443
2439
15275
2431
2428
2427
5626
5623
28126
2420
2394
15247
2393
15246
5601
8819
28104
2398
31304
5598
2395
31281
31303
18450
5597
31289
5583
8801
15233
2380
34479
2368
2361
2357
28059
2353
2337
15190
2348
15186
28050
2344
2332
15185
8764
28049
2343
34459
8753
2321
15174
21595
8752
28037
2331
2325
8744
15176
2323
28026
2320
31221
18368
5515
8733
2312
5511
2308
28012
2306
34432
21579
8726
2283
27989
15158
2305
11925
5504
8722
2301
28005
2299
28004
15151
2298
28003
2297
24761
5498
21569
8716
28001
2295
5497
28000
2294
8714
2292
11914
5493
8711
2290
11913
5492
34416
8710
2289
24763
11910
5489
8707
27992
2286
8704
2279
27962
2278
2265
15118
8697
27970
2264
15117
34380
27981
2275
8689
27974
2268
27972
2266
15107
21539
8686
34389
8683
15115
2262
2260
21532
8679
2258
5456
2253
34379
8673
2252
31158
5452
15091
8670
27955
2249
27940
15087
27951
2245
5438
27930
15077
8656
27941
2235
27938
2232
8649
15059
2206
27912
8648
2227
5429
2226
8646
2225
8627
27895
15042
2186
15039
27903
2197
2196
5389
21460
8607
5386
27889
15036
2183
11805
5384
15023
27886
2180
27884
2178
27881
2175
18227
5374
15024
2171
15021
2168
34270
8574
2153
27846
14993
34278
8572
2151
5351
14990
27854
2148
34268
8562
14994
2141
27835
2129
8546
11748
24590
5327
2124
2110
14963
8542
14961
34246
8540
14960
2118
24583
18173
5320
2106
14959
27823
2117
5318
2104
14957
21389
8536
2115
34231
21378
8525
8524
2103
11725
18157
5304
27807
2101
2100
2086
14939
34202
2092
27781
14928
27780
2074
14927
2085
27789
2083
30989
5283
2080
14921
2079
2078
8498
27783
2077
21326
34179
34177
34199
8493
2072
11695
5274
27766
2060
14913
24540
11687
30972
5266
27769
2063
8480
2059
11678
18110
5257
14896
27760
2054
5253
2050
8458
27743
2037
34162
21309
8456
2035
2019
14872
2030
14882
2029
14860
8439
2018
30926
5220
2006
14859
14870
2017
8433
14865
2012
27706
2000
14853
1997
14850
34135
8429
1986
27692
14861
2008
14848
34128
8422
21264
27707
2001
8418
14824
1971
27677
11616
18048
5195
27687
14834
11613
5192
1989
18043
5190
27693
1987
27681
1975
14828
34110
21257
8404
1983
8401
34085
14833
27686
1980
1967
14820
1978
5178
24441
11588
5167
1964
5164
14814
1961
5161
1958
14799
27663
1957
11579
5147
18000
30864
5158
21229
8376
27639
1955
27643
14790
8369
1948
11567
5146
27638
14785
1943
1941
27645
1939
1938
21204
8351
27636
1930
30838
5132
14771
5131
1917
14770
1928
17973
5120
1895
14748
8327
1906
14747
1905
27603
1897
8310
27595
1889
21162
8309
14741
1888
1877
11499
17931
5078
8296
1875
1869
5066
33990
8284
1863
21136
8283
1862
1861
17916
5063
27566
1860
8280
1859
1858
17911
5058
1844
14697
1855
1851
27555
1849
1845
30753
17900
5047
14683
27547
1841
1839
14678
1814
27520
21088
33941
1836
5037
1834
21090
8237
1816
1813
8233
14665
1812
11428
5007
14646
1804
1791
14644
1802
14651
1798
8211
1790
1787
1786
30692
17839
4986
14625
1783
4983
1780
24255
11402
30687
17834
4981
1778
1765
14618
27482
1776
30684
4978
8196
27481
1775
8194
14626
1773
4971
14621
1768
1767
1766
4968
33892
8186
30672
4966
27457
1751
14604
33889
8183
1762
4961
27464
1758
11381
17813
4960
33884
8178
8156
33862
27463
1757
4958
1755
17800
4947
1744
24220
11367
17799
4946
21006
1743
8162
1741
8161
1740
14589
1736
11353
24195
4932
1729
27434
14581
1728
4930
1727
30635
4929
8145
14577
1724
1723
8142
8120
33826
14552
1699
27405
27427
1721
1712
14559
1706
4900
1697
11319
30604
4898
20969
8116
1695
1694
33806
20953
27396
1690
1687
1675
14528
1686
14525
1683
33807
20954
8101
11299
4878
1664
14517
30577
4871
1657
14510
1668
4868
1665
33789
8083
1662
1661
4863
27355
1649
14502
8081
8080
27365
1659
27352
14499
1655
27344
14491
8070
27340
14487
1645
11263
17695
4842
1639
24108
11255
4834
4832
20903
8050
1629
1616
14469
1627
14465
1623
14460
8039
27324
1618
27312
1606
14459
8038
1605
14458
14457
1615
17669
4816
8034
27319
1613
8032
14464
1611
1608
24072
17662
4809
27301
14448
11229
30514
17661
4808
27300
14447
8026
4802
8020
27305
1599
11221
30506
4800
27292
14439
27303
1597
14424
1582
1568
14419
1566
4761
1558
1551
7966
1545
24016
11163
17595
4742
1539
30438
4732
7950
27235
14382
1529
27222
14369
27233
1527
27215
1509
14362
33625
27226
1520
4720
7938
1517
1513
30409
17556
4714
7932
20774
14353
14364
1511
14350
7929
14361
1508
1496
14349
7928
7923
27208
1502
27205
1499
20770
7917
4693
1484
17537
4684
33608
20755
7902
27187
1481
27183
1477
1465
14318
1476
1460
14313
14324
1471
17524
4671
27174
14321
1468
33588
20735
7882
1461
4663
7881
30367
4661
27164
1458
11080
17512
4659
1456
1454
27155
1449
27153
1447
1439
30344
17491
4638
14277
14288
1435
30341
4635
1432
27137
1431
14268
7847
1426
11042
4621
14260
33523
27124
1418
17473
4620
27123
1417
4619
14256
14267
1414
1409
23885
11032
30317
4611
33535
7829
1408
27108
14255
1402
1398
7809
1388
14229
27093
1387
23863
11010
4589
14228
1386
14224
33509
20656
7803
1382
7798
27083
1377
7794
1373
1363
10981
17413
4560
1357
1344
14197
27061
1355
14206
1353
4554
33451
1346
33469
7763
1342
1340
30248
4542
27034
1328
14181
14192
1339
33443
1338
20611
7758
23813
10960
4539
14189
1336
10955
4534
1331
27036
1330
33455
20602
7749
27022
1316
14169
7748
27033
1327
17382
4529
33453
7747
1326
27030
1324
1320
1319
4519
33421
7732
27017
1311
4509
1305
17354
4501
14140
1298
10921
4500
1297
10920
4499
27002
1296
33422
20569
7716
1295
14127
1285
4484
1281
14122
1280
10895
4474
1271
1266
1263
10883
4462
4457
36581
10875
30160
4454
17306
4453
1238
30120
4436
1233
14073
33358
7652
20494
1231
14072
1230
1222
1210
14063
7642
1221
10837
4416
1213
7629
4407
4398
20469
7616
1195
4394
26886
14033
1189
26878
1172
14025
1161
26867
14036
1183
14023
7602
1181
10802
4381
33230
20377
7524
1103
20355
33208
7599
26884
1178
36502
10796
4375
7593
36501
10795
4374
7592
1171
17213
4360
7578
1157
17212
4359
1081
7577
26862
1156
4350
36432
10726
7568
26853
1147
7566
1145
1140
10760
17192
4339
1136
10697
23550
26835
1129
20390
7537
26822
1116
4318
29994
17141
4288
17130
7536
1115
30013
4307
1082
13935
26788
26810
1104
1101
4299
4224
36329
1085
13938
1096
1093
26796
1090
17137
4284
7491
1070
994
20246
33099
26775
1069
36382
10676
4255
1041
13894
1052
10673
4252
26684
13831
7462
13883
10650
29935
4229
1026
7438
1017
1015
23465
4202
26705
999
4201
23400
10547
36231
33125
20272
7419
998
997
996
17021
29885
4179
7397
26682
976
4176
13815
26679
973
20243
7390
13822
969
7378
20231
17012
36297
23444
10591
7388
4166
963
950
13803
961
948
16985
10564
4143
26646
940
926
13779
937
13699
7278
20109
32962
13774
7331
33037
932
29829
16976
4134
931
16969
4127
13766
7345
29818
4112
13751
33014
909
16960
4107
904
29798
4092
867
26573
29792
4086
883
7303
26588
882
23357
10504
16925
26586
880
864
13717
875
870
13711
869
7288
4068
824
13677
865
29712
4006
4064
10470
26526
13673
16901
10480
4059
32983
7277
26562
856
855
7270
849
7206
26469
29713
4007
16860
13687
26551
845
7258
837
16871
23303
10450
4029
26521
13668
826
4004
16857
29721
4015
20086
7233
812
807
4008
20078
7225
751
20014
13638
796
16829
29693
3987
769
20043
7190
773
13626
784
3986
13625
783
16827
36090
29691
3985
10391
13624
782
26480
774
23147
36000
13609
767
29663
16810
3968
13607
765
36024
23182
13603
761
759
747
13600
20032
7179
758
16794
3941
36068
10362
7144
26418
13565
13606
753
7168
36073
23220
10367
29652
3946
7089
32773
743
738
3940
26432
13579
737
3926
3909
16762
3920
706
13559
19991
7138
717
702
13555
26419
713
26387
681
645
13498
656
653
19903
7050
614
13467
3820
13459
7038
617
3818
26310
604
13457
615
19888
7035
3816
613
26306
13453
6953
32637
7028
607
32731
19878
7025
3794
16647
3805
26308
602
3802
26294
588
13441
13452
599
32664
6958
19811
23055
10202
7014
593
16634
10213
29498
16645
3792
13431
589
29484
16631
29495
3789
6977
556
13398
13428
586
16630
26291
585
3704
29410
29406
3700
16553
22963
35816
26267
583
26283
13430
577
26273
567
16611
3769
13397
26250
566
3767
564
552
10174
29459
3753
6971
550
542
524
13377
535
13376
534
16575
3733
530
527
525
16578
3725
19736
6883
26146
26228
13375
522
521
19792
6939
26224
518
32629
6923
502
19762
26205
499
26118
13265
32528
13340
498
485
13338
26202
496
16538
3696
482
13335
6914
493
479
26182
476
6888
467
29328
3622
16475
22862
10009
35693
26166
460
6880
3641
16494
32576
6870
449
13286
32571
6865
13297
444
19712
6859
438
16420
3556
29262
19709
32562
6856
435
10051
29336
3630
427
426
413
3598
16451
3609
26112
406
3606
26109
13256
403
32522
6816
395
9996
13229
13218
26071
387
19626
363
13202
32487
6781
13201
32486
6780
359
354
353
345
13194
341
6743
322
32446
19593
6740
319
13150
26014
308
13145
26009
303
13154
301
284
13137
19569
6716
13148
295
35549
22696
9843
22674
35527
9903
13147
294
290
286
29175
3469
16322
35585
3480
32404
6698
25983
277
240
229
13082
19544
6691
270
22688
13109
261
16300
29164
3458
19507
32360
255
231
13084
32369
6663
239
16244
16255
9834
29119
3413
32337
19484
6631
25905
199
13052
210
29117
3411
35463
9757
3336
35441
25914
208
25899
193
32317
6611
32306
19453
25896
190
188
172
13025
183
3303
29009
182
25876
170
13023
6602
181
3337
16190
175
9770
22623
9781
19388
9779
16185
6591
25873
167
3363
25844
160
9782
3361
158
22633
9780
3359
35419
9724
22577
156
144
12997
155
3353
25845
139
12992
150
89
12942
19363
145
3256
16109
3267
35372
28959
3253
16106
9685
35369
6557
136
134
133
6552
29026
16173
35436
3331
6538
19391
128
12957
19389
6536
16158
3316
19387
6534
113
95
12920
25773
19360
6507
86
25781
75
71
65
9643
22485
32191
6485
64
54
16093
3251
6469
48
32143
6437
12858
25730
46
22522
9669
16101
3248
6466
45
3231
16084
3242
32069
28
12881
19313
6460
39
22509
9656
16088
3235
32
25728
12875
22
3220
17
22486
9633
6430
9
3206
12845
6424
25709
3
25634
12781
19191
32044
19288
6435
14
4106
16959
4117
7335
914
21955
30973
5267
8470
22620
35473
33942
27543
1837
30683
4977
8747
2326
4067
7285
2461
2990
12545
10342
3891
15891
3049
31876
27185
1479
27129
14276
14265
27118
7844
20697
20620
33473
25249
27179
27201
1495
17510
4698
33566
20713
5799
3508
305
27597
14744
9890
19540
6687
25972
266
1809
14606
21038
8185
21027
14060
1218
33289
20436
7836
16434
3592
389
30868
5162
24421
11568
16371
3529
16326
35611
9905
3484
35600
22747
35258
3153
17549
4696
7914
14346
1493
12657
25499
18729
34877
9171
2750
31659
5953
10232
3811
608
2367
2349
8755
19821
6968
547
6728
26002
13149
18433
31286
5580
21640
2377
15255
28119
2413
24693
11840
29559
16706
3864
10270
7022
26367
661
3452
309
33945
27535
14682
11303
4882
11243
8792
21623
34476
29785
4079
6446
18735
18746
5893
28580
15727
28591
2885
35012
22159
9306
31727
28664
15811
15841
22273
9420
26339
13486
644
27837
14984
11148
17569
23073
3882
7085
11658
30943
5237
5222
11643
2696
31601
9255
28540
2834
18849
4458
7676
26961
1255
23717
10864
22446
12526
6105
31789
34992
17042
10621
29884
20275
10627
4206
35127
19067
31909
34028
8322
8367
27641
14788
16531
3734
32658
6952
531
21339
8486
27771
2065
27900
2194
22701
9848
32351
19498
6645
224
9818
35502
16239
30421
17568
4715
7933
1512
30457
4751
27254
1548
17563
4014
811
21572
4194
17047
29889
17058
4205
26708
1002
686
2172
21424
34277
21465
390
450
29303
3597
16450
3608
26111
405
18061
5208
11629
6739
23685
10832
14038
1151
20414
19683
420
330
22888
10035
3614
17303
30167
4461
17232
30085
14154
1312
19844
34272
21419
8566
11793
31078
18225
5372
20556
7703
26988
1282
23703
7673
26958
1252
14094
10070
29355
3649
446
11595
5174
17967
5114
30798
8332
1911
30048
4342
13981
13992
1139
15589
2736
8210
27495
1789
20966
33819
1942
11521
14724
34129
8423
7202
23202
10474
4053
26545
13692
850
4044
6082
12492
25345
1381
23858
11005
30290
4584
30073
22505
9652
32058
11261
4840
24054
11201
17611
30464
11665
5244
18056
8667
2246
27896
15043
34317
21464
34400
8694
2273
11882
682
13494
871
31323
5617
15211
34496
21643
8790
13584
20046
7193
20035
8098
1677
30504
18455
5602
18444
35290
22437
9584
16005
14456
5148
26697
991
2615
1000
13827
7406
34541
8835
21677
14509
1656
4799
30483
10775
30060
4354
4327
26830
1124
10279
16711
3858
19873
13422
7001
26286
13433
580
32685
655
16625
32595
31098
5414
4364
10710
36394
13928
7507
33191
10736
30021
4315
30202
4496
23776
10923
4502
4491
17344
30917
26814
1108
23531
10678
4257
15484
28348
15495
2642
12221
25063
1094
13947
7526
20357
33210
1105
28354
15501
2648
34678
21866
10687
18595
31448
3754
32656
13404
551
814
13667
7224
32930
33012
7306
13936
7515
26785
1079
7500
2709
20216
7363
942
15291
15261
30102
17249
4396
1193
3232
808
26371
665
13518
7097
26360
16399
9978
36144
10438
36133
23280
4017
803
13656
8817
8776
744
2341
4326
23366
36219
4114
36241
10535
18579
5726
3845
7003
26288
582
642
3809
13418
8757
2336
22240
9387
2966
35063
9357
3328
12922
6501
19343
16513
29377
3671
26174
468
408
386
26092
5807
23667
10814
30099
4393
29182
3476
29160
29201
16348
8128
33812
14549
10976
10224
3803
29342
10079
3658
455
10374
23216
10448
16880
4027
13666
4550
1347
2144
7377
26662
956
29567
3861
32785
19932
7079
658
11834
31119
5413
11804
31067
5404
27851
14998
10840
30125
17272
4419
13983
7562
33246
2804
31668
18815
5962
25225
1237
7658
9167
28452
2746
34858
9152
25122
27125
7961
23716
10863
17295
4442
4427
10848
15686
2833
28382
6054
2860
36467
10761
30046
4340
26843
1137
19632
6779
26064
358
6680
259
3376
16229
35492
3543
13167
6746
32714
7008
32660
6954
533
19751
2184
16935
3326
9717
16138
11019
4598
11004
25445
12592
27029
1323
7669
33353
6216
4565
4520
23783
14141
7720
27005
1299
7865
27128
809
7047
3035
6178
31862
11143
4722
20793
7940
14372
1519
9438
22280
26485
779
5516
24734
4596
10957
30220
1498
14340
776
15182
34467
8761
5567
5201
27704
14851
1998
26390
684
29430
15084
10290
3869
8603
27888
2182
8528
21359
34212
11246
30531
4825
20881
8028
1622
11679
5258
2109
15829
9408
28693
2987
6190
1390
11014
30277
17446
4593
1098
7486
28247
22833
9980
29265
3559
6717
25980
356
14723
21129
5123
17946
5093
11323
30608
4902
24120
10526
4105
4030
36135
33029
7323
26608
902
6689
32373
25952
3487
25979
13126
35533
22680
9827
16248
29112
3406
203
11406
17838
4985
24546
11693
11682
24535
5272
26048
342
13184
16342
22752
35605
13214
32499
6793
372
16243
35528
22675
9822
10743
23596
6289
31995
12732
21055
8202
14634
1781
15353
2500
2478
28184
21752
34605
35866
10160
3739
13333
6912
19754
32588
6882
32566
5691
12178
31452
18599
16772
10351
29636
3930
7133
727
5518
35439
22586
9733
124
9658
28958
3252
16094
30576
4870
26629
923
5687
34581
8875
19358
6505
84
3224
16021
9600
22442
8075
1654
16140
9719
35414
22561
5677
24940
6621
1752
17767
30688
4982
27485
1779
29071
3365
16218
9797
173
35413
9707
3286
32113
18610
27444
1738
20915
33768
14535
20956
11302
30565
25971
265
13118
29132
16279
9858
3437
32316
19463
6610
25929
13076
32361
6655
234
3338
135
35368
32286
6580
25865
159
17722
4869
14433
20865
8012
20843
33696
30593
4887
1684
27308
35203
3098
25560
12707
11734
5313
27805
14952
8531
15659
6892
471
8381
27666
1960
8370
21223
5163
8357
1914
27620
14867
2014
27679
14826
29276
16423
23772
10919
26414
26496
790
1927
1912
8333
26686
980
17370
4517
14156
27020
1314
22837
35690
457
18836
12972
130
14857
8436
27721
2015
12361
31624
36490
30091
17238
4385
36415
12496
28573
15720
35005
9299
2878
34975
9269
15690
36274
10568
3284
25776
12923
6502
22362
35215
14493
25651
18377
31230
35997
10291
3870
667
34314
22791
9938
16370
3517
243
13096
32381
6675
19506
32359
25938
24370
11517
5096
33923
17153
30006
4300
1097
23424
10571
34631
10929
36613
30334
4628
33496
20643
4613
14252
20684
7831
1410
15553
9072
28335
4144
4133
16986
944
12118
18550
5697
31381
10629
29929
17076
4223
28332
15479
2626
32147
6441
25704
29293
3587
6805
26090
384
5166
3457
22686
9833
30823
17970
5117
9436
3015
22278
22004
9151
1154
16234
29098
3392
29076
34996
9290
9268
34974
23795
25502
12649
6228
29698
3992
778
13631
789
34381
21528
8675
15941
9520
3099
25531
12678
34017
8311
1890
33920
11586
5165
34074
8368
22021
9168
34818
21965
2765
12933
19365
6512
91
33815
8109
27394
1688
16885
4043
13682
840
11222
17654
4801
25589
16929
29793
4087
20158
7305
13696
7143
16743
3901
698
35867
10161
23003
10116
29401
3695
5373
24231
11378
4957
27460
1754
33784
11236
4815
14379
20789
33642
1702
6529
17199
4346
26849
1143
26713
28781
15928
35213
22360
9507
3086
30307
8412
21243
34096
10165
26232
526
19800
6947
9058
25073
35635
3530
16282
9861
6658
237
17932
5079
27571
14718
34003
8297
27582
1876
537
2062
33214
9304
6071
2853
31721
18868
24503
11650
18082
5229
4113
4038
25215
12362
5941
31636
18783
16911
29775
16922
4069
10445
4024
23287
866
5603
4782
20756
33609
25590
12737
557
14996
2154
8512
2091
34121
4641
6518
97
6617
196
29046
3340
16193
13005
32290
19437
6584
12334
25176
5424
34273
21420
8567
21398
34251
6314
25588
12735
7812
11165
4744
1530
14383
27247
1541
11995
1088
12478
6099
28602
15749
2896
34138
31017
5311
520
23767
10914
4493
14132
7711
33402
20549
7696
4358
26850
1144
13997
1155
26214
508
14940
2087
11666
30951
5245
24508
4616
27119
1413
12682
36592
1
1547
33577
27299
14446
33731
20878
8025
35602
22749
9896
3475
272
11448
5027
33427
20574
7721
27021
1315
17299
4446
1232
14085
1243
14070
20502
7649
31797
18944
6091
12512
117
20164
7311
890
16875
4155
12761
25603
19182
23955
3149
15976
9555
20712
7859
23278
10425
801
647
26353
28068
2362
28061
15208
21680
8827
12446
31709
2963
28633
2927
15739
12126
24968
23490
10637
29922
4216
1013
28125
15272
8851
35420
9714
16146
3293
6511
90
219
29892
4186
7404
26689
983
12129
26607
901
2399
8760
28023
8724
2303
24765
11912
26338
13485
7064
19906
3791
6994
7009
8573
29323
3617
35722
32718
7012
591
33502
15869
35154
22301
9448
26120
414
30824
5118
1915
3949
746
2316
12677
6256
3101
25563
12710
4653
17132
4279
1076
4306
9028
28302
15449
2681
21899
4278
3535
13174
332
21949
2686
31439
5733
31417
4154
10575
26107
401
220
32347
6641
235
11429
17861
5008
11414
33794
8088
33772
10128
35834
3718
16571
29771
4065
32989
7283
862
20094
7241
36172
10466
4045
24907
12054
5633
24896
929
1325
23757
10904
23746
20173
12188
35637
11670
5249
13171
329
32346
19493
24167
11325
27411
14558
8137
1716
18038
5185
8328
34012
17288
4435
28490
2784
18788
31641
3407
9798
29072
16219
6625
25910
204
122
3244
5059
6794
373
21211
8358
2243
15055
465
3659
14572
11797
31082
18229
5376
34203
2560
9680
28965
3259
28883
12883
19315
6462
4041
838
11951
24793
11045
17477
4624
7842
1421
10858
36542
26100
394
33931
16515
30967
5261
33541
20688
33530
6300
10275
3854
13493
26357
651
8636
10783
17215
4362
7535
8682
2261
3709
6927
26212
506
29329
16476
22864
5297
18628
21936
9083
2662
15504
21891
9038
34722
12403
23656
10803
4382
352
36515
10809
17241
4388
36459
23606
11801
9482
28767
3061
6264
30364
4658
7876
20714
7861
33490
20637
20424
7571
1150
191
13730
6176
12597
31815
30345
4639
1436
7827
14248
15812
22233
546
19763
6910
13331
10068
22899
35752
519
8212
4949
24212
15531
2689
25151
12298
23572
10719
4298
26801
1095
31429
2647
18673
5820
25083
18662
27946
2240
10348
3927
26430
724
12463
12452
25305
14102
1260
33290
30053
4347
18711
6852
26137
431
14837
8416
5168
14807
21239
8386
1965
10043
8461
2040
30934
5228
11649
8446
35677
9971
17979
5126
33953
9941
3520
9866
35550
12392
18813
4242
10582
4239
1036
18614
5761
12182
31456
18603
28232
15379
28221
3418
215
30640
17787
4934
1731
30580
4874
30558
28204
15351
2498
14520
1678
27343
14490
3347
6565
33061
7355
934
26618
481
6335
12756
9778
3357
35387
17804
4951
7971
11129
30392
7935
27198
14422
29641
3935
13574
732
23191
10338
3917
13541
19973
7120
34269
26690
13837
5134
11525
9845
29130
3424
6642
25927
221
35454
5033
11147
30410
27289
1583
2972
25404
12551
25393
16704
10283
3862
7080
659
27885
2179
15032
20984
8131
9857
3436
5051
11457
16503
14363
1521
23942
11
11190
18517
10409
36104
23251
3988
36040
10334
23165
36018
529
19704
6851
19693
5302
27764
14911
2039
27674
1968
14821
8400
12979
137
20074
7221
800
16288
29152
3446
26707
1001
2517
4096
23359
18218
5365
2914
2661
16250
3408
25911
205
16175
9754
35438
30055
4349
26852
1146
5904
12325
12844
19265
2
17629
4787
24046
11193
13967
7546
1125
17380
30233
20650
7797
27071
14218
28673
2967
2907
16639
312
4276
1073
25994
288
8804
2383
11992
3156
15953
35227
22374
11210
17642
4789
11195
3201
6404
281
22661
35514
437
748
18203
5350
31059
5353
34180
22924
35777
7268
26531
30658
4952
11343
17764
16771
3929
7463
26748
1042
15481
28169
15316
8895
21726
34579
30074
4368
10752
36458
10774
16098
53
35242
9536
28799
19162
6309
31993
11265
30550
4844
29527
23581
36434
9252
31418
5712
12100
881
25838
132
893
30634
17781
4928
9596
35280
34049
8440
12272
25114
17952
5099
11592
5171
12410
5978
18831
28565
15712
2870
5703
13745
903
32087
19234
19545
32398
6692
1868
12969
32254
6548
127
8169
1748
9074
28359
2653
36422
23569
10716
30001
17148
4295
1092
9765
3344
25847
141
25791
12938
6613
192
14588
1735
886
13788
946
3439
6657
236
8254
27539
1833
5683
24946
28270
2564
12158
2546
10988
4567
27070
1364
16546
10125
13343
6922
501
21818
8965
18624
5771
8168
21010
27453
1747
20991
8138
32192
4962
26786
13933
7512
29973
17120
4267
3952
32779
30043
17190
4337
1134
2659
17026
36289
10707
4286
7444
30804
17951
5098
24316
6725
13146
13834
992
28203
15350
28214
2508
24925
12072
5651
4995
1792
17902
5049
27552
1846
3037
22802
9949
12589
6168
26676
970
12092
18513
419
25389
12536
31821
6115
24827
11974
18406
5553
21609
8756
25441
12588
31873
6167
31851
3246
43
7983
12708
25550
2984
9330
2909
22161
35014
30292
4608
3868
6172
25435
16690
3848
7066
18172
5319
8537
11680
27844
14991
31043
5337
8555
2134
20924
8071
27356
1650
30559
17706
4853
4817
18820
29061
3355
161
17817
4964
27467
1761
35216
22363
30231
4525
36555
22318
9465
3044
24563
1289
14056
33319
14078
26931
36495
1442
15046
19983
7130
709
11061
4640
10881
17313
4460
36602
10896
4475
14114
1272
33302
11015
4594
10107
18472
5619
1596
17570
30423
9725
3304
101
11280
32518
6812
32496
29436
16583
10162
3741
32650
6944
5236
11597
30860
5227
2024
34054
15696
6012
25275
10974
30259
4553
25712
6
19247
6394
35327
9621
3200
35291
9585
3164
28803
3119
6262
31946
3922
23122
20101
7248
827
31306
18453
5600
24859
12006
16863
25859
13006
28857
3151
1446
33476
409
3594
32503
6797
22845
562
30834
5128
1925
1142
22013
9160
2739
34870
22017
9164
22006
1236
30145
4439
22230
35083
28041
15188
28052
2346
15071
27935
2229
20127
7274
853
1163
31506
9734
3313
110
4901
15605
9674
19324
6471
50
28355
15502
28366
2660
9235
2814
19377
6524
27354
17795
4942
8160
1739
32852
7146
725
24781
11928
5507
4193
990
362
5153
12017
18449
5596
21570
34423
28778
3072
0
11248
4827
60
9594
6103
12524
32672
6966
15763
9342
2921
34973
9267
22098
34951
32879
7173
26458
752
17844
4991
8209
1788
33818
13477
7056
635
9265
15704
2862
6113
6669
248
8321
1900
11524
5103
951
24917
12064
22727
9874
3453
10139
16542
5180
34089
8383
4051
848
5594
6499
147
806
13029
6608
187
6428
7
12684
9313
555
1361
17417
4564
13421
6659
238
16351
3509
6727
6454
511
11705
5284
11690
35949
10243
3822
2684
34714
3188
26837
1131
24714
11861
5440
27943
2237
11831
18252
1113
19966
7113
30623
4917
13835
34705
8999
24588
11735
5314
11720
1883
23409
10556
26342
13489
4331
957
36245
10539
283
28002
2296
18352
5499
3715
6933
512
36594
10888
4250
1047
1909
24330
15324
2482
18497
26192
486
30430
17577
26764
1058
36352
23499
10646
4225
463
2051
18107
5254
6458
37
7338
26623
917
22529
9676
52
22439
9586
28871
3165
31992
51
3182
32339
6633
212
27452
1746
