15378
15377
15376
15375
15374
15373
15372
15371
15370
15369
15368
15367
15366
15365
15364
15363
15362
15361
15360
15358
15357
15356
15355
15354
15353
15351
15350
15349
15348
15347
15346
15345
15344
15343
15342
15341
15340
15339
15338
15337
15336
15335
15334
15333
15332
15331
15330
15329
15328
15327
15325
15324
15322
15321
15318
15316
15315
15314
15313
15312
15310
15309
15308
15307
15304
15301
15300
15299
15298
15297
15296
15295
15294
15293
15292
15291
15290
15287
15286
15285
15284
15283
15281
15280
15279
15278
15277
15275
15274
15273
15272
15271
15270
15269
15268
15267
15266
15265
15264
15263
15262
15261
15260
15259
15258
15257
15256
15255
15251
15250
15249
15248
15247
15246
15245
15244
15243
15242
15241
15239
15238
15237
15236
15235
15234
15233
15232
15231
15230
15228
15227
15226
15225
15224
15222
15221
15219
15215
15214
15213
15212
15211
15209
15206
15205
15204
15203
15202
15201
15200
15199
15198
15197
15196
15195
15194
15193
15192
15191
15190
15189
15188
15186
15185
15184
15183
15182
15181
15180
15179
15178
15177
15176
15174
15173
15172
15171
15170
15168
15167
15166
15165
15164
15163
15162
15161
15160
15159
15158
15157
15156
15155
15154
15153
15152
15151
15150
15149
15148
15147
15144
15143
15142
15141
15140
15139
15138
15137
15136
15135
15134
15133
15132
15131
15130
15129
15128
15127
15126
15125
15124
15123
15122
15121
15120
15119
15118
15117
15116
15115
15114
15113
15112
15109
15108
15107
15106
15105
15104
15102
15100
15099
15098
15097
15096
15095
15094
15093
15091
15090
15089
15088
15087
15085
15084
15082
15080
15079
15078
15077
15076
15075
15074
15072
15070
15069
15068
15067
15066
15065
15064
15063
15062
15061
15060
15058
15057
15055
15054
15053
15052
15051
15049
15048
15045
15044
15043
15042
15041
15040
15039
15037
15036
15035
15034
15033
15032
15030
15029
15028
15027
15026
15025
15024
15023
15022
15021
15018
15017
15016
15015
15014
15013
15012
15011
15010
15009
15008
15007
15006
15005
15004
15003
15002
15001
15000
14999
14998
14997
14996
14995
14993
14992
14991
14990
14989
14988
14987
14986
14984
14983
14982
14981
14980
14979
14978
14977
14976
14975
14974
14973
14972
14971
14970
14969
14966
14965
14964
14963
14962
14960
14959
14956
14955
14954
14953
14952
14951
14950
14949
14948
14947
14946
14945
14944
14943
14942
14941
14940
14939
14938
14937
14936
14935
14934
14933
14932
14931
14930
14929
14928
14927
14926
14924
14923
14922
14921
14920
14919
14918
14917
14915
14914
14913
14912
14911
14910
14909
14908
14907
14906
14905
14904
14903
14902
14901
14900
14899
14898
14897
14896
14894
14893
14892
14891
14890
14889
14888
14887
14886
14885
14882
14881
14880
14879
14878
14877
14876
14875
14874
14873
14871
14870
14868
14867
14865
14864
14863
14862
14861
14859
14858
14857
14856
14855
14854
14853
14852
14851
14850
14849
14848
14847
14846
14845
14844
14843
14842
14841
14840
14839
14838
14837
14836
14835
14834
14833
14832
14831
14828
14826
14825
14823
14822
14820
14819
14817
14816
14815
14814
14811
14810
14809
14808
14807
14806
14805
14804
14803
14802
14801
14799
14798
14797
14796
14795
14794
14793
14792
14790
14789
14788
14787
14786
14785
14784
14783
14782
14781
14780
14779
14778
14777
14775
14774
14773
14772
14771
14770
14769
14768
14767
14766
14765
14764
14763
14762
14761
14760
14759
14758
14757
14756
14755
14754
14753
14752
14751
14750
14749
14748
14745
14744
14743
14742
14740
14739
14738
14737
14736
14735
14734
14733
14732
14731
14730
14729
14728
14727
14726
14725
14724
14723
14722
14721
14719
14715
14714
14713
14712
14710
14709
14708
14707
14706
14703
14701
14700
14699
14698
14697
14696
14695
14694
14691
14690
14689
14688
14687
14686
14685
14683
14682
14680
14679
14678
14677
14674
14673
14672
14671
14670
14669
14668
14667
14666
14665
14664
14663
14662
14661
14660
14659
14658
14657
14656
14655
14653
14652
14651
14649
14648
14647
14646
14645
14644
14643
14642
14641
14640
14638
14637
14636
14635
14634
14633
14632
14631
14630
14629
14628
14627
14626
14625
14624
14623
14621
14619
14618
14617
14616
14615
14614
14613
14612
14611
14610
14608
14607
14606
14605
14602
14601
14600
14599
14598
14597
14596
14595
14594
14593
14591
14590
14589
14588
14587
14586
14585
14584
14583
14582
14581
14580
14579
14578
14577
14576
14574
14573
14572
14571
14570
14569
14568
14567
14566
14565
14564
14563
14561
14560
14559
14558
14557
14556
14555
14554
14552
14551
14550
14549
14548
14547
14545
14544
14543
14542
14541
14540
14539
14538
14537
14536
14535
14534
14533
14532
14531
14530
14529
14528
14527
14526
14525
14524
14523
14522
14521
14520
14519
14518
14517
14516
14515
14514
14513
14512
14511
14510
14509
14508
14507
14506
14505
14504
14503
14501
14500
14499
14498
14497
14495
14494
14493
14492
14489
14488
14487
14486
14485
14484
14483
14482
14481
14480
14478
14477
14476
14475
14474
14473
14472
14471
14470
14469
14468
14466
14465
14464
14463
14462
14461
14460
14459
14458
14457
14456
14455
14454
14453
14452
14451
14450
14449
14448
14447
14444
14443
14442
14441
14440
14439
14438
14437
14436
14435
14433
14432
14431
14430
14429
14426
14425
14424
14423
14422
14421
14420
14419
14418
14417
14416
14415
14414
14413
14412
14411
14410
14409
14408
14407
14406
14405
14404
14403
14402
14401
14400
14399
14398
14397
14396
14395
14394
14393
14392
14391
14390
14388
14387
14386
14385
14384
14383
14382
14381
14380
14379
14378
14377
14376
14375
14374
14373
14372
14371
14370
14369
14368
14367
14365
14364
14363
14362
14361
14360
14359
14358
14357
14356
14355
14354
14353
14352
14351
14350
14349
14348
14347
14346
14345
14344
14343
14342
14341
14340
14339
14338
14337
14336
14335
14334
14333
14332
14331
14330
14329
14328
14327
14326
14325
14324
14323
14322
14319
14318
14317
14316
14315
14314
14313
14312
14311
14310
14309
14308
14307
14305
14304
14303
14302
14301
14300
14299
14298
14297
14296
14295
14294
14293
14292
14291
14290
14289
14288
14287
14286
14285
14284
14283
14282
14281
14280
14279
14278
14277
14276
14274
14273
14272
14271
14270
14269
14268
14266
14265
14263
14262
14261
14260
14259
14258
14257
14256
14255
14254
14253
14252
14251
14250
14249
14248
14247
14245
14244
14243
14242
14241
14240
14239
14238
14237
14236
14235
14233
14232
14231
14230
14229
14228
14227
14226
14225
14224
14223
14222
14221
14220
14219
14218
14217
14216
14215
14214
14213
14211
14209
14208
14207
14206
14204
14203
14202
14201
14200
14199
14198
14197
14196
14195
14194
14193
14192
14191
14190
14189
14188
14187
14186
14185
14184
14183
14182
14181
14180
14179
14177
14176
14175
14174
14173
14172
14170
14169
14168
14167
14166
14165
14164
14163
14162
14161
14160
14159
14158
14157
14156
14155
14154
14153
14152
14151
14149
14146
14145
14144
14143
14142
14141
14140
14139
14138
14137
14136
14135
14134
14133
14132
14131
14130
14129
14128
14126
14125
14124
14123
14120
14119
14118
14117
14116
14115
14114
14113
14112
14111
14109
14108
14107
14106
14105
14104
14103
14102
14100
14099
14098
14097
14096
14095
14094
14093
14092
14091
14090
14089
14088
14087
14086
14085
14084
14083
14082
14081
14080
14079
14078
14077
14075
14073
14072
14070
14069
14068
14067
14066
14065
14064
14063
14061
14060
14058
14057
14056
14055
14054
14052
14051
14050
14049
14048
14047
14046
14045
14044
14043
14042
14041
14040
14039
14038
14037
14036
14035
14034
14033
14032
14031
14030
14029
14028
14027
14025
14024
14023
14022
14021
14019
14018
14017
14016
14015
14014
14013
14012
14011
14010
14009
14008
14007
14006
14005
14004
14001
13999
13998
13997
13996
13995
13994
13993
13992
13991
13990
13989
13988
13987
13986
13985
13984
13983
13981
13980
13978
13977
13975
13974
13973
13972
13971
13970
13969
13968
13967
13966
13965
13962
13961
13960
13959
13958
13957
13956
13953
13950
13948
13947
13945
13944
13943
13942
13941
13940
13939
13938
13937
13936
13935
13934
13933
13932
13930
13929
13928
13923
13919
13874
13872
13871
13870
13869
13797
13794
13764
13735
13734
13733
13711
13710
13708
13676
13675
13674
13666
13665
13633
13616
13606
13604
13597
13591
13570
13513
13508
13507
13505
13487
13485
13476
13466
13462
13445
13425
13404
13375
13274
13273
13272
13271
13228
13210
13207
13202
13199
13191
13188
13166
13164
13160
13138
13094
13093
13091
13068
13059
13058
13025
13015
13012
13010
13007
12997
12993
12992
12986
12977
12957
12956
12954
12915
12904
12903
12902
12898
12897
12892
12863
12856
12848
12847
12846
12845
12844
12843
12842
12841
12840
12839
12838
12837
12836
12835
12834
12833
12832
12831
12830
12829
12828
12827
12825
12822
12821
12820
12819
12818
12817
12816
12815
12814
12813
12812
12811
12810
12809
12808
12807
12806
12805
12804
12803
12802
12801
12800
12799
12798
12797
12796
12795
12794
12793
12792
12791
12790
12789
12786
12785
12784
12783
12782
12781
12780
12779
12778
12777
12776
12775
12774
12773
12772
12771
12768
12767
12766
12765
12764
12763
12762
12761
12760
12759
12758
12756
12755
12754
12753
12750
12749
12748
12747
12746
12744
12743
12741
12740
12738
12737
12735
12734
12733
12732
12731
12730
12729
12728
12727
12726
12725
12723
12722
12721
12720
12719
12718
12717
12716
12715
12714
12713
12712
12711
12710
12708
12707
12706
12705
12704
12703
12702
12701
12699
12698
12697
12695
12693
12692
12691
12690
12689
12688
12687
12686
12685
12684
12683
12682
12680
12679
12677
12676
12675
12672
12671
12669
12668
12667
12666
12665
12664
12663
12660
12657
12656
12655
12654
12653
12652
12651
12649
12648
12647
12646
12645
12644
12643
12642
12641
12640
12639
12638
12637
12636
12635
12634
12633
12632
12631
12630
12629
12628
12627
12626
12625
12624
12623
12622
12621
12620
12619
12618
12617
12616
12615
12613
12612
12611
12610
12609
12608
12607
12606
12605
12604
12603
12602
12601
12600
12599
12598
12597
12595
12594
12592
12591
12590
12589
12588
12587
12586
12585
12584
12583
12582
12581
12580
12579
12578
12577
12576
12575
12574
12573
12572
12571
12570
12569
12568
12567
12566
12565
12564
12563
12562
12561
12560
12559
12558
12557
12556
12555
12553
12552
12549
12547
12546
12545
12544
12543
12542
12541
12540
12538
12536
12534
12533
12532
12531
12529
12528
12527
12526
12525
12524
12523
12522
12521
12520
12519
12518
12517
12516
12515
12514
12513
12511
12510
12508
12507
12506
12505
12504
12503
12502
12501
12500
12499
12498
12497
12495
12494
12493
12492
12491
12490
12489
12488
12487
12486
12485
12484
12483
12481
12480
12479
12478
12477
12476
12475
12474
12473
12472
12466
12465
12464
12463
12462
12461
12460
12459
12458
12457
12456
12455
12454
12453
12452
12451
12450
12449
12448
12447
12446
12445
12444
12443
12442
12441
12440
12439
12438
12437
12432
12431
12430
12429
12428
12427
12426
12425
12424
12423
12422
12421
12420
12419
12418
12416
12415
12413
12412
12411
12410
12409
12408
12407
12406
12405
12404
12403
12402
12401
12400
12398
12397
12396
12395
12394
12393
12392
12391
12390
12389
12388
12386
12385
12383
12382
12381
12380
12379
12378
12377
12376
12374
12373
12371
12369
12367
12366
12365
12364
12363
12362
12361
12360
12359
12358
12357
12356
12355
12354
12353
12352
12351
12350
12349
12348
12347
12346
12345
12344
12343
12342
12341
12340
12338
12337
12336
12335
12334
12333
12332
12331
12330
12329
12328
12327
12326
12325
12324
12323
12322
12321
12320
12319
12318
12317
12316
12315
12314
12313
12312
12311
12310
12309
12308
12307
12305
12304
12303
12302
12301
12300
12299
12298
12297
12296
12295
12294
12293
12292
12291
12289
12288
12286
12285
12284
12283
12282
12281
12280
12279
12278
12277
12276
12275
12274
12273
12272
12271
12270
12269
12263
12262
12261
12260
12259
12258
12257
12256
12255
12254
12253
12252
12251
12250
12249
12248
12247
12246
12245
12244
12243
12242
12241
12240
12239
12238
12237
12236
12235
12234
12233
12231
12230
12229
12228
12227
12226
12225
12224
12223
12222
12221
12220
12219
12218
12217
12216
12215
12214
12213
12212
12210
12209
12208
12207
12206
12205
12204
12203
12201
12200
12198
12197
12196
12195
12194
12193
12192
12191
12189
12188
12186
12185
12184
12183
12182
12181
12180
12179
12178
12177
12176
12175
12174
12173
12172
12171
12170
12169
12168
12167
12165
12164
12162
12161
12160
12159
12158
12155
12154
12153
12152
12151
12150
12149
12146
12145
12143
12142
12141
12140
12139
12138
12137
12136
12135
12134
12133
12132
12131
12130
12129
12128
12127
12126
12125
12124
12123
12122
12120
12119
12118
12117
12116
12115
12114
12113
12112
12111
12110
12109
12108
12107
12106
12104
12103
12102
12101
12098
12097
12095
12094
12093
12092
12091
12090
12089
12087
12086
12084
12083
12081
12080
12079
12078
12077
12076
12075
12074
12073
12072
12066
12065
12064
12063
12062
12061
12060
12059
12058
12057
12056
12055
12054
12053
12052
12051
12050
12049
12048
12047
12046
12045
12044
12043
12042
12040
12039
12038
12037
12036
12035
12034
12033
12032
12031
12029
12027
12026
12025
12024
12023
12022
12021
12020
12019
12018
12017
12016
12015
12014
12013
12012
12011
12010
12009
12007
12006
12005
12004
12003
12002
12001
12000
11999
11998
11997
11996
11995
11994
11992
11991
11990
11989
11988
11987
11986
11985
11984
11983
11982
11981
11980
11979
11978
11977
11976
11975
11974
11973
11972
11971
11970
11969
11968
11967
11966
11965
11964
11961
11958
11955
11954
11953
11952
11951
11950
11949
11948
11946
11945
11944
11943
11942
11941
11940
11939
11938
11937
11936
11935
11934
11933
11932
11931
11930
11929
11928
11927
11926
11925
11924
11923
11922
11921
11919
11917
11916
11915
11914
11913
11912
11911
11910
11909
11908
11907
11904
11903
11902
11901
11900
11899
11898
11897
11896
11895
11894
11893
11892
11891
11890
11889
11888
11887
11886
11885
11884
11883
11882
11881
11875
11874
11873
11872
11871
11870
11869
11868
11867
11866
11865
11864
11863
11862
11861
11860
11859
11858
11857
11856
11855
11854
11853
11852
11851
11849
11848
11847
11846
11845
11844
11843
11842
11841
11840
11839
11838
11837
11836
11835
11834
11833
11832
11831
11830
11829
11828
11827
11826
11825
11824
11823
11822
11821
11820
11819
11818
11816
11815
11814
11813
11812
11811
11810
11809
11807
11806
11804
11803
11801
11800
11799
11798
11797
11796
11795
11794
11793
11792
11791
11790
11789
11788
11787
11786
11785
11784
11783
11782
11781
11780
11778
11777
11776
11775
11774
11773
11772
11770
11769
11768
11767
11766
11765
11764
11763
11762
11761
11760
11759
11758
11757
11756
11755
11754
11753
11752
11751
11749
11748
11747
11746
11745
11744
11743
11741
11740
11739
11738
11737
11736
11735
11734
11733
11732
11729
11727
11726
11725
11724
11723
11722
11721
11720
11719
11718
11717
11716
11715
11714
11713
11712
11711
11710
11707
11706
11705
11704
11703
11702
11701
11700
11699
11698
11697
11696
11695
11694
11693
11692
11691
11690
11689
11688
11687
11686
11685
11684
11678
11677
11676
11675
11674
11673
11672
11671
11670
11669
11668
11667
11666
11665
11664
11663
11662
11661
11660
11659
11658
11657
11656
11655
11654
11653
11652
11651
11650
11649
11648
11647
11646
11645
11644
11643
11642
11641
11640
11639
11638
11637
11636
11635
11634
11633
11632
11631
11630
11629
11628
11627
11626
11625
11624
11623
11622
11621
11620
11619
11618
11617
11616
11615
11614
11613
11612
11611
11610
11609
11608
11607
11606
11605
11604
11603
11602
11601
11600
11599
11598
11597
11595
11594
11593
11592
11591
11590
11589
11588
11587
11586
11585
11584
11583
11580
11579
11578
11577
11576
11574
11573
11572
11571
11570
11569
11568
11567
11566
11565
11564
11562
11561
11560
11559
11558
11556
11555
11554
11553
11552
11551
11550
11549
11548
11547
11546
11543
11541
11540
11539
11538
11537
11536
11535
11534
11533
11532
11531
11529
11528
11527
11526
11525
11524
11523
11522
11521
11519
11518
11516
11515
11514
11513
11512
11511
11510
11509
11508
11507
11506
11505
11504
11503
11501
11500
11499
11498
11497
11496
11495
11493
11492
11491
11490
11489
11488
11487
11486
11483
11482
11481
11480
11479
11478
11477
11476
11475
11474
11473
11472
11471
11470
11469
11468
11467
11466
11465
11463
11462
11461
11460
11459
11458
11457
11456
11455
11454
11453
11452
11451
11450
11449
11448
11447
11446
11445
11444
11443
11442
11441
11440
11439
11438
11436
11435
11433
11427
11426
11425
11424
11423
11422
11421
11419
11418
11416
11415
11414
11413
11412
11411
11410
11409
11408
11407
11406
11405
11404
11403
11402
11401
11400
11399
11398
11397
11396
11395
11394
11393
11392
11391
11390
11389
11388
11387
11386
11385
11384
11383
11382
11381
11380
11379
11378
11377
11376
11375
11374
11373
11372
11371
11370
11369
11368
11367
11366
11365
11364
11363
11362
11361
11360
11359
11358
11357
11356
11355
11354
11353
11352
11351
11350
11349
11348
11347
11346
11345
11344
11343
11342
11341
11340
11339
11338
11337
11336
11335
11334
11331
11330
11329
11328
11326
11325
11324
11323
11322
11321
11320
11319
11318
11316
11314
11313
11311
11310
11309
11308
11307
11306
11305
11304
11303
11302
11301
11300
11298
11295
11293
11292
11291
11290
11289
11288
11286
11285
11284
11283
11282
11281
11280
11279
11277
11276
11275
11274
11273
11272
11271
11270
11269
11268
11267
11266
11265
11263
11262
11260
11259
11258
11257
11256
11255
11254
11253
11251
11250
11248
11247
11246
11245
11244
11243
11242
11241
11240
11239
11238
11237
11236
11235
11234
11233
11232
11231
11230
11224
11223
11222
11221
11220
11219
11215
11214
11213
11212
11211
11210
11209
11208
11207
11206
11205
11204
11203
11202
11201
11200
11199
11198
11197
11196
11195
11194
11193
11192
11191
11190
11189
11188
11186
11185
11184
11183
11182
11181
11180
11179
11178
11177
11176
11175
11174
11173
11171
11170
11169
11168
11167
11166
11165
11164
11163
11162
11161
11160
11159
11158
11157
11156
11155
11154
11153
11152
11151
11150
11149
11148
11147
11146
11145
11144
11143
11142
11141
11140
11139
11138
11137
11136
11135
11134
11133
11132
11131
11129
11128
11125
11124
11123
11122
11121
11120
11119
11118
11117
11116
11115
11114
11113
11112
11111
11110
11109
11108
11107
11106
11105
11104
11103
11102
11101
11100
11098
11097
11096
11095
11094
11093
11092
11091
11090
11089
11088
11086
11085
11084
11083
11082
11081
11080
11079
11078
11077
11076
11075
11074
11073
11072
11071
11070
11069
11068
11066
11065
11064
11063
11062
11061
11060
11059
11058
11057
11056
11055
11054
11053
11052
11051
11050
11049
11048
11047
11046
11045
11044
11042
11041
11040
11039
11033
11032
11031
11030
11029
11028
11027
11026
11024
11023
11022
11021
11020
11019
11018
11017
11016
11015
11014
11013
11012
11011
11010
11009
11008
11007
11006
11005
11004
11003
11002
11001
11000
10999
10998
10997
10996
10995
10994
10993
10992
10991
10990
10989
10988
10987
10986
10985
10984
10983
10982
10981
10980
10979
10978
10977
10976
10975
10974
10973
10972
10971
10970
10969
10968
10967
10966
10965
10964
10962
10961
10960
10959
10958
10956
10955
10954
10953
10952
10949
10948
10947
10946
10945
10944
10943
10940
10939
10937
10936
10935
10934
10933
10932
10931
10930
10929
10928
10927
10926
10925
10924
10923
10922
10921
10920
10919
10918
10917
10916
10915
10914
10913
10912
10911
10910
10909
10908
10907
10906
10905
10904
10903
10902
10901
10899
10898
10896
10895
10894
10893
10892
10890
10887
10886
10884
10883
10881
10880
10879
10878
10877
10875
10874
10873
10872
10871
10870
10869
10868
10867
10866
10865
10864
10863
10862
10861
10860
10859
10857
10856
10855
10854
10853
10852
10851
10850
10849
10848
10847
10846
10845
10844
10843
10842
10836
10835
10834
10833
10831
10830
10829
10828
10827
10826
10825
10824
10823
10822
10821
10820
10819
10818
10817
10816
10815
10814
10813
10812
10811
10810
10809
10808
10807
10806
10805
10804
10803
10802
10801
10800
10799
10798
10797
10796
10795
10794
10793
10792
10791
10790
10789
10788
10787
10786
10785
10784
10783
10782
10781
10780
10779
10776
10774
10773
10772
10770
10768
10767
10766
10765
10764
10763
10762
10761
10760
10759
10758
10757
10756
10755
10754
10753
10752
10751
10749
10748
10747
10746
10745
10743
10742
10740
10739
10738
10737
10736
10735
10734
10733
10732
10731
10730
10729
10728
10727
10726
10725
10724
10723
10722
10721
10720
10719
10718
10717
10714
10711
10709
10708
10707
10706
10704
10703
10702
10700
10699
10698
10697
10696
10695
10694
10693
10692
10691
10690
10689
10688
10687
10686
10685
10684
10683
10682
10681
10680
10679
10678
10676
10673
10672
10671
10670
10669
10668
10667
10666
10665
10664
10663
10662
10661
10660
10659
10658
10657
10655
10654
10652
10651
10649
10648
10647
10646
10645
10644
10643
10642
10640
10639
10638
10637
10636
10635
10634
10633
10632
10631
10630
10629
10628
10627
10626
10625
10624
10623
10622
10621
10620
10619
10618
10617
10616
10615
10614
10613
10612
10611
10610
10609
10608
10607
10606
10605
10604
10603
10602
10601
10600
10599
10598
10597
10594
10593
10592
10591
10590
10589
10588
10587
10586
10585
10583
10582
10581
10580
10579
10578
10577
10576
10575
10574
10573
10572
10571
10570
10567
10566
10565
10564
10563
10562
10561
10560
10559
10558
10557
10555
10554
10553
10552
10551
10549
10548
10547
10546
10545
10544
10543
10542
10541
10540
10539
10538
10537
10536
10535
10534
10532
10531
10529
10528
10527
10526
10524
10523
10522
10521
10520
10519
10518
10517
10516
10515
10514
10508
10507
10506
10505
10504
10503
10502
10501
10500
10499
10498
10497
10496
10495
10494
10493
10491
10490
10488
10487
10486
10485
10484
10483
10482
10481
10480
10479
10478
10477
10476
10475
10474
10473
10472
10471
10470
10469
10468
10467
10466
10465
10464
10463
10461
10460
10459
10458
10457
10455
10454
10453
10452
10451
10449
10448
10447
10446
10445
10444
10443
10442
10441
10440
10439
10438
10437
10436
10435
10434
10433
10432
10431
10430
10429
10428
10427
10425
10424
10423
10422
10421
10420
10419
10418
10416
10415
10414
10413
10410
10409
10408
10407
10406
10405
10403
10401
10400
10399
10398
10397
10396
10395
10394
10392
10391
10390
10389
10388
10387
10386
10385
10384
10383
10382
10381
10379
10377
10376
10375
10374
10373
10372
10371
10370
10369
10368
10367
10366
10365
10364
10363
10362
10361
10360
10359
10358
10357
10356
10355
10354
10353
10352
10350
10349
10348
10347
10346
10345
10344
10343
10342
10341
10340
10338
10337
10336
10335
10334
10333
10332
10331
10330
10329
10328
10326
10325
10324
10323
10322
10321
10320
10319
10318
10317
10316
10315
10314
10313
10312
10311
10310
10309
10308
10307
10306
10305
10304
10303
10302
10301
10300
10299
10296
10292
10291
10290
10289
10288
10287
10286
10285
10284
10282
10281
10280
10279
10278
10277
10276
10275
10274
10273
10272
10271
10270
10269
10268
10267
10266
10265
10264
10263
10262
10261
10260
10259
10258
10257
10256
10255
10254
10253
10252
10251
10250
10249
10248
10247
10246
10245
10244
10243
10242
10241
10240
10239
10238
10237
10236
10235
10234
10233
10232
10231
10230
10229
10228
10227
10225
10224
10223
10222
10219
10218
10217
10216
10215
10214
10212
10207
10206
10205
10204
10203
10202
10200
10198
10197
10196
10195
10194
10193
10192
10191
10190
10189
10188
10187
10186
10185
10184
10183
10182
10180
10179
10178
10177
10176
10175
10173
10172
10171
10170
10169
10167
10164
10162
10161
10160
10159
10158
10157
10156
10155
10153
10152
10151
10150
10149
10148
10147
10146
10145
10144
10143
10141
10140
10139
10138
10137
10136
10135
10134
10133
10132
10131
10130
10129
10128
10126
10125
10124
10123
10122
10120
10119
10118
10117
10116
10114
10113
10112
10111
10110
10109
10108
10107
10106
10105
10104
10103
10102
10099
10095
10094
10093
10091
10090
10089
10088
10087
10085
10084
10083
10082
10081
10080
10079
10078
10077
10076
10075
10074
10073
10072
10070
10069
10067
10066
10065
10064
10063
10062
10061
10060
10058
10057
10056
10055
10054
10052
10051
10049
10048
10047
10046
10045
10044
10043
10042
10041
10040
10039
10038
10037
10036
10035
10034
10033
10032
10031
10030
10029
10028
10027
10026
10025
10024
10023
10022
10021
10020
10019
10016
10015
10014
10013
10012
10011
10009
10006
10005
10004
10003
10002
10001
10000
9999
9998
9997
9996
9995
9994
9993
9992
9991
9990
9989
9988
9986
9985
9984
9982
9981
9980
9979
9978
9976
9973
9971
9970
9969
9968
9967
9966
9965
9964
9963
9962
9961
9959
9958
9957
9956
9955
9954
9953
9952
9951
9950
9949
9948
9947
9946
9945
9944
9943
9942
9941
9940
9938
9937
9935
9934
9933
9932
9931
9930
9929
9928
9927
9926
9925
9924
9923
9916
9915
9914
9912
9911
9910
9909
9908
9907
9906
9905
9904
9903
9902
9900
9899
9898
9897
9896
9895
9894
9893
9891
9890
9888
9887
9886
9885
9884
9883
9882
9881
9879
9878
9877
9876
9875
9873
9872
9870
9869
9868
9867
9866
9865
9864
9863
9862
9861
9860
9858
9857
9855
9854
9853
9852
9848
9847
9846
9845
9844
9843
9842
9841
9840
9839
9837
9836
9834
9833
9830
9828
9827
9826
9824
9823
9821
9820
9819
9818
9817
9816
9815
9814
9813
9812
9811
9810
9809
9808
9807
9806
9804
9803
9802
9801
9800
9799
9798
9797
9795
9794
9793
9791
9790
9789
9788
9787
9786
9785
9784
9783
9782
9781
9780
9779
9778
9777
9776
9775
9774
9773
9772
9771
9770
9769
9768
9767
9766
9765
9764
9763
9762
9761
9760
9759
9758
9757
9756
9755
9753
9752
9751
9750
9749
9748
9747
9746
9745
9744
9742
9741
9740
9738
9737
9736
9735
9734
9732
9731
9730
9729
9728
9727
9726
9725
9724
9723
9722
9721
9720
9719
9718
9717
9716
9715
9714
9713
9712
9711
9710
9709
9708
9707
9706
9705
9704
9702
9701
9699
9698
9697
9696
9690
9689
9688
9687
9685
9684
9683
9682
9681
9680
9679
9678
9677
9676
9675
9674
9673
9672
9671
9670
9669
9668
9667
9666
9665
9664
9663
9662
9661
9658
9657
9656
9655
9654
9653
9652
9651
9650
9649
9648
9647
9646
9645
9644
9643
9642
9641
9640
9639
9638
9637
9636
9634
9633
9632
9631
9629
9628
9627
9626
9625
9624
9623
9622
9621
9620
9619
9618
9617
9616
9615
9614
9613
9612
9611
9610
9609
9608
9607
9606
9605
9604
9603
9602
9601
9600
9599
9598
9597
9596
9594
9591
9589
9588
9587
9586
9585
9584
9583
9582
9581
9580
9579
9578
9576
9573
9572
9568
9565
9564
9563
9562
9561
9560
9559
9558
9557
9556
9555
9554
9553
9552
9551
9550
9549
9548
9547
9545
9544
9542
9541
9540
9539
9538
9537
9536
9535
9533
9532
9531
9530
9529
9528
9527
9526
9524
9523
9521
9520
9519
9518
9517
9516
9515
9514
9513
9512
9511
9510
9509
9508
9507
9506
9505
9504
9503
9502
9501
9500
9499
9498
9497
9496
9494
9493
9492
9491
9490
9489
9488
9487
9486
9485
9484
9482
9481
9480
9479
9478
9477
9476
9475
9473
9472
9471
9470
9469
9468
9467
9466
9465
9464
9463
9462
9461
9460
9459
9458
9455
9454
9453
9452
9451
9450
9449
9448
9447
9446
9445
9444
9442
9440
9439
9438
9437
9436
9433
9432
9431
9430
9429
9428
9427
9426
9425
9424
9423
9422
9421
9420
9419
9418
9417
9416
9415
9413
9412
9411
9410
9409
9407
9406
9404
9403
9402
9401
9400
9399
9398
9397
9396
9395
9394
9393
9392
9391
9390
9389
9388
9387
9386
9385
9384
9383
9382
9381
9379
9378
9377
9376
9373
9371
9370
9369
9368
9362
9361
9360
9359
9357
9356
9355
9354
9353
9352
9351
9350
9349
9348
9347
9346
9345
9344
9343
9342
9341
9340
9339
9338
9337
9336
9335
9334
9333
9332
9331
9330
9329
9328
9327
9326
9325
9324
9323
9322
9321
9320
9319
9318
9317
9315
9314
9313
9312
9311
9310
9309
9308
9307
9306
9305
9304
9303
9302
9301
9300
9299
9298
9297
9296
9295
9294
9293
9291
9290
9288
9287
9285
9284
9283
9282
9281
9280
9279
9278
9277
9276
9275
9274
9273
9272
9271
9270
9269
9268
9267
9266
9265
9263
9262
9261
9260
9259
9258
9257
9254
9253
9252
9251
9250
9249
9248
9246
9245
9244
9243
9242
9241
9240
9239
9238
9237
9236
9235
9234
9233
9232
9231
9230
9229
9228
9227
9226
9225
9224
9222
9221
9220
9219
9215
9214
9212
9209
9207
9206
9205
9204
9203
9202
9201
9200
9199
9198
9197
9195
9194
9193
9192
9191
9190
9189
9188
9187
9186
9185
9184
9182
9180
9179
9178
9177
9171
9170
9169
9168
9167
9166
9165
9164
9163
9162
9161
9160
9159
9158
9157
9156
9154
9152
9151
9150
9149
9148
9143
9142
9141
9140
9139
9138
9137
9136
9135
9134
9133
9132
9131
9130
9127
9126
9124
9123
9122
9121
9120
9119
9118
9117
9116
9115
9114
9112
9111
9110
9109
9108
9107
9106
9105
9104
9103
9102
9101
9100
9099
9098
9097
9096
9095
9094
9093
9092
9091
9090
9088
9087
9086
9085
9084
9083
9082
9081
9080
9079
9078
9076
9074
9073
9072
9071
9070
9069
9067
9066
9065
9064
9063
9062
9061
9060
9059
9058
9057
9056
9055
9054
9053
9052
9051
9050
9049
9048
9047
9046
9045
9044
9043
9042
9041
9040
9039
9036
9035
9033
9032
9031
9030
9028
9027
9026
9025
9024
9023
9022
9021
9020
9019
9018
9016
9015
9014
9013
9012
9011
9010
9009
9008
9007
9006
9005
9004
9003
9002
9001
9000
8999
8998
8997
8996
8995
8994
8992
8991
8988
8987
8982
8981
8979
8978
8976
8974
8973
8972
8971
8970
8969
8968
8967
8966
8964
8963
8961
8960
8959
8958
8957
8956
8955
8954
8953
8952
8951
8950
8949
8948
8947
8946
8945
8944
8943
8942
8941
8940
8939
8938
8932
8931
8930
8929
8928
8927
8926
8925
8924
8923
8921
8920
8919
8918
8917
8916
8915
8914
8913
8912
8911
8910
8909
8908
8906
8905
8904
8903
8902
8901
8900
8899
8898
8897
8896
8895
8894
8893
8892
8891
8890
8889
8888
8887
8886
8885
8884
8883
8882
8881
8880
8879
8878
8877
8876
8875
8874
8873
8872
8871
8870
8869
8868
8867
8866
8864
8863
8862
8861
8859
8858
8857
8856
8855
8854
8853
8852
8851
8850
8849
8848
8847
8846
8845
8843
8842
8841
8840
8839
8837
8836
8835
8834
8833
8832
8831
8830
8829
8828
8827
8826
8825
8824
8823
8822
8821
8820
8819
8818
8817
8816
8815
8814
8812
8811
8810
8809
8807
8806
8805
8804
8803
8802
8801
8800
8798
8797
8796
8795
8794
8792
8791
8790
8789
8785
8784
8782
8781
8780
8779
8778
8777
8776
8774
8773
8772
8771
8770
8769
8767
8766
8765
8764
8763
8762
8761
8760
8759
8758
8757
8756
8755
8754
8753
8752
8751
8750
8749
8748
8747
8746
8745
8743
8742
8740
8737
8734
8733
8732
8731
8730
8729
8723
8722
8721
8720
8719
8718
8717
8716
8715
8714
8713
8712
8711
8710
8709
8708
8707
8706
8705
8704
8703
8702
8701
8700
8699
8698
8697
8696
8695
8694
8693
8691
8690
8689
8688
8687
8686
8685
8684
8683
8682
8681
8680
8679
8678
8677
8676
8675
8674
8673
8672
8671
8670
8669
8668
8667
8666
8665
8664
8663
8661
8660
8659
8658
8656
8655
8654
8652
8651
8650
8649
8648
8647
8646
8645
8644
8643
8642
8641
8640
8639
8637
8636
8635
8634
8633
8632
8631
8630
8628
8627
8626
8625
8624
8623
8622
8621
8620
8619
8618
8616
8615
8614
8613
8612
8611
8610
8609
8606
8605
8604
8600
8599
8597
8595
8594
8593
8592
8591
8590
8588
8587
8586
8585
8584
8583
8582
8581
8580
8579
8578
8577
8576
8575
8574
8573
8572
8571
8570
8569
8568
8567
8566
8565
8564
8563
8562
8561
8560
8559
8558
8557
8556
8555
8554
8553
8552
8551
8550
8549
8548
8547
8546
8544
8543
8542
8541
8540
8539
8538
8537
8536
8534
8532
8531
8530
8529
8528
8527
8526
8525
8524
8523
8522
8520
8519
8518
8516
8514
8513
8512
8511
8510
8509
8508
8507
8506
8504
8503
8502
8501
8499
8498
8497
8496
8495
8494
8493
8492
8490
8489
8488
8487
8486
8484
8483
8482
8481
8480
8478
8472
8471
8470
8469
8468
8467
8466
8465
8464
8463
8462
8461
8460
8459
8458
8457
8456
8455
8454
8453
8452
8451
8450
8449
8448
8447
8446
8445
8444
8443
8442
8440
8439
8438
8437
8436
8435
8434
8433
8432
8431
8430
8428
8427
8426
8425
8424
8423
8422
8421
8420
8419
8418
8417
8416
8415
8414
8413
8412
8410
8409
8408
8407
8406
8405
8404
8403
8402
8401
8400
8399
8398
8397
8395
8393
8392
8391
8389
8388
8387
8386
8385
8384
8383
8382
8381
8380
8379
8378
8377
8376
8375
8374
8373
8372
8371
8370
8369
8368
8367
8366
8365
8362
8361
8360
8359
8358
8357
8356
8355
8354
8353
8352
8351
8350
8349
8348
8347
8346
8345
8344
8343
8342
8341
8340
8339
8338
8337
8335
8334
8333
8332
8331
8330
8329
8328
8327
8326
8325
8323
8322
8321
8320
8319
8318
8317
8316
8315
8313
8312
8311
8310
8309
8308
8307
8306
8304
8303
8302
8301
8300
8299
8296
8292
8291
8290
8289
8288
8287
8285
8284
8283
8282
8281
8280
8279
8278
8276
8273
8272
8271
8270
8269
8268
8267
8266
8265
8264
8263
8262
8261
8260
8259
8258
8257
8256
8255
8254
8253
8252
8251
8249
8248
8246
8245
8244
8243
8242
8241
8240
8239
8238
8237
8236
8235
8234
8233
8232
8231
8230
8229
8228
8227
8226
8225
8224
8223
8222
8221
8219
8218
8217
8216
8215
8214
8213
8212
8211
8210
8209
8208
8207
8206
8205
8204
8203
8202
8201
8200
8199
8198
8197
8195
8194
8193
8192
8191
8190
8189
8188
8187
8185
8183
8182
8181
8180
8179
8178
8177
8176
8175
8174
8173
8172
8171
8170
8169
8168
8167
8166
8165
8164
8162
8161
8160
8159
8158
8157
8156
8155
8154
8153
8152
8151
8150
8149
8148
8147
8146
8145
8144
8143
8141
8140
8137
8135
8134
8131
8130
8129
8128
8127
8126
8125
8124
8123
8122
8119
8118
8117
8116
8115
8114
8113
8112
8111
8110
8108
8102
8101
8100
8099
8098
8097
8096
8095
8094
8093
8092
8091
8088
8087
8086
8085
8084
8083
8082
8081
8080
8079
8078
8077
8076
8075
8074
8073
8072
8071
8070
8069
8068
8067
8066
8064
8063
8061
8060
8059
8058
8057
8056
8055
8054
8053
8052
8051
8050
8049
8048
8047
8046
8045
8043
8042
8040
8039
8038
8037
8036
8034
8033
8031
8030
8029
8028
8027
8026
8025
8024
8023
8022
8021
8020
8019
8018
8017
8016
8015
8014
8013
8012
8011
8010
8009
8008
8007
8006
8005
8004
8003
8002
8001
8000
7999
7998
7997
7996
7994
7993
7992
7991
7990
7989
7988
7987
7986
7985
7984
7983
7982
7981
7980
7979
7978
7977
7973
7972
7970
7969
7968
7967
7966
7965
7964
7963
7962
7961
7959
7958
7956
7955
7953
7952
7951
7950
7949
7948
7947
7946
7945
7944
7943
7942
7941
7940
7939
7938
7937
7936
7935
7934
7933
7931
7930
7928
7927
7926
7925
7922
7921
7920
7919
7918
7917
7911
7910
7909
7908
7907
7906
7905
7904
7903
7902
7901
7900
7899
7898
7897
7896
7895
7894
7893
7892
7891
7890
7888
7887
7886
7885
7884
7882
7881
7880
7879
7878
7877
7876
7875
7874
7873
7872
7871
7870
7869
7868
7867
7866
7865
7864
7863
7862
7861
7860
7859
7858
7857
7856
7855
7854
7853
7852
7851
7850
7849
7848
7847
7846
7844
7843
7842
7840
7836
7835
7834
7833
7832
7831
7830
7829
7828
7827
7826
7825
7824
7823
7822
7821
7820
7819
7818
7817
7816
7815
7813
7812
7810
7809
7808
7807
7806
7805
7804
7803
7802
7801
7800
7799
7798
7797
7796
7795
7794
7793
7792
7788
7787
7785
7784
7783
7782
7781
7780
7779
7776
7775
7774
7773
7772
7771
7770
7769
7768
7767
7766
7765
7764
7763
7762
7761
7760
7758
7757
7755
7754
7753
7752
7751
7750
7749
7748
7747
7746
7745
7744
7743
7742
7741
7740
7739
7738
7737
7736
7735
7734
7733
7732
7731
7730
7729
7728
7727
7726
7725
7724
7723
7722
7720
7719
7718
7717
7716
7715
7714
7713
7712
7710
7709
7707
7704
7703
7701
7700
7699
7698
7697
7696
7695
7694
7692
7691
7690
7689
7688
7687
7686
7685
7684
7683
7682
7681
7680
7678
7677
7676
7675
7674
7673
7672
7671
7670
7669
7668
7667
7666
7660
7659
7658
7657
7656
7655
7654
7653
7652
7651
7650
7649
7648
7647
7646
7645
7644
7643
7642
7641
7640
7639
7638
7637
7636
7635
7634
7633
7632
7631
7630
7629
7628
7627
7626
7625
7624
7623
7622
7621
7619
7618
7617
7616
7615
7614
7613
7612
7611
7610
7609
7608
7607
7606
7605
7604
7603
7601
7600
7599
7598
7597
7596
7595
7594
7593
7592
7591
7590
7589
7588
7587
7586
7585
7583
7580
7578
7577
7576
7575
7574
7573
7572
7571
7570
7569
7568
7567
7566
7565
7564
7563
7562
7561
7560
7559
7558
7557
7555
7554
7552
7551
7550
7549
7547
7546
7545
7544
7543
7542
7541
7540
7539
7538
7537
7536
7535
7534
7533
7532
7531
7530
7529
7528
7526
7525
7524
7523
7522
7519
7517
7516
7515
7514
7513
7512
7511
7510
7509
7508
7507
7506
7505
7504
7503
7502
7501
7499
7498
7497
7495
7494
7493
7492
7491
7490
7489
7486
7485
7484
7483
7482
7481
7475
7473
7472
7470
7469
7467
7466
7465
7464
7463
7462
7461
7460
7458
7456
7455
7454
7453
7452
7447
7446
7445
7444
7443
7442
7441
7440
7439
7438
7437
7436
7435
7434
7433
7432
7431
7430
7429
7428
7427
7425
7424
7423
7422
7421
7420
7419
7418
7417
7416
7415
7414
7413
7412
7411
7410
7409
7408
7407
7406
7405
7404
7403
7402
7401
7400
7399
7398
7397
7395
7394
7393
7391
7390
7389
7388
7387
7386
7385
7383
7382
7380
7379
7378
7377
7376
7375
7374
7373
7372
7371
7370
7369
7368
7367
7364
7363
7362
7361
7360
7359
7358
7357
7355
7354
7353
7352
7350
7349
7348
7347
7346
7345
7344
7343
7342
7341
7340
7339
7338
7337
7336
7335
7334
7333
7332
7331
7329
7328
7327
7326
7325
7323
7322
7321
7320
7319
7318
7317
7316
7315
7314
7313
7312
7310
7308
7307
7306
7305
7304
7303
7302
7301
7300
7299
7298
7297
7295
7293
7292
7291
7290
7287
7284
7283
7282
7281
7280
7279
7278
7276
7275
7274
7273
7272
7271
7270
7269
7268
7267
7266
7265
7264
7263
7261
7260
7258
7257
7256
7255
7252
7251
7249
7248
7247
7246
7245
7244
7243
7242
7241
7240
7239
7238
7237
7236
7235
7234
7233
7232
7231
7230
7228
7227
7226
7225
7224
7222
7221
7220
7219
7218
7217
7216
7215
7214
7213
7212
7211
7210
7209
7208
7207
7206
7205
7204
7203
7202
7201
7200
7199
7198
7197
7196
7195
7194
7193
7192
7191
7190
7189
7188
7186
7185
7183
7182
7181
7180
7179
7178
7177
7176
7175
7174
7173
7172
7171
7170
7169
7168
7167
7166
7165
7164
7163
7162
7161
7160
7159
7158
7157
7156
7155
7154
7153
7152
7151
7149
7148
7146
7145
7144
7143
7142
7141
7140
7139
7138
7137
7136
7135
7134
7132
7131
7130
7129
7128
7127
7126
7125
7123
7122
7121
7120
7119
7118
7117
7116
7115
7114
7113
7112
7111
7110
7109
7108
7107
7106
7105
7104
7103
7101
7100
7099
7098
7097
7095
7094
7093
7092
7091
7090
7089
7088
7087
7086
7085
7083
7082
7080
7079
7078
7077
7076
7075
7074
7073
7072
7071
7070
7069
7068
7067
7066
7065
7064
7063
7062
7060
7059
7058
7057
7051
7050
7049
7048
7047
7046
7045
7044
7043
7042
7041
7040
7039
7038
7037
7036
7035
7034
7033
7032
7031
7030
7029
7028
7027
7026
7025
7024
7023
7022
7021
7020
7019
7018
7016
7015
7014
7013
7012
7010
7009
7008
7007
7006
7005
7004
7003
7002
7001
7000
6999
6998
6997
6996
6995
6994
6993
6992
6991
6990
6989
6988
6987
6986
6985
6984
6983
6982
6981
6980
6979
6978
6977
6976
6975
6974
6973
6972
6971
6970
6969
6968
6967
6966
6965
6964
6963
6962
6961
6960
6959
6958
6957
6956
6955
6954
6953
6952
6951
6950
6949
6948
6946
6945
6943
6941
6940
6939
6938
6937
6936
6935
6934
6933
6932
6931
6930
6929
6928
6927
6926
6925
6923
6922
6921
6920
6919
6918
6917
6916
6913
6912
6911
6910
6909
6908
6907
6906
6905
6904
6903
6902
6901
6900
6899
6898
6897
6896
6895
6892
6891
6889
6887
6886
6885
6883
6882
6881
6880
6879
6878
6872
6871
6870
6869
6868
6867
6866
6865
6864
6863
6862
6861
6860
6859
6858
6857
6856
6855
6853
6852
6851
6850
6849
6848
6847
6846
6845
6844
6843
6842
6841
6840
6839
6838
6837
6836
6835
6834
6833
6832
6831
6830
6828
6827
6825
6824
6822
6821
6820
6819
6818
6817
6816
6815
6814
6813
6812
6811
6810
6809
6807
6806
6805
6804
6803
6801
6800
6799
6798
6797
6795
6794
6793
6792
6791
6790
6789
6788
6787
6786
6785
6784
6783
6782
6781
6780
6779
6778
6777
6776
6775
6773
6772
6771
6770
6769
6768
6767
6766
6764
6763
6762
6761
6759
6758
6757
6756
6755
6754
6753
6752
6751
6750
6749
6748
6747
6746
6744
6743
6742
6741
6740
6738
6737
6735
6731
6730
6729
6728
6727
6725
6723
6721
6719
6717
6716
6715
6713
6710
6709
6708
6707
6706
6705
6704
6703
6702
6701
6699
6698
6696
6695
6694
6693
6687
6686
6685
6684
6683
6682
6681
6680
6679
6678
6677
6676
6675
6674
6673
6672
6670
6668
6667
6666
6665
6664
6663
6662
6661
6660
6659
6658
6657
6655
6654
6653
6652
6651
6650
6649
6648
6647
6646
6645
6643
6642
6641
6640
6639
6637
6636
6634
6631
6630
6629
6628
6627
6625
6624
6622
6621
6619
6618
6616
6615
6614
6613
6612
6611
6610
6609
6608
6607
6606
6605
6604
6603
6602
6601
6600
6598
6583
6580
6578
6565
6561
6560
6554
6545
6525
6522
6483
6472
6470
6466
6465
6460
6434
6431
6424
6419
6418
6417
6415
6413
6412
6411
6410
6409
6408
6407
6406
6404
6403
6402
6401
6400
6399
6398
6397
6396
6395
6394
6393
6392
6391
6390
6389
6388
6387
6386
6385
6384
6383
6382
6380
6379
6378
6377
6376
6375
6374
6373
6372
6371
6370
6368
6367
6365
6361
6360
6358
6357
6355
6354
6353
6352
6351
6350
6349
6347
6346
6345
6344
6343
6342
6341
6340
6338
6337
6336
6335
6334
6333
6332
6331
6330
6328
6327
6326
6325
6323
6317
6316
6314
6313
6312
6311
6310
6309
6308
6307
6306
6305
6304
6303
6302
6301
6300
6299
6298
6297
6296
6295
6294
6293
6291
6290
6288
6287
6286
6285
6284
6283
6282
6281
6280
6278
6277
6276
6273
6272
6271
6270
6269
6267
6266
6265
6264
6261
6258
6257
6256
6255
6254
6251
6250
6249
6248
6247
6246
6245
6244
6243
6242
6241
6240
6239
6238
6236
6235
6234
6233
6232
6231
6230
6228
6227
6226
6225
6224
6223
6222
6221
6220
6219
6218
6217
6216
6215
6214
6213
6212
6211
6210
6209
6208
6207
6206
6205
6204
6200
6199
6197
6196
6195
6194
6193
6192
6191
6190
6189
6188
6187
6186
6185
6184
6183
6182
6180
6179
6178
6177
6176
6175
6174
6173
6172
6171
6170
6169
6168
6167
6166
6165
6164
6163
6162
6161
6160
6159
6158
6157
6156
6155
6154
6153
6152
6151
6150
6148
6146
6145
6143
6142
6141
6140
6139
6138
6137
6136
6134
6132
6131
6130
6129
6128
6126
6125
6124
6123
6122
6121
6120
6119
6117
6116
6115
6113
6112
6111
6110
6109
6108
6107
6106
6105
6104
6103
6102
6101
6099
6098
6097
6096
6090
6089
6088
6087
6086
6085
6084
6082
6081
6080
6079
6078
6077
6076
6075
6074
6073
6072
6071
6070
6069
6068
6067
6066
6065
6064
6063
6061
6060
6058
6057
6056
6055
6054
6053
6052
6051
6050
6049
6048
6045
6044
6043
6042
6041
6040
6039
6038
6037
6036
6035
6034
6033
6032
6031
6030
6029
6028
6027
6026
6025
6024
6023
6022
6021
6020
6019
6018
6017
6016
6015
6013
6010
6009
6008
6007
6006
6005
6004
6003
6002
6001
6000
5999
5998
5997
5995
5994
5993
5992
5991
5990
5989
5988
5987
5986
5985
5983
5982
5980
5979
5977
5976
5975
5974
5973
5972
5971
5970
5969
5968
5967
5965
5964
5963
5962
5961
5960
5959
5958
5957
5956
5955
5954
5953
5952
5951
5950
5949
5948
5946
5945
5944
5943
5942
5941
5939
5938
5937
5936
5935
5934
5933
5932
5931
5930
5929
5928
5927
5926
5925
5924
5923
5922
5921
5920
5919
5918
5917
5911
5909
5908
5907
5906
5905
5903
5902
5901
5900
5899
5898
5897
5896
5895
5894
5892
5891
5890
5889
5888
5883
5882
5881
5880
5879
5878
5876
5875
5874
5873
5872
5871
5870
5869
5868
5867
5866
5865
5864
5863
5862
5861
5860
5858
5857
5856
5855
5854
5853
5852
5851
5850
5849
5848
5847
5846
5845
5844
5842
5841
5840
5839
5838
5837
5836
5835
5834
5833
5832
5831
5830
5829
5828
5827
5826
5825
5824
5822
5821
5819
5818
5817
5816
5815
5814
5813
5812
5811
5810
5809
5808
5807
5806
5805
5804
5803
5802
5801
5800
5799
5798
5797
5796
5795
5794
5793
5792
5791
5789
5788
5787
5786
5785
5784
5783
5782
5781
5780
5779
5777
5776
5775
5774
5773
5772
5771
5770
5768
5767
5764
5763
5762
5761
5760
5759
5758
5756
5752
5751
5749
5748
5747
5746
5745
5743
5742
5741
5740
5739
5738
5737
5734
5733
5732
5731
5730
5729
5728
5727
5726
5725
5723
5722
5721
5720
5717
5714
5713
5712
5711
5710
5709
5708
5707
5706
5705
5704
5703
5702
5701
5700
5699
5698
5697
5696
5695
5694
5693
5691
5690
5689
5688
5687
5685
5682
5681
5679
5678
5677
5676
5675
5674
5673
5672
5671
5670
5669
5668
5667
5666
5665
5664
5663
5662
5661
5660
5659
5658
5657
5656
5655
5654
5652
5651
5650
5649
5648
5647
5645
5643
5642
5640
5639
5638
5637
5636
5635
5634
5633
5632
5631
5630
5629
5628
5627
5626
5625
5624
5623
5622
5621
5619
5618
5616
5615
5614
5613
5612
5611
5610
5609
5608
5606
5604
5603
5602
5601
5597
5596
5594
5593
5592
5591
5590
5589
5588
5587
5585
5584
5583
5582
5581
5580
5579
5578
5577
5576
5575
5574
5573
5572
5571
5570
5569
5568
5567
5566
5565
5564
5563
5562
5561
5559
5558
5557
5556
5555
5553
5552
5551
5550
5549
5548
5547
5546
5545
5544
5543
5541
5540
5539
5538
5537
5534
5531
5530
5529
5528
5527
5525
5524
5522
5519
5518
5517
5516
5515
5514
5513
5512
5511
5510
5509
5508
5507
5505
5504
5503
5502
5501
5500
5499
5498
5497
5496
5495
5494
5493
5487
5486
5483
5482
5481
5479
5478
5477
5476
5475
5474
5473
5472
5471
5470
5469
5468
5467
5466
5465
5464
5463
5462
5461
5460
5459
5458
5457
5456
5454
5453
5452
5451
5450
5449
5448
5446
5445
5444
5443
5442
5440
5439
5438
5437
5436
5435
5434
5433
5432
5431
5430
5428
5427
5426
5425
5424
5423
5422
5421
5420
5419
5418
5417
5416
5415
5413
5412
5410
5409
5407
5406
5405
5404
5403
5402
5401
5400
5399
5398
5397
5395
5394
5393
5392
5391
5390
5389
5388
5387
5386
5385
5383
5382
5379
5377
5376
5375
5374
5373
5372
5371
5370
5369
5368
5367
5366
5365
5364
5362
5361
5360
5358
5355
5354
5353
5352
5351
5350
5349
5348
5347
5346
5345
5344
5343
5342
5341
5340
5339
5338
5337
5336
5335
5334
5333
5331
5330
5329
5328
5327
5326
5325
5324
5323
5322
5320
5319
5318
5317
5316
5315
5314
5308
5306
5305
5304
5303
5302
5300
5299
5298
5297
5296
5295
5294
5293
5292
5291
5290
5289
5288
5287
5285
5283
5282
5281
5280
5279
5278
5277
5276
5275
5274
5273
5272
5270
5269
5267
5266
5265
5264
5263
5261
5260
5259
5257
5256
5255
5254
5253
5252
5251
5250
5249
5248
5247
5246
5245
5244
5243
5242
5240
5239
5238
5237
5236
5235
5234
5233
5232
5231
5230
5229
5228
5227
5225
5224
5223
5222
5221
5220
5219
5218
5217
5216
5215
5214
5213
5212
5211
5210
5209
5208
5207
5206
5205
5204
5203
5202
5201
5200
5199
5198
5197
5196
5195
5194
5192
5191
5190
5188
5187
5186
5185
5184
5183
5182
5181
5180
5179
5178
5177
5176
5175
5174
5173
5172
5171
5170
5169
5168
5167
5166
5165
5164
5163
5162
5161
5160
5159
5158
5157
5155
5152
5151
5150
5149
5148
5147
5146
5145
5144
5143
5140
5138
5137
5135
5132
5129
5128
5127
5126
5125
5124
5123
5122
5121
5120
5119
5118
5117
5116
5115
5114
5112
5111
5110
5109
5108
5107
5106
5105
5104
5103
5102
5100
5099
5097
5096
5095
5094
5093
5092
5091
5090
5089
5088
5087
5085
5084
5083
5082
5080
5079
5078
5077
5076
5075
5074
5072
5071
5070
5069
5068
5067
5066
5065
5064
5063
5062
5061
5060
5059
5058
5057
5056
5055
5054
5053
5052
5051
5050
5049
5048
5046
5045
5044
5042
5041
5040
5039
5038
5037
5036
5035
5034
5032
5031
5030
5028
5027
5026
5025
5024
5022
5021
5020
5019
5018
5017
5016
5015
5014
5013
5012
5011
5010
5009
5008
5006
5005
5004
5003
5002
5001
5000
4998
4997
4995
4994
4993
4992
4991
4990
4989
4988
4987
4986
4984
4982
4981
4980
4979
4978
4977
4976
4975
4974
4973
4972
4971
4970
4968
4967
4966
4964
4963
4961
4960
4959
4958
4957
4956
4955
4954
4953
4952
4951
4950
4949
4948
4947
4946
4945
4944
4943
4942
4940
4938
4937
4936
4935
4934
4933
4932
4931
4930
4929
4928
4927
4925
4924
4923
4922
4921
4920
4919
4918
4917
4916
4915
4914
4913
4912
4911
4910
4909
4908
4907
4905
4904
4903
4902
4901
4899
4898
4897
4890
4889
4888
4887
4886
4885
4883
4882
4880
4879
4877
4876
4872
4871
4870
4869
4868
4867
4865
4864
4863
4862
4861
4860
4859
4858
4857
4856
4855
4854
4852
4851
4850
4849
4848
4847
4846
4845
4844
4843
4842
4840
4839
4838
4837
4835
4834
4833
4832
4831
4830
4829
4828
4827
4826
4825
4824
4823
4822
4821
4820
4819
4818
4817
4816
4815
4814
4813
4812
4810
4809
4808
4807
4806
4803
4802
4801
4800
4799
4798
4797
4795
4794
4793
4792
4791
4789
4788
4787
4786
4785
4784
4783
4782
4780
4779
4777
4776
4775
4774
4773
4772
4771
4770
4769
4768
4767
4766
4765
4764
4763
4762
4761
4760
4759
4758
4757
4756
4755
4754
4753
4752
4749
4748
4746
4745
4744
4743
4742
4741
4740
4739
4738
4737
4736
4735
4734
4733
4732
4731
4730
4729
4728
4727
4726
4725
4724
4723
4722
4721
4720
4719
4718
4717
4716
4715
4713
4712
4710
4708
4707
4704
4703
4702
4701
4699
4698
4697
4696
4695
4694
4693
4692
4691
4690
4689
4688
4687
4681
4680
4679
4678
4677
4676
4674
4673
4672
4671
4670
4669
4668
4667
4665
4664
4662
4661
4660
4658
4653
4652
4651
4650
4649
4648
4647
4645
4643
4642
4641
4640
4639
4638
4637
4636
4635
4634
4631
4630
4628
4627
4626
4625
4624
4623
4622
4621
4620
4619
4618
4616
4615
4614
4612
4611
4610
4609
4608
4607
4606
4605
4603
4601
4600
4599
4598
4597
4595
4594
4593
4592
4591
4590
4589
4588
4587
4586
4585
4584
4583
4582
4581
4580
4579
4577
4576
4575
4574
4573
4572
4571
4570
4569
4568
4566
4565
4564
4563
4562
4561
4560
4559
4558
4557
4556
4555
4554
4553
4552
4551
4550
4549
4548
4547
4546
4545
4544
4543
4541
4540
4539
4538
4537
4536
4535
4534
4533
4532
4531
4530
4529
4528
4527
4526
4525
4524
4522
4518
4516
4515
4514
4513
4511
4510
4509
4507
4506
4505
4504
4503
4502
4501
4500
4499
4498
4495
4494
4493
4492
4491
4490
4489
4488
4487
4486
4484
4483
4482
4481
4480
4478
4477
4475
4474
4473
4472
4469
4464
4463
4461
4460
4459
4458
4457
4456
4455
4454
4453
4452
4451
4450
4449
4448
4446
4445
4444
4443
4442
4441
4440
4439
4438
4436
4435
4434
4433
4432
4431
4430
4429
4428
4427
4426
4425
4424
4422
4421
4419
4418
4417
4415
4414
4413
4412
4410
4409
4407
4406
4404
4403
4402
4401
4400
4399
4398
4397
4395
4394
4393
4392
4391
4389
4388
4387
4386
4385
4384
4383
4382
4381
4380
4379
4377
4376
4374
4373
4372
4371
4370
4369
4368
4367
4365
4364
4363
4362
4361
4359
4358
4357
4355
4354
4353
4352
4351
4350
4349
4347
4345
4344
4343
4341
4340
4339
4338
4337
4336
4335
4334
4333
4332
4331
4330
4329
4328
4325
4324
4322
4321
4319
4318
4317
4316
4315
4314
4313
4312
4311
4310
4309
4307
4306
4304
4303
4302
4301
4300
4299
4298
4297
4296
4295
4294
4293
4292
4290
4289
4288
4287
4286
4285
4284
4283
4282
4281
4279
4278
4277
4276
4275
4274
4273
4272
4271
4270
4269
4268
4267
4266
4265
4264
4263
4262
4261
4260
4259
4258
4257
4251
4249
4248
4247
4246
4243
4240
4239
4238
4237
4235
4234
4233
4232
4231
4230
4228
4226
4225
4224
4223
4222
4221
4220
4219
4218
4217
4216
4215
4214
4213
4212
4211
4210
4209
4208
4207
4206
4205
4204
4203
4202
4201
4199
4198
4197
4196
4195
4194
4193
4192
4191
4190
4189
4188
4187
4186
4185
4184
4183
4181
4180
4179
4178
4177
4175
4173
4172
4171
4170
4169
4168
4167
4166
4165
4164
4162
4161
4160
4159
4158
4157
4156
4155
4154
4153
4151
4150
4149
4148
4147
4145
4144
4143
4142
4141
4139
4138
4137
4136
4135
4133
4132
4131
4130
4129
4128
4127
4126
4125
4124
4123
4122
4121
4120
4119
4118
4117
4114
4113
4112
4111
4110
4109
4108
4107
4106
4105
4104
4103
4102
4101
4099
4097
4091
4090
4089
4087
4086
4085
4084
4083
4082
4081
4080
4079
4078
4077
4076
4075
4074
4073
4070
4067
4066
4064
4063
4061
4058
4057
4056
4055
4054
4053
4052
4051
4050
4049
4048
4047
4046
4045
4044
4043
4041
4040
4039
4038
4037
4036
4035
4034
4032
4031
4028
4027
4026
4024
4023
4022
4020
4019
4018
4017
4016
4015
4014
4013
4012
4011
4010
4009
4008
4007
4006
4005
4004
4003
4002
4001
4000
3999
3998
3997
3995
3994
3993
3992
3990
3989
3988
3987
3986
3985
3984
3983
3982
3980
3979
3976
3975
3974
3973
3971
3970
3969
3968
3967
3966
3965
3964
3963
3962
3961
3960
3959
3958
3957
3956
3955
3954
3953
3952
3951
3950
3949
3948
3947
3946
3945
3944
3943
3942
3941
3940
3939
3938
3936
3935
3934
3933
3932
3931
3929
3928
3927
3926
3925
3924
3923
3922
3921
3920
3919
3918
3912
3911
3910
3909
3908
3907
3905
3904
3903
3902
3901
3900
3899
3898
3897
3896
3895
3894
3893
3892
3891
3890
3889
3887
3886
3885
3884
3883
3882
3881
3880
3879
3877
3876
3875
3874
3871
3870
3869
3868
3867
3866
3864
3863
3862
3861
3860
3859
3858
3857
3856
3855
3854
3853
3852
3850
3849
3847
3846
3845
3844
3843
3842
3841
3840
3835
3834
3833
3832
3831
3830
3829
3828
3826
3825
3823
3822
3820
3819
3817
3816
3815
3814
3813
3812
3811
3810
3809
3808
3807
3806
3805
3804
3802
3801
3796
3795
3794
3793
3790
3789
3788
3786
3785
3784
3783
3781
3780
3779
3777
3776
3775
3774
3773
3772
3771
3770
3769
3768
3766
3765
3763
3762
3761
3759
3758
3757
3756
3755
3754
3752
3751
3750
3748
3746
3745
3743
3742
3741
3740
3739
3738
3736
3735
3734
3732
3731
3730
3729
3727
3726
3724
3723
3722
3720
3719
3718
3717
3716
3714
3713
3712
3711
3710
3709
3708
3706
3705
3704
3703
3697
3695
3693
3692
3691
3690
3689
3688
3687
3686
3685
3684
3683
3682
3680
3679
3678
3677
3674
3673
3672
3670
3669
3668
3667
3666
3664
3663
3661
3660
3659
3658
3657
3656
3655
3653
3652
3651
3649
3648
3646
3645
3644
3643
3642
3641
3640
3639
3637
3636
3635
3634
3631
3630
3628
3627
3626
3625
3624
3623
3622
3621
3620
3619
3618
3617
3616
3615
3614
3613
3611
3610
3609
3608
3605
3604
3603
3602
3601
3599
3598
3595
3594
3593
3592
3591
3590
3588
3587
3586
3584
3583
3582
3581
3580
3579
3578
3577
3575
3574
3572
3571
3570
3569
3568
3567
3566
3565
3564
3563
3562
3561
3560
3557
3556
3553
3552
3550
3549
3548
3547
3545
3544
3543
3542
3541
3540
3538
3537
3535
3533
3532
3530
3529
3528
3527
3526
3525
3524
3523
3521
3520
3519
3518
3517
3516
3515
3514
3513
3512
3511
3510
3509
3508
3507
3506
3505
3504
3502
3501
3499
3498
3496
3495
3494
3493
3492
3491
3490
3489
3488
3487
3486
3485
3484
3483
3482
3481
3479
3478
3477
3476
3470
3468
3467
3466
3465
3464
3463
3462
3461
3460
3459
3458
3457
3456
3455
3453
3452
3451
3450
3449
3448
3447
3444
3443
3442
3441
3440
3438
3437
3434
3433
3432
3431
3430
3429
3427
3426
3425
3424
3423
3422
3421
3420
3419
3418
3417
3416
3413
3410
3409
3408
3407
3406
3405
3403
3402
3400
3399
3398
3397
3396
3395
3394
3393
3392
3391
3390
3389
3388
3387
3386
3385
3383
3382
3381
3380
3379
3378
3377
3376
3375
3374
3373
3372
3371
3370
3369
3368
3367
3366
3364
3363
3362
3361
3360
3359
3357
3356
3355
3354
3353
3351
3350
3349
3348
3347
3346
3345
3344
3343
3342
3341
3340
3339
3338
3337
3336
3335
3334
3333
3332
3331
3330
3329
3328
3327
3326
3325
3324
3323
3321
3320
3317
3316
3314
3313
3312
3311
3310
3309
3308
3306
3305
3303
3302
3299
3298
3296
3295
3294
3293
3292
3291
3290
3289
3288
3287
3285
3279
3278
3277
3276
3275
3274
3273
3272
3271
3269
3268
3267
3266
3264
3263
3262
3261
3260
3259
3258
3257
3256
3253
3252
3251
3250
3249
3247
3246
3244
3243
3241
3240
3239
3238
3237
3235
3234
3232
3231
3230
3229
3228
3227
3226
3225
3224
3223
3222
3221
3220
3219
3218
3216
3214
3213
3212
3211
3210
3208
3207
3206
3205
3204
3203
3202
3201
3200
3199
3198
3197
3196
3195
3194
3193
3192
3190
3189
3188
3187
3186
3185
3184
3183
3182
3181
3180
3179
3178
3174
3173
3172
3171
3170
3169
3168
3167
3166
3165
3164
3163
3162
3161
3160
3159
3157
3156
3152
3151
3149
3148
3147
3144
3143
3142
3141
3140
3139
3138
3137
3136
3135
3134
3133
3132
3130
3129
3128
3127
3126
3125
3124
3123
3122
3121
3120
3119
3118
3117
3116
3115
3114
3113
3112
3111
3110
3109
3108
3107
3106
3105
3102
3099
3098
3096
3093
3092
3091
3090
3089
3088
3087
3086
3085
3083
3082
3081
3080
3079
3078
3077
3076
3075
3074
3072
3071
3069
3068
3067
3066
3065
3064
3063
3061
3060
3059
3058
3055
3052
3051
3050
3049
3048
3047
3046
3045
3044
3043
3042
3041
3040
3039
3038
3037
3034
3033
3032
3031
3030
3029
3028
3027
3026
3025
3024
3023
3022
3021
3020
3019
3018
3017
3016
3015
3014
3013
3012
3011
3010
3009
3008
3007
3005
3004
3003
3002
3001
3000
2999
2998
2996
2995
2994
2992
2991
2990
2989
2988
2986
2985
2983
2982
2981
2980
2979
2978
2977
2976
2975
2974
2973
2972
2971
2970
2969
2967
2966
2965
2964
2963
2962
2961
2960
2959
2958
2957
2956
2955
2954
2951
2950
2949
2948
2947
2945
2944
2943
2941
2940
2939
2938
2937
2936
2935
2934
2933
2932
2930
2929
2928
2927
2925
2924
2923
2922
2921
2920
2919
2918
2917
2916
2915
2914
2913
2912
2911
2909
2908
2907
2906
2905
2904
2903
2902
2901
2900
2899
2897
2896
9316
2895
2894
2893
2892
2890
2887
2885
2884
2883
2882
2881
2880
2879
2878
2876
2875
2873
2872
2870
2869
2868
2867
2866
2865
2864
2863
2861
2860
2859
2857
2855
2854
2853
2852
2851
2848
2847
2846
2845
9264
2843
2842
2841
2840
2839
2838
2837
2836
9256
2835
9255
2834
2833
2832
2831
2830
2829
2828
2827
2825
2823
2822
2821
2820
2819
2813
2812
2809
2806
2805
2804
2803
2802
2801
2800
2799
2798
2797
2796
9216
2795
2794
2793
9213
2792
2791
2786
2785
2784
2783
2782
2780
2779
2777
2776
2774
2773
2772
2771
2770
2769
2768
2767
2765
2763
2762
9181
2760
2758
2757
2756
2755
2754
2753
2752
9172
2751
2750
2749
2748
2747
2746
2745
2744
2742
2741
2739
2737
2736
2735
2734
2733
2732
2731
2730
2729
2728
2727
2726
2724
2722
2721
2720
2719
2718
2717
2716
2715
2714
2713
2712
2711
2710
9129
2708
2707
2706
2705
2704
2703
2702
2700
2699
2696
2694
2692
2691
2689
2688
2687
2686
2685
2684
2682
2680
2679
2678
2677
2676
2675
2673
2672
2669
2666
2664
2663
2662
2661
2660
2659
2658
2657
9077
2656
2654
2653
2652
2651
2650
2649
2648
2646
2645
2642
2639
2638
2637
2636
2635
2634
2633
2630
2622
2621
2619
2618
9037
2616
2615
2614
9034
2613
2612
2611
2610
2609
2608
2607
2606
2605
2604
2603
2602
2601
2600
2599
2597
2596
2595
2594
2593
2592
2589
2588
2587
2586
2584
2583
2580
2579
2576
2575
2573
2572
2571
2570
2569
2568
2567
2565
2564
8983
2562
2561
2560
2558
2557
2555
2554
2553
2552
2551
2549
2545
8965
2544
2543
2542
8962
2541
2540
2539
2538
2537
2536
2535
2534
2533
2532
2531
2530
2529
2528
2526
2525
2524
2523
2522
2520
2518
2517
2515
2511
2510
2509
2508
2507
2506
2504
2503
2500
2497
2492
2491
2490
2488
2487
8907
2486
2485
2473
15326
2484
2483
2482
2481
2480
2478
2464
15317
2475
2474
2472
2471
2458
15311
2469
2468
2467
2466
2465
2463
2462
2461
2460
2459
2457
2456
2455
2453
2452
2451
2449
2448
2447
2435
15288
2446
2445
2444
2443
2442
8860
2439
2438
2436
2434
2433
2432
2431
2430
2428
2427
2425
2416
2415
2414
2413
2412
2399
15252
2410
2409
2407
2406
2405
2403
2401
2400
2398
2397
2393
2390
2389
2388
2376
15229
8808
2387
2386
2385
2384
2383
2370
15223
2381
2379
2367
15220
2378
2375
2363
15216
2374
2373
2372
2371
2368
2355
15208
2366
8786
2365
2364
8783
2362
2361
2360
2359
2358
2356
8775
2354
2353
2352
2350
2349
2346
2345
2344
2343
2342
2341
2336
2335
2334
2332
2331
2330
2329
2316
15169
2327
2326
2325
2324
2323
2322
2321
2320
2319
2317
2315
2314
2313
2312
2311
2310
2309
2308
2307
2306
2305
2304
2302
2301
2300
2299
2298
2294
2293
15145
2292
2290
2288
2287
2286
2284
2283
2281
2280
2279
2278
2276
2275
2274
2273
2272
2271
2270
2268
2266
2263
2262
2260
2248
15101
2259
2258
2257
2255
2254
2253
2252
2251
15103
2250
2249
2246
2245
2243
2242
2240
15081
2239
2237
2236
2234
2233
2230
2229
2227
2226
2225
2224
2223
2222
2221
15073
2220
2218
8638
2217
2216
2215
2213
2212
2210
2209
2207
2206
2205
2204
2198
2197
2194
2191
2190
2178
15031
2189
2188
8608
2187
2186
2184
2182
8601
2180
2179
8598
2177
2176
2175
2174
2172
2171
2170
2169
8589
2168
2167
2166
2165
2164
2163
2161
2159
2157
2154
2153
2152
2151
2150
2149
2148
2147
2146
2145
2144
2142
2141
2138
2137
2136
2135
2134
2133
14985
2132
2131
2130
2128
14968
2126
2114
14967
2125
2124
2123
2122
2121
2120
2117
2116
8535
2113
8533
2112
2111
2110
2109
2108
2107
2105
2103
2100
2098
2097
2096
2095
2094
2093
2092
2091
2090
2089
2088
2087
2086
2085
2084
2082
2081
2079
2078
2077
2076
2075
2063
14916
2074
2072
2069
2066
2065
2064
2062
2061
2059
8479
2058
2055
2054
2042
14895
2053
8473
2052
2051
2050
2049
2048
2047
2046
2045
2044
2043
14883
2041
2040
2039
2037
2036
2034
2033
2032
2031
2028
2026
2025
2024
2022
2021
8441
2020
14872
2019
2018
2015
2012
2011
2010
8429
2008
2007
2004
2003
2002
2001
2000
1999
1997
1996
1995
1994
1993
1992
1991
1989
1976
14829
1987
1985
1984
1983
1982
1981
1980
1978
1977
1965
14818
8396
1975
1974
8394
1973
1972
1971
1970
14821
1968
1967
1966
1963
1962
1961
1960
1959
1947
14800
1958
1957
1956
1955
1954
1952
1938
14791
1949
1946
1945
1944
1943
1942
1941
1940
1939
1937
1936
1935
1931
1928
1926
1925
1924
14776
1923
1922
1921
1920
1919
1917
1916
1915
1914
1913
1912
1911
1909
1907
1906
1905
8324
1903
1902
1901
1900
1898
1897
1896
1895
1894
1892
1891
1890
1889
1887
1886
1884
1883
1882
1880
1879
1878
1877
1876
1875
1863
14716
1874
8294
1873
1872
1869
1868
1867
1866
1865
1862
1861
1860
1859
1858
1857
8277
1856
1854
1853
1852
1840
14693
1851
1850
1849
1848
1847
1846
1845
1843
1842
1839
1837
1836
1835
1823
14676
1834
14675
1833
1832
1831
1830
1829
1828
1827
1825
1824
1821
1817
1816
1815
1814
1812
1809
1807
1806
1805
1804
1803
1802
1801
1800
1799
1798
14650
1797
1796
1795
1794
1793
1792
1790
1789
1788
1787
1786
1785
1784
1782
1781
1779
1775
1774
1772
1771
1770
14622
1769
1767
1766
8186
1765
1764
1760
1759
1758
1757
1756
1755
1754
1752
1751
1749
1748
1747
1746
1745
1744
1743
1742
1740
1737
1736
1735
1722
14575
1733
1731
1730
1729
1728
1727
1725
1724
1723
1721
1709
14562
1720
1719
1717
1716
1713
1712
1700
14553
1711
1710
1707
1706
1705
1693
14546
1704
1702
1701
8121
8120
1699
1698
1696
1695
1694
1692
1691
1689
1686
8103
1682
1681
1680
1679
1677
1676
1674
1673
1672
1671
1670
8090
1669
8089
1668
1666
1665
1664
1663
1662
1661
1649
14502
1660
1659
1658
1657
1656
1654
1653
1652
1651
1637
14490
1648
1647
1646
1645
1644
1643
1642
1641
1640
1639
1638
1626
14479
1636
1635
1632
1631
1630
1628
1627
1614
14467
1625
1624
1623
1619
1618
1617
1615
8035
1613
8032
1611
1610
1609
1607
1605
1593
14446
1604
1601
1599
1598
1597
1596
1595
1594
14445
1592
1591
1589
1588
1587
1586
1585
1584
1583
1580
1579
1576
1575
1574
1573
1572
1571
1570
1569
1567
1566
1563
1562
1561
1560
1559
1558
1557
1556
1555
1554
7974
1553
1552
1551
7971
1550
1549
1548
1536
14389
1547
1546
1545
1544
1543
1542
1541
1540
1539
1538
1537
1535
1533
1532
1531
1530
1529
1528
1527
1526
1525
1524
1523
1522
1521
1520
1519
1518
1516
1513
1511
1510
1509
1508
1507
1505
1504
1503
1501
1500
1499
1498
1496
1495
1494
1493
7912
1491
1490
1489
1488
1487
1486
1485
1484
1483
1482
1481
1480
1476
1475
1474
1473
1472
1471
1470
1469
1468
1467
1461
1459
1457
1455
1454
1452
1449
1448
1447
1446
1443
1442
1441
1440
1438
1437
1436
1435
1434
1432
1429
1428
1427
1426
7845
1424
1423
1422
1421
1420
1419
1418
1417
1414
1413
1412
1411
1410
1408
1407
1406
1405
1404
1403
1402
1401
1400
1399
1397
1396
1395
1394
1393
1392
1391
1390
1389
1388
1387
1386
1385
1384
1382
1381
1379
1378
1377
1376
1375
1374
1373
1372
1370
1369
1357
14210
7789
1368
1367
1366
7786
1365
1364
1363
1362
1361
1360
1359
1358
7777
1356
1355
1353
1352
1351
1350
1349
1348
1347
1346
1345
1344
1343
1342
1341
1340
1339
1337
1336
1335
1334
1332
1331
1330
1324
1323
1322
1321
1320
1319
1318
1317
1314
1313
1312
1310
1307
1306
1304
1303
1301
7721
1300
1299
14150
1297
1296
1295
1294
1293
1292
7711
1290
1289
1274
14127
1285
1283
1281
1268
14121
1279
1278
1277
1276
1275
1273
1272
1271
1270
1269
1257
14110
1267
1266
1265
1263
1262
1261
1260
1259
1258
1256
1254
1253
1252
1251
1248
1246
1245
1243
1242
7661
1240
1238
1237
1236
1235
1234
1233
1232
1231
1230
1229
1227
1226
1225
1224
1222
1221
1219
1218
1216
1215
1213
1212
1200
14053
1211
1210
14062
1209
1208
1207
14059
1206
1205
1204
1203
1202
1201
1199
1198
1197
1196
1195
1194
1193
1192
1190
1189
1188
1187
1186
1185
1183
1181
1180
1179
1177
1176
1175
1174
1172
1171
1170
1169
7584
1163
1162
1150
14003
1161
1160
1159
7579
1158
1157
1156
1155
1154
1149
1148
1146
1144
1141
1140
1139
1136
1133
1131
1129
4327
1124
4326
1123
13964
1122
1118
13963
1110
1109
13949
1107
7527
1106
1105
1093
13946
1104
1101
1098
1079
7500
1094
1091
13912
1059
1048
13901
1089
1087
1084
1071
13924
1082
1081
1080
1078
1076
7496
1075
13927
1074
13920
1067
13903
1050
7471
1065
13917
1064
13914
1061
13909
1056
7476
13908
1055
13907
1054
1036
7457
13904
1051
13899
1046
13898
1045
13882
1029
7450
1044
13896
1043
13864
1011
1000
13853
4229
10650
13894
1041
13893
1040
13892
1039
4241
7459
13891
1038
13890
1037
13888
1035
13887
1034
4236
13886
1033
13884
1031
989
13842
13883
1030
13881
1028
13878
1025
13876
1023
13875
1022
13867
1014
13866
1013
13865
1012
13863
1010
13862
1009
13860
1007
13859
1006
1005
13856
1003
13852
999
986
13839
13850
997
983
13836
13847
994
13845
992
13814
961
950
13803
980
13833
13844
991
13843
990
13840
987
971
7392
13837
984
970
13823
13834
981
13832
979
13829
976
4163
10584
13828
975
13827
974
4176
13826
973
972
13820
967
13819
966
13818
965
964
7384
13816
963
13813
960
13811
958
13780
927
916
13769
13810
957
13809
956
13808
955
13807
954
13805
952
13804
951
13788
935
7356
13798
945
13796
943
13795
942
13793
940
13792
939
13789
936
13787
934
13785
932
13784
931
13783
930
13782
929
13781
928
13778
925
13774
921
13773
920
13772
919
13771
918
13767
914
13766
913
13765
912
13759
906
13756
903
13755
902
4088
10509
13753
900
13752
899
4098
13748
895
13747
894
13746
893
13745
892
13744
891
875
7296
7311
13743
890
13740
887
13739
886
13738
885
13737
884
4071
10492
13736
883
13731
878
13730
877
13726
873
13725
872
13720
867
13718
865
7285
13717
864
13714
861
13712
859
13706
853
13704
851
13701
848
13699
846
13698
845
13697
844
4029
10450
13694
841
13692
839
13661
808
797
13650
13691
838
13689
836
13687
834
13686
833
13685
832
13684
831
13653
800
789
13642
13683
830
13682
829
13681
828
13679
826
13678
825
13647
794
783
13636
13677
824
13672
819
4021
13671
818
13655
802
7223
13670
817
13668
815
13663
810
13662
809
3996
10417
13629
776
765
13618
13659
806
13658
805
799
13648
795
3981
10402
13646
793
13644
791
13641
788
13640
787
13639
786
785
3972
10393
13637
784
13635
782
13634
781
13632
779
13628
775
3977
13627
774
13626
773
13624
771
13623
770
13622
769
13619
766
13617
764
13613
760
13612
759
13610
757
13608
755
13607
754
13605
752
739
13592
13603
750
13602
749
13601
748
13600
747
13599
746
13596
743
13595
742
13594
741
13593
740
726
13579
13590
737
13587
734
13586
733
13585
732
13554
701
690
13543
13584
731
7150
13582
729
13548
695
684
13537
13578
725
13577
724
13576
723
13575
722
13574
721
13573
720
3906
10327
13571
718
13569
716
13567
714
13566
713
13564
711
3913
13563
710
13562
709
13560
707
13559
706
13558
705
13557
704
13556
703
13525
672
661
13514
13555
702
13552
699
13551
698
13549
696
13546
693
692
691
13541
688
676
13529
13540
687
686
13535
682
13534
681
13533
680
13532
679
13528
675
13527
674
13526
673
13522
669
13519
666
13518
665
13516
663
3865
13515
662
13512
659
13502
649
3851
13501
648
13500
647
13484
631
7052
646
13498
645
13497
644
13495
642
13494
641
640
13489
636
13458
605
594
13447
13488
635
13486
633
13483
630
13482
629
13481
628
13480
627
13478
625
13473
620
13472
619
13471
618
13468
615
13467
614
3799
10220
13464
611
13463
610
608
13456
603
13424
571
560
13413
13454
601
3803
13453
600
13451
598
13449
596
13444
591
3778
10199
13443
590
13442
589
13440
587
13438
585
3787
584
582
13434
581
13433
580
13432
579
13431
578
566
13419
13430
577
13429
576
13428
575
13427
574
13423
570
13420
567
3767
13417
564
13416
563
13415
562
13414
561
3747
10168
13412
559
547
13400
13411
558
13410
557
3744
10165
13409
556
13407
554
13406
553
13405
552
3733
10154
545
544
13395
542
13393
540
13391
538
13390
537
13389
536
13388
535
13385
532
13384
531
13382
529
13381
528
13379
526
3728
13378
525
13376
523
13374
521
13373
520
13372
519
13370
517
13369
516
13366
513
13365
512
13364
511
13347
494
6915
13362
509
13361
508
13360
507
3694
10115
13359
506
13356
503
13354
501
13351
498
497
3698
13348
495
3696
13346
493
13345
492
13344
491
13343
490
3675
10096
13325
472
6893
13340
487
13322
469
6890
13337
484
3671
10092
13336
483
482
13334
481
13332
479
13331
478
13329
476
464
13317
13328
475
13327
474
13326
473
13323
470
452
6873
13320
467
13319
466
465
13286
433
422
13275
13316
463
3650
10071
13315
462
13314
461
13313
460
3647
10068
13312
459
447
13300
13311
458
13310
457
13308
455
13307
454
13304
451
13302
449
13299
446
13296
443
13295
442
13293
440
13290
437
13287
434
13285
432
13284
431
429
13279
426
13278
425
424
13261
408
6829
423
13269
416
13268
415
13267
414
13263
410
3596
10017
13260
407
13259
406
6826
13258
405
3607
13257
404
376
13229
13240
387
6808
6823
13255
402
3589
10010
13254
401
13253
400
13252
399
13250
397
13249
396
13247
394
13245
392
13244
391
13242
389
13241
388
13238
385
13237
384
13236
383
13235
382
13234
381
13233
380
13227
374
13224
371
3573
13223
370
13222
369
13206
353
6774
13221
368
13220
367
3554
9975
366
13217
364
13214
361
360
13197
344
6765
13182
329
318
13171
359
13211
358
13208
355
13205
352
13203
350
348
13198
345
13195
342
13194
341
13193
340
13190
337
13184
331
330
13180
327
13178
325
13174
321
3522
13172
319
6739
13170
317
13154
301
6722
13169
316
13167
314
13146
293
6714
13161
308
13158
305
288
13141
13152
299
13151
298
13148
295
13132
279
6700
13147
294
290
289
13140
287
13137
284
283
13133
280
13131
278
246
235
13088
13129
276
13128
275
13125
272
13124
271
13123
270
13122
269
3471
13121
268
13119
266
13118
265
13117
264
13101
248
6669
13116
263
13115
262
13114
261
13112
259
13111
258
13110
257
13109
256
13107
254
13106
253
3454
13104
251
13103
250
3435
9856
247
13095
242
13092
239
3439
13089
236
13087
234
13086
233
13084
231
13082
229
13081
228
13080
227
13064
211
6632
13079
226
13078
225
13077
224
13075
222
13072
219
13071
218
3404
9825
13039
186
175
13028
13069
216
13065
212
3414
13063
210
13062
209
3411
13061
208
13060
207
13056
203
13053
200
13051
198
13050
197
3384
9805
13049
196
193
13043
190
13041
188
13038
185
13037
184
13035
182
13034
181
13033
180
178
177
6597
176
1762
6586
13018
165
1750
14603
1761
6576
13008
155
3358
6585
13017
164
6555
12987
134
3322
9743
6582
13014
161
6574
13006
153
6573
13005
152
6570
13002
149
6567
12999
146
6564
12996
143
1739
6563
12995
142
6562
12994
141
6558
12990
137
1714
6556
12988
135
6553
12985
132
6551
12983
130
12961
108
12946
93
6514
6547
12979
126
6546
12978
125
1697
6539
12971
118
1678
4881
4866
11287
1687
4875
11296
6538
12970
117
12969
116
1685
4873
11294
6518
12950
97
12935
82
6503
12968
115
6535
12967
114
6531
12963
110
1667
12944
91
6512
12959
106
1684
6526
12958
105
1655
9703
6515
12947
94
6511
12943
90
6509
12941
88
12938
85
6475
12907
54
43
12896
12937
84
6486
12918
65
6471
12936
83
6502
12934
81
6500
12932
79
6499
12931
78
6497
12929
76
6496
12928
75
1633
6493
12925
72
6491
12923
70
6485
12917
64
12916
63
6473
12905
52
3255
6482
12914
61
3254
6481
12913
60
6479
12911
58
6474
12906
53
6442
12874
21
3209
9630
6469
48
3245
6463
12895
42
6428
12860
7
12849
6458
26
12879
12890
37
6455
12887
34
6454
12886
33
6452
12884
31
1622
6446
12878
25
6445
12877
24
6443
12875
22
6433
12865
12
3215
1608
4796
11217
4811
6441
12873
20
6439
12871
18
6436
12868
15
6430
12862
9
6426
12858
5
6421
0
1602
4805
6405
12826
6420
6435
12867
14
13321
468
13294
441
3629
10050
2877
1451
4654
13044
191
13838
985
2582
13835
982
3721
10142
13386
533
13355
502
2099
1305
13470
617
15056
2214
2160
5363
1143
4346
3665
10086
13330
477
13303
450
3638
10059
9292
2886
3280
3265
9686
6498
12930
77
13700
847
2408
6534
12966
113
13754
901
2498
2489
5692
13757
904
13906
1053
7474
13921
1068
13751
898
13742
889
4092
2495
13724
871
13709
856
7277
2778
5981
5966
12387
6532
12964
111
13758
905
2502
6490
12922
69
13695
842
13719
866
12955
102
13749
896
2493
13052
199
1778
1763
8184
13067
214
13055
202
6593
1808
4996
11417
1826
5029
244
1841
678
1460
4663
13568
715
8724
2303
5506
13831
978
2548
5736
12157
13885
1032
2620
5823
2629
6133
12554
13446
593
2181
11805
5384
4323
10744
1153
4356
13218
365
1953
5156
13209
356
3559
13215
362
1950
5153
1302
1287
7708
13120
267
6688
13135
282
2296
5484
11905
13561
708
2269
13588
735
1024
10221
3800
13450
597
13441
588
3791
13547
694
13538
685
3873
10294
3888
2073
1578
4781
3539
9960
13204
351
333
1145
4348
13583
730
2291
2261
13598
745
3930
727
13565
712
7133
13264
411
1990
6488
12920
67
6467
12899
46
1616
4804
11225
12870
17
6438
6453
12885
32
3633
13283
430
14869
2027
1239
2668
13614
761
13861
1008
2578
12187
13879
1026
2623
2987
9408
13491
638
5396
11817
2235
6590
13022
169
13001
148
1718
4906
11327
13913
1060
13895
1042
13880
1027
7448
1072
1115
7521
7837
1416
4604
11025
1431
13083
230
13113
260
583
13436
2155
13474
621
6478
12910
57
13707
854
1152
6457
12889
36
13680
827
1134
13098
245
179
1325
1316
4519
13727
874
1564
6462
12894
41
6447
6480
12912
59
12876
23
6444
6459
12891
38
6362
1517
4705
11126
13175
322
1910
5113
6543
12975
122
1683
2513
6579
13011
158
1241
13339
486
13288
435
2023
5226
13270
417
2420
2402
5605
13673
820
2417
2824
6012
12433
1311
10018
13262
409
1988
6541
12973
120
917
2953
9374
2968
2926
6114
12535
6147
4517
10938
6425
12857
4
2380
13654
801
3150
9571
1568
6359
3104
1047
2644
13521
668
2247
8653
3095
3737
13387
534
1298
2931
13291
438
1456
4659
13524
671
2241
5429
11850
13530
677
13509
656
2244
5447
1453
4656
7883
1462
2790
5978
12399
2775
9196
1590
3154
9575
3145
9566
6348
12769
13452
599
3760
10181
3753
10174
13418
565
2162
13421
568
1908
14746
1893
8314
13176
323
5081
11502
13477
624
13910
1057
13922
1069
1791
2454
13358
505
2858
6046
12467
6091
3270
9691
6530
12962
109
13732
879
15282
2440
12953
100
8109
1688
4891
13353
500
2070
5258
11679
1113
2701
5904
13156
303
1864
13553
700
6456
12888
35
6432
12864
11
6366
12787
13231
378
1948
5136
11557
2787
6760
13192
339
1918
1927
5130
6732
13179
326
6571
13003
150
1738
4941
6559
12991
138
1708
4896
11317
6568
13000
147
6550
12982
129
6577
13009
156
1753
13822
969
2566
6542
12974
121
6548
12980
127
13506
653
13309
456
2035
2862
1214
1173
14026
1223
4411
10832
6477
12909
56
13688
835
2396
3632
10053
13297
444
2038
5241
6468
47
1629
2339
5542
6324
12745
6339
9144
2723
13775
922
8922
2501
2952
13408
555
13399
546
3749
2740
2725
9146
13776
923
1577
6437
12869
16
798
2377
13657
804
2392
5595
13401
548
2127
13762
909
2470
1703
6552
12984
131
13722
13763
910
1371
607
1380
13232
379
13196
343
302
13155
1137
13226
373
1934
1904
13248
395
13266
413
13066
213
3401
9822
4252
13902
1049
2628
13911
1058
13153
300
2808
5996
12417
1244
4447
2844
6047
2826
6014
12435
2856
6059
13306
453
6510
12942
89
13721
868
13324
471
1250
1220
1286
2850
13333
480
2068
5271
3036
9457
2681
5884
2690
5893
1102
6487
12919
66
13716
863
1979
13292
439
639
13465
612
2173
2143
2849
1264
4467
1255
13855
1002
13070
217
9038
2617
5820
13085
232
1820
5023
13076
223
13830
977
2556
2547
5750
5735
12156
1780
13054
201
13173
320
1881
1108
6198
3792
10213
13457
604
2183
3175
6369
6429
12861
8
6414
13667
814
13649
796
13631
778
7184
2357
6423
12855
2
2348
5536
11957
13625
772
2333
13496
643
3837
13469
616
2195
2807
13281
428
2810
1117
13149
296
1478
4666
11087
6260
12681
6253
12674
1477
13536
683
1855
5043
11464
291
6712
13159
306
13550
697
2267
5455
11876
2285
5488
1458
4646
11067
3497
9918
309
1888
13165
312
6279
12700
2297
5485
11906
2351
5554
13621
768
2338
5526
11947
499
2060
12939
86
6566
12998
145
13786
933
2521
5724
13768
915
2476
13479
626
8617
2196
2211
2993
9414
6494
12926
73
1634
6201
2156
6501
12933
80
13715
862
4065
13703
850
2411
1690
13036
183
13806
953
2514
13821
968
1142
1127
7548
1112
1151
1121
2766
2781
5984
13134
281
13042
189
1810
13851
998
2577
1383
13848
995
2574
2559
8980
13857
1004
13873
1020
2590
5778
12199
13367
514
1715
6557
12989
136
13777
924
8933
2512
5715
1288
4476
10897
524
13341
488
3676
10097
1315
6118
12539
1333
4521
10942
13349
496
2057
13779
926
12105
13800
947
6520
12952
99
6595
13027
174
962
5753
2505
13620
767
6127
12548
1430
4633
6275
12696
1125
667
1338
1308
6589
13021
168
13791
938
2499
3480
277
1838
1077
5877
2674
13702
849
2419
5607
12028
13696
843
2404
13301
448
2009
1675
4878
6508
12940
87
13713
860
6422
12854
1
13630
777
2347
5535
11956
1565
3153
9574
1734
6594
13026
173
13799
946
13790
937
4140
6549
12981
128
13760
907
4068
10489
1280
10889
13363
510
2071
3606
13256
403
1964
1001
2598
2192
13298
445
2006
1247
1217
13357
504
1811
4999
11420
1083
4280
10701
1092
2671
13163
310
1191
13289
436
13280
427
6464
13669
816
6451
12883
30
13656
803
13403
550
2129
13394
541
2738
1132
4320
10741
13664
811
13643
790
13246
393
1178
6440
12872
19
807
2395
5598
13230
377
1497
4700
3103
2667
13126
273
1870
249
1819
5007
11428
13105
252
2910
13396
543
2104
2083
2516
13802
949
2546
13581
728
2289
9522
13392
539
530
5321
1291
4479
10900
13380
527
1088
6572
13004
151
13338
485
1249
4437
10858
1425
4613
11034
13523
670
13048
195
3035
9456
2683
5886
1095
1086
13439
586
7556
13189
336
6450
29
13243
390
13216
363
3551
9972
13073
220
13849
996
6533
12965
112
13741
888
5646
12067
13750
897
6237
12658
6318
1506
13422
569
13368
515
1930
13177
324
13168
315
1885
5073
11494
2709
5912
1085
2655
5843
12264
2759
5947
12368
292
1871
286
13127
274
1439
6489
12921
68
2632
13503
650
2238
5441
6259
13915
1062
13542
689
2277
5480
6540
12972
119
13225
372
13040
187
6476
12908
55
13693
840
2437
6448
12880
27
13371
518
2106
5309
13589
736
13045
192
1783
6592
13024
171
13812
959
1502
6495
12927
74
2450
5653
6528
12960
107
6591
13023
170
1164
13187
334
13342
489
6427
12859
6
1600
13047
194
13841
988
2585
13426
573
13504
651
13265
412
221
1818
6517
12949
96
13490
637
1398
1479
4682
1228
4416
10837
1282
4485
13239
386
13905
1052
2631
13517
664
1309
2942
9363
2193
11802
6492
12924
71
1650
4853
2581
5769
12190
13402
549
5307
11728
13459
606
1128
13181
328
2697
12306
1130
4291
10712
1951
5154
6587
13019
166
13801
948
2527
4423
6252
12673
6544
12976
123
13510
657
13511
658
2219
6581
13013
160
2067
1354
4542
10963
6513
92
6516
95
13611
758
13096
243
2282
13150
297
6461
12893
40
13690
837
13108
255
13016
163
1433
13251
398
1986
5189
13729
876
3428
9849
3100
13057
204
1099
3084
13609
756
6315
12736
2811
2318
2814
2984
9405
3053
6519
12951
98
2185
1063
13185
332
1929
13090
237
6588
13020
167
13868
1015
13572
719
13455
602
2199
4420
13846
993
6449
28
