0
8998
1
2
3
4
5
6
7
8
9
10
11
12
8995
13
14
15
16
17
18
1419
19
20
21
22
23
24
25
26
12482
27
28
29
30
31
12121
13147
32
618
33
34
35
36
37
38
5276
39
40
548
41
42
43
44
45
46
47
3259
48
7744
49
50
3008
51
12102
53
54
55
56
57
10635
58
59
60
8145
62
63
65
66
7399
67
68
69
70
71
72
8244
73
74
75
76
77
78
3872
79
80
81
82
1664
11137
83
84
9977
86
87
88
89
90
91
92
93
94
95
5965
96
97
1791
98
99
5683
100
101
4698
102
6064
103
1199
104
105
106
107
108
109
110
111
112
113
114
4749
115
116
117
7101
118
4089
986
119
120
121
6073
122
123
1415
124
125
126
127
1027
128
129
130
3706
131
7387
132
133
3028
134
135
136
137
13120
138
139
140
1155
142
8120
143
144
145
2001
146
12239
147
148
149
150
151
152
153
154
155
156
157
9374
158
159
160
161
11756
162
12724
163
8896
164
165
166
167
168
169
170
603
12874
171
172
173
174
11345
175
4708
176
177
178
179
9384
180
3291
181
7219
182
9774
9204
183
7073
184
185
8808
186
631
5719
4592
188
189
190
191
192
193
194
195
196
197
198
199
200
201
6463
202
9610
203
204
10704
205
206
10026
207
208
209
210
211
212
213
5758
214
2242
215
3816
216
217
218
2000
219
220
918
221
222
13135
223
224
6337
225
12708
226
227
228
229
6259
230
8528
231
232
233
234
1057
235
236
237
238
500
239
240
241
4070
242
2507
244
12909
245
246
9157
247
248
249
1313
250
3247
251
252
4759
253
254
10440
255
256
4884
257
258
259
12962
9220
261
262
263
264
7205
265
10063
266
267
4382
268
269
270
271
272
273
8149
275
276
277
278
280
281
4691
282
7739
283
284
285
11889
286
287
288
289
290
291
292
293
294
295
298
820
299
12073
301
302
7359
303
6494
304
305
8991
10487
307
7535
308
309
310
311
11497
312
313
314
315
317
4836
318
319
7813
320
9270
322
6041
12945
6891
323
324
325
328
330
331
332
333
12021
335
336
337
338
6939
339
2500
3047
340
341
13215
342
8074
344
345
10025
346
347
348
349
350
351
352
353
354
356
357
358
359
360
361
2424
2181
8530
362
363
364
365
366
367
368
8024
543
10682
369
375
10510
370
371
12000
372
373
4769
7771
374
376
1161
377
463
378
379
380
5538
381
1483
962
382
383
384
385
386
9967
6077
387
4497
388
389
390
391
392
11610
393
394
395
8793
396
397
398
399
1088
7621
8657
400
401
402
403
6280
5182
404
13132
405
406
8614
407
408
409
410
411
412
413
414
415
12152
8434
625
416
417
418
6709
419
420
7542
422
5689
424
425
426
427
428
429
430
11824
431
432
1148
433
434
435
436
10124
437
438
439
440
441
442
4929
2986
7587
2705
12140
443
444
6536
445
446
10327
447
448
450
451
819
452
3348
453
454
455
456
457
458
459
460
461
4247
8234
462
4422
464
465
466
1776
467
468
4632
469
470
8549
471
472
473
9920
474
475
476
477
478
479
480
481
10307
4746
2919
482
483
484
485
486
487
10220
11863
3347
488
489
490
4372
491
492
493
494
496
497
7966
499
501
3322
503
504
505
506
507
11903
4789
508
509
510
511
512
9474
2135
11054
12933
513
4289
8443
515
516
9269
12083
517
518
4482
11967
519
520
521
522
6501
523
524
525
526
528
8393
529
530
8529
531
2708
532
11247
6336
533
7011
534
535
536
13143
537
538
539
540
11434
7584
626
768
8949
544
545
11477
546
547
7737
11611
549
550
551
12300
552
553
3495
554
10702
555
1149
556
557
1077
2166
558
7503
559
11899
7080
560
561
562
563
6348
564
10435
565
567
568
569
9156
570
571
3370
1656
12260
2115
572
573
574
3420
11909
575
576
7898
578
579
1296
580
1960
581
582
5029
5314
11351
8260
583
584
585
586
587
588
589
590
4577
591
592
593
594
595
596
597
598
12333
7607
599
600
601
8567
11114
11588
1823
602
604
605
606
3113
7814
608
609
7981
9716
610
611
10602
612
613
614
615
616
617
5597
621
622
623
4050
1601
624
627
2224
4339
628
8572
630
632
633
634
635
3959
636
637
638
5537
639
640
641
2729
642
643
7874
11219
644
645
646
647
648
7873
649
650
651
652
6237
653
654
655
656
2100
657
658
659
6116
10812
661
662
663
665
666
667
668
3965
669
6815
671
10981
11203
672
674
851
675
676
677
678
3158
679
2421
680
10724
681
683
684
685
686
687
688
8263
689
690
691
692
693
694
695
11708
696
697
698
699
703
10678
705
706
707
9209
708
2111
710
711
10731
712
713
12475
6973
714
8540
715
716
1663
13251
3019
718
719
720
721
722
723
12305
724
725
726
727
728
729
730
731
732
3845
825
733
734
735
736
737
9655
6243
739
740
741
742
743
6358
745
746
747
748
749
750
751
752
753
754
755
756
757
758
759
760
4255
761
904
762
763
12961
2693
3579
764
765
766
767
769
6926
770
771
1130
772
773
774
775
776
777
778
779
780
781
10608
782
783
784
785
786
7877
787
788
9217
789
13133
790
791
792
793
1163
5864
794
795
796
797
7649
798
799
800
801
802
803
804
805
806
807
808
809
5128
5224
810
811
2429
812
5807
813
814
4111
816
817
818
821
823
9119
8780
824
826
827
828
829
831
832
833
9911
11463
835
836
837
6204
838
839
840
8460
841
8774
843
1804
11709
844
6030
846
847
848
2445
849
850
852
853
854
855
856
857
858
8185
859
860
861
862
6918
863
864
865
866
867
868
869
8192
6461
870
871
872
873
875
876
3251
877
12201
11794
878
11900
879
6346
880
2497
10089
881
6722
882
883
5802
1679
884
2697
885
6079
886
887
8161
888
889
10624
890
891
892
893
894
896
897
6355
899
900
901
902
3208
903
11943
905
906
11161
11861
907
7787
908
909
7596
910
911
9676
912
7348
913
914
7990
915
916
917
2356
920
921
922
923
12066
10714
2173
924
4150
925
11303
927
928
929
10073
4573
9303
12887
5828
4612
5316
931
932
933
934
11762
937
938
939
12110
940
942
9529
944
945
11339
946
947
948
4525
950
951
1458
8021
952
12574
2277
953
954
5414
3318
955
956
4875
8765
957
10194
958
959
5299
960
961
7015
963
3321
5578
12930
964
965
966
968
970
971
972
973
974
975
976
977
978
979
980
981
982
983
12896
984
985
987
988
989
990
991
9413
992
993
994
3739
6943
995
3148
997
998
7358
999
10983
1000
1001
1002
1003
1004
1006
5404
1007
1008
1009
1010
1011
1012
1014
1015
1017
9525
1018
1019
8824
1020
1021
1022
11162
11499
13054
7961
1023
1024
3674
1025
1026
1028
1029
3082
2817
1030
1031
8869
1032
7447
1033
10496
1034
1035
1036
1037
1038
1039
3020
1040
1041
10129
5095
1043
1044
10038
1046
1047
1048
1051
1052
1648
1056
1058
10408
10847
1059
1060
10121
1061
1062
1063
2674
7135
1064
13027
1065
1066
1067
1068
9762
5188
1070
1071
1072
1073
1074
8987
1075
1076
1078
9033
1079
1080
4957
1081
7960
1082
1083
1084
1085
12764
1086
1087
1089
4771
1090
5979
4596
7540
1091
9311
8091
1094
3614
1095
1096
8239
1097
5559
1098
9312
1099
1100
1101
1102
1103
1104
1105
10444
1106
2533
1250
9267
2470
1107
6862
1108
7493
1109
1110
1113
4338
2319
3703
3865
1114
1115
1116
1117
1118
3296
1119
1120
1121
1122
1125
1126
1127
4318
1132
1133
1134
1137
1138
1139
1140
8606
1141
1142
1143
1145
5292
1147
1150
9161
1151
3892
6883
9846
1152
1153
1154
1157
1158
1159
1160
1162
5785
1164
4712
1166
1167
7391
7334
1168
1169
1170
1171
1172
1173
2964
1174
1175
12784
1176
1177
1178
7315
1800
1179
4039
1180
1181
6686
8015
1182
1183
1184
2294
5742
1185
1186
13002
1187
1188
12954
1189
1190
1191
8397
6587
1193
1194
1195
1196
1197
1198
1200
3664
10109
1201
12843
1202
1203
1204
1205
1206
1207
1208
9103
8777
1209
1210
10158
1211
2716
1212
1213
1214
1215
2804
1216
4894
1217
3472
1220
1223
6869
11645
1224
6896
2828
1228
3939
8915
1230
5549
1231
6132
1232
1233
1234
1235
1236
2925
1237
11268
1238
2376
7132
10612
7917
1239
6827
6412
1241
1242
1243
1244
12229
11584
8508
1245
1246
1247
1248
5831
1249
1251
1252
1253
10322
1254
1255
1256
1258
1259
11012
4790
1260
1261
9386
9409
10196
1262
7735
12146
10100
1263
1265
9658
4840
1266
11471
1267
1268
1269
1270
1271
1272
1273
10535
10592
1274
1275
8800
1276
1277
6520
1278
1279
1280
1282
7901
7206
11835
9262
1285
1286
6619
1288
10320
1289
1290
1292
1293
2549
1295
1297
1298
1299
1300
1301
1302
1799
6938
1303
1304
1305
1306
1307
12735
10927
1309
1310
8884
1312
10544
1315
1316
2788
1317
1319
4581
1320
1321
1322
1323
1324
3726
1325
1326
2231
1327
10247
4970
1330
1331
7164
1332
1333
1334
1336
6096
3280
1337
1339
1341
1342
1343
1344
1346
13025
1347
1348
1349
11857
1350
1351
6277
1352
9546
1353
1354
1355
1356
1357
6352
5070
1358
1359
12122
8396
1360
1361
2171
1362
1363
1364
1365
1366
6283
1367
9966
9511
1368
10265
10676
1369
1370
1372
9307
1374
11249
1375
1376
7773
1377
1378
1379
1380
1381
1382
1383
1384
8242
1385
1386
1387
1388
1389
1390
1391
8516
1392
1393
1394
1395
1956
1757
1396
1397
1398
1399
1400
1401
1402
1403
1404
6292
1405
3493
3925
1407
10175
1408
11580
1410
1411
1412
12602
1924
1414
9925
1949
9211
1416
9524
1417
1418
1420
3781
1421
1423
4281
9865
1832
1425
1426
1428
1429
1430
12529
1433
1434
11467
1435
1436
2433
2881
1437
1438
1439
1440
1441
10915
1442
1443
1444
1445
1446
1770
1447
1449
11435
1450
1451
1452
6755
8903
6084
1453
1454
2177
1456
1459
1460
1461
1462
1463
7036
1464
1465
9234
1466
3921
1467
1468
3466
1469
1470
1471
1472
1473
1474
1475
1476
5974
10169
12753
11064
1478
1479
3434
1480
1481
11783
8861
1482
1484
12063
11493
3179
8629
1486
11946
1490
1491
1492
1493
1494
1495
5004
1496
5075
1497
1498
1499
1500
1501
7505
2944
1502
12818
1503
1504
1505
3087
7050
9281
12939
1506
3903
1507
11371
1509
1510
1512
1513
1514
1515
1516
4309
1517
9029
1518
1519
2962
1918
1521
8199
7185
4488
1524
1525
7048
10529
1528
1529
1530
1534
1535
1536
1537
8782
1538
4229
1539
5704
1541
4102
1542
6511
1543
1544
1545
1546
1547
5162
6101
1548
1549
3786
1550
1551
11171
1552
1553
1555
1556
3437
1558
1559
7991
7522
9567
1560
10820
7818
1561
1562
1563
1564
1565
1567
1568
10785
1569
1570
1571
10802
1572
1573
1574
10737
1575
1577
1578
6579
9978
11618
1579
1580
1581
11416
1582
1583
1584
1585
1587
9092
7060
1588
1590
11165
1592
1593
1594
1595
1597
9452
1598
4425
1699
12508
1599
1600
1602
1603
1605
6196
1607
1608
1609
1610
1611
1612
1613
1615
2947
1617
1618
1619
1620
1621
1622
1623
1624
1625
4406
1627
6648
1628
1629
5973
1630
1631
2494
7373
1633
1634
1636
6037
1637
1638
1639
1640
1641
2535
11452
10687
1642
1643
1644
3367
3392
1645
1647
1649
1650
1651
1652
1739
1653
1654
3194
1655
1657
4578
5876
2511
1658
1659
1660
2342
1661
1662
7088
11384
7669
1667
1668
1671
1672
1673
1674
13047
1678
1680
1681
5936
1682
10851
1683
1685
1686
1687
1688
1689
1940
1690
9295
10557
12473
11355
1692
1693
10888
1694
2322
1695
1696
1697
7453
1700
1702
1703
1704
11037
1705
1707
1708
11284
7456
2605
3071
1709
1710
1711
1712
1713
1714
1715
6063
9404
1717
9825
1719
1720
1721
1722
1723
1724
8290
1725
1726
1727
1728
11586
1729
1730
1731
1732
6298
1733
5149
5720
4358
1737
1738
1741
6954
1742
3496
13174
3592
1743
1745
1746
1747
1749
1750
1751
3690
7740
1752
13223
1753
1754
1755
4471
1756
1758
1759
1760
1762
1763
1764
1765
3312
10794
12893
1766
8134
9917
1767
1768
1769
1771
1772
1773
1777
1778
1779
1780
1781
1783
1784
8071
1785
4987
1788
1789
1792
1793
1794
3711
1795
1797
1798
9959
1801
5501
1803
1805
1806
1807
1808
5270
1809
1810
1811
1812
1813
1814
1816
3574
2317
2807
3926
1818
1819
1820
1822
1824
1825
8999
1826
1827
8059
1828
1829
4595
1831
1833
1834
1835
1836
12130
3090
1837
1838
1839
1840
1842
8617
4228
4226
1843
1844
1845
3388
1846
1847
1848
2656
1849
1850
1851
1852
7600
1856
7675
1857
1858
5062
1860
1861
9174
1935
1863
1866
1868
1869
1954
1870
4155
1871
1872
1873
1874
1875
1876
1877
4934
12888
1878
3823
2482
1881
1882
10630
1883
1884
1885
12328
1886
1887
1888
1890
1891
1892
6830
5553
6524
1893
1894
1895
1896
1897
1898
5889
2590
1899
1900
1901
1902
3335
1903
1904
11182
1906
12595
6526
7715
8928
1909
1910
1911
1912
1913
1914
1915
1916
11294
1917
1919
1920
1921
1923
1925
1926
1927
1928
1929
1930
12248
1931
5810
1932
1933
1934
5561
1936
10076
1939
8214
2603
1941
1942
4809
7947
12732
12796
6530
1943
2143
1944
10523
1945
1946
6663
1948
3160
1950
1951
1952
1953
1955
1957
1958
1959
1961
1962
11944
1963
1964
1965
1966
11218
1967
1968
1969
12630
1970
1971
2057
1974
1975
3284
1976
13124
1977
1978
6301
1980
1982
1985
1986
1987
4420
1990
1991
9356
1992
1993
1995
1996
1997
8505
1998
1999
2002
2003
2004
2005
2006
2007
2008
2009
2010
2011
6734
2012
2014
2015
3285
5657
7159
2016
11334
2017
6155
2019
12610
2021
10779
2022
2023
2024
2647
2025
11498
10385
2028
10047
2031
5859
2032
2033
11053
2034
11873
2035
2036
2037
2039
2040
2041
5438
8889
13247
4623
6562
2044
2045
2046
11954
2047
2048
2049
6230
8921
2050
2051
2053
5115
2054
9425
10090
2055
2056
2059
12873
13207
2060
2062
2063
2065
2066
2067
6543
3013
8640
2068
6763
2069
2070
2071
5152
9609
6050
2072
2073
2074
2075
2076
12178
11387
2078
2079
3216
2080
2081
2196
12704
7590
2086
2087
3813
2088
2089
2090
2091
3162
2092
9030
4571
2095
2096
2099
2101
4380
2102
7827
3118
2105
2106
2107
2108
2109
2113
2114
2116
2117
6398
2120
2121
2122
2123
2124
2125
2126
2127
2128
2130
2131
2133
2134
2136
2137
2139
2140
2141
4864
2142
2144
2145
2146
9249
2147
2148
2149
2150
2151
10054
2152
2153
2154
2155
9146
2156
2157
2158
2159
2160
2161
2162
2163
2165
2683
6922
9578
12014
2167
2168
2169
6389
2170
11694
2172
2174
2175
2176
4140
10579
2178
5743
3427
2180
2183
11825
2185
2186
11703
2187
8463
2188
2189
2190
2191
2192
3650
2195
2197
3394
2278
2199
2200
2201
2202
2203
2204
2205
2206
2207
12728
2208
9733
2209
2210
2211
2212
2213
2214
2215
12718
2216
2217
6580
2218
2222
2223
8175
2226
5006
10052
2227
2941
2230
11267
6718
2232
2233
10400
2234
7501
2237
2238
2239
2240
2241
2243
2244
2245
11965
8862
2395
2249
11395
2251
10256
2252
2254
2255
2256
2257
4172
2259
5865
11642
2260
2261
12775
2263
2264
2266
2268
2436
7753
2269
2270
2271
2272
2273
2274
2795
2279
2280
2281
2282
2283
2284
2416
2980
3110
5739
2285
2288
2289
2290
2293
2296
2298
2301
9858
2303
2304
2305
12113
2306
2307
2308
2309
2310
5610
2312
2313
10930
2360
7891
2314
2315
2316
2318
2323
9387
2324
2325
2326
2327
2329
7822
2330
13205
2331
2332
4633
4785
2334
2335
2337
2338
2339
2340
11802
2341
2344
5918
10438
2347
10614
2348
3869
2349
2350
2351
2352
10561
2354
2355
2358
2359
7200
5444
2361
4426
3828
9325
2362
2363
2365
2366
2367
2690
2368
2370
2371
2373
2374
2377
2378
2454
2380
2381
2382
13206
2384
2385
2386
2387
2388
2389
4911
5032
2948
2391
2392
10881
2393
9833
3064
2394
9399
2396
2397
2398
2399
10490
2401
12304
2402
2403
2404
2405
2406
2407
2408
2409
10827
8836
2410
2413
2415
2417
2618
2419
4576
2420
2422
2423
6481
2427
2428
9953
2431
2432
10135
2437
2438
2440
4997
2441
2442
2443
2446
2447
2448
2451
2452
10396
2453
2455
2456
2457
2458
6356
2459
3570
2463
10039
2464
2467
5321
2468
2471
2472
2473
2474
2475
2476
10947
2477
4881
2478
2479
2480
2481
10045
2483
2484
2485
2486
2487
2488
8386
11649
4127
12555
2489
2490
2492
2493
10273
2496
6522
2499
2501
2502
8826
2503
11915
2504
2505
2506
2508
11100
11320
2509
2510
4135
2512
9106
2515
5107
2516
2517
9756
2678
2518
3499
2523
2524
2525
2526
12007
9336
10497
2527
6925
2529
2532
2534
12116
3636
8237
2536
2537
2538
2539
7295
4152
2541
3382
5892
2542
2543
2544
2545
2546
3256
2547
2551
9699
2553
10695
5955
2554
2555
2556
2557
9877
2558
2559
2560
2562
6361
2563
2564
12058
11623
2565
12467
2566
8499
13092
7376
9975
2567
12148
10838
2571
6210
2573
2574
2575
2576
2577
2578
2580
2581
9020
2582
3898
2584
4885
8251
2585
2586
2587
2589
2591
12866
2709
2592
5068
2593
2594
2595
6245
2596
11562
2597
2598
2599
2600
2601
2602
9512
2604
2606
4599
2607
2608
6747
2609
2610
2611
2612
5325
2614
2616
2617
2619
2620
2621
2622
2623
2624
8111
2627
2628
2629
4008
2631
2632
2633
2634
2635
2636
2637
2638
2639
2641
2642
2644
2645
2646
9173
2648
2649
11822
5517
2650
12923
2652
5137
9548
2653
2654
11317
6340
10420
12142
2659
2660
2662
2664
2665
2666
2667
2668
2670
2671
2672
5631
2673
2675
2676
2677
3426
2679
2680
2681
2682
10255
10795
4705
2685
8691
4949
2686
9541
2687
2689
2691
2694
2695
13184
2698
2849
2699
2700
2701
2703
2704
2943
3074
2707
2710
2711
2713
2714
11430
2718
2719
2720
2721
2723
2724
2725
2727
12254
2732
2733
2734
2735
2736
3576
2737
12441
8939
2738
9956
3543
2740
3361
6940
2743
2744
2745
2746
2747
3078
9495
9844
2748
4918
2750
2751
2752
2753
2754
2755
12897
2758
2759
2760
2761
2762
6599
9880
2763
2765
2766
2767
2768
2769
10492
2770
2772
2773
2775
4872
2776
2777
2778
2779
2780
2781
4724
2784
2785
2786
2789
9583
2790
2791
2792
2793
2794
10679
2798
2883
2799
2800
2801
2803
2805
2806
2808
2809
2810
2811
11397
2813
2814
6867
9446
2820
2821
2824
7786
6591
10773
5958
2827
2829
2830
2831
2832
2833
2835
2837
2838
2840
2844
2845
8864
2846
2847
3544
2850
2851
11742
2852
11324
2855
8599
2856
2857
2858
6291
2859
2860
2861
12136
2862
2863
2865
7622
3999
2866
2867
2869
2871
2873
9045
11166
6602
2875
2876
9318
2877
6194
2878
2879
2880
5232
2885
2886
2887
2888
13304
2890
2891
2892
2893
2894
2897
2899
2900
2901
2903
2904
3027
2906
2907
2908
2909
2910
2911
2912
8755
2913
2914
2915
2916
2918
2920
2921
2922
2923
2924
12831
2926
2927
2928
2929
9805
2931
12742
2932
2933
2934
12270
2936
7392
9053
2938
2939
12479
3812
2940
9815
2942
2945
7066
11537
4794
2950
11480
2951
12672
2953
2955
12823
2956
2957
2958
2959
2960
2961
2963
9757
10058
2965
2969
2970
2971
10328
2972
2973
2975
12078
2977
2978
2979
2981
2982
3747
5752
2983
6507
2984
2985
2987
8623
2988
2989
2990
2991
2992
11501
2993
2996
2998
2999
3954
3001
12766
3004
3005
3009
3010
3012
3014
6893
3015
3016
3017
3021
3022
9490
3024
3026
3029
6242
3030
3031
3032
11004
3034
12860
3421
3036
3037
3038
3480
3040
3041
3042
5821
3045
3046
3048
3049
3051
3053
10864
3055
13086
3056
3057
3058
3059
3061
9379
3063
3065
4857
3067
9531
3069
3070
3072
3073
3075
3076
8985
4292
4824
3079
3080
7027
3081
3083
3085
9210
3086
3088
3089
9011
4213
3093
3095
3096
3097
3098
3101
6665
7548
3103
10201
3104
3105
3106
3108
3109
3111
3467
3114
3115
3116
9969
3119
6138
3120
3121
3122
3123
3124
13189
3126
10729
6297
3127
3128
3129
4846
3130
8963
3131
3132
3133
6182
3134
12043
8272
3933
3135
3136
3137
3138
3139
3140
3141
3142
3143
3144
10160
4585
3146
3147
7491
3149
3150
13036
3151
3153
10751
10172
3157
3795
3159
3163
3164
3165
3166
3167
5198
3168
3169
3170
3171
3172
3173
5266
3174
13005
4470
3391
3175
3176
3177
3181
3182
7041
3183
3184
3185
6475
4385
3186
3187
3189
3190
3191
3192
4297
3193
3195
3196
3197
3198
11304
3200
3201
3203
3204
3207
12185
3211
10010
3212
4739
12144
3214
11260
11530
3215
6159
3217
3218
3219
3221
3222
3226
3227
3228
3229
6391
13109
4670
3231
10963
3236
3237
10204
3242
3243
4105
3245
3246
3248
3249
3250
3253
3255
3257
3258
3293
3260
3262
3264
4677
3266
3270
3271
3273
3274
3275
3276
3277
3279
3281
6335
3282
3283
6183
3287
3288
3289
3491
3294
3295
3298
8482
6413
3300
3301
11494
3302
3652
8649
3304
3305
3306
3307
3896
6147
3308
3309
3311
3314
3315
3316
3317
3319
3320
3324
12965
3325
3326
3327
3329
3331
3332
10443
3334
5530
3340
11632
3341
3342
10964
3343
3345
3346
12813
3352
3353
3354
3356
11256
3357
3358
3359
3363
8855
3364
10266
3365
8817
3368
3369
3372
3373
3374
3375
3376
3377
8619
3612
3378
3379
3380
3384
3385
3386
3387
3389
7485
3396
3397
11017
9403
3401
12767
6379
12065
3402
3403
10017
3404
3405
3407
5841
3408
3409
3410
8215
3414
3415
3416
3417
8410
7148
3422
3423
3424
3425
10766
3428
3716
3429
3430
3431
5253
3433
3435
12966
3438
3440
5637
3441
3442
10318
3444
3445
11669
3446
3447
3448
3450
3451
11207
5146
3453
3454
11489
3456
3457
3458
4399
3460
7361
3461
3462
3464
5801
3468
3469
3470
3471
3473
3474
3475
7364
3477
3478
3479
3481
3483
3484
3485
4331
3487
3488
6097
3489
10346
4101
3497
3498
3500
3501
3503
3506
3507
8766
12478
3510
3511
3512
4413
3514
3515
3516
3517
3518
3520
3521
12918
11302
3523
3524
3526
3527
3529
11110
3531
3532
3533
3534
3535
3536
3537
12757
3538
8613
7298
5000
3539
3540
3541
9590
3542
6002
3545
3546
3547
3548
3737
3549
12206
5220
3550
3551
3552
3553
8841
3555
3558
5054
3953
3562
7431
3565
3566
3568
3572
3573
3575
3577
9385
3578
5488
3581
3582
3583
3589
3594
3595
3596
3598
9476
10578
3600
3602
3603
3604
3607
9378
3609
3610
3611
3616
10715
12779
3618
3619
3621
3624
3627
3632
3633
3635
3637
3640
3641
3642
3643
3644
3645
7496
3647
7603
3648
3649
3651
3654
3655
5929
9663
8009
12811
3657
3660
3661
3662
3663
13222
7044
10084
3671
5415
9921
3672
6828
3673
3676
6970
3679
3680
3681
3682
11737
3683
9169
10291
3686
3687
3688
3689
3691
3692
3694
3695
4774
3696
3698
3701
6118
3705
3708
4441
3712
13149
3721
7941
6371
3724
4867
9806
3725
3727
3728
3729
3730
3731
11154
3735
3736
3742
3744
3745
12223
3750
3751
3752
3754
3755
3756
3757
4220
4535
3759
3760
3762
3763
3765
3766
3767
3768
3769
3770
3771
4767
6062
3772
10105
10415
10324
3779
3780
11374
5971
3782
9647
3783
3784
3787
3788
3789
3792
3794
3796
3797
3799
10528
3801
9408
3803
3804
3805
3807
3808
3809
3810
3811
12771
3814
3815
12114
10750
3818
10606
3821
3824
3825
3829
3833
3834
3836
3837
3838
3839
3840
3841
3842
11643
3843
3846
3849
3851
3852
3853
9277
3858
3859
3861
8413
3862
4727
3868
3870
3871
3873
3875
12729
9462
10907
3879
9720
5358
8719
11357
3884
11063
3886
10087
8980
5079
3887
3888
3889
3890
3891
3893
3895
4329
11159
3900
3901
12281
3906
3907
3908
3911
3912
4556
3914
3915
3916
12283
3917
3918
3919
3920
3923
3924
11721
8250
3929
3930
3932
3934
3935
3936
3938
3941
3942
11204
3943
8377
5141
3944
3945
4319
3947
3948
7515
3949
3950
3951
8644
3952
3956
3960
3961
3962
3966
3967
3968
3969
3970
3971
3972
3973
9960
3976
3978
9383
3981
5695
3985
5969
3986
3987
3988
3989
9186
3992
11090
5204
3996
4000
8597
4002
4003
4004
4005
4006
11831
4009
4010
4017
10622
4019
4020
5277
4022
4023
4024
4025
4028
4030
4032
4033
4034
6302
4037
4045
6375
4048
9442
4052
4053
4054
4055
4262
13266
10338
4060
4061
4062
4063
4064
4065
4066
4067
4069
4072
8943
4073
4074
4075
4077
4080
6805
13060
4082
4083
4084
9181
4085
8527
4086
4088
7608
4093
4094
9367
4095
4096
4097
4098
4100
4103
4104
4106
4107
9916
4108
9006
4110
4112
4115
4116
4117
4118
4121
4123
5834
4126
4128
5131
4129
4132
4136
12608
4137
4138
4139
4142
4143
4145
5626
4146
4147
4148
4151
11226
4157
4159
4160
7910
4163
4164
4165
4166
4167
4170
4173
4174
9955
6874
4176
4179
4180
4182
4183
4184
4185
5248
4188
4189
10411
4191
4192
8925
4193
4194
4195
4197
4199
4200
8269
4201
4202
4203
4205
6951
4206
4207
4208
4209
5764
4210
4211
4212
4216
7246
4219
4221
11237
4223
13226
5279
4224
8858
5018
4230
4232
4233
4234
4235
4236
12050
4237
6067
4238
4239
4241
4242
4243
4244
11200
4245
4246
4248
4252
6961
4256
4258
5811
4383
12210
4261
11740
12622
11971
6635
4266
4268
4269
7318
4271
4272
5376
4274
4276
12162
4740
4278
4280
4282
4283
4284
4285
4286
11947
4288
4291
10053
4294
4295
12202
11812
4298
4300
9470
4301
4302
4303
4304
4305
4889
4306
4308
4311
4312
11898
4314
8934
4315
4316
4317
4320
6018
4322
10092
4323
4324
4325
4330
8093
4334
4336
4337
4732
4341
4342
4343
4344
4345
4346
7010
8150
4348
4350
9268
9497
4352
4353
4354
4355
4356
4357
4359
4360
11366
4361
5795
4363
4364
4366
4367
4373
10210
4374
12659
12326
4379
4384
4386
12953
4387
4388
4391
4392
12806
4393
4394
4396
4397
4400
4402
4403
8395
11305
4410
4411
4412
4415
4417
4418
4419
4421
4423
4427
4431
11439
4432
5379
7679
4433
4434
4435
4436
4437
4438
7095
4439
4443
12978
4444
9235
4447
4448
12609
4450
4455
11098
4458
4459
11306
4462
4463
4464
12778
13209
9803
12133
4468
4469
4472
4473
4474
4475
13118
10861
4476
4477
4478
4480
4481
9445
4483
4485
4486
4487
4491
4492
4494
7992
4495
4496
13082
4499
11949
4502
4503
4505
12859
7567
4510
12388
4515
4518
4520
4521
5280
4523
13063
4526
4527
4528
13099
4529
4531
4532
4533
4534
10962
8216
4539
13096
11700
11764
7653
4544
5228
4546
4548
4551
4552
11601
10990
7785
4559
8455
10555
4563
4564
4568
7537
4572
7842
11443
4579
4580
4583
4584
4586
4587
4589
6899
4591
4597
11251
4600
9422
4601
4602
4603
4605
4606
4611
4730
9266
4619
6723
9697
9175
4622
9167
12465
5145
5839
4626
11503
8056
11212
4640
4641
4643
4644
4645
6071
4647
4648
12288
4649
4651
4653
4654
12854
4656
10078
4657
4658
5499
4662
4664
4665
4666
5333
4668
4669
7625
4673
4674
4675
4676
4679
4681
4683
4686
4689
5878
9604
4690
4692
4694
4695
11003
4696
4697
4699
4701
4702
4704
4707
4709
12681
12785
9089
4715
4716
4717
4718
12171
4720
8776
4722
4725
4729
4734
4735
4736
4737
4743
4752
4753
4758
4760
4862
11657
7972
7345
4764
4772
9423
4780
9504
4782
11931
4784
5307
6134
4786
7265
4787
4788
4791
4792
6826
4795
4800
4801
4802
9253
4806
4807
4808
4810
4811
11776
4812
4813
4814
4815
4817
4819
4822
7067
5016
7428
6031
4829
4830
4831
4834
4835
4838
4839
4841
4842
4844
4845
4848
4849
4850
12677
4852
6080
4853
4854
4855
4856
4859
4860
11470
4865
4869
4870
11168
4873
4874
4876
4877
4879
4880
4882
8894
4886
4887
4891
4892
4895
4896
13014
4897
4898
7479
4900
4901
4903
4904
11747
6761
4905
4906
4907
4909
4910
4913
4914
7243
4916
6601
9849
4920
4921
4925
6714
4927
4928
7155
4930
7032
4931
9000
4932
4936
4938
9890
4943
4944
4945
4947
4948
4952
4953
9218
4956
4958
4959
5364
7480
4961
8779
4963
4965
4966
4971
9696
4973
5634
4975
4976
4977
6829
4978
4979
4981
4982
4983
4984
4988
4989
4991
4994
4995
4996
4999
5001
5003
5005
5009
5011
5013
5014
5015
8333
5021
5023
5026
5028
5030
5031
5033
5034
5756
5035
5036
5037
5038
5040
5042
10234
5046
5048
5486
5050
5051
5052
5053
5055
9467
5057
5058
5059
10831
7780
13183
5064
5065
5066
12597
5071
9407
5073
5076
5077
5078
5081
5082
5083
12037
5084
5086
7712
5087
5089
5091
5092
9361
5096
7275
5100
5103
5104
5106
5109
5110
13274
6906
5113
5116
5117
5119
5121
5122
11860
5125
5129
11853
5133
5134
5135
5136
5140
6532
5143
5144
5147
5717
11927
12837
5151
6647
5154
5155
5156
5158
5159
12214
5160
5161
5165
5168
5169
5170
5171
5173
5175
5176
6004
9201
5179
5183
5189
5190
5191
5193
5194
10102
5196
5199
5200
10665
5202
8547
9076
10187
5209
5211
10607
5213
5215
5218
5221
6436
5222
9112
5230
5235
5237
5239
7241
5241
5243
5244
5245
5251
5252
5255
5256
5257
5259
9471
5261
5262
7076
5267
5269
11457
5275
5278
5281
5285
5288
12871
9298
5290
5294
12486
5296
5297
5298
5300
5303
10170
5305
6834
5308
5309
5310
5311
5312
5313
8788
5317
6441
12649
5319
5322
5323
5328
5329
5330
5332
5334
5336
5339
5340
5341
12143
5343
12432
7214
12988
5347
5348
5350
5353
5355
5356
12621
5361
11131
5366
6467
5369
5370
5375
5377
5378
5381
5383
5384
5385
5386
5387
5389
5390
5391
9414
5392
5393
5394
7328
5395
5398
5399
5400
6782
5401
5402
12081
9163
5409
5410
5411
5413
5418
5419
12495
5420
7952
6680
9086
10648
5424
5425
5426
5427
9097
5428
5432
5433
13212
5434
6578
5436
5439
5440
6451
5448
5451
5453
5454
5458
9114
10631
6932
5463
5464
5465
5467
12648
5469
5470
5472
5473
11895
5474
5479
5482
5487
5495
5497
5498
5500
6497
10854
5504
9871
5505
5507
5508
12586
5511
5512
5514
10140
11286
10643
7903
5518
5520
5521
5522
5523
5525
5526
11670
12719
11739
5531
5535
5536
5540
5541
11989
5544
11115
12093
10115
5552
5556
5557
5558
6577
5565
5567
5569
13074
5858
5571
5572
5574
5576
5577
10044
5581
5582
6055
13157
5583
5584
12395
5585
12895
5589
5590
12614
5591
5593
5595
5596
13077
5604
5605
11232
5608
5609
9230
5618
5620
12772
5622
7871
6625
5624
5625
12755
11832
5629
5633
5638
9341
8419
5639
5643
10832
5647
11955
5648
5650
5651
5652
5654
9345
5663
5668
5670
5671
5672
8445
5680
5682
9866
5690
12847
5691
5692
5693
10549
5696
5698
5699
11281
5703
5707
5709
5710
7123
5714
5715
5723
5725
5727
5728
5731
5733
12477
5736
8911
5744
5745
5746
5748
5750
7980
7349
13289
5757
10699
12741
5761
11343
5770
5772
5776
5777
5779
5780
5781
5782
11500
12476
5789
5790
5791
5793
5797
5798
5799
5800
5803
5804
5805
5806
5808
5809
8171
9694
12074
9738
9606
5815
5816
5820
10006
5823
5825
5826
13298
9594
5836
9481
5838
5842
5843
5845
5846
6081
5848
5850
7727
5853
5854
5855
7488
5860
5861
5862
6142
5863
10733
5866
11868
5869
5870
5873
5879
5880
5881
5882
5883
5884
5885
5890
5891
5893
5894
5895
5901
5903
5906
5909
5912
5914
5917
6162
5921
11505
5924
7664
5926
6861
5930
5931
5934
5935
5938
5940
5941
6364
5948
9401
6215
8507
5950
5954
5959
8168
10388
5963
5964
7424
9087
5966
5967
5970
7323
5976
5978
5981
5982
5987
11648
5994
5996
5999
7386
6001
9317
6005
6006
6008
10345
6010
6012
6015
6016
6022
8295
6025
6026
6029
6032
6034
9900
6036
6038
6043
6047
6051
6054
6058
6284
6059
6060
6068
6069
6070
10655
6076
12187
12367
6089
7626
9461
6094
9807
11728
8195
8879
12216
6952
6110
7628
6111
6112
6114
6117
12658
6121
6122
6125
9574
6127
6128
11892
6130
6133
6135
12804
6137
6139
12858
7905
6145
6146
6157
9071
7892
6165
10292
6168
6169
6171
6589
10632
12376
6174
6176
12181
10267
7178
6186
6187
10227
6188
10262
6191
6193
6195
6198
6200
6201
6203
11638
6209
6211
6212
6214
9316
6222
8724
10480
12889
10933
6236
6240
6241
6246
6248
6251
6253
6255
6258
10083
11558
6260
6263
9171
6270
6279
6282
6285
12163
6287
6289
11585
6295
11238
6300
6304
7408
8565
6307
6308
6310
6311
10870
6312
6322
6324
6326
6330
6339
6342
6344
6345
6347
11127
6350
6351
6353
12280
6357
6360
6365
6367
6368
6370
6372
6374
6460
6377
6378
6381
6382
6385
6387
10722
6388
9704
6394
6396
6397
6399
6400
6401
6403
6404
6406
8224
11789
11364
6411
6416
6417
8642
6419
6420
6422
6425
6426
6427
6429
6430
6431
6432
11934
6435
6439
6443
6444
6445
6446
6447
6448
6450
7253
6457
6459
6462
6464
6466
6469
6471
6472
7401
6478
6482
6483
6484
11540
6485
11197
6487
6488
6489
6491
6492
6493
6495
6496
8132
6500
6502
6512
6513
6515
6517
6518
6521
11187
6525
9517
6527
6528
6529
6531
6533
6534
6544
6546
6547
6548
6549
7251
6550
6552
6554
12131
6556
6559
6913
6561
6563
6566
6567
6568
6569
6570
6571
6572
12662
12100
6574
6584
7720
6590
6592
6593
6595
6598
6600
6603
6604
6605
12218
9713
6608
6609
6785
6610
6611
6612
6613
6614
6615
6616
11612
6622
6627
6628
7038
6629
6631
6633
6634
6636
6639
6640
6642
6645
6646
6649
7215
6652
6653
8114
6654
6655
8680
6658
6660
11396
6667
6669
8553
6671
6672
12585
8726
6675
6677
6678
6679
6682
6683
6684
6685
6693
6694
6695
6698
6707
6708
6710
6712
6717
7216
6721
6724
6725
6726
6727
6728
6731
6732
6737
6739
6740
6741
6742
6796
6749
6751
6754
12511
6757
6760
6762
6764
6765
10626
6767
11490
6769
6770
6771
6773
6775
12359
6777
11474
6957
9901
6779
6924
11359
6781
6783
6786
6792
7993
6794
6795
6797
6798
6800
6803
9240
6817
6818
6823
6833
6835
6838
9017
8252
9792
6846
6847
10425
6849
9142
12005
6852
6853
6854
6857
11727
6865
6866
6868
6870
6871
11600
6875
6876
9062
6884
6885
6887
6888
13040
6901
6903
6904
6905
6908
6909
6910
6917
6923
9427
6931
6937
6941
6942
6944
7068
10692
6945
11926
13186
6950
6953
6958
6964
6968
6971
6977
6978
11454
6987
6990
6992
6993
6994
6997
6998
6999
7001
7005
7008
10126
7016
7025
7026
9602
7030
7031
10283
10869
8807
7039
7040
7046
7047
7052
7056
10449
11686
7058
7064
7065
10568
9039
7071
7074
7078
7081
7274
7083
7087
7089
8164
7094
7585
7099
8072
9096
7107
12756
7109
7111
7113
7115
9492
7117
7118
7120
7124
7126
9305
7127
7128
7131
11403
7137
7139
7144
10808
7149
13100
7153
7154
7162
7168
7171
10018
7175
7177
7184
7187
12217
7189
12890
7193
7195
7196
7729
7204
7207
7208
7210
12221
7212
7217
8538
7220
7222
9928
12705
7229
7230
8751
7233
8581
7235
7237
7238
7240
7242
10353
7245
9788
7254
7257
11001
7259
7262
7266
7268
7270
7276
7277
7278
7279
7280
7282
7286
7288
7289
7292
7293
7297
7300
7301
7302
7306
7309
7314
9577
7325
7326
7327
10421
7331
7332
7333
7338
7341
10061
7346
7861
9873
7351
7352
7356
7365
7367
9081
7372
7377
7381
7382
7383
7389
7390
7395
7402
10416
7404
10080
7413
7414
7420
7422
7425
7645
7426
7430
7436
9075
9851
7439
7440
7441
7442
7445
7446
8330
7449
9127
11785
7451
7452
7457
8918
7461
11164
10298
7471
7475
7476
7483
12046
13258
7492
7494
7495
7526
13164
7498
7504
7506
10710
7509
7510
7513
7514
7517
7523
7524
12032
7527
7528
7529
9221
7530
7531
7534
7539
7545
7674
7554
8851
7555
11456
7558
11423
7559
7563
7564
7569
7570
7572
7575
7576
7580
7582
7589
7591
9375
7598
7602
12010
7612
7613
7614
7615
7617
7618
7619
7623
12422
7627
7629
7635
9600
7647
7655
7656
7657
7658
7661
11266
7666
10093
7668
7670
7672
7676
12198
7929
7986
10148
7684
7687
7688
7690
7697
7698
7702
7703
7707
12297
11882
7718
7719
7721
11173
7723
7724
7725
11006
12904
7743
7746
7748
7752
7756
12258
7758
7763
7767
7772
7774
7778
10588
7781
7782
9196
7788
7789
7790
7795
12481
7807
7815
10232
7819
7821
7825
7835
7836
7837
7839
8307
8659
7841
7843
7844
7847
7848
7850
7852
10059
7854
7859
7860
12959
7867
7870
7872
7875
7876
7878
7880
7884
7900
12415
10460
7912
7913
11626
7920
7923
7924
10911
7926
7928
7931
7932
7934
11568
7939
12150
7942
11870
7944
7948
7949
7950
7951
7953
11849
10005
11121
8157
11972
10409
7975
7977
7979
7982
7983
7984
7988
11482
7994
7995
10956
7999
8000
8001
8010
8011
8013
8019
13265
8027
8031
8032
8046
12375
8047
12891
8974
8051
11517
8054
8060
10701
8062
8065
8066
8067
8068
8069
8070
8075
8078
8082
8087
8676
10326
8089
8097
8099
13017
11056
8103
8104
8167
8117
10511
8119
8121
10221
8125
8126
8137
10758
8916
8143
8147
8152
8156
8158
11617
8160
12663
8176
8177
8179
8180
8183
8186
8187
8190
9518
8193
8194
8204
8207
8208
10130
8217
8220
8497
8227
8228
8229
8235
8236
8246
8256
8257
8945
8262
11639
8268
10222
8276
8279
8282
8285
8286
8288
8289
8297
8300
8309
10944
8312
8313
8315
8922
8321
8322
8323
8324
8326
8328
8329
8332
8334
10859
8338
8342
9342
9416
8374
8379
12015
8381
9108
8387
10670
8390
12179
8400
10551
8954
8403
8406
8409
8412
8981
9077
8417
8420
8423
10910
11851
8432
8435
8436
8437
8442
10431
8447
8448
8459
8461
8464
8465
11792
8472
8602
8476
11016
8481
8494
9018
8484
8486
8487
8488
8489
8490
8491
8493
8500
8501
8503
8506
8510
8511
8513
11803
8515
8523
8525
10112
8533
8537
8545
8548
8558
9857
8562
8564
8566
8714
8574
8582
8583
8589
8591
8593
9516
9607
8596
8601
9066
8611
8615
8620
8621
8624
8626
13301
8636
8638
8645
8646
8648
8650
9255
8655
8661
8662
8665
8672
8673
8685
8687
8689
8692
9767
8698
11541
8707
8709
8711
8716
8720
8723
10486
8732
9420
8738
8745
9282
8760
8763
8764
8767
8768
8769
12950
9466
8773
9797
8778
8781
8785
8792
8804
8805
8815
8818
8822
8823
8828
12642
8834
8835
8838
8839
8865
8866
8873
8874
11296
8956
8875
8877
8882
9568
8887
8892
8893
11407
10591
8901
8902
9926
8905
10097
8913
8914
8919
8930
8932
8941
8942
10488
8948
8951
8957
10515
8962
11722
8967
9046
8976
8977
8984
12247
9002
10841
11622
9016
9035
9043
9052
9054
10822
9059
13195
11418
9067
9463
9070
9079
9080
9894
9083
9094
9098
11400
9101
9110
9116
9863
9121
9122
9125
9126
9128
9134
9136
9138
9140
9145
9149
9162
9166
9182
9185
11315
9190
9191
9192
9198
10162
9206
9207
9214
9219
9228
9229
9231
9237
9242
9245
9250
9251
9252
11531
9254
11099
9259
9264
9265
9279
9283
9289
9291
9292
9294
9302
11308
9319
11896
9355
10651
9365
9368
9380
9388
9397
11938
9402
9710
9406
9412
9415
9417
9429
9430
9431
9432
9438
9556
9861
9448
9449
9450
9451
9453
9455
9459
9460
12157
9486
9488
9494
9503
9505
9506
9520
13018
10559
9523
9534
9535
9536
9538
9539
9542
9543
9618
11964
9555
11125
12183
9782
13085
9587
9591
9592
9595
9601
9615
9621
9622
9623
10977
13198
9631
9633
9634
9635
9636
9638
9646
9649
9653
9656
9662
9674
9823
9675
9677
9678
9680
9683
13208
9686
9687
9688
9692
9701
9709
9717
12020
9718
9721
9723
11214
9724
9726
9728
9740
9748
9749
9752
9754
9759
9772
9787
9790
9794
9795
9798
10008
9813
9822
9826
9828
9829
9835
9840
9845
9853
9862
9864
9878
9882
9885
9989
9887
9892
9895
9902
9903
9905
9906
12416
12812
9923
9927
9931
9932
12547
9949
9952
9954
10264
9971
9985
10796
9996
11108
12908
10627
10004
10012
10028
10030
10031
10048
10055
10074
10075
10077
10085
12252
10099
10101
10206
10110
10113
11545
12469
10137
10138
10139
10141
10143
10149
10155
10163
10166
10174
10180
10182
10183
10188
12243
10197
10208
10213
10214
12273
10228
10233
10239
10240
10241
10836
10246
11539
10258
10259
10260
13064
10263
10383
10272
10281
10284
10285
13098
10294
10303
11060
10306
12898
10316
10331
10334
10337
10339
10340
10343
10349
10350
10354
10356
10361
10362
10961
11077
11707
10377
10386
10393
10395
10397
10424
10426
10432
10433
10436
12670
13224
11468
10464
10465
10481
10498
10499
12702
10518
10524
10532
10536
10541
10550
10562
12664
10577
10958
10583
10586
10595
10596
10598
10600
12752
10620
10621
12330
10640
11581
10642
10646
10649
11754
13152
11408
10680
10685
10696
10740
10700
10708
10709
10721
10754
10759
11050
10764
10768
10780
10781
10783
10789
10816
10825
10834
12067
10850
10855
10857
10865
10867
10887
11409
13269
11147
10896
11736
10905
10906
11239
10922
12449
11139
10931
10937
10943
10949
11109
10976
10999
11002
11032
11034
13019
11047
11048
11255
11066
12166
11070
11078
11092
11093
11094
11095
11105
11106
11839
11143
11146
11150
12762
13244
11492
11170
11189
11192
11257
11222
11230
11640
12669
11272
11569
13013
11319
11322
11338
11344
11367
11376
11410
11424
11437
11445
11448
11450
11461
11469
11487
11519
11528
11557
12673
13134
11593
11599
11604
11625
11644
11647
11666
11683
12820
11726
13210
11770
11780
11788
11883
12165
11826
11833
12676
11879
11880
11890
11897
11907
11917
11923
11932
11959
12004
12041
12061
12082
12344
12108
12158
12167
12240
12244
12251
12266
12268
12286
12307
12348
12944
12351
12356
12361
12397
12406
12430
12440
12446
12461
12506
12514
12525
12533
12743
12588
13125
12617
12626
12631
12686
12691
12707
12740
12822
12868
13006
12900
12975
13003
13012
13015
13048
13072
13242
13263
