13289
13261
13209
13207
13205
13195
13189
13183
13173
13170
13164
13137
13134
13132
13124
13112
13106
13099
13095
13094
13091
13072
13064
13054
13029
13027
13025
13018
13014
13013
12971
12966
12962
12961
12952
12944
12930
12900
12895
12894
12893
12878
12874
12858
12854
12847
12837
12831
12827
12823
12821
12813
12806
12804
12802
12791
12784
12778
12775
12764
12762
12755
12754
12752
12745
12742
12741
12735
12724
12709
12707
12697
12696
12690
12686
12683
12676
12673
12662
12659
12649
12646
12643
12642
12640
12632
12630
12626
12622
12621
12614
12610
12608
12602
12595
12591
12586
12582
12574
12573
12566
12565
12564
12529
12524
12511
12508
12495
12486
12482
12478
12477
12475
12473
12468
12467
12465
12461
12453
12449
12441
12440
12432
12430
12421
12367
12363
12336
12328
12326
12322
12307
12305
12288
12283
12278
12276
12273
12270
12258
12248
12247
12243
12240
12239
12235
12229
12221
12217
12210
12202
12183
12178
12171
12167
12166
12162
12150
12148
12143
12142
12136
12133
12124
12118
12114
12113
12102
12093
12086
12083
12081
12080
12074
12073
12070
12066
12063
12061
12049
12046
12043
12037
12032
12021
12020
12010
12007
12000
11989
11975
11972
11971
11967
11966
11965
11964
11961
11955
11954
11949
11945
11943
11931
11930
11927
11915
11912
11900
11899
11898
11896
11892
11890
11889
11883
11882
11880
11878
11873
11872
11870
11868
11863
11858
11857
11856
11853
11852
11851
11849
11833
11826
11824
11822
11821
11809
11803
11794
11789
11788
11783
11773
11739
11736
11722
11715
11708
11707
11694
11686
11684
11682
11677
11671
11670
11666
11657
11652
11648
11647
11646
11640
11639
11638
11635
11631
11626
11624
11623
11618
11617
11616
11601
11593
11588
11585
11584
11580
11571
11569
11568
11557
11555
11553
11541
11539
11537
11531
11519
11511
11505
11501
11498
11494
11493
11490
11484
11477
11474
11470
11468
11463
11461
11456
11448
11445
11443
11423
11416
11413
11410
11407
11400
11396
11395
11387
11374
11367
11364
11362
11361
11359
11345
11343
11340
11324
11320
11304
11303
11284
11272
11268
11260
11256
11249
11248
11247
11243
11242
11238
11237
11232
11226
11219
11218
11214
11204
11203
11200
11197
11191
11187
11182
11171
11169
11168
11166
11162
11159
11158
11154
11150
11144
11137
11131
11124
11121
11120
11108
11106
11100
11099
11094
11093
11090
11070
11066
11064
11063
11060
11058
11057
11056
11050
11049
11048
11037
11015
11012
11003
10990
10983
10981
10979
10976
10964
10963
10961
10954
10937
10934
10933
10931
10930
10927
10922
10919
10911
10910
10905
10904
10900
10888
10885
10881
10875
10870
10860
10854
10851
10839
10816
10807
10805
10802
10796
10795
10789
10781
10772
10757
10756
10754
10733
10731
10721
10715
10714
10699
10696
10695
10682
10680
10678
10670
10665
10655
10648
10646
10643
10642
10635
10632
10628
10627
10612
10608
10607
10606
10598
10595
10592
10589
10586
10582
10579
10577
10567
10562
10555
10544
10543
10537
10535
10529
10527
10524
10512
10511
10508
10502
10498
10497
10492
10490
10487
10480
10462
10452
10449
10444
10442
10435
10433
10415
10411
10409
10405
10400
10396
10395
10388
10385
10377
10353
10345
10326
10320
10318
10306
10298
10292
10275
10267
10265
10261
10258
10256
10248
10247
10243
10242
10232
10227
10222
10221
10220
10206
10201
10196
10187
10175
10170
10169
10166
10159
10149
10141
10140
10135
10130
10129
10125
10121
10112
10106
10105
10102
10101
10099
10097
10090
10089
10087
10086
10080
10077
10064
10061
10059
10058
10055
10054
10053
10052
10048
10047
10045
10044
10039
10038
10026
10018
10017
10012
10009
10008
10006
10005
9996
9985
9983
9977
9975
9969
9967
9956
9955
9953
9949
9945
9928
9926
9925
9923
9915
9911
9902
9894
9880
9873
9866
9863
9861
9857
9856
9849
9845
9833
9832
9819
9805
9792
9790
9772
9759
9757
9754
9724
9720
9707
9704
9699
9688
9662
9658
9655
9638
9633
9631
9626
9623
9610
9609
9607
9606
9596
9594
9590
9584
9578
9577
9574
9573
9563
9547
9546
9523
9520
9518
9517
9512
9497
9490
9481
9474
9471
9470
9467
9465
9461
9452
9446
9444
9442
9432
9430
9423
9422
9417
9416
9415
9414
9398
9395
9388
9387
9378
9375
9367
9361
9356
9317
9316
9310
9305
9303
9299
9295
9294
9286
9285
9283
9281
9279
9277
9269
9264
9262
9257
9253
9244
9240
9237
9231
9230
9229
9221
9218
9217
9204
9199
9198
9196
9191
9174
9167
9166
9163
9155
9149
9136
9127
9098
9097
9096
9092
9087
9082
9081
9079
9076
9074
9067
9059
9049
9034
9033
9029
9018
9017
9010
8995
8991
8987
8981
8974
8967
8949
8943
8942
8934
8926
8923
8919
8916
8913
8912
8911
8902
8894
8892
8887
8886
8884
8882
8862
8858
8856
8855
8851
8848
8839
8826
8825
8824
8818
8808
8805
8800
8793
8788
8785
8778
8776
8774
8769
8766
8764
8756
8732
8726
8723
8720
8714
8709
8707
8700
8669
8661
8659
8657
8655
8649
8646
8642
8640
8638
8633
8626
8619
8615
8613
8600
8581
8567
8549
8547
8544
8540
8538
8533
8530
8529
8523
8517
8516
8515
8505
8499
8497
8496
8494
8482
8474
8463
8460
8459
8448
8445
8434
8410
8409
8406
8405
8401
8400
8397
8393
8387
8330
8322
8312
8295
8290
8285
8280
8276
8275
8274
8267
8252
8251
8250
8242
8234
8228
8227
8224
8216
8215
8214
8208
8199
8195
8185
8184
8181
8180
8168
8161
8158
8147
8145
8137
8121
8105
8099
8096
8091
8087
8071
8070
8066
8061
8056
8048
8047
8046
8021
8016
8015
8009
7983
7975
7973
7972
7961
7952
7947
7944
7942
7941
7932
7929
7926
7913
7910
7900
7898
7892
7891
7878
7877
7876
7872
7852
7850
7819
7813
7788
7785
7780
7779
7777
7774
7771
7744
7739
7735
7725
7715
7712
7702
7684
7679
7676
7674
7669
7668
7661
7655
7653
7649
7634
7628
7625
7623
7621
7608
7603
7590
7587
7585
7579
7565
7564
7559
7548
7540
7539
7513
7510
7504
7496
7492
7484
7480
7476
7475
7471
7461
7453
7450
7447
7440
7436
7431
7426
7425
7424
7404
7401
7395
7392
7391
7390
7389
7387
7373
7372
7365
7364
7361
7359
7358
7348
7342
7334
7328
7326
7318
7317
7315
7304
7295
7287
7280
7254
7251
7243
7222
7216
7204
7200
7196
7160
7159
7123
7115
7113
7101
7089
7073
7068
7067
7066
7060
7056
7050
7048
7041
7037
7027
7025
7010
6999
6998
6990
6989
6987
6978
6973
6970
6968
6958
6957
6954
6952
6951
6950
6948
6944
6940
6926
6924
6918
6908
6906
6896
6893
6891
6876
6874
6872
6869
6867
6862
6847
6843
6838
13255
6834
13251
6830
13247
6826
6815
13218
6797
6795
13206
6785
13203
6782
6781
6755
6754
13168
6747
13157
6736
6734
6723
13143
6722
6718
6717
6710
13118
6697
6696
6684
6680
13100
6679
13086
6665
6663
13074
6653
6652
6649
6648
6635
6634
6625
13040
6619
13036
6615
6609
13020
6599
6591
6580
6579
6578
12998
6577
6574
6571
6570
6569
6562
6561
6559
6546
12965
6544
6536
6530
12943
6522
6520
12939
6518
6517
6513
12933
6512
6511
12928
6507
6503
12923
6502
6501
12918
6497
6494
12902
6481
12899
6478
12896
6475
6471
12890
6469
12888
6467
12885
6464
6461
6459
6455
6441
6436
6429
6427
6413
6412
6411
6404
6403
12820
6399
6398
6394
12812
6391
12811
6390
6389
6388
6384
6378
12796
6375
6374
6372
6371
12785
6364
12782
6361
12779
6358
6356
6355
6352
12771
6350
6348
12768
6347
12767
6346
12766
6345
6344
6342
6340
6339
6337
12757
6336
12756
6335
12732
6311
6310
12729
6308
12728
6307
12719
6298
12718
6297
6292
6291
12708
6287
12706
6285
12705
6284
12704
6283
6280
6279
6278
6277
12691
6270
12680
6259
6258
6245
12664
6243
12663
6242
12658
6237
12651
6230
12648
6227
6215
6214
12633
6212
12631
6210
6204
6202
6196
6194
12609
6188
6186
6183
6182
12594
6173
6172
6169
6162
6160
6159
6158
6147
6142
6139
6138
12555
6134
6127
12546
6125
6118
6116
6111
6101
6097
12515
6094
6089
12505
6084
6081
6080
6079
6077
6076
6073
6071
6070
6068
6067
6064
6063
6062
12481
6060
6059
12476
6055
6050
6043
6041
6037
6034
6031
6030
12446
6025
6018
6016
6010
6008
6004
6002
12422
6001
5999
12415
5994
12400
5979
12395
5974
5973
5971
5970
5969
5965
12380
5959
12376
5955
5941
12359
5938
5937
5934
12352
5931
5930
5929
5926
12344
5923
5921
5918
5917
12333
5912
5903
5898
5892
5891
5889
12309
5888
5885
12304
5883
5881
5880
12300
5879
5878
12297
5876
5873
5869
5868
12286
5865
5864
5858
12275
5854
5841
12260
5839
5838
5834
12254
5833
12252
5831
5829
5828
5820
5815
5813
5811
12228
5807
12226
5805
5803
5801
5799
5798
12218
5797
12216
5795
12206
5785
12205
5784
12201
5780
12200
5779
12198
5777
5772
5768
12187
5766
12185
5764
12179
5758
5756
5752
5748
12165
5744
5743
12163
5742
5739
12149
5728
12146
5725
5720
12140
5719
5717
12131
5710
5707
5704
12122
5701
12116
5695
5690
12110
5689
5683
12092
5671
12088
5667
12072
5651
5639
5638
12058
5637
12050
5629
5626
5618
12031
5610
5607
12026
5605
5602
12018
5597
5591
5590
12004
5583
5578
5577
5574
11992
5571
5570
5561
5559
5558
5553
5552
5549
5531
5530
5529
11944
5523
11938
5517
5512
5507
11926
5505
5504
5501
5499
11911
5490
11909
5488
5487
11907
5486
11903
5482
5480
11895
5474
5464
5454
5453
5448
5444
5438
11843
5422
5420
5419
11839
5418
5415
11835
5414
11831
5410
5409
5406
11825
5404
11819
5398
5394
5392
11812
5391
5387
5386
11802
5381
11797
5376
11774
5353
5347
11764
5343
11762
5341
11754
5333
5331
5329
5325
11742
5321
11737
5316
5314
5310
5309
5308
11728
5307
11726
5305
5303
11720
5299
5296
11713
5292
5290
11709
5288
5280
11700
5279
5276
5275
5270
5266
5259
5255
5253
11669
5248
5243
5239
5237
5232
5230
11649
5228
11645
5224
11642
5221
11641
5220
11632
5211
11620
5199
5198
5193
11609
5188
5182
11600
5179
5170
5168
11586
5165
11583
5162
5158
5154
5152
5149
5146
5145
11562
5141
11558
5137
11552
5131
5128
11545
5124
5122
5115
11525
5104
5100
5095
11503
5082
5081
11500
5079
11499
5078
5075
5070
11489
5068
11483
5062
11482
5061
11479
5058
5054
5052
5038
11457
5036
11454
5033
5032
11452
5031
5030
5025
11439
5018
11437
5016
5015
5011
11430
5009
5004
11421
5000
11418
4997
4996
11403
4982
4981
11397
4976
11391
4970
4965
11384
4963
4957
4952
4949
4947
11366
4945
11357
4936
11355
4934
4932
4931
11351
4930
4929
4927
4925
11339
4918
11334
4913
4909
4906
4905
4904
4900
11319
4898
11318
4897
4891
4889
11308
4887
4886
11306
4885
11305
4884
11302
4881
4880
11296
4875
11294
4873
4872
4867
11286
4865
4864
4861
4859
4857
4855
4850
4849
11267
4846
4844
4840
11257
4836
4831
11251
4830
4829
4824
4813
11230
4809
4808
4792
4790
4789
11209
4788
11207
4786
4785
4771
4769
4764
4758
4753
11173
4752
4746
11164
4743
11161
4740
4734
4732
4727
11139
4718
4717
4712
4708
4707
4705
4698
4691
4690
11098
4677
4676
4675
4662
11078
4657
4654
4651
4647
11062
4641
4640
11054
4633
11053
4632
4630
4623
4622
4612
4605
4603
4601
4600
4599
11017
4596
11016
4595
4592
4589
11004
4583
4578
4576
4571
4563
4559
10977
4556
4548
4544
10960
4539
10958
4537
10956
4535
10949
4528
4525
10944
4523
4521
4518
4499
10918
4497
4496
10915
4494
4488
10907
4486
4482
4476
10893
4472
4471
4470
4468
4458
10868
4447
10864
4443
4441
10847
4426
10846
4425
4423
4422
10838
4417
10836
4415
4413
10827
4406
4403
10820
4399
10814
4393
4385
10801
4380
4372
4367
4356
4353
10766
4345
4344
10764
4343
4339
10759
4338
4331
4323
4318
4315
4309
4306
4292
10702
4281
4269
10689
4268
10687
4266
4262
10679
4258
10676
4255
4252
4235
4229
10640
4219
4173
4170
4155
10571
4150
10568
4147
10561
4140
4137
4129
10536
4115
4110
10522
4101
4100
4098
10518
4097
10510
4089
10485
4064
4052
10454
4033
10430
4009
10427
4006
10420
3999
3961
10380
3959
10374
3953
3944
3926
10346
3925
10344
3923
3921
10337
3916
10328
3907
10322
3901
3898
3892
10311
3890
3883
3872
10266
3845
10264
3843
10259
3838
3816
10233
3812
3810
3808
3795
3782
3781
3772
3769
3765
10183
3762
10180
3759
3747
3744
10162
3741
3730
3726
3706
3701
3690
10109
3688
3687
10095
3674
3664
10076
3655
10073
3652
10066
3645
3644
3612
3594
3583
3579
3577
3570
3544
3531
3517
3510
9921
3500
9919
3498
9914
3493
9906
3485
3483
3475
3467
3466
3464
9882
3461
3460
3457
9877
3456
3448
9865
3444
9858
3437
3434
3433
9851
3430
3427
3426
3409
9823
3402
3401
9815
3394
3390
9806
3385
3380
3375
9794
3373
3370
3368
9788
3367
9782
3361
9779
3358
3348
3347
3345
9764
3343
9762
3341
3324
3321
3314
3301
9717
3296
9714
3293
3291
3290
9709
3288
9705
3284
9701
3280
9697
3276
3274
9687
3266
3256
9676
3255
3251
3249
9667
3246
9663
3242
3231
9647
3226
9639
3218
3215
9635
3214
3208
9628
3207
9618
3197
3191
9600
3179
3166
3160
3159
3158
3147
9564
3143
9556
3135
9548
3127
9544
3123
9539
3118
9536
3115
9531
3110
3109
9529
3108
3106
3101
9516
3095
9511
3090
3087
3086
9506
3085
9505
3084
3075
9495
3074
9486
3065
3064
3057
3051
3047
9463
3042
9459
3038
9450
3029
9448
3027
9445
3024
3020
9440
3019
3016
3015
3013
3012
9429
3008
9425
3004
9420
2999
9412
2991
2989
9407
2986
2984
9404
2983
2975
2971
9386
2965
9385
2964
9383
2962
9374
2953
2951
9369
2948
9366
2945
2943
2941
2936
2933
2927
2926
9342
2921
9341
2920
9340
2919
9336
2915
9328
2907
9325
2904
2903
2901
9320
2899
9312
2891
9311
2890
2887
9307
2886
9302
2881
9300
2879
9298
2877
2875
9292
2871
2867
2859
2852
9272
2851
9270
2849
9268
2847
9259
2838
2835
9254
2833
9250
2829
2827
9242
2821
2817
9235
2814
9234
2813
9225
2804
2801
9220
2799
9219
2798
2795
2792
9211
2790
9209
2788
9206
2785
2781
9201
2780
9190
2769
2766
9186
2765
9181
2760
2759
9173
2752
9171
2750
2743
9161
2740
9159
2738
9156
2735
2729
9148
2727
9146
2725
2723
2709
2708
9128
2707
9126
2705
2704
9122
2701
9121
2700
2699
9118
2697
9114
2693
2690
2689
9108
2687
9106
2685
2683
9103
2682
2674
2673
2672
9089
2668
9086
2665
9077
2656
9075
2654
2649
2648
2647
2637
2635
9053
2632
2627
9045
2624
2619
9039
2618
2610
2605
2603
2602
2601
9014
2593
2592
2586
2582
9002
2581
8998
2577
2575
8980
2559
2555
2554
2551
8963
2542
8962
2541
8957
2536
8954
2533
2529
2526
8946
2525
8933
2512
2508
8928
2507
8921
2500
2489
8905
2484
2483
8903
2482
8896
2475
8895
2474
2459
8876
2455
8875
2454
8873
2452
2442
2436
2433
2431
2428
2424
8843
2422
2416
2406
8823
2402
8819
2398
8817
2396
2395
2393
8809
2388
8807
2386
8806
2385
2380
8797
2376
8792
2371
2370
8789
2368
2365
8783
2362
8781
2360
8779
2358
8777
2356
8772
2351
2347
8763
2342
2341
8761
2340
8755
2334
8751
2330
2329
2319
2307
2306
2304
8724
2303
8719
2298
8711
2290
2285
2284
2280
8699
2278
2268
2264
2257
2256
8676
2255
2254
8672
2251
8666
2245
8665
2244
8648
2227
2226
2224
2218
2214
2211
2206
2204
2197
2188
2186
8606
2185
8601
2180
2173
8589
2168
2167
2163
2155
2149
2148
8564
2143
8562
2141
2140
8556
2135
2131
2130
2115
2111
8513
2092
8507
2086
2080
8493
2072
8489
2068
8484
2063
8481
2060
2057
2050
8465
2044
2036
8452
2031
2028
8446
2025
8443
2022
2019
2017
2007
2006
2003
8423
2002
2001
2000
1993
8413
1992
1962
1961
1960
8377
1956
1955
1954
1952
1951
1950
8370
1949
8369
1948
1946
1943
1935
1934
1930
1929
1928
8345
1924
1920
1918
1914
8332
1911
8320
1899
1898
1897
8315
1894
1892
1888
1887
1877
1872
1870
8289
1868
1850
8269
1848
1838
1835
1834
1832
1828
1827
1820
1819
8237
1816
1804
8218
1797
8204
1783
1779
1776
1757
8177
1756
8173
1752
8171
1750
8166
1745
8164
1743
8150
1729
1727
1725
8141
1720
1719
1717
1712
1709
8128
1707
1704
8120
1699
1697
1696
8110
1689
1688
8106
1685
8104
1683
8089
1668
8085
1664
1663
8082
1661
1658
8074
1653
1648
8065
1644
1642
8062
1641
1615
8031
1610
1601
1582
1577
7995
1574
1573
7991
1570
1567
7986
1565
7984
1563
7981
1560
7979
1558
1550
1547
7965
1544
1542
1541
7951
1530
1524
7939
1518
7934
1513
7931
1510
1507
7918
1497
1483
7901
1480
1474
1469
1464
7880
1459
7875
1454
7874
1453
7873
1452
7871
1450
7870
1449
1445
1444
7858
1437
1428
7842
1421
7839
1418
1417
1416
1415
1412
1408
7828
1407
1405
1399
1396
1380
7786
1365
7773
1352
1347
1344
7762
1341
7758
1337
7753
1332
7746
1325
7743
1322
1320
1312
1309
1307
7723
1302
1296
7711
1290
1288
7703
1282
1280
1279
1277
1271
1268
4469
7687
1266
1262
1256
7672
1251
1250
1249
1246
10869
4448
7666
1245
7664
1243
1239
10859
4438
7656
1235
7636
1215
1209
1206
7626
1205
7622
1201
1195
7614
1193
1189
10808
4387
1184
4382
7600
1179
7589
1168
1162
10779
4358
7576
1155
10776
4355
1152
4354
7572
1151
4348
7566
1145
7554
1133
1130
10750
4329
1126
7542
1121
4317
7535
1114
1110
7528
1107
4305
1102
7522
1101
1099
1097
1096
4298
1095
10718
4297
7515
1094
1090
10710
4289
1086
7505
1084
4285
7503
1082
10701
4280
7498
1077
7485
1064
1060
1057
10667
4246
1043
7456
1035
1034
1028
10651
4230
1027
4226
1023
1021
4223
7441
1020
1018
10631
4210
7428
1007
7422
1001
10621
4200
997
7416
995
988
10610
4189
986
985
4182
979
7386
965
7380
959
7379
958
7376
955
953
10549
4128
7346
925
911
906
7322
901
900
10523
4102
899
7309
888
884
878
4073
870
863
10486
4065
862
10475
4054
851
850
837
831
7241
820
10440
4019
816
813
10431
4010
807
4003
800
7219
798
10417
3996
7214
793
10408
3987
7205
784
774
10387
3966
7184
763
10386
3965
762
761
10381
3960
7178
757
755
7164
743
737
3939
736
10354
3933
730
728
724
712
3908
7126
705
3900
7118
697
10307
3886
683
681
679
7095
674
10291
3870
7088
667
3869
666
3865
7083
662
7078
657
10272
3851
648
10257
3836
633
3834
631
7047
626
7044
623
10239
3818
7036
615
10236
3815
612
7032
611
10234
3813
7031
610
7024
603
599
3788
585
582
3784
581
6993
572
3767
564
6984
563
6982
561
560
558
555
6972
551
10172
3751
548
545
6961
540
6956
535
3735
532
10146
3725
6943
522
521
6931
510
3711
508
6925
504
6922
501
10124
3703
6921
500
499
6915
494
10117
3696
493
6913
492
490
6899
478
6895
474
13304
6883
462
13302
460
3661
13300
458
3648
6866
13287
445
3636
433
13266
424
418
13258
416
6827
406
3607
404
6818
397
388
13224
6803
382
3578
6796
375
3565
6783
362
6778
13199
357
9978
3557
6775
354
6770
349
3551
6769
348
9966
3545
13184
6763
342
3543
6761
340
3542
6760
13181
339
6751
330
13133
6712
291
13109
267
9890
3469
13108
266
251
3421
13060
6639
218
203
6614
193
6601
180
13015
173
13002
6581
160
12976
6555
134
9756
3335
6553
12974
132
3319
116
12954
6533
112
3306
12945
6524
103
12925
83
6496
75
33
3227
12866
24
12859
6438
17
2
4241
11132
10139
9641
9674
3253
8032
3122
9543
8746
2325
11934
6367
10343
3937
7155
734
4319
10740
7552
7591
1170
10794
4373
9116
2695
9101
7537
1116
9134
2713
7598
2681
1087
2950
8745
2324
5527
7688
1267
10876
8939
2518
12100
8442
2021
3131
12740
12015
5594
9624
3203
6430
9
11221
4800
1597
2720
7529
2195
2213
3359
6547
12968
8192
1771
9825
3404
13019
6598
1798
5001
5924
393
9460
9513
6937
3026
7065
644
11103
7530
9228
2807
12416
10822
7619
4434
4807
11228
2888
7488
1067
9052
2664
998
7419
8652
2231
5434
1024
1931
3501
268
13110
2863
7690
1269
8475
2054
5257
2639
5842
2158
3755
10158
3737
534
10143
2955
10940
12955
6534
9752
3331
632
10241
665
825
7246
5005
13005
163
6554
12975
6460
10460
4039
4024
10445
12863
13265
12889
47
6468
13279
437
6828
13249
10578
4157
7375
954
12808
6387
8811
2390
12014
5593
3918
10763
4342
7560
1139
1881
8287
2866
6069
4394
1191
7582
1161
7567
10785
4364
5794
12215
5809
3403
9824
11199
8011
3211
6414
8558
2137
3698
6901
10137
3716
6934
513
2534
4862
11283
4877
8602
2181
11805
5384
2990
1375
1360
7781
3190
4787
10423
4002
799
7193
772
9145
7596
1175
9184
2763
5966
2446
5634
12055
9793
3372
8959
2538
12147
962
200
4991
2537
1659
892
4095
877
7298
8922
2501
8907
3141
9535
3114
6302
12723
12588
9409
2988
2973
9394
3326
12950
6529
9732
9774
3353
11371
4950
4311
7514
10572
4151
948
8948
2527
10557
4136
6932
511
6917
1278
10887
654
2170
5358
11779
658
4664
7867
2273
2598
12281
5860
4245
7457
1051
4272
1069
13033
3048
12672
6251
6654
3451
2177
8583
10467
9132
2711
5914
12320
11953
8765
2344
7980
1559
4834
11255
8328
13152
6731
358
13161
6740
1940
5143
13128
3558
13197
355
5767
2830
7645
1224
4427
10729
4308
7526
1105
10973
2239
11993
3129
12753
6332
9541
3120
9526
7917
1496
11105
3093
12702
12311
5935
4463
7681
1260
2857
10842
10857
4436
8985
5782
9030
2609
3887
684
7090
10284
675
12144
5723
10514
9462
3041
12650
5029
11450
1933
5121
11542
9954
4739
7966
1545
10334
3913
710
2274
2259
8680
3853
512
9871
3450
5048
11469
9905
3484
12013
9569
3148
12772
6351
2678
5866
12287
9941
3520
13129
6708
1514
7920
1117
4048
12887
45
6466
6767
4668
5465
10496
4075
857
7278
881
10505
4084
4105
7323
902
893
4096
8412
1991
5194
9406
2985
12916
6495
74
3262
9683
916
1631
11240
4819
3912
9755
3334
12964
6543
122
107
6528
12898
1686
8107
1386
11001
4580
1630
11239
6552
7569
1148
9157
2736
9142
9175
2754
5948
10092
3671
6889
468
13280
11692
9043
2622
5810
12231
643
10252
4853
3247
12871
6450
12008
2399
8097
4879
11300
12065
5644
2071
6829
13250
3650
3635
10056
7835
2294
11918
5497
3891
7094
7127
706
1512
7924
1503
11127
4706
3550
13198
6777
356
3259
6462
10369
3948
745
9602
3181
10246
3825
10213
10260
3839
11668
5262
7638
4420
10841
1241
10865
4444
2429
8835
5521
1000
7421
8263
1842
1824
8230
1355
7761
2970
8737
2316
8722
6677
13098
8307
5089
11510
1039
8651
2230
5424
7737
1316
9006
2585
11785
5364
10182
6994
573
546
10155
12597
6176
4573
10994
1385
9403
2982
2152
11776
5355
7363
975
10566
4145
4130
10551
10962
4541
6974
553
3756
11756
5335
11741
9368
2947
9323
6096
12517
9466
3045
9451
9484
3063
1481
9249
2828
5848
565
10174
2189
6980
10707
4286
2662
12271
1098
8869
2448
4045
3574
1847
11471
5050
9169
2748
5936
12357
10784
4363
7581
1160
1178
8059
1638
7262
841
7253
832
4035
3970
767
11622
1998
8419
13276
434
2401
5604
2410
630
8841
2420
10438
4017
1773
3352
9758
4967
10588
4167
4176
973
1731
8152
4958
2558
5761
4152
7355
8893
10532
4111
908
8917
2496
12120
5699
9402
2981
9384
2963
12572
7497
1076
10685
5298
489
10113
3692
3896
7114
693
7099
6248
12669
11114
4693
1490
1475
7896
4702
7905
3973
10379
11976
2352
8773
3221
12860
6439
18
1624
4794
11215
8012
10031
3610
8093
1672
8078
3287
12869
9681
3260
8188
1767
2939
488
2972
11784
8596
2175
6349
9567
3146
7937
1849
5657
12078
929
4132
8956
2535
5065
4527
10948
7787
1366
3014
10626
4205
7423
1002
7408
12870
3279
6482
9685
8103
1682
8088
4870
11291
4876
12891
6470
49
6440
19
12861
10285
7097
676
9503
3082
9488
6294
7185
764
3952
10373
794
7215
809
7212
791
7197
1811
11435
5014
4999
11420
9011
2590
12214
5793
9020
2599
12181
8978
993
1008
7402
981
10590
1805
13222
5204
11625
4606
7809
10982
3794
576
6997
591
3823
7026
1770
8176
8193
1772
8175
1754
1739
8160
6563
651
7117
696
7084
10287
2260
5463
2269
7893
12469
7678
8157
1769
2584
12208
5787
7399
978
7384
10602
4181
4172
10700
1091
1882
8288
1500
11109
3124
10225
3804
3786
583
3771
10192
8455
2034
5222
11643
13267
6846
425
13237
11673
5252
13282
6861
11688
5267
8476
2055
8461
9267
2846
9252
12479
6058
2855
6236
2844
1538
11147
9813
3392
13016
6595
9798
1402
1369
7790
4587
586
10210
3789
7814
1393
4581
11002
9438
3017
7822
1401
2768
8692
5498
12677
1498
10327
3906
703
7109
7789
1368
2480
2447
8868
3855
1419
11028
9431
12067
7300
879
4082
10613
4192
989
9016
2595
9807
3386
6589
3859
656
8244
1823
5026
13077
235
3438
3420
9826
3429
6647
226
6632
4346
10488
4067
864
12909
6488
67
1789
11398
1037
10741
7763
1342
7748
9920
3499
13123
6702
6659
238
9862
3441
9844
3423
3408
9829
8220
1799
4987
11408
4611
11032
9210
2789
2142
8548
10160
3739
10145
4674
12364
9194
2773
5976
4361
10773
4352
1149
10758
7555
8842
2421
5624
1033
4236
1845
2326
11935
3941
7144
130
1062
4256
9071
2650
5853
12268
9080
2659
3219
6407
12828
12843
6422
9066
5863
7493
1072
6903
482
13294
6939
518
8024
1603
11212
2041
3590
8865
2444
5647
12053
7259
838
7244
12035
65
8068
1662
10393
3972
2366
5569
8611
2190
5393
593
3796
575
10184
2850
12459
8889
2468
5656
12077
8883
4083
880
10489
7286
8925
2504
3686
4495
10832
4411
7629
1208
3611
8435
2014
7607
1186
7592
1969
8390
369
3572
8396
1975
11599
5178
351
9960
4780
11201
8013
1592
9604
13210
368
8386
1965
13150
6729
3511
9932
6738
13174
332
372
13214
5585
2419
8043
1622
8010
3670
6888
467
1285
4473
10894
12533
6112
2909
1509
6300
3088
9494
7903
1482
4670
11091
13270
428
3113
9519
6301
12722
11125
4728
1525
12213
2470
1837
12577
6171
9380
2959
2944
9365
9427
400
3603
1197
10821
4400
1548
7954
9304
2883
9289
1863
11472
3487
9917
3496
13135
6714
293
1893
11517
5096
13147
305
3472
13096
6675
6660
13081
12585
7827
1406
2407
3989
10410
10425
4004
7231
810
3986
10392
8239
1818
5006
11427
5021
1800
4988
11409
6585
13006
708
3929
726
2308
11932
5511
7132
711
3914
9716
3295
6483
12904
1410
7816
9595
3174
6377
12783
3192
9598
4801
11222
1613
4774
11195
8019
1598
1583
8004
11231
4810
9625
3204
3195
9601
9266
2845
12454
8644
2223
5411
11832
7074
653
10283
3862
7080
659
1275
4478
6104
12525
2934
6137
8511
2090
5293
6887
466
6857
13278
10084
8599
2178
5366
11787
8617
2196
5399
9200
2779
9185
5958
12379
4388
1185
4397
9504
3083
12692
3410
207
13274
432
13244
2065
8469
2048
8454
5251
13263
3654
6757
13178
6787
13208
366
4232
7277
3660
457
13269
1766
8187
12787
6366
3139
9560
1575
7208
787
9835
3414
10596
1895
9119
2698
5859
12280
4295
114
6535
3332
3250
6444
5821
12242
5836
8272
1851
8257
6627
13048
13063
6642
7734
1313
7719
2928
4085
867
7288
10515
4094
2488
5691
5281
11702
8395
1974
5177
13186
344
6765
4180
5670
13243
401
10025
3604
3595
6798
4288
7506
1085
10694
2332
5535
2314
11923
2046
6852
431
8282
1861
5055
8487
2066
8472
5269
5278
10093
3672
469
454
6875
1501
11281
4860
4845
11266
8526
2105
8508
2087
4474
10895
2911
6114
5385
4194
7397
4212
7430
1009
4503
9318
2897
6100
12506
9345
2924
1354
1967
3573
13212
370
8379
1958
11582
5161
11578
11611
5190
8417
1996
1211
7617
1229
10751
4330
7533
7058
637
10279
3858
7076
655
2751
12375
5954
7575
1154
10778
4357
1172
7381
960
7366
12157
2445
12069
5648
4060
7260
839
7245
10115
3694
491
6897
8527
2106
11706
11721
5300
13285
1458
7879
11082
11115
4694
5541
732
7138
6526
12947
105
8114
1693
11317
4896
1702
6026
5241
8488
2067
12668
6247
8780
2359
2499
12108
8938
2517
13097
9918
3497
9903
2116
11740
5319
11725
2134
11758
5337
8932
2511
5714
6737
13158
8391
1970
5173
1919
1904
8325
5107
11528
3516
283
13125
5125
11546
5140
11135
3150
7974
1553
3132
9538
9589
3168
7325
904
10528
4107
3318
6521
9715
106
7202
781
10363
7046
625
3828
1426
6977
571
8571
2150
8568
2147
8553
5350
2758
12373
5952
3576
13215
373
1317
10941
4520
4529
12514
3992
7177
3391
9797
1812
4656
11077
1468
3070
2079
8500
5297
8491
6620
196
6587
166
13008
10533
4112
909
8918
2497
12121
5700
1777
8183
147
6568
1768
4971
9795
3374
1493
4681
11102
1348
4551
13047
205
6611
8621
7039
618
11842
2233
2242
6971
550
11747
6132
12553
3976
8782
2361
8767
12330
5909
9112
10724
4303
8879
12082
2281
7795
4577
10998
1438
4626
11047
3032
3407
13031
6610
8231
1810
11434
5013
10133
3712
1333
1324
7721
1579
4767
11188
1564
7985
12800
6379
9582
887
7293
8914
2493
5696
914
3193
6396
7993
10338
3917
7135
714
7120
7950
1529
12689
8246
1825
1843
11369
2062
10402
3981
10429
4008
805
5377
2174
7501
1080
10704
4283
8134
1713
11337
4916
4901
11322
4910
11331
8143
1722
12919
9713
3292
12901
8017
4814
6884
463
10072
10585
4179
2573
5776
7148
727
740
3943
10355
3934
7152
731
10340
716
7137
12519
2840
9246
1276
13223
381
9990
8399
1978
8691
2270
5473
11879
10324
3903
700
8528
2107
11165
7992
1571
4759
11180
7977
3162
9583
8001
1580
12978
6557
9760
3354
9763
3342
9748
6572
4978
184
13017
175
3378
4018
8815
2394
12003
13141
3216
9622
13
6419
12873
31
10491
4070
4055
10476
2464
2457
1006
10630
4209
9000
4050
847
10624
4203
10609
8254
1833
1856
11480
5059
8262
1883
11492
11727
5339
8566
2145
6938
517
10126
6923
9777
3356
5735
10559
4138
7341
9214
2793
5996
1199
4402
2892
1295
1430
11039
7860
1439
7845
3512
9933
3536
6739
3521
9942
1939
7602
1181
4366
7584
1163
6817
396
6035
2011
2088
11703
5282
10100
3679
9321
2900
7724
1303
10867
8060
1639
8027
4815
6631
13052
6646
1999
5160
11581
10035
3614
13253
411
3453
13092
6671
250
6641
13062
6695
2009
6800
2623
1926
11550
5129
10768
4347
7462
1056
1074
12253
5379
11800
3258
12867
9673
79
6485
8073
8687
2266
12908
1942
918
4121
8930
8945
2524
4148
7351
7333
10083
3662
13301
459
10163
3742
10148
7861
1440
5087
1884
11540
5119
788
7194
10421
4000
6425
12846
3938
735
11947
5526
7577
1977
3547
13156
10938
956
10565
5542
2339
5500
11921
4730
3757
554
8614
2193
1599
4802
9297
2876
9282
10906
7718
1297
8334
1913
2392
7189
768
7174
6121
2918
1305
10914
7729
10947
4526
2929
10294
11891
6431
10
9619
6401
12822
3222
1634
8557
8572
2151
628
11034
1425
3540
9946
12670
7881
6260
12681
3072
4383
1180
8861
2440
4037
819
7240
846
13226
6805
384
1963
11572
9803
3382
13021
6600
179
994
4197
2591
8101
1680
11289
9710
9725
3304
95
6516
9728
6525
3322
7349
928
7727
1306
9291
4572
6253
7884
4379
1176
12388
5967
8403
1982
8132
9729
3350
12959
11383
1801
8129
4911
11332
3320
9726
12929
1753
4956
11344
1765
10547
7344
9810
3389
13037
195
6602
181
8754
5423
8623
2202
8608
5390
11811
10262
3841
6850
4736
8075
8081
1660
11269
10230
3809
588
10197
10194
3773
570
6964
543
6949
10152
3200
7982
10063
3642
439
11792
8631
2210
7825
1404
9413
2992
12601
12616
6195
1422
11816
5395
4492
1289
9274
4462
5312
8521
2100
8506
13149
6728
8212
1791
4994
3364
9785
1068
10692
4271
3477
9889
3468
6686
265
1889
13120
278
5060
5895
7525
1104
9901
3480
6683
12743
6322
3119
4683
11104
1522
1656
9843
3422
3968
7171
6365
9592
3171
3950
10356
7960
1539
4742
4724
11130
8342
1936
5906
2703
9109
1188
10812
4391
9738
3317
9723
12926
2309
3954
751
3936
7154
733
7139
9557
3151
12427
10830
10078
3657
10036
8439
1293
2733
9139
1915
11530
5109
7500
1079
10688
9100
1741
12953
6532
7509
1088
4291
9909
3503
13085
6709
288
13130
4020
10426
5650
8877
2456
5135
8329
11547
5126
10383
3962
759
1692
3298
4874
11295
8260
1839
3388
12997
3187
3229
6432
1334
10943
1343
4546
7749
2931
12540
9379
2958
8620
2199
11823
5402
7011
590
10214
3793
2169
11778
1011
7417
1014
7420
12244
5823
1486
11110
4689
6295
1858
8279
11497
5076
8294
1873
13082
6661
9864
9696
3275
6463
12884
72
8072
1651
11275
4854
9524
3103
12685
4772
7990
1569
4914
8111
10896
12730
8324
1903
5106
5091
11512
8333
1912
10614
4193
5790
8999
2578
8984
2120
5323
9646
8864
2443
5631
12052
855
7261
8058
2686
12295
2716
5919
7206
785
7558
1137
4340
10737
4316
1113
10722
1122
3682
6885
13291
2506
12130
5709
10399
790
1957
7740
1319
13232
11860
5439
4597
11018
10468
7289
868
7274
7752
6155
2922
6110
12531
7782
1361
4564
7767
9989
3568
6771
9162
821
8803
8821
8836
2415
8149
1728
11862
8716
746
5516
11937
8597
2176
5183
10010
3589
10861
4440
1237
9255
2834
11610
5189
8392
10453
4032
811
7217
2417
12041
5620
4072
869
854
7275
2114
2737
12361
5940
13113
9615
3194
12818
6397
6451
30
11612
5191
2015
2350
5538
11959
11577
7580
1159
10622
4201
2607
2811
7720
1299
4502
2322
11946
5525
7967
1546
3128
4692
11113
3134
5348
11769
602
7023
7038
617
1808
1387
4590
1742
8915
2494
5682
12103
2139
11748
9733
3312
9718
6515
4088
3285
1679
11712
515
4530
1721
12678
3078
672
10281
143
6549
9767
3346
3316
4961
8179
1758
7352
931
10540
12988
6567
8155
4928
11349
10110
3689
13298
10564
4143
465
10074
13292
6871
13262
5277
1167
2133
5336
984
11983
9916
3495
6698
9525
3104
8698
2277
8683
8286
2820
6023
6246
12667
5046
11467
3491
1840
5028
11449
9852
1900
5103
8297
9900
3479
6682
6667
13088
9927
3506
10416
3995
792
5034
9401
2980
6168
12589
1390
4593
3616
2010
5213
5171
11592
10825
4419
10443
4022
6386
6015
2794
12403
8550
8565
2144
4063
7266
9895
3474
4314
8415
1994
12587
9399
2978
7452
8236
12266
5845
3848
12726
6305
2289
5492
4680
12665
12749
3230
8054
1633
2171
5374
11780
9046
7467
1061
7864
13061
7479
1058
9455
3034
649
7055
10273
3852
2237
11846
11861
5440
8643
4658
2012
11636
5215
7571
8738
2317
5520
6945
524
1372
7778
9408
2987
10204
3783
580
2925
6128
12152
5731
1073
4276
719
1310
12912
4894
11315
4127
7345
924
3805
7008
10211
12620
2166
2503
2913
9319
9140
2719
2453
7265
844
7250
8653
9649
3228
9840
3419
6622
4213
8235
9035
2614
5802
12223
4247
1044
9062
2641
4220
1017
4749
11170
2349
5537
11958
8006
1585
11194
1714
1274
4477
5668
7224
3248
7233
5816
4228
1025
4437
3592
13201
10218
3797
7015
594
7000
9761
9846
3425
7848
8629
2208
9492
3071
6274
2381
12005
5584
11936
2354
5557
9694
3273
12897
6476
5608
4341
1941
5144
9959
3538
6741
5861
2667
7491
1070
4284
13051
3245
7675
1254
2549
12158
8997
2576
2567
5770
961
7367
9476
3055
3028
12637
9192
10831
4410
3415
13024
2203
10556
4135
932
10541
12139
8951
10270
7818
1397
4585
11006
1782
600
352
9976
3555
1506
7912
