0
1
2
3
4
5
6
7
8
182
9
183
10
257
11
258
12
13
184
14
185
15
262
16
263
17
18
186
19
187
20
267
21
268
22
23
188
24
189
25
272
26
273
27
28
190
29
191
30
277
31
278
32
33
192
34
193
35
282
36
283
37
38
194
39
195
40
287
41
288
42
43
196
44
197
45
292
46
293
47
48
198
49
199
50
297
51
298
52
53
200
54
201
55
302
56
303
57
58
202
59
203
60
307
61
308
62
63
204
64
205
65
312
66
313
67
68
206
69
207
70
317
71
318
72
73
208
74
209
75
322
76
323
77
78
210
79
211
80
327
81
328
82
83
212
84
213
85
332
86
333
87
88
214
89
215
90
337
91
338
92
93
216
94
217
95
342
96
343
97
98
218
99
219
100
347
101
348
102
103
220
104
221
105
352
106
353
107
108
222
109
223
110
357
111
358
112
113
224
114
225
115
362
116
363
117
118
226
119
227
120
367
121
368
122
123
228
124
229
125
372
126
373
127
128
230
129
231
130
377
131
378
132
133
232
134
233
135
382
136
383
137
138
234
139
235
140
387
141
388
142
143
236
144
237
145
392
146
393
147
148
238
149
239
150
397
151
398
152
153
240
154
241
155
402
156
403
157
158
242
159
243
160
407
161
408
162
163
244
164
245
165
412
166
413
167
168
246
169
170
175
171
176
172
177
173
250
174
178
179
180
181
247
251
248
427
249
252
253
254
255
259
256
260
261
264
265
266
269
270
271
274
275
276
279
280
281
284
285
286
289
290
291
294
295
296
299
300
301
304
305
306
309
310
311
314
315
316
319
320
321
324
325
326
329
330
331
334
335
336
339
340
341
344
345
346
349
350
351
354
355
356
359
360
361
364
365
366
369
370
371
374
375
376
379
380
381
384
385
386
389
390
391
394
395
396
399
400
401
404
405
406
409
410
411
414
415
416
417
418
419
420
421
422
428
423
429
424
425
426
430
431
432
433
434
435
436
437
438
514
439
440
519
441
442
524
443
444
529
445
446
534
447
448
539
449
450
544
451
452
549
453
454
554
455
456
559
457
458
564
459
460
569
461
462
574
463
464
579
465
466
584
467
468
589
469
470
594
471
472
599
473
474
604
475
476
609
477
478
614
479
480
619
481
482
624
483
484
629
485
486
634
487
488
639
489
490
644
491
492
649
493
494
654
495
496
659
497
498
664
499
500
501
502
503
504
505
506
507
508
509
510
511
512
513
515
516
517
520
518
521
522
523
525
526
527
530
528
531
532
533
535
536
537
540
538
541
542
543
545
546
547
550
548
551
552
553
555
556
557
560
558
561
562
563
565
566
567
570
568
571
572
573
575
576
577
580
578
581
582
583
585
586
587
590
588
591
592
593
595
596
597
600
598
601
602
603
605
606
607
610
608
611
612
613
615
616
617
620
618
621
622
623
625
626
627
630
628
631
632
633
635
636
637
640
638
641
642
643
645
646
647
650
648
651
652
653
655
656
657
660
658
661
662
663
665
666
667
668
669
670
671
672
673
674
679
675
680
676
681
677
678
682
683
684
685
686
687
688
761
689
690
766
691
692
771
693
694
776
695
696
781
697
698
786
699
700
791
701
702
796
703
704
801
705
706
806
707
708
811
709
710
816
711
712
821
713
714
826
715
716
831
717
718
836
719
720
841
721
722
846
723
724
851
725
726
856
727
728
861
729
730
866
731
732
871
733
734
876
735
736
881
737
738
886
739
740
891
741
742
896
743
744
901
745
746
906
747
748
911
749
750
916
751
752
754
753
755
756
757
758
759
762
760
763
764
765
767
768
769
772
770
773
774
775
777
778
779
782
780
783
784
785
787
788
789
792
790
793
794
795
797
798
799
802
800
803
804
805
807
808
809
812
810
813
814
815
817
818
819
822
820
823
824
825
827
828
829
832
830
833
834
835
837
838
839
842
840
843
844
845
847
848
849
852
850
853
854
855
857
858
859
862
860
863
864
865
867
868
869
872
870
873
874
875
877
878
879
882
880
883
884
885
887
888
889
892
890
893
894
895
897
898
899
902
900
903
904
905
907
908
909
912
910
913
914
915
917
918
919
920
921
922
923
924
925
926
931
927
932
928
933
929
930
934
935
936
937
938
939
940
1009
941
942
1014
943
944
1019
945
946
1024
947
948
1029
949
950
1034
951
952
1039
953
954
1044
955
956
1049
957
958
1054
959
960
1059
961
962
1064
963
964
1069
965
966
1074
967
968
1079
969
970
1084
971
972
1089
973
974
1094
975
976
1099
977
978
1104
979
980
981
982
983
984
1117
985
986
1122
987
988
1127
989
990
1132
991
992
1137
993
994
1142
995
996
1147
997
998
1152
999
1000
1002
1001
1003
1004
1005
1006
1007
1010
1008
1011
1012
1013
1015
1016
1017
1020
1018
1021
1022
1023
1025
1026
1027
1030
1028
1031
1032
1033
1035
1036
1037
1040
1038
1041
1042
1043
1045
1046
1047
1050
1048
1051
1052
1053
1055
1056
1057
1060
1058
1061
1062
1063
1065
1066
1067
1070
1068
1071
1072
1073
1075
1076
1077
1080
1078
1081
1082
1083
1085
1086
1087
1090
1088
1091
1092
1093
1095
1096
1097
1100
1098
1101
1102
1103
1105
1106
1107
1108
1109
1110
1111
1112
1113
1114
1115
1118
1116
1119
1120
1121
1123
1124
1125
1128
1126
1129
1130
1131
1133
1134
1135
1138
1136
1139
1140
1141
1143
1144
1145
1148
1146
1149
1150
1151
1153
1154
1155
1156
1157
1158
1159
1160
1161
1162
1167
1163
1168
1164
1169
1165
1170
1171
1172
1173
1174
1175
1176
1245
1177
1178
1250
1179
1180
1255
1181
1182
1260
1183
1184
1265
1185
1186
1270
1187
1188
1275
1189
1190
1280
1191
1192
1193
1194
1195
1196
1295
1197
1198
1300
1199
1200
1305
1201
1202
1310
1203
1204
1315
1205
1206
1207
1208
1209
1210
1330
1211
1212
1335
1213
1214
1340
1215
1216
1217
1218
1219
1220
1353
1221
1222
1358
1223
1224
1225
1226
1227
1228
1373
1229
1230
1378
1231
1232
1383
1233
1234
1388
1235
1236
1393
1237
1238
1239
1240
1241
1242
1243
1246
1244
1247
1248
1249
1251
1252
1253
1256
1254
1257
1258
1259
1261
1262
1263
1266
1264
1267
1268
1269
1271
1272
1273
1276
1274
1277
1278
1279
1281
1282
1283
1284
1285
1286
1287
1288
1290
1289
1291
1292
1293
1296
1294
1297
1298
1299
1301
1302
1303
1306
1304
1307
1308
1309
1311
1312
1313
1316
1314
1317
1318
1319
1320
1321
1322
1323
1324
1325
1326
1327
1328
1329
1331
1332
1333
1336
1334
1337
1338
1339
1341
1342
1343
1344
1345
1346
1347
1348
1349
1350
1351
1354
1352
1355
1356
1357
1359
1360
1361
1362
1363
1364
1365
1366
1368
1367
1369
1370
1371
1374
1372
1375
1376
1377
1379
1380
1381
1384
1382
1385
1386
1387
1389
1390
1391
1394
1392
1395
1396
1397
1398
1403
1399
1404
1400
1405
1401
1474
1402
1406
1407
1408
1409
1410
1411
1412
1413
1414
1486
1415
1416
1491
1417
1418
1496
1419
1420
1501
1421
1422
1506
1423
1424
1425
1426
1427
1428
1521
1429
1430
1526
1431
1432
1531
1433
1434
1536
1435
1436
1541
1437
1438
1546
1439
1440
1551
1441
1442
1556
1443
1444
1561
1445
1446
1566
1447
1448
1571
1449
1450
1576
1451
1452
1453
1454
1455
1456
1589
1457
1458
1594
1459
1460
1599
1461
1462
1604
1463
1464
1609
1465
1466
1614
1467
1468
1619
1469
1470
1624
1471
1475
1472
1639
1473
1476
1477
1478
1479
1480
1481
1482
1483
1484
1485
1487
1488
1489
1492
1490
1493
1494
1495
1497
1498
1499
1502
1500
1503
1504
1505
1507
1508
1509
1510
1511
1512
1513
1514
1516
1515
1517
1518
1519
1522
1520
1523
1524
1525
1527
1528
1529
1532
1530
1533
1534
1535
1537
1538
1539
1542
1540
1543
1544
1545
1547
1548
1549
1552
1550
1553
1554
1555
1557
1558
1559
1562
1560
1563
1564
1565
1567
1568
1569
1572
1570
1573
1574
1575
1577
1578
1579
1580
1581
1582
1583
1584
1585
1586
1587
1590
1588
1591
1592
1593
1595
1596
1597
1600
1598
1601
1602
1603
1605
1606
1607
1610
1608
1611
1612
1613
1615
1616
1617
1620
1618
1621
1622
1623
1625
1626
1627
1628
1629
1630
1631
1632
1633
1640
1634
1641
1635
1636
1637
1642
1643
1644
1645
1646
1647
1648
1717
1649
1650
1722
1651
1652
1727
1653
1654
1732
1655
1656
1737
1657
1658
1742
1659
1660
1747
1661
1662
1752
1663
1664
1665
1666
1667
1668
1767
1669
1670
1772
1671
1672
1777
1673
1674
1782
1675
1676
1787
1677
1678
1679
1680
1681
1682
1802
1683
1684
1807
1685
1686
1812
1687
1688
1689
1690
1691
1692
1825
1693
1694
1830
1695
1696
1697
1698
1699
1700
1845
1701
1702
1850
1703
1704
1855
1705
1706
1860
1707
1708
1865
1709
1710
1711
1712
1713
1714
1715
1718
1716
1719
1720
1721
1723
1724
1725
1728
1726
1729
1730
1731
1733
1734
1735
1738
1736
1739
1740
1741
1743
1744
1745
1748
1746
1749
1750
1751
1753
1754
1755
1756
1757
1758
1759
1760
1762
1761
1763
1764
1765
1768
1766
1769
1770
1771
1773
1774
1775
1778
1776
1779
1780
1781
1783
1784
1785
1788
1786
1789
1790
1791
1792
1793
1794
1795
1796
1797
1798
1799
1800
1801
1803
1804
1805
1808
1806
1809
1810
1811
1813
1814
1815
1816
1817
1818
1819
1820
1821
1822
1823
1826
1824
1827
1828
1829
1831
1832
1833
1834
1835
1836
1837
1838
1840
1839
1841
1842
1843
1846
1844
1847
1848
1849
1851
1852
1853
1856
1854
1857
1858
1859
1861
1862
1863
1866
1864
1867
1868
1869
1870
1875
1871
1876
1872
1877
1873
1946
1874
1878
1879
1880
1881
1882
1883
1884
1953
1885
1886
1958
1887
1888
1963
1889
1890
1968
1891
1892
1973
1893
1894
1978
1895
1896
1983
1897
1898
1988
1899
1900
1993
1901
1902
1998
1903
1904
2003
1905
1906
2008
1907
1908
2013
1909
1910
2018
1911
1912
2023
1913
1914
2028
1915
1916
2033
1917
1918
2038
1919
1920
2043
1921
1922
2048
1923
1924
1925
1926
1927
1928
2073
1929
1930
2078
1931
1932
2083
1933
1934
2088
1935
1936
2093
1937
1938
2098
1939
1940
2103
1941
1942
2108
1943
1947
1944
2123
1945
1948
1949
1950
1951
1954
1952
1955
1956
1957
1959
1960
1961
1964
1962
1965
1966
1967
1969
1970
1971
1974
1972
1975
1976
1977
1979
1980
1981
1984
1982
1985
1986
1987
1989
1990
1991
1994
1992
1995
1996
1997
1999
2000
2001
2004
2002
2005
2006
2007
2009
2010
2011
2014
2012
2015
2016
2017
2019
2020
2021
2024
2022
2025
2026
2027
2029
2030
2031
2034
2032
2035
2036
2037
2039
2040
2041
2044
2042
2045
2046
2047
2049
2050
2051
2052
2053
2054
2055
2056
2170
2057
2171
2058
2305
2059
2306
2060
2061
2172
2062
2063
2068
2064
2069
2065
2070
2066
2174
2067
2071
2072
2074
2075
2076
2079
2077
2080
2081
2082
2084
2085
2086
2089
2087
2090
2091
2092
2094
2095
2096
2099
2097
2100
2101
2102
2104
2105
2106
2109
2107
2110
2111
2112
2113
2114
2115
2116
2117
2118
2124
2119
2125
2120
2121
2122
2126
2127
2128
2129
2130
2131
2132
2205
2133
2134
2210
2135
2136
2215
2137
2138
2220
2139
2140
2225
2141
2142
2230
2143
2144
2235
2145
2146
2240
2147
2148
2245
2149
2150
2250
2151
2152
2255
2153
2154
2260
2155
2156
2265
2157
2158
2270
2159
2160
2275
2161
2162
2280
2163
2164
2285
2165
2166
2290
2167
2168
2295
2169
2173
2175
2176
2315
2177
2178
2320
2179
2180
2325
2181
2182
2330
2183
2184
2335
2185
2186
2340
2187
2188
2345
2189
2190
2350
2191
2192
2355
2193
2194
2360
2195
2196
2197
2198
2199
2200
2201
2202
2203
2204
2206
2207
2208
2211
2209
2212
2213
2214
2216
2217
2218
2221
2219
2222
2223
2224
2226
2227
2228
2231
2229
2232
2233
2234
2236
2237
2238
2241
2239
2242
2243
2244
2246
2247
2248
2251
2249
2252
2253
2254
2256
2257
2258
2261
2259
2262
2263
2264
2266
2267
2268
2271
2269
2272
2273
2274
2276
2277
2278
2281
2279
2282
2283
2284
2286
2287
2288
2291
2289
2292
2293
2294
2296
2297
2298
2299
2300
2301
2302
2303
2304
2307
2308
2309
2310
2311
2312
2313
2316
2314
2317
2318
2319
2321
2322
2323
2326
2324
2327
2328
2329
2331
2332
2333
2336
2334
2337
2338
2339
2341
2342
2343
2346
2344
2347
2348
2349
2351
2352
2353
2356
2354
2357
2358
2359
2361
2362
2363
2364
2365
2366
2367
2368
2369
2370
2375
2371
2376
2372
2377
2373
2374
2378
2379
2380
2381
2382
2383
2384
2457
2385
2386
2462
2387
2388
2467
2389
2390
2472
2391
2392
2477
2393
2394
2482
2395
2396
2487
2397
2398
2492
2399
2400
2497
2401
2402
2502
2403
2404
2507
2405
2406
2512
2407
2408
2517
2409
2410
2522
2411
2412
2527
2413
2414
2532
2415
2416
2537
2417
2418
2542
2419
2420
2547
2421
2422
2552
2423
2424
2557
2425
2426
2562
2427
2428
2567
2429
2430
2572
2431
2432
2577
2433
2434
2582
2435
2436
2587
2437
2438
2592
2439
2440
2597
2441
2442
2602
2443
2444
2607
2445
2446
2612
2447
2448
2450
2449
2451
2452
2453
2454
2455
2458
2456
2459
2460
2461
2463
2464
2465
2468
2466
2469
2470
2471
2473
2474
2475
2478
2476
2479
2480
2481
2483
2484
2485
2488
2486
2489
2490
2491
2493
2494
2495
2498
2496
2499
2500
2501
2503
2504
2505
2508
2506
2509
2510
2511
2513
2514
2515
2518
2516
2519
2520
2521
2523
2524
2525
2528
2526
2529
2530
2531
2533
2534
2535
2538
2536
2539
2540
2541
2543
2544
2545
2548
2546
2549
2550
2551
2553
2554
2555
2558
2556
2559
2560
2561
2563
2564
2565
2568
2566
2569
2570
2571
2573
2574
2575
2578
2576
2579
2580
2581
2583
2584
2585
2588
2586
2589
2590
2591
2593
2594
2595
2598
2596
2599
2600
2601
2603
2604
2605
2608
2606
2609
2610
2611
2613
2614
2615
2616
2617
2618
2619
2620
2621
2622
2627
2623
2628
2624
2629
2625
2626
2630
2631
2632
2633
2634
2635
2636
2709
2637
2638
2714
2639
2640
2719
2641
2642
2724
2643
2644
2729
2645
2646
2734
2647
2648
2739
2649
2650
2744
2651
2652
2749
2653
2654
2754
2655
2656
2759
2657
2658
2764
2659
2660
2769
2661
2662
2774
2663
2664
2779
2665
2666
2784
2667
2668
2789
2669
2670
2794
2671
2672
2799
2673
2674
2804
2675
2676
2809
2677
2678
2814
2679
2680
2819
2681
2682
2824
2683
2684
2829
2685
2686
2834
2687
2688
2839
2689
2690
2844
2691
2692
2849
2693
2694
2854
2695
2696
2859
2697
2698
2864
2699
2700
2702
2701
2703
2704
2705
2706
2707
2710
2708
2711
2712
2713
2715
2716
2717
2720
2718
2721
2722
2723
2725
2726
2727
2730
2728
2731
2732
2733
2735
2736
2737
2740
2738
2741
2742
2743
2745
2746
2747
2750
2748
2751
2752
2753
2755
2756
2757
2760
2758
2761
2762
2763
2765
2766
2767
2770
2768
2771
2772
2773
2775
2776
2777
2780
2778
2781
2782
2783
2785
2786
2787
2790
2788
2791
2792
2793
2795
2796
2797
2800
2798
2801
2802
2803
2805
2806
2807
2810
2808
2811
2812
2813
2815
2816
2817
2820
2818
2821
2822
2823
2825
2826
2827
2830
2828
2831
2832
2833
2835
2836
2837
2840
2838
2841
2842
2843
2845
2846
2847
2850
2848
2851
2852
2853
2855
2856
2857
2860
2858
2861
2862
2863
2865
2866
2867
2868
2869
2870
2871
2872
2873
2874
2879
2875
2880
2876
2881
2877
2878
2882
2883
2884
2885
2886
2887
2888
2961
2889
2890
2966
2891
2892
2971
2893
2894
2976
2895
2896
2981
2897
2898
2986
2899
2900
2991
2901
2902
2996
2903
2904
3001
2905
2906
3006
2907
2908
3011
2909
2910
3016
2911
2912
3021
2913
2914
3026
2915
2916
3031
2917
2918
3036
2919
2920
3041
2921
2922
3046
2923
2924
3051
2925
2926
3056
2927
2928
3061
2929
2930
3066
2931
2932
3071
2933
2934
3076
2935
2936
3081
2937
2938
3086
2939
2940
3091
2941
2942
3096
2943
2944
3101
2945
2946
3106
2947
2948
3111
2949
2950
3116
2951
2952
2954
2953
2955
2956
2957
2958
2959
2962
2960
2963
2964
2965
2967
2968
2969
2972
2970
2973
2974
2975
2977
2978
2979
2982
2980
2983
2984
2985
2987
2988
2989
2992
2990
2993
2994
2995
2997
2998
2999
3002
3000
3003
3004
3005
3007
3008
3009
3012
3010
3013
3014
3015
3017
3018
3019
3022
3020
3023
3024
3025
3027
3028
3029
3032
3030
3033
3034
3035
3037
3038
3039
3042
3040
3043
3044
3045
3047
3048
3049
3052
3050
3053
3054
3055
3057
3058
3059
3062
3060
3063
3064
3065
3067
3068
3069
3072
3070
3073
3074
3075
3077
3078
3079
3082
3080
3083
3084
3085
3087
3088
3089
3092
3090
3093
3094
3095
3097
3098
3099
3102
3100
3103
3104
3105
3107
3108
3109
3112
3110
3113
3114
3115
3117
3118
3119
3120
3121
3122
3123
3124
3125
3126
3131
3127
3132
3128
3133
3129
3130
3134
3135
3136
3137
3138
3139
3140
3213
3141
3142
3218
3143
3144
3223
3145
3146
3228
3147
3148
3233
3149
3150
3238
3151
3152
3243
3153
3154
3248
3155
3156
3253
3157
3158
3258
3159
3160
3263
3161
3162
3268
3163
3164
3273
3165
3166
3278
3167
3168
3283
3169
3170
3288
3171
3172
3293
3173
3174
3298
3175
3176
3303
3177
3178
3308
3179
3180
3313
3181
3182
3318
3183
3184
3323
3185
3186
3328
3187
3188
3333
3189
3190
3338
3191
3192
3343
3193
3194
3348
3195
3196
3353
3197
3198
3358
3199
3200
3363
3201
3202
3368
3203
3204
3206
3205
3207
3208
3209
3210
3211
3214
3212
3215
3216
3217
3219
3220
3221
3224
3222
3225
3226
3227
3229
3230
3231
3234
3232
3235
3236
3237
3239
3240
3241
3244
3242
3245
3246
3247
3249
3250
3251
3254
3252
3255
3256
3257
3259
3260
3261
3264
3262
3265
3266
3267
3269
3270
3271
3274
3272
3275
3276
3277
3279
3280
3281
3284
3282
3285
3286
3287
3289
3290
3291
3294
3292
3295
3296
3297
3299
3300
3301
3304
3302
3305
3306
3307
3309
3310
3311
3314
3312
3315
3316
3317
3319
3320
3321
3324
3322
3325
3326
3327
3329
3330
3331
3334
3332
3335
3336
3337
3339
3340
3341
3344
3342
3345
3346
3347
3349
3350
3351
3354
3352
3355
3356
3357
3359
3360
3361
3364
3362
3365
3366
3367
3369
3370
3371
3372
3373
3374
3375
3376
3377
3378
3383
3379
3384
3380
3385
3381
3382
3386
3387
3388
3389
3390
3391
3392
3441
3393
3394
3395
3396
3397
3398
3471
3399
3400
3476
3401
3402
3481
3403
3404
3486
3405
3406
3407
3408
3409
3410
3516
3411
3412
3521
3413
3414
3526
3415
3416
3531
3417
3418
3419
3420
3421
3422
3561
3423
3424
3566
3425
3426
3571
3427
3428
3576
3429
3430
3431
3432
3434
3433
3435
3436
3437
3438
3439
3442
3440
3443
3444
3445
3446
3447
3448
3449
3450
3620
3451
3621
3452
3698
3453
3454
3622
3455
3623
3456
3703
3457
3704
3458
3459
3624
3460
3461
3466
3462
3467
3463
3468
3464
3626
3465
3469
3470
3472
3473
3474
3477
3475
3478
3479
3480
3482
3483
3484
3487
3485
3488
3489
3490
3491
3492
3493
3494
3495
3638
3496
3639
3497
3743
3498
3499
3640
3500
3641
3501
3748
3502
3749
3503
3504
3642
3505
3506
3511
3507
3512
3508
3513
3509
3644
3510
3514
3515
3517
3518
3519
3522
3520
3523
3524
3525
3527
3528
3529
3532
3530
3533
3534
3535
3536
3537
3538
3539
3540
3656
3541
3657
3542
3788
3543
3544
3658
3545
3659
3546
3793
3547
3794
3548
3549
3660
3550
3551
3556
3552
3557
3553
3558
3554
3662
3555
3559
3560
3562
3563
3564
3567
3565
3568
3569
3570
3572
3573
3574
3577
3575
3578
3579
3580
3581
3582
3583
3584
3585
3674
3586
3675
3587
3833
3588
3589
3676
3590
3677
3591
3838
3592
3839
3593
3594
3678
3595
3596
3601
3597
3602
3598
3603
3599
3680
3600
3604
3605
3606
3611
3607
3612
3608
3613
3609
3610
3614
3615
3616
3617
3618
3619
3625
3627
3628
3713
3629
3630
3718
3631
3632
3723
3633
3634
3728
3635
3636
3733
3637
3643
3645
3646
3758
3647
3648
3763
3649
3650
3768
3651
3652
3773
3653
3654
3778
3655
3661
3663
3664
3803
3665
3666
3808
3667
3668
3813
3669
3670
3818
3671
3672
3823
3673
3679
3681
3682
3848
3683
3684
3686
3685
3687
3688
3689
3690
3691
3692
3693
3694
3695
3696
3697
3699
3700
3701
3705
3702
3706
3707
3708
3709
3710
3711
3714
3712
3715
3716
3717
3719
3720
3721
3724
3722
3725
3726
3727
3729
3730
3731
3734
3732
3735
3736
3737
3738
3739
3740
3741
3744
3742
3745
3746
3747
3750
3751
3752
3753
3754
3755
3756
3759
3757
3760
3761
3762
3764
3765
3766
3769
3767
3770
3771
3772
3774
3775
3776
3779
3777
3780
3781
3782
3783
3784
3785
3786
3789
3787
3790
3791
3792
3795
3796
3797
3798
3799
3800
3801
3804
3802
3805
3806
3807
3809
3810
3811
3814
3812
3815
3816
3817
3819
3820
3821
3824
3822
3825
3826
3827
3828
3829
3830
3831
3834
3832
3835
3836
3837
3840
3841
3842
3843
3844
3845
3846
3849
3847
3850
3851
3852
3853
3854
3855
3856
3857
3858
3859
3863
3860
3864
3861
3865
3862
3866
3867
3868
3869
3870
3871
3872
3873
3874
3950
3875
3876
3955
3877
3878
3960
3879
3880
3965
3881
3882
3970
3883
3884
3975
3885
3886
3980
3887
3888
3985
3889
3890
3990
3891
3892
3995
3893
3894
4000
3895
3896
4005
3897
3898
4010
3899
3900
4015
3901
3902
4020
3903
3904
4025
3905
3906
4030
3907
3908
4035
3909
3910
4040
3911
3912
4045
3913
3914
4050
3915
3916
4055
3917
3918
4060
3919
3920
4065
3921
3922
4070
3923
3924
4075
3925
3926
4080
3927
3928
4085
3929
3930
4090
3931
3932
4095
3933
3934
4100
3935
3936
3937
3938
3939
3940
3941
3942
3943
3944
3945
3946
3947
3948
3949
3951
3952
3953
3956
3954
3957
3958
3959
3961
3962
3963
3966
3964
3967
3968
3969
3971
3972
3973
3976
3974
3977
3978
3979
3981
3982
3983
3986
3984
3987
3988
3989
3991
3992
3993
3996
3994
3997
3998
3999
4001
4002
4003
4006
4004
4007
4008
4009
4011
4012
4013
4016
4014
4017
4018
4019
4021
4022
4023
4026
4024
4027
4028
4029
4031
4032
4033
4036
4034
4037
4038
4039
4041
4042
4043
4046
4044
4047
4048
4049
4051
4052
4053
4056
4054
4057
4058
4059
4061
4062
4063
4066
4064
4067
4068
4069
4071
4072
4073
4076
4074
4077
4078
4079
4081
4082
4083
4086
4084
4087
4088
4089
4091
4092
4093
4096
4094
4097
4098
4099
4101
4102
4103
4104
4105
4106
4107
4108
4109
4110
4115
4111
4116
4112
4117
4113
4114
4118
4120
4121
4122
4123
4124
4197
4125
4126
4202
4127
4128
4207
4129
4130
4212
4131
4132
4217
4133
4134
4222
4135
4136
4227
4137
4138
4232
4139
4140
4237
4141
4142
4242
4143
4144
4247
4145
4146
4252
4147
4148
4257
4149
4150
4262
4151
4152
4267
4153
4154
4272
4155
4156
4277
4157
4158
4282
4159
4160
4287
4161
4162
4292
4163
4164
4297
4165
4166
4302
4167
4168
4307
4169
4170
4312
4171
4172
4317
4173
4174
4322
4175
4176
4327
4177
4178
4332
4179
4180
4337
4181
4182
4342
4183
4184
4347
4185
4186
4352
4187
4188
4357
4189
4190
4362
4191
4192
4193
4194
4195
4198
4196
4199
4200
4201
4203
4204
4205
4208
4206
4209
4210
4211
4213
4214
4215
4218
4216
4219
4220
4221
4223
4224
4225
4228
4226
4229
4230
4231
4233
4234
4235
4238
4236
4239
4240
4241
4243
4244
4245
4248
4246
4249
4250
4251
4253
4254
4255
4258
4256
4259
4260
4261
4263
4264
4265
4268
4266
4269
4270
4271
4273
4274
4275
4278
4276
4279
4280
4281
4283
4284
4285
4288
4286
4289
4290
4291
4293
4294
4295
4298
4296
4299
4300
4301
4303
4304
4305
4308
4306
4309
4310
4311
4313
4314
4315
4318
4316
4319
4320
4321
4323
4324
4325
4328
4326
4329
4330
4331
4333
4334
4335
4338
4336
4339
4340
4341
4343
4344
4345
4348
4346
4349
4350
4351
4353
4354
4355
4358
4356
4359
4360
4361
4363
4364
4365
4366
4367
4368
4369
4370
4371
4372
4373
4374
4375
4376
4449
4377
4378
4454
4379
4380
4459
4381
4382
4464
4383
4384
4469
4385
4386
4474
4387
4388
4479
4389
4390
4484
4391
4392
4489
4393
4394
4494
4395
4396
4499
4397
4398
4504
4399
4400
4509
4401
4402
4514
4403
4404
4519
4405
4406
4524
4407
4408
4529
4409
4410
4534
4411
4412
4539
4413
4414
4544
4415
4416
4549
4417
4418
4554
4419
4420
4559
4421
4422
4564
4423
4424
4569
4425
4426
4574
4427
4428
4579
4429
4430
4584
4431
4432
4589
4433
4434
4594
4435
4436
4599
4437
4438
4604
4439
4440
4442
4441
4443
4444
4445
4446
4447
4450
4448
4451
4452
4453
4455
4456
4457
4460
4458
4461
4462
4463
4465
4466
4467
4470
4468
4471
4472
4473
4475
4476
4477
4480
4478
4481
4482
4483
4485
4486
4487
4490
4488
4491
4492
4493
4495
4496
4497
4500
4498
4501
4502
4503
4505
4506
4507
4510
4508
4511
4512
4513
4515
4516
4517
4520
4518
4521
4522
4523
4525
4526
4527
4530
4528
4531
4532
4533
4535
4536
4537
4540
4538
4541
4542
4543
4545
4546
4547
4550
4548
4551
4552
4553
4555
4556
4557
4560
4558
4561
4562
4563
4565
4566
4567
4570
4568
4571
4572
4573
4575
4576
4577
4580
4578
4581
4582
4583
4585
4586
4587
4590
4588
4591
4592
4593
4595
4596
4597
4600
4598
4601
4602
4603
4605
4606
4607
4608
4609
4610
4611
4612
4613
4614
4619
4615
4620
4616
4621
4617
4618
4622
4624
4625
4626
4627
4628
4701
4629
4630
4706
4631
4632
4711
4633
4634
4716
4635
4636
4721
4637
4638
4726
4639
4640
4731
4641
4642
4736
4643
4644
4741
4645
4646
4746
4647
4648
4751
4649
4650
4756
4651
4652
4761
4653
4654
4766
4655
4656
4771
4657
4658
4776
4659
4660
4781
4661
4662
4786
4663
4664
4791
4665
4666
4796
4667
4668
4801
4669
4670
4806
4671
4672
4811
4673
4674
4816
4675
4676
4821
4677
4678
4826
4679
4680
4831
4681
4682
4836
4683
4684
4841
4685
4686
4846
4687
4688
4851
4689
4690
4856
4691
4692
4861
4693
4694
4866
4695
4696
4697
4698
4699
4702
4700
4703
4704
4705
4707
4708
4709
4712
4710
4713
4714
4715
4717
4718
4719
4722
4720
4723
4724
4725
4727
4728
4729
4732
4730
4733
4734
4735
4737
4738
4739
4742
4740
4743
4744
4745
4747
4748
4749
4752
4750
4753
4754
4755
4757
4758
4759
4762
4760
4763
4764
4765
4767
4768
4769
4772
4770
4773
4774
4775
4777
4778
4779
4782
4780
4783
4784
4785
4787
4788
4789
4792
4790
4793
4794
4795
4797
4798
4799
4802
4800
4803
4804
4805
4807
4808
4809
4812
4810
4813
4814
4815
4817
4818
4819
4822
4820
4823
4824
4825
4827
4828
4829
4832
4830
4833
4834
4835
4837
4838
4839
4842
4840
4843
4844
4845
4847
4848
4849
4852
4850
4853
4854
4855
4857
4858
4859
4862
4860
4863
4864
4865
4867
4868
4869
4870
4871
4872
4873
4874
4875
4876
4877
4878
4951
4879
4880
4956
4881
4882
4961
4883
4884
4966
4885
4886
4971
4887
4888
4976
4889
4890
4981
4891
4892
4986
4893
4894
4991
4895
4896
4996
4897
4898
5001
4899
4900
5006
4901
4902
5011
4903
4904
5016
4905
4906
5021
4907
4908
5026
4909
4910
5031
4911
4912
5036
4913
4914
5041
4915
4916
5046
4917
4918
5051
4919
4920
5056
4921
4922
5061
4923
4924
5066
4925
4926
5071
4927
4928
5076
4929
4930
5081
4931
4932
5086
4933
4934
5091
4935
4936
5096
4937
4938
5101
4939
4940
5106
4941
4942
5111
4943
4944
5116
4945
4946
4947
4948
4949
4952
4950
4953
4954
4955
4957
4958
4959
4962
4960
4963
4964
4965
4967
4968
4969
4972
4970
4973
4974
4975
4977
4978
4979
4982
4980
4983
4984
4985
4987
4988
4989
4992
4990
4993
4994
4995
4997
4998
4999
5002
5000
5003
5004
5005
5007
5008
5009
5012
5010
5013
5014
5015
5017
5018
5019
5022
5020
5023
5024
5025
5027
5028
5029
5032
5030
5033
5034
5035
5037
5038
5039
5042
5040
5043
5044
5045
5047
5048
5049
5052
5050
5053
5054
5055
5057
5058
5059
5062
5060
5063
5064
5065
5067
5068
5069
5072
5070
5073
5074
5075
5077
5078
5079
5082
5080
5083
5084
5085
5087
5088
5089
5092
5090
5093
5094
5095
5097
5098
5099
5102
5100
5103
5104
5105
5107
5108
5109
5112
5110
5113
5114
5115
5117
5118
5119
5120
5121
5122
5123
5124
5125
5126
5127
5128
5129
5130
5203
5131
5132
5208
5133
5134
5213
5135
5136
5218
5137
5138
5223
5139
5140
5228
5141
5142
5233
5143
5144
5238
5145
5146
5243
5147
5148
5248
5149
5150
5253
5151
5152
5258
5153
5154
5263
5155
5156
5268
5157
5158
5273
5159
5160
5278
5161
5162
5283
5163
5164
5288
5165
5166
5293
5167
5168
5298
5169
5170
5303
5171
5172
5308
5173
5174
5313
5175
5176
5318
5177
5178
5323
5179
5180
5328
5181
5182
5333
5183
5184
5338
5185
5186
5343
5187
5188
5348
5189
5190
5353
5191
5192
5358
5193
5194
5196
5195
5197
5198
5199
5200
5201
5204
5202
5205
5206
5207
5209
5210
5211
5214
5212
5215
5216
5217
5219
5220
5221
5224
5222
5225
5226
5227
5229
5230
5231
5234
5232
5235
5236
5237
5239
5240
5241
5244
5242
5245
5246
5247
5249
5250
5251
5254
5252
5255
5256
5257
5259
5260
5261
5264
5262
5265
5266
5267
5269
5270
5271
5274
5272
5275
5276
5277
5279
5280
5281
5284
5282
5285
5286
5287
5289
5290
5291
5294
5292
5295
5296
5297
5299
5300
5301
5304
5302
5305
5306
5307
5309
5310
5311
5314
5312
5315
5316
5317
5319
5320
5321
5324
5322
5325
5326
5327
5329
5330
5331
5334
5332
5335
5336
5337
5339
5340
5341
5344
5342
5345
5346
5347
5349
5350
5351
5354
5352
5355
5356
5357
5359
5360
5361
5362
5363
5364
5365
5366
5367
5368
5373
5369
5374
5370
5375
5371
5372
5376
5377
5378
5379
5380
5381
5382
5455
5383
5384
5460
5385
5386
5465
5387
5388
5470
5389
5390
5475
5391
5392
5480
5393
5394
5485
5395
5396
5490
5397
5398
5495
5399
5400
5500
5401
5402
5505
5403
5404
5510
5405
5406
5515
5407
5408
5520
5409
5410
5525
5411
5412
5530
5413
5414
5535
5415
5416
5540
5417
5418
5545
5419
5420
5550
5421
5422
5555
5423
5424
5560
5425
5426
5565
5427
5428
5570
5429
5430
5575
5431
5432
5580
5433
5434
5585
5435
5436
5590
5437
5438
5595
5439
5440
5600
5441
5442
5605
5443
5444
5610
5445
5446
5448
5447
5449
5450
5451
5452
5453
5456
5454
5457
5458
5459
5461
5462
5463
5466
5464
5467
5468
5469
5471
5472
5473
5476
5474
5477
5478
5479
5481
5482
5483
5486
5484
5487
5488
5489
5491
5492
5493
5496
5494
5497
5498
5499
5501
5502
5503
5506
5504
5507
5508
5509
5511
5512
5513
5516
5514
5517
5518
5519
5521
5522
5523
5526
5524
5527
5528
5529
5531
5532
5533
5536
5534
5537
5538
5539
5541
5542
5543
5546
5544
5547
5548
5549
5551
5552
5553
5556
5554
5557
5558
5559
5561
5562
5563
5566
5564
5567
5568
5569
5571
5572
5573
5576
5574
5577
5578
5579
5581
5582
5583
5586
5584
5587
5588
5589
5591
5592
5593
5596
5594
5597
5598
5599
5601
5602
5603
5606
5604
5607
5608
5609
5611
5612
5613
5614
5615
5616
5617
5618
5619
5620
5625
5621
5626
5622
5627
5623
5624
5628
5629
5630
5631
5632
5633
5634
5707
5635
5636
5712
5637
5638
5717
5639
5640
5722
5641
5642
5727
5643
5644
5732
5645
5646
5737
5647
5648
5742
5649
5650
5747
5651
5652
5752
5653
5654
5757
5655
5656
5762
5657
5658
5767
5659
5660
5772
5661
5662
5777
5663
5664
5782
5665
5666
5787
5667
5668
5792
5669
5670
5797
5671
5672
5802
5673
5674
5807
5675
5676
5812
5677
5678
5817
5679
5680
5822
5681
5682
5827
5683
5684
5832
5685
5686
5837
5687
5688
5842
5689
5690
5847
5691
5692
5852
5693
5694
5857
5695
5696
5862
5697
5698
5700
5699
5701
5702
5703
5704
5705
5708
5706
5709
5710
5711
5713
5714
5715
5718
5716
5719
5720
5721
5723
5724
5725
5728
5726
5729
5730
5731
5733
5734
5735
5738
5736
5739
5740
5741
5743
5744
5745
5748
5746
5749
5750
5751
5753
5754
5755
5758
5756
5759
5760
5761
5763
5764
5765
5768
5766
5769
5770
5771
5773
5774
5775
5778
5776
5779
5780
5781
5783
5784
5785
5788
5786
5789
5790
5791
5793
5794
5795
5798
5796
5799
5800
5801
5803
5804
5805
5808
5806
5809
5810
5811
5813
5814
5815
5818
5816
5819
5820
5821
5823
5824
5825
5828
5826
5829
5830
5831
5833
5834
5835
5838
5836
5839
5840
5841
5843
5844
5845
5848
5846
5849
5850
5851
5853
5854
5855
5858
5856
5859
5860
5861
5863
5864
5865
5866
5867
5868
5869
5870
5871
5872
5877
5873
5878
5874
5879
5875
5880
