15250
14485
13873
13813
13778
13679
13622
13527
13493
13470
13465
13459
13159
13122
13106
13092
13061
13044
13026
12988
12932
12925
12919
12889
12870
12852
12845
12844
12837
12836
12835
12833
12832
12831
12829
12828
12825
12824
12821
12820
12817
12816
12813
12806
12804
12803
12802
12794
12793
12787
12779
12778
12775
12771
12770
12769
12768
12767
12766
12765
12764
12763
12758
12755
12751
12748
12747
12746
12745
12744
12742
12737
12736
12735
12732
12731
12730
12728
12724
12723
12721
12720
12719
12717
12716
12711
12709
12708
12707
12706
12705
12703
12702
12701
12696
12694
12693
12690
12683
12680
12677
12675
12674
12672
12671
12668
12667
12665
12662
12661
12660
12659
12658
12657
12655
12648
12645
12641
12640
12639
12638
12636
12635
12630
12619
12618
12617
12614
12612
12611
12609
12608
12607
12606
12605
12604
12603
12601
12599
12594
12593
12592
12591
12590
12589
12588
12586
12585
12583
12582
12581
12580
12579
12578
12567
12564
12563
12561
12560
12552
12551
12546
12544
12537
12533
12530
12523
12522
12521
12519
12515
12512
12511
12510
12509
12506
12504
12502
12493
12491
12490
12487
12486
12485
12482
12481
12476
12469
12468
12467
12466
12465
12464
12463
12461
12458
12456
12455
12454
12453
12452
12451
12449
12448
12447
12446
12432
12431
12429
12428
12426
12423
12422
12421
12420
12419
12417
12416
12414
12413
12412
12410
12403
12400
12399
12398
12396
12390
12386
12384
12382
12377
12376
12374
12371
12370
12369
12365
12362
12360
12359
12356
12355
12354
12353
12351
12349
12347
12346
12341
12340
12339
12337
12335
12333
12332
12331
12326
12323
12316
12315
12314
12313
12312
12311
12310
12305
12303
12302
12301
12298
12292
12291
12290
12289
12288
12282
12279
12278
12277
12275
12274
12271
12267
12265
12264
12263
12261
12260
12259
12257
12256
12255
12253
12252
12250
12249
12248
12247
12240
12238
12235
12230
12229
12224
12223
12222
12221
12218
12217
12216
12215
12211
12210
12208
12207
12206
12205
12204
12201
12199
12196
12195
12194
12193
12192
12190
12189
12188
12187
12184
12183
12182
12181
12180
12179
12178
12174
12172
12165
12163
12162
12161
12158
12157
12153
12152
12151
12149
12148
12146
12144
12143
12140
12138
12137
12136
12135
12131
12130
12129
12125
12124
12123
12122
12121
12120
12116
12114
12113
12110
12106
12102
12099
12098
12097
12091
12090
12089
12088
12083
12081
12080
12077
12076
12074
12070
12069
12068
12067
12065
12063
12061
12058
12057
12051
12050
12049
12046
12045
12043
12041
12040
12039
12037
12036
12035
12033
12031
12028
12027
12026
12025
12024
12021
12020
12018
12016
12015
12012
12011
12010
12009
12008
12007
12005
12004
12002
12001
12000
11999
11998
11994
11993
11992
11990
11989
11988
11987
11976
11974
11969
11968
11967
11964
11960
11958
11956
11954
11952
11951
11950
11949
11947
11946
11945
11941
11940
11939
11938
11937
11934
11933
11932
11931
11930
11929
11928
11927
11926
11925
11924
11922
11918
11916
11915
11912
11911
11909
11908
11907
11905
11904
11903
11902
11901
11900
11899
11896
11895
11894
11892
11890
11889
11888
11887
11886
11885
11884
11880
11879
11877
11874
11872
11869
11866
11864
11863
11860
11859
11858
11857
11856
11855
11851
11847
11846
11845
11844
11843
11835
11833
11830
11829
11828
11827
11826
11825
11824
11823
11822
11818
11817
11815
11814
11813
11812
11811
11810
11809
11808
11807
11804
11803
11802
11800
11799
11797
11796
11795
11790
11789
11786
11785
11783
11781
11779
11776
11771
11770
11766
11765
11761
11760
11757
11755
11751
11750
11749
11747
11746
11745
11740
11737
11730
11728
11727
11726
11724
11723
11722
11720
11718
11717
11715
11714
11713
11711
11710
11708
11707
11704
11698
11697
11695
11694
11692
11691
11690
11688
11687
11679
11674
11672
11670
11659
11657
11652
11649
11648
11643
11642
11641
11639
11638
11637
11635
11632
11631
11630
11628
11623
11622
11621
11617
11616
11614
11613
11611
11610
11608
11607
11605
11603
11602
11601
11599
11598
11596
11595
11594
11593
11592
11590
11587
11586
11585
11584
11583
11581
11580
11579
11577
11576
11574
11573
11572
11571
11570
11569
11567
11565
11563
11562
11558
11556
11555
11553
11550
11547
11546
11544
11541
11540
11538
11536
11535
11534
11532
11531
11529
11528
11525
11523
11522
11519
11518
11517
11516
11514
11512
11511
11510
11504
11501
11500
11498
11496
11493
11491
11490
11489
11488
11487
11482
11481
11477
11475
11474
11473
11471
11470
11466
11465
11464
11463
11462
11455
11453
11451
11450
11448
11447
11446
11445
11442
11439
11437
11435
11434
11433
11431
11429
11428
11426
11425
11424
11423
11422
11420
11417
11415
11414
11413
11412
11411
11409
11408
11407
11406
11404
11403
11401
11399
11398
11397
11396
11395
11392
11391
11390
11388
11387
11384
11383
11382
11381
11379
11377
11376
11372
11371
11370
11367
11362
11360
11357
11353
11348
11347
11345
11343
11342
11341
11340
11339
11337
11334
11332
11331
11330
11329
11328
11327
11326
11324
11323
11322
11321
11319
11318
11317
11316
11312
11310
11309
11308
11306
11304
11303
11300
11294
11293
11290
11289
11288
11285
11284
11283
11282
11281
11280
11279
11278
11277
11276
11275
11274
11273
11272
11271
11270
11269
11268
11267
11264
11263
11261
11260
11259
11258
11256
11255
11252
11251
11250
11249
11248
11247
11246
11245
11243
11241
11240
11238
11236
11235
11234
11233
11232
11231
11230
11229
11226
11224
11223
11222
11221
11220
11218
11215
11214
11213
11212
11211
11210
11208
11207
11206
11204
11203
11202
11201
11200
11199
11198
11197
11196
11194
11193
11192
11188
11187
11185
11184
11183
11182
11181
11179
11178
11177
11174
11173
11170
11169
11168
11165
11163
11161
11160
11159
11158
11157
11156
11152
11151
11147
11146
11144
11143
11141
11140
11138
11137
11135
11132
11130
11129
11127
11123
11122
11121
11119
11117
11116
11115
11113
11110
11109
11108
11106
11105
11102
11098
11097
11096
11094
11093
11090
11089
11087
11086
11085
11083
11082
11078
11077
11076
11074
11073
11072
11071
11070
11069
11068
11067
11066
11063
11058
11057
11056
11055
11054
11053
11050
11049
11048
11045
11041
11040
11039
11037
11036
11035
11032
11031
11030
11028
11027
11024
11023
11020
11017
11015
11014
11012
11011
11010
11009
11007
11006
11004
11003
11000
10999
10998
10997
10995
10992
10990
10988
10987
10986
10985
10984
10983
10982
10981
10980
10979
10978
10977
10976
10975
10974
10968
10967
10966
10965
10962
10961
10958
10957
10955
10954
10952
10951
10949
10948
10947
10944
10943
10941
10940
10939
10938
10937
10936
10934
10933
10932
10931
10928
10927
10926
10921
10919
10918
10916
10915
10914
10913
10912
10911
10910
10907
10904
10903
10902
10900
10899
10898
10897
10896
10895
10894
10893
10892
10891
10889
10888
10887
10885
10882
10881
10880
10878
10876
10875
10874
10873
10872
10871
10869
10865
10863
10860
10858
10853
10851
10850
10848
10846
10843
10842
10836
10835
10834
10833
10832
10829
10828
10827
10820
10819
10818
10817
10815
10814
10813
10812
10810
10808
10807
10806
10805
10804
10803
10800
10797
10796
10794
10793
10791
10790
10789
10788
10785
10784
10782
10781
10780
10779
10777
10776
10775
10774
10773
10770
10768
10767
10765
10761
10760
10759
10757
10756
10755
10754
10753
10752
10751
10750
10746
10740
10739
10738
10737
10736
10735
10734
10731
10728
10727
10726
10723
10722
10721
10720
10717
10716
10715
10714
10713
10712
10709
10708
10707
10703
10701
10700
10699
10698
10697
10696
10694
10693
10692
10691
10690
10689
10688
10682
10681
10680
10677
10675
10674
10673
10672
10671
10670
10669
10667
10666
10658
10657
10656
10655
10654
10653
10650
10648
10647
10646
10645
10644
10643
10641
10640
10639
10638
10636
10633
10632
10631
10629
10627
10625
10622
10621
10620
10616
10614
10613
10612
10608
10607
10606
10605
10603
10602
10601
10600
10599
10595
10594
10593
10592
10591
10590
10589
10588
10587
10586
10585
10584
10583
10582
10581
10580
10579
10578
10576
10575
10574
10572
10571
10570
10569
10566
10562
10559
10558
10556
10554
10553
10549
10548
10546
10544
10542
10540
10539
10537
10536
10535
10532
10531
10530
10529
10528
10527
10526
10525
10524
10523
10521
10520
10519
10516
10514
10513
10512
10511
10510
10509
10508
10507
10506
10505
10504
10502
10501
10499
10498
10494
10493
10491
10489
10484
10483
10478
10477
10476
10475
10473
10471
10470
10467
10466
10465
10464
10463
10462
10461
10460
10459
10457
10456
10455
10452
10451
10450
10449
10448
10446
10445
10444
10442
10441
10440
10439
10438
10434
10433
10431
10430
10429
10426
10424
10422
10420
10417
10416
10415
10411
10407
10406
10405
10404
10403
10402
10401
10400
10399
10397
10395
10393
10391
10390
10389
10387
10384
10378
10377
10375
10374
10373
10368
10365
10364
10363
10362
10361
10360
10359
10358
10356
10355
10353
10352
10351
10349
10348
10347
10344
10343
10340
10339
10338
10336
10335
10333
10332
10330
10329
10326
10325
10324
10323
10322
10321
10319
10318
10317
10316
10315
10313
10312
10311
10310
10309
10307
10306
10304
10302
10301
10300
10298
10297
10296
10295
10294
10293
10291
10290
10289
10287
10286
10284
10282
10281
10280
10279
10278
10277
10275
10271
10269
10267
10266
10265
10264
10262
10259
10257
10255
10254
10253
10252
10248
10246
10242
10236
10235
10234
10233
10232
10231
10230
10228
10226
10225
10224
10223
10222
10221
10220
10219
10218
10217
10216
10215
10213
10212
10211
10210
10209
10208
10206
10204
10203
10201
10200
10197
10196
10194
10193
10192
10190
10189
10188
10187
10186
10185
10182
10179
10178
10177
10176
10172
10167
10166
10165
10162
10161
10160
10159
10158
10157
10156
10155
10153
10151
10150
10148
10146
10144
10143
10142
10141
10140
10138
10137
10136
10135
10134
10133
10132
10131
10130
10129
10128
10126
10124
10123
10122
10121
10120
10118
10117
10116
10115
10112
10111
10108
10106
10105
10104
10102
10101
10099
10098
10097
10096
10094
10091
10090
10089
10088
10087
10086
10085
10084
10083
10080
10079
10077
10075
10074
10073
10071
10070
10067
10065
10064
10062
10061
10060
10059
10058
10057
10056
10055
10053
10052
10048
10046
10044
10043
10042
10041
10040
10039
10038
10037
10035
10034
10033
10032
10031
10029
10027
10026
10025
10024
10023
10022
10021
10020
10019
10018
10017
10016
10015
10014
10011
10010
10009
10007
10005
10004
10003
10002
10001
10000
9998
9997
9996
9994
9993
9992
9991
9990
9988
9987
9986
9984
9983
9979
9978
9977
9976
9975
9974
9973
9970
9969
9968
9967
9966
9965
9964
9962
9961
9960
9959
9957
9955
9954
9952
9951
9950
9949
9948
9946
9944
9943
9941
9940
9939
9938
9937
9936
9935
9934
9932
9931
9930
9929
9928
9925
9920
9919
9918
9917
9913
9912
9911
9909
9907
9906
9905
9904
9903
9901
9900
9898
9896
9895
9894
9888
9887
9885
9883
9882
9881
9880
9878
9877
9876
9875
9874
9871
9870
9869
9866
9865
9864
9863
9860
9858
9857
9856
9855
9854
9853
9851
9850
9849
9848
9847
9845
9844
9842
9841
9840
9837
9836
9835
9833
9831
9829
9827
9826
9825
9824
9822
9821
9820
9819
9815
9813
9812
9811
9808
9807
9806
9803
9800
9799
9798
9797
9796
9795
9794
9793
9792
9791
9790
9788
9787
9786
9785
9784
9782
9781
9779
9778
9777
9776
9775
9774
9773
9772
9769
9768
9767
9766
9765
9764
9760
9759
9758
9757
9756
9752
9751
9750
9748
9747
9744
9743
9742
9741
9739
9737
9736
9735
9734
9732
9731
9726
9725
9723
9722
9720
9719
9718
9717
9714
9713
9711
9710
9708
9707
9703
9701
9700
9699
9697
9692
9691
9690
9689
9688
9687
9686
9685
9682
9680
9679
9678
9677
9676
9675
9674
9673
9672
9671
9670
9669
9668
9667
9662
9658
9657
9656
9655
9654
9653
9652
9651
9650
9649
9647
9645
9644
9638
9636
9633
9632
9631
9630
9629
9628
9626
9623
9622
9621
9620
9618
9617
9616
9615
9614
9613
9612
9611
9607
9606
9605
9604
9602
9601
9598
9597
9596
9593
9590
9587
9586
9584
9583
9582
9577
9576
9575
9572
9570
9569
9568
9566
9563
9562
9561
9560
9559
9557
9556
9555
9554
9553
9552
9551
9550
9549
9547
9546
9542
9541
9540
9539
9538
9537
9536
9531
9529
9528
9527
9526
9525
9524
9523
9519
9518
9514
9513
9512
9510
9509
9508
9504
9503
9502
9501
9500
9499
9498
9497
9496
9494
9493
9492
9491
9490
9489
9488
9487
9486
9485
9484
9482
9481
9480
9479
9478
9477
9476
9475
9473
9472
9471
9470
9469
9467
9466
9464
9463
9462
9461
9460
9454
9453
9452
9451
9450
9449
9448
9446
9445
9444
9442
9438
9437
9436
9435
9434
9433
9432
9431
9430
9428
9427
9423
9422
9421
9419
9416
9415
9414
9412
9411
9410
9409
9407
9404
9402
9401
9399
9398
9397
9396
9392
9391
9389
9388
9387
9386
9384
9382
9381
9380
9379
9378
9377
9376
9375
9374
9373
9371
9370
9368
9367
9365
9364
9363
9362
9360
9359
9358
9357
9356
9355
9354
9351
9349
9345
9343
9341
9340
9338
9336
9334
9333
9332
9330
9329
9328
9327
9326
9324
9323
9322
9321
9320
9319
9318
9317
9316
9315
9314
9313
9312
9311
9310
9308
9307
9305
9304
9303
9302
9300
9299
9298
9297
9296
9295
9294
9293
9292
9291
9290
9289
9288
9287
9286
9285
9284
9283
9282
9281
9280
9279
9278
9277
9276
9275
9274
9273
9272
9271
9270
9269
9268
9267
9266
9265
9264
9263
9262
9261
9260
9258
9257
9256
9255
9254
9253
9252
9251
9250
9249
9248
9247
9246
9245
9244
9243
9241
9240
9239
9238
9237
9236
9235
9233
9232
9231
9230
9229
9228
9227
9225
9224
9223
9222
9221
9220
9219
9218
9217
9216
9213
9212
9210
9209
9208
9207
9206
9205
9204
9203
9202
9201
9200
9198
9197
9195
9193
9192
9191
9188
9187
9186
9184
9183
9182
9180
9179
9178
9175
9174
9172
9171
9170
9169
9168
9167
9166
9165
9164
9163
9162
9161
9160
9159
9158
9157
9156
9154
9153
9152
9150
9149
9148
9147
9146
9144
9143
9142
9141
9140
9139
9138
9137
9135
9134
9132
9131
9130
9129
9128
9127
9126
9125
9124
9123
9122
9121
9120
9119
9118
9117
9116
9115
9114
9113
9111
9110
9109
9107
9106
9105
9104
9102
9101
9100
9099
9098
9097
9096
9093
9091
9090
9089
9088
9087
9085
9084
9082
9080
9078
9077
9076
9074
9073
9072
9071
9070
9069
9068
9067
9066
9065
9064
9063
9062
9058
9056
9054
9053
9046
9045
9042
9040
9039
9038
9037
9035
9034
9033
9030
9026
9024
9023
9022
9019
9018
9017
9016
9012
9011
9010
9007
9002
9001
9000
8999
8998
8997
8996
8994
8992
8991
8990
8986
8985
8984
8983
8982
8981
8979
8976
8974
8973
8972
8971
8970
8969
8968
8967
8966
8965
8964
8963
8962
8961
8960
8959
8958
8956
8955
8954
8952
8951
8950
8948
8947
8946
8945
8944
8941
8940
8939
8938
8937
8936
8935
8934
8933
8932
8931
8930
8929
8927
8926
8925
8924
8923
8922
8921
8920
8919
8918
8917
8916
8914
8912
8911
8910
8909
8908
8907
8905
8904
8902
8901
8900
8898
8897
8896
8895
8894
8893
8892
8891
8890
8889
8888
8887
8886
8884
8883
8882
8881
8880
8879
8878
8876
8875
8874
8873
8872
8871
8869
8868
8866
8865
8864
8863
8861
8859
8858
8857
8856
8855
8852
8851
8850
8849
8848
8847
8845
8844
8843
8842
8841
8840
8838
8837
8835
8834
8833
8832
8831
8828
8827
8826
8825
8824
8823
8822
8821
8820
8819
8817
8816
8815
8814
8812
8810
8809
8808
8806
8805
8804
8803
8802
8801
8800
8797
8796
8795
8794
8793
8792
8790
8789
8788
8787
8786
8785
8784
8783
8782
8781
8779
8775
8774
8773
8772
8771
8770
8769
8768
8767
8766
8765
8764
8763
8762
8761
8760
8759
8758
8757
8756
8755
8754
8753
8752
8751
8750
8749
8748
8747
8746
8744
8743
8742
8741
8740
8739
8738
8737
8732
8731
8730
8729
8728
8727
8726
8725
8724
8722
8721
8719
8718
8717
8716
8714
8713
8712
8711
8710
8709
8708
8707
8706
8705
8704
8702
8701
8700
8699
8698
8696
8694
8692
8691
8690
8689
8688
8685
8684
8683
8681
8679
8678
8677
8676
8675
8674
8672
8671
8670
8669
8668
8667
8665
8662
8661
8660
8656
8655
8654
8653
8652
8651
8650
8649
8648
8646
8644
8643
8642
8641
8640
8639
8638
8637
8636
8635
8634
8633
8632
8631
8630
8629
8628
8627
8626
8625
8624
8622
8621
8620
8619
8618
8617
8616
8615
8614
8613
8612
8611
8610
8608
8607
8606
8605
8604
8602
8601
8600
8599
8596
8595
8594
8593
8592
8590
8589
8588
8586
8585
8584
8583
8581
8580
8579
8577
8576
8574
8573
8572
8569
8568
8567
8566
8565
8564
8563
8562
8561
8560
8559
8558
8557
8556
8555
8554
8553
8552
8551
8550
8549
8548
8547
8546
8545
8544
8543
8542
8541
8539
8538
8537
8536
8535
8534
8533
8532
8531
8530
8529
8528
8527
8525
8524
8523
8521
8520
8519
8518
8517
8516
8515
8514
8513
8512
8511
8510
8507
8506
8505
8504
8503
8502
8501
8500
8495
8494
8493
8492
8491
8490
8489
8488
8486
8484
8483
8482
8480
8479
8478
8477
8476
8475
8474
8473
8471
8470
8469
8468
8466
8465
8464
8463
8462
8461
8460
8459
8458
8457
8456
8455
8454
8452
8451
8450
8449
8448
8447
8445
8444
8443
8442
8441
8440
8438
8436
8435
8434
8433
8430
8429
8427
8422
8421
8420
8418
8416
8415
8414
8413
8410
8409
8408
8407
8406
8405
8404
8403
8402
8401
8400
8399
8398
8397
8396
8394
8393
8392
8391
8390
8389
8388
8387
8386
8384
8383
8382
8381
8380
8378
8377
8376
8374
8373
8372
8371
8370
8369
8368
8367
8365
8364
8363
8362
8361
8360
8359
8358
8357
8356
8355
8354
8353
8352
8348
8347
8346
8345
8344
8343
8342
8341
8340
8339
8338
8337
8336
8335
8333
8332
8331
8330
8329
8328
8326
8325
8323
8322
8321
8320
8319
8318
8316
8314
8313
8312
8311
8310
8309
8308
8307
8306
8305
8304
8303
8301
8300
8299
8298
8297
8296
8295
8294
8293
8291
8289
8286
8285
8284
8282
8281
8280
8279
8278
8275
8273
8272
8271
8270
8268
8267
8265
8264
8263
8262
8260
8259
8258
8257
8256
8255
8253
8252
8251
8250
8248
8247
8246
8245
8244
8243
8242
8241
8240
8239
8238
8237
8236
8235
8234
8233
8232
8231
8229
8228
8227
8226
8225
8224
8223
8222
8221
8219
8218
8216
8215
8213
8212
8210
8209
8208
8207
8206
8205
8203
8202
8201
8200
8199
8198
8197
8196
8195
8194
8193
8192
8191
8190
8188
8187
8185
8184
8182
8180
8179
8178
8177
8176
8173
8172
8171
8170
8169
8168
8167
8166
8165
8164
8163
8162
8161
8160
8159
8158
8157
8156
8155
8154
8153
8151
8150
8149
8148
8147
8145
8142
8140
8139
8138
8137
8136
8134
8133
8132
8131
8130
8129
8128
8127
8126
8125
8124
8123
8121
8120
8119
8118
8117
8116
8115
8114
8113
8111
8108
8107
8106
8105
8104
8103
8102
8101
8100
8099
8098
8096
8095
8093
8091
8090
8089
8087
8086
8085
8084
8083
8082
8081
8079
8078
8077
8076
8075
8073
8072
8071
8070
8069
8068
8067
8066
8065
8064
8063
8062
8061
8060
8059
8058
8057
8056
8055
8053
8052
8051
8050
8049
8047
8046
8045
8044
8043
8042
8041
8040
8039
8038
8037
8036
8035
8032
8031
8030
8029
8028
8027
8026
8025
8024
8021
8020
8019
8017
8016
8015
8014
8013
8012
8011
8008
8007
8006
8005
8004
8003
8002
8001
8000
7999
7998
7997
7996
7994
7993
7992
7991
7989
7988
7987
7985
7984
7983
7982
7981
7980
7978
7977
7976
7975
7974
7973
7972
7969
7968
7967
7966
7964
7963
7962
7961
7960
7959
7958
7957
7956
7955
7954
7953
7952
7951
7950
7947
7946
7945
7944
7943
7942
7941
7940
7939
7938
7935
7934
7933
7931
7930
7929
7928
7927
7926
7923
7922
7919
7917
7916
7913
7912
7911
7910
7908
7907
7906
7905
7904
7903
7902
7899
7898
7897
7895
7892
7891
7890
7889
7888
7887
7886
7885
7884
7883
7882
7881
7880
7879
7878
7876
7875
7874
7872
7871
7870
7869
7867
7865
7864
7863
7862
7861
7860
7859
7858
7857
7856
7855
7854
7853
7852
7850
7849
7848
7847
7846
7845
7844
7843
7841
7839
7838
7837
7835
7833
7832
7831
7829
7828
7827
7826
7825
7824
7823
7822
7821
7820
7819
7818
7817
7816
7815
7814
7813
7812
7811
7810
7809
7808
7807
7805
7804
7803
7800
7799
7798
7797
7796
7795
7794
7793
7792
7791
7790
7789
7788
7787
7786
7785
7784
7783
7782
7781
7780
7779
7778
7777
7775
7774
7773
7772
7771
7770
7768
7766
7765
7763
7762
7761
7760
7759
7758
7757
7755
7754
7752
7751
7750
7749
7748
7747
7746
7745
7744
7743
7742
7741
7740
7739
7738
7737
7733
7732
7731
7730
7728
7727
7725
7724
7723
7722
7721
7720
7719
7718
7717
7716
7715
7714
7713
7712
7711
7710
7709
7708
7707
7706
7705
7704
7703
7702
7701
7700
7699
7698
7697
7696
7695
7694
7693
7692
7691
7690
7689
7688
7687
7685
7684
7683
7682
7681
7680
7679
7678
7677
7676
7675
7674
7673
7672
7671
7669
7668
7667
7666
7665
7664
7663
7662
7661
7660
7659
7658
7657
7656
7655
7654
7653
7652
7651
7650
7649
7648
7647
7646
7644
7643
7642
7641
7640
7639
7638
7637
7636
7635
7634
7633
7632
7631
7630
7629
7628
7627
7626
7625
7624
7623
7622
7621
7620
7619
7618
7617
7615
7613
7611
7610
7609
7608
7607
7606
7605
7604
7602
7601
7600
7599
7598
7597
7596
7595
7594
7593
7592
7591
7590
7589
7588
7587
7586
7585
7584
7583
7582
7581
7580
7579
7578
7577
7576
7575
7572
7571
7570
7568
7567
7566
7565
7564
7563
7561
7560
7559
7558
7557
7555
7553
7552
7551
7550
7549
7548
7547
7546
7544
7542
7541
7540
7538
7536
7535
7534
7533
7532
7530
7528
7527
7526
7525
7524
7523
7522
7521
7519
7518
7517
7516
7515
7514
7513
7512
7511
7510
7509
7508
7507
7506
7505
7504
7503
7502
7501
7500
7499
7498
7497
7496
7495
7494
7493
7492
7491
7490
7489
7488
7487
7486
7485
7484
7483
7482
7481
7480
7479
7478
7477
7476
7475
7474
7473
7472
7471
7470
7468
7467
7466
7465
7464
7463
7462
7461
7460
7459
7458
7457
7456
7455
7453
7452
7451
7450
7449
7447
7446
7445
7444
7443
7442
7441
7440
7439
7438
7437
7435
7434
7433
7432
7431
7430
7429
7428
7427
7426
7425
7424
7423
7422
7421
7420
7419
7418
7417
7414
7413
7412
7411
7410
7407
7406
7405
7404
7403
7402
7401
7399
7398
7397
7396
7395
7394
7393
7391
7390
7389
7388
7387
7386
7385
7384
7383
7382
7381
7380
7379
7378
7377
7376
7375
7374
7373
7372
7371
7370
7369
7368
7367
7366
7363
7362
7361
7359
7357
7356
7355
7352
7351
7350
7349
7348
7346
7345
7344
7343
7341
7340
7338
7337
7336
7335
7334
7332
7331
7330
7329
7328
7327
7326
7325
7324
7323
7322
7321
7320
7319
7318
7317
7316
7315
7314
7313
7312
7311
7310
7309
7308
7307
7306
7305
7304
7303
7302
7301
7300
7299
7298
7297
7296
7295
7294
7293
7291
7290
7289
7288
7287
7285
7284
7283
7282
7281
7280
7279
7278
7277
7276
7275
7274
7273
7272
7271
7270
7269
7268
7267
7266
7265
7264
7263
7262
7261
7260
7259
7258
7257
7256
7254
7253
7250
7249
7248
7247
7246
7245
7243
7242
7241
7240
7239
7238
7237
7236
7235
7234
7233
7232
7231
7230
7229
7228
7227
7226
7225
7224
7223
7221
7220
7219
7218
7217
7216
7215
7212
7211
7210
7209
7208
7207
7206
7205
7204
7203
7202
7201
7200
7199
7198
7197
7196
7194
7193
7192
7191
7190
7189
7188
7187
7186
7185
7184
7183
7182
7181
7180
7179
7177
7176
7175
7174
7173
7172
7171
7170
7169
7168
7167
7166
7165
7164
7163
7161
7160
7159
7158
7157
7156
7155
7154
7153
7152
7151
7149
7148
7147
7146
7145
7144
7143
7142
7141
7140
7139
7138
7137
7136
7135
7134
7133
7132
7131
7130
7129
7126
7125
7124
7123
7122
7121
7120
7119
7118
7117
7116
7115
7114
7113
7112
7107
7106
7105
7104
7103
7102
7101
7100
7098
7097
7096
7093
7092
7091
7090
7089
7088
7087
7086
7085
7084
7083
7082
7081
7080
7079
7078
7077
7075
7074
7073
7072
7071
7070
7069
7068
7067
7066
7065
7064
7063
7062
7060
7059
7057
7055
7054
7053
7052
7051
7050
7049
7048
7047
7046
7045
7044
7043
7042
7041
7040
7038
7036
7035
7034
7033
7032
7031
7030
7029
7028
7027
7026
7024
7023
7022
7021
7020
7019
7018
7017
7016
7015
7014
7013
7012
7011
7010
7008
7006
7005
7004
7003
7001
7000
6999
6997
6996
6995
6994
6993
6990
6989
6988
6987
6985
6983
6982
6981
6980
6979
6978
6977
6976
6975
6974
6973
6972
6971
6970
6969
6968
6967
6965
6963
6962
6960
6959
6956
6955
6954
6953
6952
6951
6950
6949
6948
6947
6945
6944
6943
6941
6940
6939
6938
6937
6936
6935
6934
6933
6932
6931
6930
6929
6928
6927
6925
6924
6923
6922
6921
6920
6919
6918
6917
6916
6915
6914
6913
6912
6911
6910
6909
6908
6907
6906
6905
6904
6903
6902
6900
6899
6898
6896
6893
6892
6891
6890
6889
6888
6887
6886
6885
6884
6883
6882
6881
6880
6879
6878
6877
6876
6875
6874
6873
6872
6871
6870
6869
6868
6867
6866
6865
6864
6863
6862
6861
6860
6859
6858
6857
6855
6854
6853
6852
6851
6850
6847
6846
6845
6844
6843
6841
6840
6839
6838
6837
6836
6835
6834
6833
6832
6830
6829
6828
6827
6826
6825
6824
6823
6822
6821
6820
6819
6817
6816
6815
6814
6813
6812
6810
6809
6808
6806
6804
6802
6801
6800
6799
6798
6797
6796
6795
6793
6792
6791
6790
6789
6788
6786
6785
6784
6783
6782
6781
6780
6779
6778
6777
6776
6774
6773
6772
6771
6770
6769
6768
6767
6766
6764
6763
6762
6760
6759
6758
6757
6756
6755
6754
6752
6751
6750
6749
6748
6747
6746
6745
6744
6743
6742
6741
6739
6738
6737
6735
6734
6733
6731
6730
6729
6728
6727
6726
6725
6724
6723
6722
6721
6720
6719
6718
6717
6716
6715
6714
6713
6712
6711
6710
6709
6708
6707
6706
6705
6704
6703
6702
6701
6700
6699
6698
6697
6696
6695
6694
6693
6692
6691
6690
6689
6688
6687
6686
6685
6683
6682
6678
6676
6675
6674
6673
6672
6671
6670
6669
6668
6667
6665
6664
6663
6662
6661
6660
6659
6657
6656
6655
6654
6653
6652
6651
6650
6649
6648
6647
6646
6645
6644
6643
6642
6641
6640
6639
6637
6636
6635
6633
6632
6631
6630
6629
6627
6626
6624
6623
6622
6621
6620
6619
6618
6617
6616
6615
6614
6613
6612
6611
6610
6609
6608
6607
6606
6605
6604
6603
6602
6601
6600
6599
6598
6597
6596
6595
6594
6593
6592
6591
6590
6589
6585
6584
6583
6582
6580
6579
6578
6576
6575
6574
6573
6572
6571
6570
6569
6568
6566
6565
6564
6563
6562
6560
6559
6558
6555
6554
6553
6552
6546
6544
6542
6541
6540
6538
6537
6536
6535
6534
6533
6532
6531
6530
6529
6528
6527
6526
6525
6524
6523
6522
6521
6520
6518
6517
6516
6515
6514
6513
6512
6511
6510
6509
6508
6507
6506
6505
6504
6503
6502
6501
6500
6499
6498
6496
6495
6494
6492
6491
6490
6489
6488
6487
6486
6484
6483
6482
6481
6480
6479
6478
6477
6476
6475
6474
6473
6472
6471
6470
6468
6467
6466
6465
6464
6463
6460
6459
6458
6457
6455
6454
6453
6452
6451
6450
6449
6448
6446
6445
6444
6442
6441
6440
6439
6438
6437
6436
6435
6434
6433
6432
6431
6430
6429
6428
6427
6425
6424
6423
6422
6420
6419
6418
6417
6416
6415
6414
6413
6412
6411
6410
6409
6408
6407
6406
6405
6403
6402
6399
6398
6397
6396
6395
6394
6393
6392
6391
6390
6389
6388
6387
6386
6385
6384
6383
6382
6381
6380
6379
6378
6377
6376
6375
6374
6373
6372
6371
6370
6369
6368
6367
6366
6365
6364
6363
6362
6361
6360
6359
6358
6357
6356
6355
6353
6352
6351
6350
6349
6348
6347
6346
6345
6344
6343
6341
6339
6338
6337
6336
6335
6334
6333
6332
6331
6330
6329
6328
6327
6326
6325
6323
6322
6321
6320
6319
6318
6317
6316
6315
6314
6313
6312
6311
6310
6309
6308
6305
6304
6303
6302
6301
6299
6298
6297
6296
6294
6293
6292
6291
6290
6289
6288
6287
6286
6285
6284
6283
6282
6281
6280
6279
6278
6277
6276
6275
6274
6272
6271
6270
6269
6268
6267
6266
6265
6264
6263
6262
6261
6260
6259
6258
6257
6256
6255
6254
6253
6252
6251
6250
6249
6248
6247
6246
6245
6244
6243
6242
6241
6240
6239
6238
6237
6236
6235
6234
6233
6232
6231
6230
6229
6228
6227
6226
6225
6224
6223
6222
6221
6220
6219
6217
6216
6215
6214
6213
6212
6211
6210
6209
6208
6207
6206
6205
6204
6203
6202
6201
6200
6199
6198
6197
6195
6194
6193
6192
6191
6190
6189
6188
6187
6186
6185
6184
6183
6182
6181
6180
6179
6178
6177
6176
6175
6174
6172
6171
6170
6169
6168
6167
6166
6165
6162
6161
6160
6159
6157
6156
6155
6154
6153
6152
6151
6150
6149
6148
6147
6146
6145
6144
6143
6142
6141
6140
6139
6138
6137
6136
6135
6134
6133
6132
6131
6130
6129
6128
6127
6126
6125
6124
6123
6122
6121
6120
6119
6118
6117
6116
6115
6114
6113
6112
6111
6110
6109
6108
6107
6106
6104
6103
6102
6101
6100
6099
6094
6093
6091
6090
6089
6088
6087
6086
6085
6084
6083
6082
6081
6080
6079
6077
6076
6075
6074
6073
6072
6071
6070
6069
6068
6067
6066
6065
6064
6063
6062
6061
6060
6059
6057
6056
6055
6054
6053
6052
6051
6050
6049
6047
6046
6045
6044
6043
6042
6041
6040
6039
6038
6037
6036
6035
6034
6032
6031
6030
6028
6027
6026
6025
6024
6023
6021
6020
6019
6018
6017
6016
6015
6014
6012
6011
6010
6009
6008
6007
6006
6005
6004
6003
6001
6000
5999
5998
5997
5995
5994
5993
5992
5991
5990
5989
5988
5987
5986
5985
5984
5983
5981
5980
5979
5978
5977
5976
5975
5974
5973
5972
5971
5970
5969
5968
5967
5966
5965
5964
5963
5962
5961
5960
5959
5958
5957
5956
5955
5954
5953
5952
5951
5950
5949
5948
5947
5946
5945
5943
5942
5941
5940
5939
5938
5937
5936
5934
5933
5932
5930
5929
5927
5926
5925
5924
5923
5922
5921
5920
5919
5918
5917
5916
5915
5912
5911
5910
5909
5908
5907
5906
5905
5904
5903
5902
5901
5900
5899
5896
5895
5894
5893
5892
5890
5889
5888
5887
5886
5885
5884
5882
5881
5880
5879
5876
5875
5874
5873
5872
5870
5869
5868
5867
5865
5864
5863
5862
5861
5860
5859
5858
5857
5856
5855
5854
5853
5852
5851
5850
5849
5848
5847
5846
5845
5844
5842
5841
5840
5839
5838
5837
5836
5835
5834
5833
5832
5831
5830
5829
5828
5827
5826
5825
5824
5823
5822
5821
5820
5819
5818
5817
5816
5815
5814
5813
5811
5810
5808
5807
5806
5805
5804
5803
5802
5801
5800
5799
5798
5797
5796
5795
5793
5792
5791
5790
5789
5788
5787
5786
5785
5784
5783
5782
5781
5780
5779
5778
5777
5775
5774
5773
5772
5770
5769
5768
5767
5766
5765
5764
5763
5762
5761
5760
5759
5758
5757
5756
5755
5754
5751
5750
5749
5748
5747
5746
5745
5744
5743
5742
5741
5740
5739
5738
5737
5736
5735
5734
5733
5732
5731
5730
5729
5728
5727
5726
5725
5724
5723
5722
5721
5720
5719
5718
5717
5716
5715
5714
5713
5712
5711
5710
5709
5708
5707
5706
5705
5704
5703
5702
5701
5700
5699
5698
5697
5696
5695
5694
5693
5692
5691
5690
5689
5688
5687
5686
5685
5684
5682
5681
5680
5679
5678
5677
5676
5675
5674
5672
5671
5670
5669
5668
5667
5665
5663
5662
5660
5659
5658
5656
5655
5654
5653
5652
5651
5650
5649
5648
5647
5646
5645
5644
5643
5642
5641
5640
5639
5637
5636
5635
5634
5633
5631
5630
5629
5628
5626
5625
5624
5623
5622
5621
5620
5619
5618
5616
5615
5614
5612
5611
5610
5608
5606
5604
5603
5600
5599
5598
5597
5596
5595
5594
5593
5591
5589
5587
5586
5585
5584
5583
5582
5581
5580
5578
5577
5576
5573
5571
5570
5569
5568
5567
5566
5565
5563
5560
5559
5555
5553
5552
5551
5550
5546
5544
5543
5542
5540
5539
5538
5537
5535
5534
5533
5532
5531
5530
5529
5528
5527
5526
5525
5524
5523
5521
5520
5519
5518
5517
5516
5515
5514
5513
5512
5511
5510
5509
5508
5507
5506
5505
5504
5503
5502
5501
5499
5498
5497
5496
5495
5494
5493
5492
5491
5490
5489
5488
5487
5486
5484
5483
5482
5481
5480
5479
5478
5477
5475
5474
5473
5472
5471
5470
5469
5468
5467
5466
5465
5464
5462
5461
5459
5458
5457
5456
5455
5454
5453
5452
5451
5449
5448
5445
5444
5443
5442
5441
5440
5439
5438
5437
5436
5435
5434
5433
5432
5431
5429
5425
5424
5423
5422
5419
5416
5415
5414
5413
5412
5411
5410
5409
5408
5407
5406
5403
5402
5401
5400
5397
5396
5394
5392
5391
5390
5389
5388
5387
5386
5385
5384
5383
5382
5381
5380
5379
5378
5377
5376
5375
5374
5373
5371
5370
5369
5368
5367
5366
5365
5364
5363
5362
5361
5360
5359
5358
5356
5355
5354
5353
5352
5351
5350
5349
5348
5347
5346
5345
5344
5343
5342
5341
5340
5339
5338
5337
5336
5334
5333
5332
5331
5330
5329
5328
5327
5326
5325
5324
5322
5321
5319
5318
5316
5315
5313
5311
5310
5309
5306
5305
5302
5301
5300
5299
5298
5297
5296
5295
5294
5293
5291
5290
5289
5288
5287
5286
5285
5284
5283
5282
5278
5276
5275
5274
5273
5272
5271
5270
5269
5268
5267
5266
5265
5263
5262
5261
5260
5259
5258
5257
5256
5255
5254
5253
5252
5251
5250
5249
5248
5247
5246
5244
5243
5241
5240
5239
5238
5237
5236
5233
5232
5231
5230
5228
5227
5225
5224
5222
5221
5220
5219
5218
5217
5216
5215
5212
5211
5210
5209
5208
5207
5206
5205
5203
5202
5201
5200
5199
5198
5197
5196
5195
5194
5193
5192
5190
5189
5188
5187
5186
5185
5184
5182
5180
5179
5178
5177
5176
5175
5174
5173
5172
5171
5169
5167
5166
5164
5163
5162
5160
5159
5158
5156
5155
5153
5150
5149
5148
5147
5146
5145
5144
5141
5140
5139
5138
5137
5135
5134
5133
5132
5131
5130
5129
5128
5126
5125
5123
5121
5120
5119
5118
5117
5116
5115
5114
5113
5112
5111
5110
5108
5107
5106
5105
5104
5102
5101
5100
5099
5098
5097
5096
5095
5094
5093
5092
5091
5090
5089
5088
5087
5086
5085
5084
5083
5082
5081
5080
5079
5078
5077
5076
5075
5073
5072
5070
5069
5068
5067
5066
5065
5064
5063
5062
5061
5060
5059
5058
5057
5056
5054
5053
5052
5051
5050
5049
5048
5047
5046
5045
5044
5043
5042
5041
5040
5039
5037
5036
5034
5033
5032
5031
5030
5029
5028
5027
5026
5025
5024
5023
5021
5020
5018
5017
5016
5014
5013
5012
5011
5010
5008
5007
5005
5004
5003
5002
5001
4999
4997
4996
4994
4993
4992
4991
4990
4989
4988
4986
4985
4984
4983
4981
4980
4979
4978
4976
4974
4973
4972
4971
4969
4968
4967
4966
4965
4964
4963
4962
4961
4960
4958
4956
4955
4952
4951
4950
4949
4948
4945
4944
4943
4942
4941
4940
4939
4937
4936
4934
4933
4932
4931
4930
4929
4928
4927
4925
4924
4922
4921
4920
4919
4918
4916
4914
4913
4912
4911
4910
4909
4908
4907
4906
4905
4904
4903
4902
4901
4900
4899
4898
4897
4896
4894
4892
4891
4890
4889
4888
4887
4886
4885
4883
4882
4880
4879
4877
4876
4875
4874
4873
4872
4870
4869
4868
4867
4865
4864
4863
4862
4861
4860
4859
4857
4856
4855
4854
4853
4852
4851
4850
4849
4848
4847
4846
4845
4844
4843
4842
4841
4840
4839
4838
4837
4836
4835
4834
4833
4832
4831
4830
4829
4828
4827
4826
4825
4824
4823
4822
4821
4820
4819
4818
4817
4815
4814
4813
4812
4811
4810
4809
4808
4807
4806
4805
4803
4802
4801
4800
4799
4798
4797
4796
4795
4794
4793
4792
4791
4790
4789
4787
4786
4785
4784
4783
4782
4781
4780
4779
4778
4777
4776
4775
4774
4773
4772
4771
4770
4769
4768
4767
4766
4764
4763
4762
4761
4760
4759
4758
4757
4756
4755
4754
4753
4752
4751
4750
4749
4748
4745
4744
4742
4739
4738
4737
4736
4735
4734
4733
4731
4730
4729
4727
4726
4725
4724
4723
4722
4720
4719
4718
4717
4715
4714
4713
4712
4711
4710
4709
4708
4706
4705
4704
4703
4702
4701
4700
4697
4696
4695
4694
4692
4690
4689
4688
4687
4686
4685
4684
4683
4682
4681
4680
4678
4677
4676
4675
4674
4673
4672
4671
4669
4668
4667
4666
4665
4664
4663
4662
4661
4660
4659
4658
4657
4656
4655
4654
4653
4651
4650
4649
4648
4647
4646
4645
4644
4642
4641
4640
4639
4637
4636
4635
4634
4633
4632
4631
4630
4629
4628
4627
4626
4625
4624
4623
4622
4621
4619
4618
4617
4616
4614
4613
4611
4610
4609
4608
4607
4606
4605
4604
4603
4602
4601
4600
4599
4598
4596
4595
4594
4593
4591
4590
4589
4588
4586
4585
4584
4583
4582
4581
4580
4579
4578
4577
4576
4575
4574
4572
4571
4570
4569
4568
4567
4566
4565
4564
4563
4562
4561
4560
4559
4558
4557
4556
4555
4554
4553
4552
4550
4549
4548
4547
4546
4545
4544
4543
4541
4540
4539
4537
4536
4535
4534
4533
4532
4531
4530
4529
4528
4527
4526
4525
4524
4523
4522
4520
4519
4518
4517
4516
4515
4514
4513
4512
4511
4510
4508
4507
4506
4505
4504
4502
4500
4499
4498
4497
4496
4495
4494
4493
4492
4491
4490
4489
4488
4486
4483
4482
4481
4480
4479
4478
4477
4476
4475
4474
4473
4472
4471
4470
4467
4466
4464
4463
4462
4461
4460
4459
4458
4457
4456
4455
4454
4453
4452
4451
4450
4449
4448
4444
4443
4442
4440
4439
4438
4436
4434
4433
4432
4431
4430
4429
4428
4427
4426
4425
4424
4423
4422
4421
4419
4417
4416
4415
4414
4413
4412
4411
4410
4408
4407
4406
4405
4404
4403
4402
4400
4399
4398
4397
4396
4395
4394
4393
4392
4391
4389
4388
4387
4386
4385
4384
4383
4382
4381
4379
4378
4377
4376
4375
4374
4373
4372
4370
4369
4368
4366
4364
4363
4361
4360
4359
4358
4357
4356
4355
4354
4353
4352
4351
4349
4348
4347
4346
4345
4343
4342
4341
4340
4339
4338
4336
4335
4334
4333
4332
4331
4330
4329
4328
4327
4326
4324
4322
4321
4320
4319
4318
4317
4316
4315
4314
4313
4312
4310
4309
4307
4306
4305
4303
4302
4301
4300
4299
4298
4297
4296
4295
4294
4293
4292
4291
4290
4289
4288
4287
4286
4285
4284
4283
4282
4281
4280
4279
4278
4277
4276
4275
4274
4273
4272
4271
4270
4269
4268
4267
4265
4264
4262
4261
4260
4259
4257
4256
4255
4254
4253
4252
4251
4250
4249
4248
4247
4246
4245
4244
4243
4242
4241
4240
4239
4237
4236
4235
4234
4233
4232
4231
4230
4229
4227
4226
4225
4224
4223
4222
4220
4219
4218
4217
4216
4215
4214
4213
4212
4211
4210
4209
4208
4207
4206
4204
4203
4202
4201
4200
4199
4198
4197
4195
4194
4193
4192
4189
4186
4184
4183
4182
4181
4180
4179
4178
4177
4175
4174
4173
4172
4171
4170
4169
4168
4167
4166
4165
4164
4163
4162
4161
4160
4158
4157
4156
4155
4154
4153
4152
4151
4150
4149
4148
4147
4145
4144
4143
4142
4141
4140
4138
4137
4135
4134
4133
4132
4131
4130
4129
4128
4127
4126
4125
4124
4123
4122
4121
4119
4118
4116
4115
4113
4112
4111
4110
4109
4108
4107
4106
4105
4104
4103
4102
4101
4100
4099
4098
4096
4095
4094
4093
4092
4091
4090
4089
4088
4087
4086
4085
4084
4083
4081
4080
4079
4078
4077
4075
4074
4073
4072
4071
4070
4069
4068
4066
4064
4063
4062
4061
4059
4058
4057
4056
4055
4054
4053
4052
4051
4050
4049
4048
4047
4046
4045
4044
4043
4042
4041
4040
4039
4038
4037
4036
4035
4034
4032
4031
4030
4029
4028
4027
4025
4024
4023
4021
4020
4019
4018
4017
4015
4014
4013
4012
4010
4009
4008
4007
4006
4005
4004
4003
4002
4001
3999
3998
3997
3996
3995
3994
3993
3992
3991
3990
3989
3986
3985
3984
3983
3982
3981
3980
3979
3978
3977
3976
3975
3974
3972
3971
3970
3969
3968
3966
3965
3964
3963
3962
3961
3960
3957
3956
3955
3954
3953
3952
3951
3950
3948
3947
3946
3945
3944
3943
3942
3941
3940
3939
3938
3937
3935
3934
3933
3932
3931
3930
3929
3928
3927
3926
3925
3924
3923
3922
3921
3919
3918
3917
3916
3915
3914
3912
3911
3910
3909
3908
3907
3906
3905
3904
3903
3902
3901
3900
3899
3898
3897
3896
3895
3893
3892
3891
3890
3889
3888
3887
3886
3885
3883
3882
3881
3880
3879
3878
3877
3876
3875
3874
3873
3872
3871
3870
3869
3866
3865
3864
3863
3861
3860
3859
3858
3856
3855
3854
3853
3850
3849
3848
3847
3846
3845
3844
3843
3842
3841
3839
3838
3837
3836
3835
3834
3833
3832
3830
3829
3827
3825
3823
3822
3821
3818
3815
3814
3813
3812
3811
3810
3809
3808
3807
3806
3805
3804
3803
3802
3801
3800
3799
3798
3797
3796
3795
3794
3793
3792
3791
3790
3789
3788
3787
3786
3785
3784
3783
3782
3781
3780
3779
3778
3776
3775
3774
3773
3772
3771
3770
3769
3768
3767
3766
3765
3764
3763
3762
3761
3760
3758
3757
3756
3755
3754
3753
3752
3751
3750
3749
3746
3745
3744
3743
3742
3741
3740
3739
3737
3736
3735
3734
3733
3732
3731
3730
3729
3728
3727
3725
3723
3722
3721
3720
3719
3717
3716
3715
3714
3713
3712
3711
3710
3709
3708
3707
3706
3705
3704
3703
3702
3701
3700
3699
3698
3697
3696
3695
3694
3693
3692
3691
3690
3688
3687
3685
3684
3683
3682
3681
3680
3679
3678
3677
3676
3675
3674
3673
3672
3671
3670
3669
3668
3667
3666
3665
3664
3663
3662
3660
3659
3658
3656
3655
3654
3653
3652
3650
3649
3648
3646
3645
3644
3643
3642
3641
3640
3639
3638
3637
3636
3635
3634
3633
3632
3631
3630
3629
3628
3627
3626
3625
3623
3622
3621
3620
3619
3618
3617
3616
3615
3614
3613
3612
3611
3610
3609
3608
3606
3605
3604
3603
3602
3601
3600
3599
3598
3597
3596
3595
3594
3593
3592
3591
3590
3589
3588
3587
3586
3585
3584
3583
3582
3581
3580
3579
3578
3577
3576
3575
3574
3573
3572
3571
3570
3569
3567
3566
3565
3564
3563
3562
3561
3559
3558
3557
3556
3555
3554
3553
3552
3551
3550
3549
3548
3547
3546
3545
3544
3543
3542
3541
3540
3539
3538
3537
3536
3535
3534
3533
3532
3531
3529
3528
3527
3526
3523
3522
3521
3520
3519
3518
3517
3516
3515
3514
3513
3512
3511
3510
3509
3506
3505
3504
3503
3502
3500
3499
3498
3497
3496
3495
3493
3492
3491
3490
3489
3488
3487
3486
3485
3484
3483
3482
3481
3480
3479
3477
3476
3475
3474
3473
3472
3471
3470
3469
3468
3467
3466
3465
3464
3462
3461
3460
3459
3458
3457
3456
3455
3454
3453
3452
3450
3449
3448
3447
3446
3445
3444
3443
3441
3440
3439
3438
3437
3436
3435
3433
3432
3431
3430
3429
3428
3427
3426
3425
3424
3423
3422
3421
3420
3418
3416
3415
3414
3413
3412
3411
3410
3409
3408
3406
3405
3404
3403
3402
3401
3400
3399
3398
3397
3396
3395
3394
3392
3391
3390
3387
3386
3385
3384
3383
3382
3381
3379
3378
16230
3377
3376
3375
3373
16225
3372
3371
3370
3369
3368
3367
3366
3365
3364
16216
3363
3361
3360
3359
3358
3357
3356
3355
3354
3353
3352
3351
3349
3348
3347
3346
3345
3344
3343
3340
3339
3338
3337
3335
3334
3333
3331
3330
3329
3328
3327
3326
16178
3325
3324
3323
3322
3321
3320
3319
3318
3317
3316
3315
3314
3313
3310
3309
3308
3306
3305
3304
3303
3302
3301
3299
3298
3297
16149
3296
3295
3294
3292
3291
3290
16142
3289
3288
3287
3286
3285
3284
3283
16135
3282
3281
3280
3279
3278
3277
3276
3274
3273
3272
3271
3270
3269
3268
3266
3265
3264
3263
3262
3261
3260
3259
3258
3257
16109
3256
3255
3254
3253
3252
3251
3250
3249
3248
3247
3246
3245
3243
3241
3240
3238
3237
3236
3235
3234
3233
3232
3231
3230
3229
3228
3227
3226
3225
16077
3224
3223
3222
3221
3220
3219
3218
16070
3217
3216
3215
3214
3213
3212
16064
3211
3210
3209
3207
3206
3205
3204
3203
3201
3200
16050
3197
3196
3195
3194
3192
16044
3191
3190
16041
3188
3186
16038
3185
3184
3183
16035
3182
3180
3179
16031
3178
3177
3176
3175
3173
3172
16023
3170
3169
3168
3166
3165
3164
3163
3162
3161
3159
3158
3157
16009
3156
3155
3154
3152
3150
3149
3148
3146
3145
3144
3143
3142
3141
3140
3139
3138
3137
15989
3136
15988
3135
3134
3133
15985
3132
3131
3130
3129
3128
3126
3125
15976
3123
3121
15972
3119
3118
3117
3116
3115
3114
3113
3112
3110
15962
3109
3106
3105
3104
3102
3100
3099
3098
15950
3097
15949
3096
3095
3093
3091
3090
3089
3088
3087
3085
3083
3081
3080
3079
15931
3078
3077
15929
3076
3075
15926
3073
3072
15924
3071
3069
3068
3067
15919
3066
3065
3064
15916
3063
3062
3061
3060
15912
3059
3058
3057
3055
3054
3053
3052
3051
3049
3048
3047
3046
15898
3045
3044
3043
15895
3042
3041
3040
15892
3039
3037
3035
15887
3034
3032
3031
3030
15881
3028
3024
3023
15875
3022
3021
3020
3019
3017
15869
3016
3015
15867
3014
3013
3012
3009
3007
15857
3004
3003
3002
3001
3000
15852
2999
2998
2997
2996
15848
2995
2994
15846
2993
2991
2990
15842
2989
2988
2987
2986
2983
2982
15834
2981
2980
2979
2978
2977
2976
2975
2973
2971
2970
2969
2968
2967
2966
2965
2963
2961
2960
2959
2958
2956
2955
2954
2953
2951
2950
2949
2948
15799
2946
2945
2944
2942
15794
2941
2940
2939
2938
2937
15789
2936
2935
2934
2933
15785
2932
2931
2930
2928
2927
2925
2924
2922
2921
2920
2917
2915
2914
2913
2912
2909
15761
2908
15760
2907
2906
2905
2904
2903
2902
15753
2900
15752
2899
2898
2897
2896
2895
2894
2893
2892
2891
15743
2890
15742
2889
2887
2886
15738
2885
2884
2883
2882
2881
2880
2879
2878
15730
2877
2876
2875
2874
2873
2872
15723
2870
15720
2867
2866
15718
2865
2864
15716
2863
2862
2861
2859
15711
2858
15710
2857
2856
2855
2854
2852
15704
2851
2850
15702
2849
2848
2847
15699
2846
15698
2845
15697
2844
2843
2841
15693
2840
2839
2838
2837
2836
2835
2834
2832
15684
2831
2829
2828
2827
2826
2824
2823
15675
2822
2821
2820
15672
2819
2818
2817
2816
15668
2815
2814
2813
2811
2810
2809
2808
2807
2806
2805
2803
2802
15654
2801
2799
2798
2796
2795
15645
2792
15644
2791
15642
2789
15640
2787
15639
2786
2784
2783
15635
2782
2781
15633
2780
2779
2778
15630
2777
2776
2775
2773
2772
2771
15623
2770
2769
2768
2767
15618
2765
2762
2761
2760
2759
2758
2757
15609
2756
15608
2755
2754
2753
15605
2752
2751
2750
15602
2749
15601
2748
2747
2746
2745
2744
15596
2743
2742
2740
2739
2738
2737
2736
2735
2734
2733
2732
2731
2729
2728
15580
2727
2726
2725
15577
2724
2722
15574
2721
2720
2718
2717
2716
2715
2714
2713
15565
2712
2711
15563
2710
2709
2706
15558
2705
2704
15556
2703
2702
2701
2700
2699
15551
2698
15549
2696
2695
2694
15545
2692
2691
15543
2690
2689
2688
2687
15539
2686
2685
2684
2683
15535
2682
15534
2681
15532
2679
15531
2678
2677
2676
2675
2674
2672
15522
2669
15521
2668
2667
2666
2665
2664
2662
2661
15513
2660
15512
2659
2658
15510
2657
2656
2655
2654
2653
15505
2652
2651
2650
2649
15501
2648
2647
2646
2644
2643
2642
2641
2639
2637
2636
2635
15487
2634
2632
2631
2630
2629
2628
15480
2627
2626
15478
2625
2624
2623
2622
2621
2619
15471
2618
15470
2617
2616
2614
2610
15462
2609
2608
2607
2606
2605
15457
2604
2603
15455
2602
15454
2601
2599
2598
2597
2595
2594
15445
2592
2591
2590
15442
2589
15441
2588
15440
2587
2586
15435
2582
15432
2579
2578
2577
2576
2575
2573
2572
2568
2567
2566
2565
2564
2563
15415
2562
2561
15413
2560
15412
2559
15411
2558
2557
2556
2555
2553
2551
2550
15402
2549
2548
2547
2546
2545
2544
2543
2542
15394
2541
2540
2539
15391
2538
2537
2536
2535
2534
2533
2532
2529
2528
15380
2527
2526
2525
2524
2523
2522
15374
2521
2520
15372
2519
2518
2517
2516
2515
2513
2512
2511
2510
2509
2507
2505
15357
2504
15356
2503
2502
2501
2500
2499
2498
15350
2497
2496
15348
2495
2494
2493
2491
2490
15342
2489
2488
2487
2486
2484
15336
2483
2482
2481
15333
2480
2479
2477
15329
2476
2474
2473
2472
2471
2469
2467
2465
15317
2464
2463
2462
2461
2460
15311
2458
15310
2457
2456
15308
2455
2454
2452
2451
2450
2449
2447
15299
2446
2445
2444
15296
2443
15295
2442
2441
2440
2438
15290
2437
2436
2435
2434
2431
2429
2428
2427
2426
15278
2425
2424
15276
2423
2422
15274
2421
15272
2419
15270
2417
2416
15265
2412
2411
2410
2408
2406
2405
2403
15255
2402
2401
2400
2399
15249
2396
2395
2394
15246
2393
2391
2390
2389
2388
15240
2387
2386
2385
2384
2383
15234
2381
2379
2378
2377
2376
2375
2373
15224
2371
15223
2370
2369
2368
2367
2366
2365
15216
2363
15214
2361
2359
2358
15210
2357
2355
2354
2351
2350
15202
2349
2347
2346
15198
2345
2343
15195
2342
2341
2340
2339
2338
15190
2337
2336
2335
2334
15186
2333
2332
2331
2330
2328
2324
2323
2322
2310
15163
2321
15173
2320
2319
2318
2316
2304
15157
2315
8735
15167
2314
2311
2299
15152
2309
2308
2307
2305
2303
15154
2301
2300
2288
15141
2298
2285
15138
2296
2295
2294
2293
2292
2290
2289
15140
2287
2286
2284
8703
15135
2282
2281
2280
15130
2277
2265
15118
8697
2276
2275
15127
2274
2271
2270
2268
2266
2264
2263
2250
15103
15114
2261
2260
2259
2257
2256
2255
2254
2251
2249
2248
15099
2246
15098
2245
8664
15096
2243
2231
15084
2242
2239
8659
15091
2238
8658
2226
15079
2237
2236
2235
2234
2233
2228
2227
2224
2221
2220
2219
15071
2218
2215
2203
15056
15067
2214
2213
2212
15064
2211
2208
2205
2204
2189
15042
2200
2198
2197
2185
15038
2196
2184
15037
2195
2194
2181
15034
2192
2191
2188
2187
2175
15028
2186
2183
2182
2180
2168
15021
2179
2178
2177
2165
15018
2176
2174
2173
2171
2170
15020
2167
2166
2164
2162
15014
2161
2160
15011
2158
8578
2157
15009
2156
15008
2155
15007
2154
15006
2153
2152
2151
2150
2148
2146
2144
2143
2142
2141
2140
2139
2138
14990
2137
2136
2122
14975
2133
2130
2128
2125
2123
14971
2118
2117
2104
14957
14968
2115
2114
2113
2112
2111
2110
2109
14960
2107
2106
2105
2102
2090
14943
14954
2101
2099
14951
2098
2086
14939
14950
2097
2096
14948
2095
2094
8509
2088
2087
2085
2083
2082
14934
2081
14933
2080
2079
14928
2075
2073
2072
2071
2069
2068
14920
2067
2066
14918
2065
2064
2063
14915
2062
14913
2060
14912
2059
2045
14898
2056
2055
2053
2052
14904
2051
2050
2049
2044
14896
2043
14895
2042
2029
14882
2040
2037
14889
2036
2033
2032
2017
14870
14881
2028
2016
14869
14880
2027
14879
2026
2024
2023
2022
2021
14873
2020
2019
2007
14860
2018
14867
2014
2013
2012
2011
8431
14863
2010
2009
14859
2006
1993
14846
14857
2004
2002
2001
1989
14842
2000
1988
14841
1999
1997
14849
1996
1991
1990
1976
14829
1987
1986
1974
14827
14838
1985
1981
1980
1979
1967
14820
14831
1978
1977
1964
14817
1975
8395
1972
1970
1957
14810
1968
1966
1953
14806
1963
14814
1961
1960
1959
1958
8375
1943
14796
14807
1954
1950
14801
1948
1947
1946
14798
1945
1942
1930
14783
14794
1941
1940
1938
1937
1924
14777
1935
14787
1934
1933
14785
1932
1931
8350
1929
1928
1927
1915
14768
14779
1926
14778
1925
1912
14765
1923
1911
14764
1922
14773
1920
1919
1917
1916
14767
1914
1913
1909
1908
1907
1905
1904
14756
1903
14755
1902
1901
1900
1899
14750
1897
1896
14748
1895
1883
14736
1894
1893
1892
1891
1890
1877
14730
14741
1888
14738
1885
1870
14723
14734
1881
1869
14722
1880
14732
1879
14731
1878
1875
14727
1874
14726
1873
1872
8290
1857
14710
1868
1866
14718
1865
1864
1863
1862
1861
14713
1860
1848
14701
1859
1858
1846
14699
8277
14709
1856
14708
1855
1843
14696
1854
1842
14695
1853
1852
1849
1835
14688
1845
1844
1841
1840
1839
1838
1826
14679
1837
14689
1836
14686
1833
1832
14684
1831
1830
14682
1829
1828
14678
1825
14676
1823
14675
1822
1815
1814
1813
14664
1811
8230
1809
1808
14659
1806
1805
14657
1804
1803
1801
1800
1799
1798
1786
14639
1797
1796
1795
1793
1792
1791
1779
14632
14643
1790
1778
14631
14642
1789
1788
1776
14629
14640
1787
14638
1785
1784
1782
14634
1781
1769
14622
14633
1780
1777
1775
1774
1773
8189
1768
1767
14616
1763
1762
14614
1761
1760
1759
1757
1754
14606
1753
1752
1751
1737
14590
14601
1748
1746
1745
14597
1744
1743
1742
1741
1739
1736
1723
14576
1734
1733
1732
1731
14583
1730
1715
14568
1726
8146
1714
14567
14578
1725
1724
1722
14574
1721
1709
14562
1720
1708
14561
1719
14571
1718
14570
1717
1716
14566
1713
14565
1712
1711
14563
1710
1697
14550
1707
1706
1705
14557
1704
1700
1699
1687
14540
14551
1698
1695
1694
1691
14542
1689
1686
1685
1684
1682
1681
1680
14532
1679
1677
1676
1675
1674
1673
1661
14514
1672
1660
14513
14524
1671
1670
1667
1666
14518
1665
1662
1659
1647
14500
1658
1657
1656
1655
14507
1654
8074
1653
1652
1651
1650
1649
1646
14497
1644
1643
1642
1641
1640
1628
14481
1639
1638
1637
1636
1635
1631
1630
14482
1629
1627
14478
1625
1624
14476
1623
1622
1619
1618
1604
14457
14468
1615
1614
1613
1611
1610
14462
1609
14461
1608
1606
1605
1592
14445
1603
8023
14455
1602
1601
1599
14451
1598
1597
1596
1595
1593
1580
14433
1591
1589
14441
1588
1586
14438
1585
14437
1584
1583
1581
14432
1579
14431
1578
14429
1576
14428
1575
14427
1574
1573
1572
1570
1569
1568
1567
7986
14418
1565
1551
14404
1562
1549
14402
1560
14412
1559
1546
14399
14410
1557
14409
1556
1554
1541
14394
1552
14403
1550
7970
1547
1542
1539
1538
14390
1537
1525
14378
1536
1535
1534
1533
1532
1530
1529
1527
1526
1524
1512
14365
14376
1523
14373
1520
14369
1516
1504
14357
1515
1514
14366
1513
14363
1510
1508
14360
1507
14359
1506
7925
1502
1490
14343
1501
1500
14352
1499
7918
14350
1497
7915
1494
14346
1493
1481
14334
1492
1489
1476
14329
1487
14339
1486
1485
7901
14333
1480
1468
14321
1479
1478
1477
1475
1474
7894
1473
1472
1471
1470
1457
14310
1454
14307
14318
1465
1464
1463
1462
14314
1461
14313
1460
1459
1458
14309
1456
1443
14296
1442
14295
1453
7873
14305
1452
1451
1448
1447
14299
1446
1444
14294
1441
1440
1425
14278
1436
14288
1435
1434
14286
1433
1432
14284
1431
14283
1430
14282
1429
1427
1423
1422
1421
1420
1408
14261
14272
1419
1418
1417
1416
1414
1411
1406
14258
1405
1403
1402
14254
1401
14253
1400
1399
14251
1398
1394
1393
1392
1391
1389
1388
1386
1372
14225
1383
14234
1381
14232
1379
1378
1366
14219
1377
1376
1375
14227
1374
1373
1371
1356
14209
1367
1355
14208
1365
1364
1362
1361
1349
14202
14213
1360
1359
1346
14199
1357
14206
1353
1341
14194
1352
14204
1351
1348
14198
1345
1344
7764
1343
1342
1329
14182
1340
1328
14181
14192
1339
1327
14180
1338
1337
1336
1334
14185
1332
14183
1330
14179
1326
1325
14177
1324
14176
1323
1322
14174
1321
14172
1319
1318
1306
14159
1317
1316
1314
1311
1310
1309
14160
1307
14157
1304
14156
1303
14153
1300
1298
1295
14147
1294
1293
1292
1291
14143
1290
1289
1288
14140
1287
14138
1285
14137
1284
1271
14124
1282
14132
1279
1267
14120
1278
1276
1264
14117
14128
1275
1274
1261
14114
1272
1270
1258
14111
14122
1269
1268
14119
1266
7686
1265
1263
1262
14113
1260
1255
1254
14105
1252
1251
14101
1248
1246
14098
1245
1244
14095
1242
1230
14083
1241
1238
1237
14088
1235
14087
1234
1233
1231
1229
1217
14070
14081
1228
1227
1215
14068
1226
1225
7645
14077
1224
1222
1209
14062
1220
1208
14061
1219
1218
14069
1216
1214
1212
1211
1199
14052
1210
1195
14048
1206
1205
1204
1189
14042
1200
1198
14050
1197
1194
1191
14041
1188
14040
1187
14039
1186
1185
14037
1184
14035
1182
1181
14033
1180
1179
1176
14028
1175
1162
14015
1173
1172
1160
14013
1171
1170
1158
14011
1169
1155
14008
14019
1166
1165
1161
1149
14002
1159
1157
14009
1156
14007
1154
7574
1153
7573
14005
1152
1151
1150
1137
13990
14001
1148
1147
1146
13998
1145
1144
13996
1143
13995
1142
13991
1138
13989
1136
13987
1134
1122
13975
1133
1132
1130
1129
1117
13970
1128
1127
1126
1125
13974
1121
1119
1118
13968
1115
13966
1113
1112
13963
1110
1098
13951
1109
13961
1108
13960
1107
1106
13958
1105
13957
1104
13956
1103
13955
1102
1090
13943
13954
1101
13953
1100
7520
1099
1097
13949
1096
1083
13936
1094
1093
1092
1091
1089
1088
1086
1085
1084
1082
1070
13923
1081
1080
1077
1076
1074
1071
13922
1069
1057
13910
13921
1068
13920
1067
1066
1054
13907
1065
1064
1063
1062
1061
1060
13912
1059
13911
1058
1046
13899
1056
1055
1053
13905
1052
1051
1038
13891
13902
1049
1048
1047
1034
13887
1045
1044
1032
13885
1043
13894
1041
13892
1039
13890
1037
13889
1036
13888
1035
1030
1028
7448
1027
1025
13877
1024
1023
1022
1021
13871
1018
13869
1016
13868
1015
13867
1014
13866
1013
1012
1011
1010
13862
1009
13860
1007
13859
1006
13858
1005
1003
990
13843
1001
988
13841
999
13851
998
13850
997
985
13838
13849
996
995
993
992
991
978
13831
989
984
981
7400
979
977
13829
976
13828
975
13826
973
972
13824
971
968
13820
967
13819
966
965
13817
964
13815
962
13814
961
13812
959
946
13799
13810
957
13809
956
954
13795
953
939
13792
13803
950
13802
949
945
944
943
941
940
928
13781
938
7358
937
13789
936
13788
935
934
931
930
13780
927
926
13777
924
13776
923
13775
922
921
920
7339
918
13770
917
916
915
13767
914
913
13765
912
13764
911
13763
910
908
907
13759
906
905
904
903
13755
902
901
900
13752
899
898
13750
897
13749
896
893
892
891
890
889
887
886
13738
885
13737
884
883
13734
881
878
13730
877
875
874
13726
873
13724
871
13723
870
869
868
867
866
854
13707
13718
865
864
863
13715
862
13712
859
847
13700
858
13709
856
13708
855
853
841
13694
852
851
850
13702
849
13701
848
835
13688
13699
846
13697
844
13696
843
842
840
839
837
13686
833
13685
832
819
13672
830
13682
829
816
13669
13680
827
13675
822
821
13673
820
817
815
13666
813
811
13663
810
809
795
13648
13659
806
803
13655
802
798
796
783
13636
794
7214
793
7213
13645
792
13644
791
777
13630
13641
788
787
773
13626
784
782
781
13633
780
776
764
13617
775
763
13616
7195
774
772
768
756
13609
13620
767
765
749
13602
13613
760
13612
759
13611
758
755
13606
753
751
13603
750
13600
747
13598
745
13597
744
743
13595
742
7162
741
728
13581
739
13591
738
13590
737
736
735
13587
734
13586
733
730
729
715
13568
726
723
711
13564
13575
722
721
719
718
13569
716
714
699
13552
710
708
706
13558
705
13557
704
13555
702
690
13543
13554
701
13553
700
687
13540
698
697
696
695
13546
693
13545
692
13544
691
7109
688
676
13529
13539
686
685
684
672
13525
13536
683
671
13524
682
13534
681
680
678
666
13519
677
13528
675
13521
668
13516
663
657
13507
654
13506
653
3840
10261
13505
652
13503
650
638
13491
13502
649
647
646
13496
643
642
639
13489
636
634
3820
10241
632
3819
10240
631
3817
10238
13482
629
3816
10237
13481
628
626
625
593
582
13435
623
622
620
13457
604
7025
13442
589
13431
619
618
611
13461
608
594
13447
605
588
7009
592
13445
13456
603
13454
601
600
556
13409
13450
597
13434
581
7002
13449
596
595
13417
564
553
13406
561
550
13403
591
13443
590
574
13427
585
549
538
13391
13432
579
576
575
3777
13397
544
533
13386
13426
573
572
13422
569
13421
568
552
13374
521
510
13363
13404
551
545
13396
543
542
511
500
13353
530
13383
541
540
537
3724
10145
13389
536
13358
505
494
13347
3738
13388
535
13387
534
13385
532
13384
531
529
527
515
13368
13379
526
13342
489
478
13331
13372
519
518
506
13359
517
13365
512
508
507
13357
504
503
499
3686
10107
487
13340
498
13333
480
6901
495
493
462
451
13304
13345
492
491
488
485
13335
482
13334
481
449
438
13291
13332
479
475
474
461
13314
13325
472
13323
470
467
436
425
13278
466
13317
464
430
419
13272
13313
460
3647
10068
13312
459
446
13299
457
453
13301
448
445
411
400
13253
13294
441
13293
440
439
424
13277
435
13287
434
13285
432
429
428
426
413
13266
420
13271
418
13239
386
375
13228
13269
416
384
6805
373
13226
403
13256
414
409
408
13258
405
402
401
370
359
13212
13235
382
6803
13250
397
396
394
13246
393
13242
389
13240
387
356
345
13198
13206
353
342
13195
383
13219
366
6787
13234
381
3568
9989
380
13232
379
365
13218
13229
376
6794
371
367
13217
364
13185
332
321
13174
362
13213
360
344
6765
13211
358
13208
355
13177
324
313
13166
354
13175
322
311
13164
13205
352
13171
318
307
13160
13201
348
347
346
343
312
301
13154
341
13161
308
297
13150
338
13187
334
302
291
13144
13184
331
300
289
13142
330
329
286
13139
3530
13180
327
13148
295
284
13137
13178
325
320
13172
319
310
309
258
13111
299
298
13149
296
294
288
255
244
13097
13138
285
282
281
279
276
260
249
13102
6681
3463
9884
245
6666
234
13087
275
262
13115
273
13125
272
13109
256
6677
13124
271
13123
270
238
227
13080
268
13120
267
265
3451
9872
263
261
246
13099
257
13107
254
13105
252
13070
217
6638
206
13059
236
13089
247
243
197
13050
235
231
226
225
13077
224
223
210
13063
13074
221
190
179
13032
220
13071
218
13069
216
3388
9809
13068
215
13067
214
13066
213
13065
212
13064
211
207
3393
9814
13028
175
164
13017
205
13055
202
200
3380
9801
192
13040
187
186
185
13035
182
176
160
6581
3362
9783
13027
174
170
166
153
13006
3336
152
13005
13016
163
130
119
12972
13011
158
156
12978
125
114
12967
13008
155
6545
124
113
12966
3342
9763
13007
154
3341
9762
142
12995
6556
13003
150
149
13001
148
147
12999
146
145
3332
9753
103
12956
12982
129
6550
12997
144
102
12955
132
12985
143
112
101
12954
3311
3300
16153
12991
138
12989
136
3307
12987
134
92
12945
133
131
99
88
12941
122
12974
121
118
12970
117
115
12964
111
12963
110
107
12959
106
12958
105
12953
100
98
95
6485
12917
64
53
12906
3267
12947
94
93
62
51
12904
91
90
3275
9696
87
86
12938
85
82
12930
77
12929
76
12923
70
12921
68
67
48
6469
12916
63
12910
57
3244
9665
12909
56
12893
40
6461
55
3242
9663
54
52
12902
49
47
45
12866
13
12855
32
12885
12896
43
12895
42
12879
26
6447
41
3208
35
28
12880
27
12877
24
12876
23
22
12871
18
3189
12869
16
12867
14
12
12864
11
9
12859
6
4
12856
3
8723
2302
2272
3417
9838
13082
229
193
633
13486
644
15094
2241
14017
1164
4367
1354
4542
10963
2918
12557
1384
4587
14074
1221
4409
10830
2785
2774
15627
12424
455
2025
5213
11634
1484
14337
1495
13193
340
3501
9922
12117
12299
1281
4469
10890
2830
514
2093
5281
11702
14931
2078
8499
1944
1017
987
10626
13509
656
882
97
3718
10139
3524
9945
13189
336
13932
1079
974
13782
929
4117
10538
3008
9429
12584
6163
13801
948
4136
10557
13786
933
7354
563
12133
4325
13948
1095
969
2253
241
1802
1772
2584
9005
15422
2569
7734
1313
4501
10922
12936
83
15434
2581
2570
15423
624
13477
635
14396
1543
7949
3181
8
3160
9581
12784
13031
178
13025
172
12980
127
566
2127
2348
1545
8733
15165
2312
5554
11975
13093
240
14663
1810
4998
11419
1280
15523
2670
12309
15182
2329
12348
13307
454
443
13296
13337
484
14907
2054
5242
11663
12460
2812
1257
4445
10866
12526
6105
13355
502
13170
317
13143
290
3478
9899
14375
1522
13202
349
14763
1910
2800
6033
13593
740
13286
433
1994
2003
5191
11612
3624
10045
2508
14200
1347
2926
9347
2911
3108
3293
120
1690
4878
11299
2645
12284
1078
4266
10687
13210
357
1918
13263
410
6831
4350
10771
13221
368
13466
613
2201
5404
586
559
3747
10168
141
14555
1702
7726
14158
1305
13081
228
1816
5019
3374
13054
201
3389
9810
1973
5161
11582
1561
1531
11982
779
3967
10388
1256
665
14089
1236
12173
8777
5574
11995
1544
4732
11153
2326
720
679
13532
1232
14085
1243
4446
1213
4401
10822
13248
395
1956
2723
13251
398
1174
4362
10783
2741
2730
15583
12380
204
14636
1783
1771
4959
11380
838
4026
10447
12405
15619
2766
14308
1455
4643
11064
12679
6273
3826
10247
2217
2202
8623
2199
2169
2620
9041
1817
274
770
3958
10379
748
3936
10357
39
12892
12903
50
12155
6340
3107
1558
4746
11167
13052
199
4957
11378
12499
2860
7353
932
4120
10541
159
14582
1729
4917
11338
1756
13021
168
12127
1297
4485
10906
2091
11700
3661
10082
473
2034
14093
1240
1397
232
1002
4190
10611
13103
250
1509
1518
4721
4191
4176
10597
1124
1683
4871
11292
5638
12059
2420
2409
15262
230
13047
194
12209
314
3508
305
1884
1404
14257
14268
1415
14238
1385
1424
4612
11033
13238
385
1955
5143
11564
1000
4188
10609
12203
5866
12287
1072
13895
1042
1031
13884
1939
5142
5127
11548
333
303
292
13145
3560
9981
372
15550
2697
3122
15964
12191
13847
994
2964
9385
2919
13305
452
2031
8437
2344
13230
377
12344
13451
598
13424
571
3759
10180
562
2159
2129
577
2147
5335
11756
1335
1350
4538
10959
13748
895
15312
2459
2448
15301
2492
8913
2291
3494
9915
8288
14720
1867
5055
11476
13893
1040
1029
13882
4258
10679
14735
1882
1469
1439
1428
14281
1496
1466
11120
4699
2571
2132
5320
11741
2929
9350
861
13684
831
3239
9660
1612
14435
1582
14424
13642
789
771
3959
10380
5556
11977
3120
14406
1553
4741
11162
12777
3153
9574
5522
11943
12743
14393
1540
4728
11149
351
1921
5109
11530
660
1517
3084
4337
10758
2707
2230
5418
11839
15889
3036
9457
3070
15159
2306
709
13072
219
3407
9828
3202
12882
29
14443
1590
12912
59
14473
1620
1971
3607
10028
14608
1755
5627
12048
2433
8854
13677
824
30
19
12872
60
1621
4420
10841
1223
1193
13318
465
2035
5223
11644
15646
2793
9214
12441
471
2041
5229
11650
14130
1277
1247
4465
10886
12501
6095
456
1033
4221
10642
12236
1395
1380
1369
14222
7801
1120
4308
10729
1111
5317
11738
2611
2600
15453
427
391
361
350
13203
670
7061
655
7076
15100
2258
5446
11867
3010
13517
664
3852
10273
13436
583
13400
547
5683
12104
13418
565
2135
5323
11744
339
3005
9426
1396
5204
11625
13660
807
15338
2485
8906
2470
140
12993
13004
151
3312
9733
12992
139
13010
157
1727
4915
11336
266
1827
38
1617
3193
5
6426
3199
14440
1587
3187
9608
13566
713
12722
12713
3074
13560
707
14372
1519
4707
11128
12245
278
5613
12034
4016
10437
14262
1409
3006
14335
1482
4670
11091
3867
10288
2267
703
5476
11897
2297
5485
11906
1445
14739
1886
5074
11495
1871
8292
2596
2585
15438
13676
823
4011
10432
814
805
5605
2372
880
13643
790
5602
12023
5617
799
3987
10408
13661
808
778
12170
982
4185
955
5794
188
1749
421
1982
5170
11591
1952
2794
9215
13804
951
10560
13034
181
13036
183
980
5673
12094
13741
888
4076
10497
2554
8975
2172
287
251
2612
12536
12527
2888
3748
10169
560
2121
558
2149
2119
8540
2108
14961
5664
12085
13732
879
4067
10488
5661
12082
3018
9439
645
2206
293
123
1693
4881
11302
786
2353
12878
25
12801
1299
4487
10908
13376
523
2084
13460
607
2404
2972
9393
2957
14243
1390
12525
4592
11013
12610
12159
5771
12949
96
857
2430
5657
12078
13725
872
4060
10481
860
13515
662
2232
5420
11841
659
15082
2229
5417
11838
3026
9447
14279
1426
7
1566
14419
1577
11186
3198
9619
12863
10
3171
9592
2506
13362
509
2070
1273
12488
15769
2916
9337
12540
2901
12555
1358
13179
326
14740
1887
1087
13176
323
3050
12689
732
3920
10341
717
1190
2790
9211
2693
13988
1135
4323
10744
12338
374
1951
14804
1962
5165
2984
9405
12343
237
14660
1807
4995
11416
13381
528
14945
2092
13245
392
422
1995
5183
11604
13392
539
2100
65
958
4146
10567
12164
1026
2593
1467
1449
3828
10249
13452
14030
1177
4365
10786
12383
8830
12854
1
12479
13350
497
2058
1450
4638
11059
13377
524
2103
1555
4743
11164
1564
761
3949
10370
5579
13605
752
13259
406
13241
388
15617
2764
9185
12367
15572
2719
2708
15561
13216
363
14789
1936
1906
5124
11545
669
13599
746
1483
14016
1163
417
399
78
1202
4390
10811
12408
423
1984
15616
2763
12402
13408
555
2134
525
522
5280
11701
516
5307
2077
2047
1283
1253
12498
12981
128
2453
13514
661
15075
2222
13526
673
13490
637
2252
13188
335
1498
2475
3350
9771
13015
162
1437
12575
5357
11778
3011
14103
1250
1259
4447
10868
12462
483
447
13339
486
14927
2074
5277
13297
444
3657
10078
469
2030
4418
10839
12436
2797
12445
13049
196
14619
1766
4954
11375
33
1594
13665
812
4000
10421
12812
2382
8818
797
1600
4788
11209
1645
13257
404
1965
14036
1183
4371
10792
14045
1192
4380
10801
2853
2842
15695
14139
1286
13354
501
3689
10110
667
1413
7834
1410
2216
13117
264
1834
5022
11443
1819
2210
5398
11819
614
5372
11793
12322
1116
4304
10725
337
14751
1898
1075
4263
10684
12518
14168
1315
4503
10924
5536
11957
12678
11881
724
13547
694
1521
1491
1488
13042
189
1750
4938
11359
13048
195
1765
4953
11374
13133
280
1850
5038
11459
15097
2244
641
15331
2478
8899
5666
12087
126
1696
4884
11305
13349
496
2057
14092
1239
2788
490
13316
463
3651
10072
14102
1249
6586
165
1735
4923
11344
12141
12529
431
14845
1992
277
316
1847
15524
2671
9092
2638
587
13729
876
1703
1688
8109
894
4082
10503
2061
2076
5264
11685
12922
69
1648
1633
8054
75
14516
1663
11287
4866
16027
3174
9595
1141
6013
14031
1178
412
13030
177
1747
4935
11356
1738
180
1123
4311
10732
13984
1131
1203
442
12899
46
1616
4804
11225
1607
1758
14581
1728
3086
9507
13157
304
1969
5157
11578
12372
13243
390
2015
2415
8836
3167
1548
5557
11978
34
12810
12884
31
12807
4816
11237
12890
37
13483
630
621
3824
242
1812
5000
11421
1019
14020
1167
12364
2398
12307
476
2046
5234
11655
12602
1387
13861
1008
4196
10617
12933
80
14704
1851
14674
1821
12961
108
1678
14522
1669
12475
14901
2048
2869
14173
1320
1302
13805
952
970
513
1331
1301
6173
15721
2868
546
14969
2116
5304
11725
15093
2240
5428
11849
12646
15078
2225
1503
4691
11112
3094
9515
3127
12258
4228
10649
12246
2580
12242
651
13468
615
648
2209
248
1818
5006
11427
1824
209
2640
9061
171
986
203
14617
1764
5809
12185
15805
2952
1412
4615
15838
2985
9406
1370
15796
2943
4573
10994
12212
13136
283
2432
12495
12969
116
13311
458
1207
2663
1114
3027
3033
12681
2418
8839
818
13086
233
1794
1770
1740
4597
11018
14235
1382
14554
1701
2468
12531
3101
9522
104
1692
4895
13303
450
2008
15213
2360
12700
12962
109
73
137
12924
71
13926
1073
2673
9094
15657
2804
12443
2514
909
4097
10518
2962
9383
2947
2317
1505
4693
11114
2380
5541
11962
10856
12450
468
14891
2038
5226
11647
4441
10862
13330
477
5235
11656
2262
5450
11871
14216
1363
4551
10972
2145
602
2163
2190
5393
1201
13290
437
1998
12911
58
2392
13687
834
4022
10443
1949
5152
14049
1196
2005
2910
13462
609
15533
2680
12334
804
1312
557
554
2124
11733
5500
11921
712
2327
13168
315
1876
13112
259
1820
1050
4238
10659
5035
11456
167
84
15217
2364
13584
731
12749
1333
4521
10942
4679
11100
570
14984
2131
689
7095
13992
1139
13231
378
13607
754
12791
12874
21
800
3988
10409
12773
5562
12699
520
1296
4484
10905
2833
1511
5009
11430
13638
785
3973
10394
169
13037
184
4975
2923
9344
2126
5314
11735
2466
13181
328
1889
725
3913
10334
12613
2207
5395
11816
14221
1368
2583
9004
983
12598
13689
836
13698
845
4033
10454
12934
81
2439
8860
12914
61
2407
1407
12687
13610
757
15266
2413
15468
2615
5632
12053
407
161
15076
2223
5426
12175
947
11966
5103
11524
3124
9545
3151
12733
12324
12634
658
3025
3056
1168
13268
415
13051
198
627
2530
13816
963
2613
15427
2574
8995
74
89
1668
1664
12686
2120
5308
11729
1308
12548
13469
616
