21361
21359
21358
21354
21351
21349
21348
21346
21345
21343
21342
21339
21337
21336
21333
21331
21328
21327
21325
21324
21321
21310
21307
21302
21301
21296
21291
21286
21285
21283
21282
21281
21277
21273
21271
21262
21261
21254
21253
21247
21246
21244
21242
21241
21238
21232
21229
21228
21227
21223
21221
21220
21219
21216
21215
21214
21213
21212
21207
21204
21201
21198
21197
21196
21195
21193
21191
21190
21189
21188
21187
21186
21185
21183
21175
21174
21173
21172
21171
21168
21166
21164
21163
21162
21161
21160
21158
21156
21153
21151
21150
21149
21148
21147
21146
21143
21142
21140
21139
21138
21136
21125
21123
21122
21120
21119
21114
21113
21112
21109
21106
21105
21093
21092
21090
21087
21086
21084
21078
21077
21076
21063
21024
21009
21007
21006
20983
20978
20975
20963
20950
20947
20940
20937
20921
20915
20900
20894
20876
20875
20872
20864
20861
20857
20853
20844
20794
20793
20784
20781
20780
20778
20758
20744
20741
20736
20732
20729
20707
20705
20700
20698
20681
20680
20675
20669
20665
20662
20654
20649
20644
20639
20635
20626
20623
20618
20616
20602
20590
20588
20587
20586
20585
20584
20583
20581
20578
20567
20565
20559
20549
20540
20538
20535
20528
20523
20521
20517
20516
20515
20513
20500
20480
20462
20461
20447
20442
20438
20419
20415
20409
20399
20394
20390
20386
20384
20366
20342
20339
20338
20326
20317
20315
20312
20311
20309
20289
20286
20274
20272
20266
20242
20239
20235
20225
20224
20223
20215
20203
20184
20183
20178
20175
20155
20150
20147
20146
20144
20141
20138
20126
20125
20110
20109
20100
20098
20095
20093
20086
20082
20076
20061
20045
20040
20032
20022
20001
19993
19982
19980
19973
19963
19956
19941
19935
19925
19922
19900
19899
19884
19883
19879
19874
19847
19844
19834
19822
19783
19769
19766
19758
19753
19741
19738
19723
19722
19687
19685
19681
19675
19671
19660
19643
19642
19641
19639
19636
19631
19617
19615
19609
19601
19552
19522
19504
19491
19486
19479
19472
19465
19461
19453
19450
19446
19401
19381
19367
19358
19357
19343
19340
19339
19330
19321
19297
19294
19285
19266
19265
19243
19235
19195
19190
19180
19168
19165
19152
19148
19142
19140
19130
19093
19092
19086
19077
19069
19060
19032
19022
19014
19007
19005
19002
19001
18996
18995
18991
18975
18961
18946
18944
18939
18928
18904
18899
18896
18884
18872
18868
18867
18862
18854
18852
18835
18826
18824
18821
18809
18782
18781
18776
18775
18769
18762
18755
18746
18733
18722
18721
18718
18713
18693
18689
18676
18669
18650
18641
18638
18625
18621
18610
18607
18604
18597
18588
18582
18580
18574
18550
18543
18539
18530
18527
18516
18502
18497
18489
18486
18484
18479
18457
18456
18441
18440
18436
18435
18422
18392
18386
18375
18374
18364
18350
18339
18332
18328
18309
18307
18298
18294
18277
18271
18270
18268
18261
18260
18257
18202
18198
18196
18188
18185
18183
18172
18167
18165
18155
18144
18137
18135
18133
18132
18122
18120
18115
18109
18107
18104
18093
18069
18067
18065
18061
18051
18050
18046
18044
18034
18018
18014
18006
18003
18002
17992
17990
17982
17975
17969
17946
17924
17917
17915
17912
17902
17901
17893
17892
17883
17871
17858
17851
17850
17844
17842
17832
17831
17818
17813
17794
17792
17782
17757
17751
17734
17726
17725
17720
17719
17699
17697
17693
17681
17672
17663
17662
17634
17632
17624
17622
17615
17612
17609
17603
17578
17565
17557
17555
17551
17550
17548
17544
17542
17541
17528
17522
17519
17518
17496
17491
17490
17489
17485
17440
17439
17435
17431
17429
17427
17409
17407
17404
17387
17368
17367
17366
17358
17355
17346
17340
17336
17334
17328
17321
17310
17309
17305
17296
17294
17292
17290
17287
17280
17268
17258
17257
17248
17230
17228
17227
17213
17211
17203
17199
17194
17174
17151
17148
17144
17133
17124
17122
17115
17110
17091
17084
17077
17069
17062
17040
17035
17026
17019
17014
16995
16992
16989
16981
16977
16976
16963
16953
16944
16943
16918
16891
16889
16886
16870
16864
16847
16836
16828
16826
16823
16811
16808
16803
16798
16771
16765
16760
16758
16751
16741
16740
16739
16727
16725
16719
16704
16696
16683
16677
16664
16660
16646
16644
16641
16627
16626
16625
16624
16622
16615
16600
16589
16587
16586
16564
16560
16555
16543
16532
16529
16526
16525
16506
16501
16486
16478
16476
16472
16471
16467
16455
16432
16425
16419
16416
16411
16407
16404
16402
16401
16396
16393
16389
16388
16378
16368
16363
16355
16351
16342
16337
16326
16323
16322
16302
16298
16289
16278
16246
16240
16220
16205
16198
16169
16163
16154
16153
16148
16109
16103
16102
16069
16067
16061
16059
16052
16031
16026
16023
16022
16011
16010
15996
15990
15987
15976
15975
15969
15967
15963
15956
15952
15950
15922
15907
15898
15895
15877
15827
15804
15779
15765
15763
15762
15761
15758
15738
15736
15734
15731
15730
15719
15718
15708
15706
15701
15694
15656
15652
15641
15639
15637
15629
15615
15594
15588
15583
15560
15514
15509
15497
15490
15487
15483
15475
15471
15468
15463
15455
15442
15441
15424
15415
15405
15394
15384
15382
15373
15372
15371
15368
15363
15356
15352
15346
15341
15335
15318
15308
15307
15299
15294
15290
15288
15280
15276
15275
15272
15268
15253
15237
15230
15223
15216
15195
15189
15164
15140
15133
15122
15112
15091
15067
15049
15036
15034
15031
15019
15010
15008
14998
14991
14985
14983
14982
14975
14967
14948
14935
14926
14918
14914
14905
14899
14896
14890
14888
14877
14874
14869
14867
14843
14837
14828
14826
14825
14815
14806
14802
14791
14789
14783
14776
14765
14758
14747
14727
14726
14718
14715
14707
14693
14687
14679
14677
14662
14658
14654
14646
14634
14620
14600
14583
14572
14567
14566
14559
14558
14555
14535
14526
14517
14514
14500
14496
14495
14494
14486
14477
14432
14420
14409
14396
14394
14388
14384
14369
14367
14351
14344
14343
14341
14313
14312
14310
14306
14285
14276
14260
14253
14239
14234
14231
14228
14227
14218
14197
14193
14192
14186
14180
14162
14160
14159
14156
14153
14151
14140
14137
14125
14122
14113
14102
14099
14089
14087
14078
14077
14068
14067
14066
14060
14055
14053
14041
14038
14033
14030
14023
14018
14012
14007
14003
13962
13959
13949
13946
13943
13927
13912
13899
13897
13885
13870
13867
13858
13856
13830
13827
13798
13790
13789
13784
13780
13779
13777
13769
13763
13756
13749
13730
13722
13716
13713
13707
13697
13692
13681
13676
13670
13646
13637
13630
13623
13619
13614
13602
13599
13594
13585
13576
13572
13561
13557
13540
13532
13527
13515
13478
13477
13474
13473
13462
13441
13437
13430
13429
13420
13419
13416
13406
13397
13387
13382
13377
13373
13346
13344
13339
13334
13318
13317
13316
13311
13301
13296
13290
13289
13286
13280
13268
13267
13238
13237
13235
13214
13211
13203
13196
13193
13175
13167
13153
13151
13121
13110
13102
13078
13076
13072
13071
13056
13053
13052
13047
13044
13043
13039
13036
13020
13019
13014
13008
12990
12978
12970
12963
12961
12950
12949
12936
12916
12909
12905
12877
12873
12866
12861
12857
12855
12854
12853
12852
12851
12847
12845
12844
12840
12837
12835
12834
12831
12828
12827
12824
12820
12816
12807
12804
12802
12799
12798
12797
12796
12795
12794
12793
12792
12790
12789
12788
12787
12786
12785
12778
12774
12770
12769
12766
12765
12760
12757
12755
12754
12748
12746
12745
12739
12736
12735
12731
12730
12729
12728
12727
12725
12724
12723
12721
12720
12719
12717
12716
12715
12714
12712
12711
12710
12708
12706
12705
12703
12702
12697
12694
12691
12688
12687
12685
12684
12683
12681
12680
12678
12677
12676
12673
12671
12668
12667
12665
12664
12659
12656
12653
12648
12647
12644
12640
12639
12636
12634
12633
12631
12630
12629
12628
12626
12622
12619
12618
12615
12612
12611
12607
12606
12604
12601
12592
12591
12590
12588
12587
12586
12583
12582
12579
12576
12575
12574
12573
12570
12569
12568
12567
12564
12562
12555
12554
12553
12549
12545
12541
12539
12535
12533
12530
12527
12525
12524
12519
12514
12513
12511
12510
12509
12507
12505
12504
12503
12502
12498
12493
12491
12484
12483
12482
12480
12477
12475
12474
12473
12464
12462
12461
12460
12458
12455
12453
12452
12451
12449
12443
12436
12433
12432
12430
12429
12423
12422
12421
12418
12410
12409
12407
12403
12401
12392
12391
12388
12386
12384
12383
12381
12379
12377
12376
12375
12372
12370
12367
12362
12360
12356
12355
12353
12351
12347
12345
12344
12342
12340
12337
12334
12329
12326
12323
12317
12315
12313
12309
12306
12304
12303
12301
12300
12299
12298
12295
12288
12286
12281
12277
12272
12271
12270
12269
12265
12264
12263
12261
12260
12259
12255
12253
12252
12251
12250
12249
12248
12243
12242
12240
12236
12234
12232
12229
12227
12226
12223
12221
12217
12216
12212
12209
12208
12206
12202
12200
12199
12196
12195
12194
12193
12192
12191
12190
12189
12188
12186
12183
12182
12181
12179
12175
12174
12171
12170
12169
12167
12166
12165
12162
12159
12158
12156
12154
12152
12151
12148
12146
12145
12143
12139
12136
12134
12132
12130
12127
12125
12123
12122
12119
12118
12114
12103
12098
12097
12096
12094
12093
12088
12087
12086
12083
12080
12078
12077
12075
12073
12070
12068
12066
12064
12061
12058
12057
12056
12052
12050
12048
12047
12044
12043
12042
12041
12038
12033
12032
12029
12027
12026
12024
12023
12021
12020
12019
12018
12013
12012
12007
12004
12001
12000
11999
11995
11993
11992
11990
11989
11984
11981
11979
11975
11974
11966
11964
11955
11954
11953
11951
11948
11946
11942
11938
11937
11936
11935
11932
11926
11924
11923
11921
11919
11917
11916
11913
11912
11911
11909
11903
11902
11901
11898
11897
11896
11894
11893
11891
11890
11889
11887
11886
11880
11879
11876
11869
11865
11863
11856
11855
11848
11845
11841
11840
11837
11830
11823
11821
11814
11807
11803
11801
11799
11798
11794
11793
11792
11790
11788
11785
11783
11782
11781
11780
11779
11778
11777
11775
11770
11769
11768
11766
11765
11762
11759
11756
11753
11752
11750
11749
11743
11742
11739
11738
11736
11735
11732
11725
11723
11722
11721
11720
11719
11718
11715
11713
11712
11711
11709
11708
11706
11704
11703
11700
11695
11694
11692
11690
11685
11684
11683
11682
11679
11677
11675
11672
11671
11670
11666
11663
11660
11656
11653
11652
11650
11649
11648
11647
11646
11645
11642
11640
11639
11638
11637
11636
11635
11632
11630
11629
11625
11623
11622
11617
11616
11615
11611
11609
11607
11605
11601
11594
11590
11587
11585
11584
11581
11580
11579
11578
11572
11566
11565
11558
11557
11554
11553
11544
11540
11539
11533
11531
11525
11522
11521
11519
11518
11516
11515
11514
11509
11505
11504
11503
11502
11501
11497
11495
11491
11490
11488
11487
11486
11485
11484
11483
11482
11481
11480
11478
11476
11473
11472
11470
11468
11467
11466
11464
11463
11461
11458
11457
11455
11454
11452
11448
11447
11443
11442
11441
11435
11431
11430
11428
11426
11425
11422
11421
11420
11415
11413
11410
11408
11406
11405
11400
11395
11394
11392
11391
11389
11387
11384
11382
11378
11372
11365
11360
11352
11351
11350
11349
11348
11343
11342
11341
11337
11334
11333
11332
11330
11329
11327
11325
11321
11318
11317
11314
11311
11310
11305
11302
11301
11299
11298
11294
11293
11287
11284
11283
11282
11281
11280
11278
11274
11272
11271
11270
11269
11268
11267
11266
11263
11259
11254
11253
11251
11250
11247
11246
11245
11244
11242
11241
11240
11239
11236
11232
11228
11226
11225
11223
11222
11221
11220
11219
11217
11216
11214
11213
11210
11205
11204
11202
11201
11200
11194
11193
11189
11182
11181
11176
11170
11169
11167
11165
11162
11159
11158
11156
11150
11148
11147
11144
11139
11134
11132
11127
11123
11120
11118
11117
11115
11114
11111
11109
11108
11106
11100
11099
11098
11097
11096
11095
11093
11092
11091
11084
11082
11080
11077
11075
11074
11070
11069
11068
11067
11064
11062
11061
11058
11054
11052
11050
11046
11044
11042
11039
11037
11034
11033
11028
11027
11025
11023
11017
11013
11011
11009
11004
11003
11001
10999
10998
10997
10992
10990
10987
10986
10985
10984
10983
10981
10976
10974
10972
10971
10968
10966
10964
10961
10958
10954
10949
10943
10934
10931
10929
10928
10926
10921
10917
10916
10915
10913
10909
10908
10904
10903
10902
10900
10896
10895
10892
10890
10889
10885
10884
10883
10881
10880
10879
10875
10873
10872
10869
10867
10865
10861
10858
10854
10849
10848
10847
10846
10845
10844
10843
10842
10840
10839
10838
10837
10835
10834
10833
10831
10830
10828
10826
10825
10822
10820
10819
10817
10815
10814
10813
10807
10805
10804
10803
10802
10801
10798
10796
10793
10790
10787
10785
10784
10783
10782
10781
10775
10774
10772
10768
10766
10765
10762
10760
10759
10757
10756
10754
10753
10751
10747
10744
10743
10742
10739
10738
10734
10726
10723
10722
10721
10716
10713
10711
10710
10709
10708
10706
10705
10704
10703
10700
10696
10691
10690
10689
10687
10686
10685
10684
10683
10682
10681
10680
10679
10678
10677
10676
10675
10674
10673
10671
10670
10669
10668
10667
10666
10665
10664
10663
10662
10661
10658
10657
10656
10652
10651
10650
10646
10644
10643
10639
10638
10634
10633
10631
10628
10627
10626
10625
10624
10620
10617
10612
10609
10607
10605
10603
10599
10596
10595
10592
10591
10589
10588
10587
10586
10585
10583
10582
10577
10573
10572
10569
10566
10564
10563
10562
10560
10555
10553
10552
10549
10548
10545
10542
10540
10537
10534
10530
10528
10526
10523
10521
10516
10514
10513
10512
10508
10507
10505
10501
10494
10493
10492
10489
10485
10484
10482
10481
10479
10478
10476
10472
10469
10467
10466
10464
10463
10461
10460
10459
10458
10457
10456
10455
10453
10452
10451
10450
10448
10447
10446
10445
10444
10438
10436
10433
10432
10431
10430
10429
10427
10426
10425
10422
10421
10414
10413
10409
10408
10403
10402
10401
10399
10388
10385
10384
10378
10377
10375
10374
10371
10369
10366
10363
10355
10353
10352
10347
10342
10340
10336
10335
10334
10333
10327
10324
10322
10321
10319
10312
10306
10302
10299
10298
10296
10294
10289
10288
10286
10285
10283
10281
10280
10275
10274
10273
10271
10270
10269
10267
10266
10264
10263
10262
10260
10256
10253
10251
10248
10247
10245
10241
10240
10236
10228
10224
10221
10217
10215
10212
10211
10210
10207
10206
10205
10203
10199
10197
10187
10185
10171
10170
10167
10164
10163
10153
10151
10149
10148
10146
10141
10140
10139
10138
10137
10136
10133
10132
10131
10130
10128
10127
10124
10122
10121
10120
10118
10117
10116
10114
10111
10107
10106
10103
10102
10101
10100
10098
10097
10096
10094
10090
10089
10088
10087
10086
10085
10083
10079
10075
10073
10066
10062
10053
10050
10048
10046
10045
10041
10036
10034
10033
10032
10030
10026
10023
10022
10020
10016
10015
10013
10012
10008
10004
10003
10001
10000
9997
9996
9992
9988
9987
9982
9979
9978
9977
9976
9972
9971
9967
9963
9959
9958
9956
9954
9953
9952
9948
9945
9944
9943
9939
9937
9935
9929
9928
9925
9924
9920
9916
9914
9912
9910
9908
9902
9895
9890
9886
9885
9884
9883
9878
9871
9868
9867
9864
9863
9859
9854
9853
9852
9849
9847
9846
9845
9842
9839
9837
9836
9835
9834
9833
9832
9831
9828
9826
9823
9822
9819
9815
9814
9813
9812
9810
9809
9808
9807
9802
9800
9799
9798
9795
9792
9788
9784
9782
9781
9780
9777
9773
9768
9767
9766
9765
9762
9761
9759
9756
9755
9754
9753
9748
9746
9745
9744
9742
9741
9740
9739
9736
9735
9729
9726
9725
9724
9723
9718
9717
9711
9710
9708
9707
9706
9705
9704
9702
9700
9699
9697
9693
9687
9686
9685
9683
9682
9681
9676
9674
9668
9659
9654
9646
9640
9638
9637
9635
9633
9628
9622
9621
9618
9615
9614
9612
9610
9609
9602
9600
9598
9597
9594
9592
9589
9588
9586
9585
9584
9583
9581
9580
9576
9570
9569
9568
9567
9566
9565
9564
9563
9560
9559
9557
9554
9553
9550
9549
9548
9545
9543
9538
9537
9536
9532
9526
9525
9524
9523
9519
9513
9512
9507
9506
9505
9501
9500
9499
9497
9496
9495
9493
9492
9490
9488
9484
9476
9475
9471
9470
9469
9466
9464
9462
9461
9460
9459
9458
9456
9454
9451
9447
9445
9444
9443
9441
9439
9438
9437
9435
9425
9424
9423
9417
9415
9414
9410
9409
9408
9406
9405
9403
9402
9401
9397
9394
9393
9389
9387
9385
9383
9382
9381
9378
9375
9373
9370
9369
9366
9365
9364
9362
9361
9360
9358
9351
9350
9348
9345
9341
9338
9337
9335
9334
9333
9331
9330
9329
9327
9319
9318
9317
9315
9313
9312
9311
9309
9308
9307
9306
9305
9299
9298
9294
9292
9291
9290
9288
9286
9285
9284
9283
9282
9281
9276
9274
9273
9272
9269
9267
9266
9265
9264
9262
9260
9256
9253
9252
9251
9246
9244
9241
9239
9237
9233
9231
9230
9229
9226
9225
9223
9221
9219
9218
9217
9215
9214
9213
9209
9208
9202
9199
9196
9195
9194
9191
9190
9188
9182
9180
9179
9174
9172
9170
9169
9168
9167
9166
9164
9160
9159
9158
9157
9156
9155
9154
9153
9152
9151
9150
9149
9148
9147
9146
9145
9143
9139
9137
9136
9134
9132
9130
9124
9121
9117
9113
9110
9108
9104
9103
9100
9098
9096
9094
9092
9087
9086
9084
9082
9081
9080
9079
9078
9074
9073
9071
9070
9069
9068
9066
9065
9064
9061
9059
9057
9056
9055
9051
9050
9049
9046
9045
9043
9038
9037
9033
9032
9031
9030
9029
9027
9025
9024
9023
9017
9014
9012
9006
9005
9003
9002
9000
8998
8997
8996
8994
8993
8990
8981
8976
8974
8973
8971
8969
8963
8960
8959
8955
8954
8952
8951
8948
8947
8946
8945
8942
8941
8932
8930
8926
8925
8924
8923
8922
8919
8917
8915
8914
8912
8910
8909
8908
8906
8905
8903
8899
8894
8893
8892
8886
8883
8875
8872
8869
8868
8867
8864
8863
8860
8859
8857
8856
8855
8852
8851
8849
8848
8840
8839
8836
8833
8830
8828
8827
8826
8824
8823
8822
8818
8813
8812
8811
8810
8806
8805
8803
8797
8796
8793
8791
8790
8789
8788
8786
8785
8783
8782
8781
8778
8776
8775
8773
8770
8769
8767
8764
8762
8757
8756
8753
8747
8745
8742
8741
8740
8739
8738
8735
8733
8732
8731
8730
8728
8727
8725
8724
8722
8720
8716
8715
8713
8712
8710
8708
8702
8701
8698
8697
8696
8694
8690
8689
8684
8683
8680
8679
8678
8677
8675
8674
8671
8670
8668
8667
8666
8665
8661
8657
8655
8654
8653
8652
8647
8646
8642
8641
8640
8638
8635
8632
8631
8628
8627
8626
8624
8619
8618
8616
8615
8614
8609
8608
8605
8604
8603
8600
8597
8595
8594
8593
8591
8590
8586
8583
8582
8578
8577
8576
8575
8574
8573
8570
8567
8565
8564
8561
8557
8555
8554
8553
8552
8549
8548
8547
8546
8545
8543
8541
8540
8539
8536
8535
8534
8532
8531
8527
8524
8519
8516
8514
8507
8503
8500
8498
8496
8494
8491
8488
8485
8484
8480
8479
8478
8473
8471
8467
8464
8462
8461
8458
8457
8455
8454
8452
8450
8449
8446
8444
8443
8442
8439
8437
8436
8434
8433
8432
8429
8425
8420
8416
8407
8406
8404
8403
8400
8399
8398
8396
8395
8393
8392
8391
8389
8383
8382
8380
8379
8377
8370
8359
8357
8354
8352
8351
8349
8347
8345
8342
8341
8340
8339
8335
8334
8333
8332
8331
8330
8327
8324
8316
8315
8314
8309
8307
8300
8298
8292
8291
8289
8287
8286
8285
8283
8282
8280
8279
8277
8276
8275
8273
8272
8271
8269
8268
8267
8263
8262
8261
8256
8255
8253
8252
8250
8247
8244
8241
8239
8238
8237
8232
8231
8230
8226
8225
8221
21071
8218
8217
21068
8215
8214
21065
8212
8209
21058
8205
8204
8203
8200
8199
21050
8197
8195
21046
8193
21045
8192
21044
8191
21040
8187
21039
8186
8185
21037
8184
8181
21031
8178
8174
8173
8170
8169
8168
21020
8167
21018
8165
8164
8163
21014
8161
21013
8160
21012
8159
8157
8152
8150
8149
21001
8148
21000
8147
8146
8145
8144
8143
20994
8141
8136
8133
20984
8131
8129
20977
8124
8123
20974
8121
20972
8119
20970
8117
8115
20966
8113
8112
8111
20961
8108
8103
8101
8099
20949
8096
8093
20944
8091
20939
8086
8085
8083
8081
20931
8078
20930
8077
8075
20927
8074
8073
20922
8069
20918
8065
20917
8064
8063
8060
8058
8057
20908
8055
20906
8053
20905
8052
8050
8045
8042
8037
8034
20886
8033
20883
8030
20880
8027
8025
8024
8021
20869
8016
20866
8013
20865
8012
20863
8010
8002
7999
20849
7996
20848
7995
20845
7992
20843
7990
20841
7988
7986
20837
7984
7983
7981
7979
20831
7978
7977
7976
20828
7975
7974
7973
20825
7972
20823
7970
20820
7967
7965
7963
7960
7959
7958
7953
20805
7952
20804
7951
7948
20800
7947
20796
7943
7939
7937
7936
7935
20787
7934
7932
7929
7924
20776
7923
20774
7921
20773
7920
20771
7918
20770
7917
20767
7914
7910
20761
7908
7903
7902
20752
7899
7895
7893
20742
7889
7887
20739
7886
7882
20730
7877
20728
7875
20727
7874
20726
7873
7871
7870
20722
7869
20719
7866
20718
7865
20717
7864
7863
7862
20714
7861
7859
7858
20709
7856
7855
20704
7851
7849
7843
20695
7842
7841
7839
20691
7838
7837
7835
20682
7829
7825
7823
7820
20671
7818
20667
7814
20666
7813
20663
7810
20661
7808
7807
7806
20656
7803
7797
7795
20643
7790
7789
7788
7787
7784
20636
7783
7780
20630
7777
20625
7772
7769
20621
7768
7767
20617
7764
20615
7762
7761
7760
7759
7757
20609
7756
7752
7751
20601
7748
20598
7745
20597
7744
20595
7742
7741
7740
20591
7738
20589
7736
7729
7724
7718
20569
7716
7715
7711
7710
7705
20553
7700
7698
7697
7695
7694
20545
7692
7689
7686
20536
7683
7680
7678
7677
7672
7669
20518
7665
20512
7659
7658
7653
7652
7650
20493
7640
7639
7637
20486
7633
7629
7625
20476
7623
20475
7622
7621
7620
7619
20471
7618
7617
20469
7616
20468
7615
7614
7612
7610
20460
7607
7602
7601
20450
7597
7595
7591
20441
7588
7584
20435
7582
7581
20432
7579
20428
7575
20427
7574
7572
20424
7571
7570
20421
7568
20417
7564
20411
7558
7555
7554
20406
7553
7551
20403
7550
7549
7548
20393
7540
7536
7534
7532
20382
7529
20378
7525
7524
7523
20374
7521
20370
7517
7515
7514
7511
7509
7508
7507
7506
20358
7505
20356
7503
20352
7499
20351
7498
20350
7497
7496
20348
7495
7491
7490
7487
20337
7484
7483
20333
7480
20325
7472
20318
7465
7461
7454
7453
7452
20304
7451
7450
7449
7448
7447
7445
7443
7442
20294
7441
7438
20290
7437
7428
20279
7426
20278
7425
7422
7420
20269
7416
20264
7411
20259
7406
20258
7405
7403
7402
7401
20252
7399
7397
20248
7395
7394
20241
7388
20238
7385
7384
20232
7379
7378
7377
7376
20226
7373
20219
7366
20218
7365
20217
7364
7363
20210
7357
7355
7354
20204
7351
7349
20201
7348
20199
7346
7345
7343
7341
20193
7340
7337
7334
7328
20180
7327
20179
7326
7324
7318
20170
7317
7316
7315
7308
20160
7307
7306
7305
7304
20152
7299
20148
7295
7292
20143
7290
20142
7289
20140
7287
20139
7286
7283
20135
7282
20132
7279
20131
7278
7275
20123
7270
7267
7266
7265
20116
7263
20115
7262
7261
20113
7260
7259
7258
7253
20104
7251
20102
7249
7246
7238
20090
7237
7234
7231
7230
7228
20080
7227
20078
7225
20075
7222
20072
7219
20071
7218
7216
7215
7214
7212
20064
7211
20063
7210
20060
7207
7205
7203
7202
7201
20051
7198
20050
7197
7196
7191
7190
7188
7185
7184
7183
20035
7182
20034
7181
7180
7176
7173
20025
7172
7170
20021
7168
7166
7164
7162
7158
7157
7155
7151
7149
7147
7146
7143
7139
19991
7138
7137
7133
7132
19984
7131
7123
7122
19972
7119
7118
19969
7116
7112
19962
7109
19961
7108
7105
19955
7102
7101
7096
19947
7094
7093
7092
7089
7087
7085
7083
19934
7081
19932
7079
19931
7078
7074
7073
19924
7071
7068
19920
7067
7065
19917
7064
7058
7057
7056
19908
7055
7054
7051
19902
7049
7045
7043
19894
7041
7039
7038
7037
19889
7036
7034
19885
7032
7027
7025
19876
7023
7022
7017
7015
19866
7013
7012
19864
7011
19860
7007
7002
19853
7000
6998
19842
6989
19840
6987
6986
6985
6980
19832
6979
6976
19824
6971
6968
6967
6964
6963
19815
6962
19808
6955
6954
6953
19803
6950
6947
6945
6944
19795
6942
19794
6941
19793
6940
6936
6935
19784
6931
6929
19778
6925
6924
6923
19775
6922
19772
6919
19771
6918
19768
6915
19765
6912
6910
19756
6903
6901
6896
19748
6895
19746
6893
19745
6892
19743
6890
19739
6886
6879
6878
6877
6875
6874
19725
6872
6871
6867
6866
6864
19715
6862
6860
6856
6855
6854
6852
19704
6851
19703
6850
6846
6845
6844
19691
6838
6837
19688
6835
19686
6833
19683
6830
6829
6827
6826
19673
6820
6814
6812
6811
6806
19658
6805
19656
6803
6801
19653
6800
6796
6791
19635
6782
19633
6780
19630
6777
6776
19626
6773
6772
19621
6768
6763
6761
19612
6759
19611
6758
6757
19607
6754
19606
6753
19605
6752
6750
19600
6747
19596
6743
6742
19591
6738
6737
6732
6728
6726
6724
19575
6722
6721
6719
6715
6713
19564
6711
19563
6710
19558
6705
19549
6696
19548
6695
6694
6693
6692
6690
6689
19540
6687
6683
6681
19529
6676
6675
6673
6672
6665
19516
6663
19515
6662
6660
6658
6657
6654
6653
6650
6649
19500
6647
6644
19495
6642
19493
6640
6639
6634
6632
6631
19483
6630
6628
6621
6620
6618
6617
19469
6616
6615
6614
6609
6605
19456
6603
6602
19454
6601
6595
19447
6594
19445
6592
6591
6589
6587
6586
6585
6583
6582
19433
6580
19432
6579
6576
6572
19424
6571
19422
6569
19421
6568
6567
19419
6566
19418
6565
6564
6558
6551
6549
19399
6546
6545
6544
6543
19393
6540
19389
6536
6535
6533
19385
6532
6530
6527
6523
6522
6520
6518
6515
19365
6512
19364
6511
19360
6507
6506
6503
6501
19351
6498
6497
19346
6493
6492
19344
6491
19335
6482
6478
6476
19327
6474
6472
6466
6463
6462
19309
6456
6455
19300
6447
6446
19298
6445
6440
6439
6438
6436
6433
19284
6431
6430
19281
6428
19280
6427
6426
19276
6423
19273
6420
6417
19268
6415
6409
6408
19258
6405
6402
6400
19251
6398
6396
19247
6394
6392
6389
6388
19240
6387
6384
6380
19229
6376
19228
6375
6373
19224
6371
6370
6369
19216
6363
6361
6360
6357
6355
6353
6351
6350
19202
6349
19199
6346
6345
6344
19194
6341
6338
6335
6334
6333
6332
6329
19176
6323
19173
6320
6319
19171
6318
6317
6313
6311
6307
6306
6303
19155
6302
19153
6300
6298
19150
6297
6296
6294
19145
6292
19139
6286
6285
6284
6282
6280
19132
6279
6276
6274
6271
6270
19122
6269
19120
6267
6265
6264
19115
6262
19113
6260
19111
6258
19108
6255
19107
6254
19105
6252
6251
19101
6248
6247
6246
6245
19097
6244
19090
6237
19089
6236
19088
6235
6234
6232
6231
19083
6230
19082
6229
6225
6221
6220
6218
19070
6217
19067
6214
6211
19062
6209
19058
6205
19057
6204
6203
6201
19053
6200
19051
6198
6197
6196
6195
6194
19046
6193
6192
6191
6190
6184
6182
6181
6178
19024
6171
6170
6168
6165
6159
6157
6156
6153
19003
6150
6147
6146
18998
6145
18997
6144
18994
6141
6137
18985
6132
18984
6131
6130
6128
6124
6121
18973
6120
6114
6110
6109
18960
6107
18959
6106
6104
6103
6101
18951
6098
6097
18943
6090
18936
6083
18934
6081
6078
18930
6077
18929
6076
6072
18924
6071
6070
6067
18918
6065
6064
6063
6061
6059
6054
6048
6041
6039
6038
6033
6029
6028
6027
6025
18877
6024
6022
6020
6011
18861
6008
6006
6000
18850
5997
5996
5994
18845
5992
18844
5991
5989
18841
5988
18837
5984
5983
18833
5980
5978
5974
5970
5967
5963
5962
18814
5961
18812
5959
5957
5955
18807
5954
5952
5951
5950
18799
5946
18797
5944
18795
5942
5941
5940
18791
5938
5937
18789
5936
5935
5933
5932
18779
5926
5925
5914
5913
18764
5911
5910
18760
5907
5905
18757
5904
5901
18751
5898
18747
5894
5892
18742
5889
5885
18737
5884
5882
5879
18728
5875
18724
5871
5870
5866
5864
18716
5863
18715
5862
5861
18712
5859
5858
5851
5848
5847
5845
5844
5843
18692
5839
5838
5832
5830
5829
5822
18674
5821
18671
5818
5814
5809
5808
5806
5805
18656
5803
5800
18652
5799
18649
5796
5794
18646
5793
5792
18644
5791
18643
5790
18642
5789
18640
5787
5786
5783
18634
5781
18633
5780
5779
5777
18629
5776
5774
18626
5773
5767
5764
18614
5761
5756
5752
18602
5749
18598
5745
18596
5743
5741
5739
18586
5733
18585
5732
18584
5731
5726
5723
18572
5719
5714
18566
5713
18562
5709
5704
5703
18555
5702
5701
18546
5693
5685
5682
18534
5681
5680
5678
5676
5675
5672
5669
5664
5661
18512
5659
5655
18504
5651
18503
5650
5646
18498
5645
18496
5643
18495
5642
18490
5637
5635
5628
18480
5627
5622
18474
5621
18473
5620
5617
5616
18465
5612
5611
5605
18455
5602
18454
5601
5600
18451
5598
18450
5597
5595
18447
5594
18445
5592
18439
5586
18434
5581
5578
18430
5577
5574
5573
18425
5572
18421
5568
18420
5567
18418
5565
18417
5564
5561
18412
5559
5556
5554
18406
5553
5552
5549
5546
18391
5538
5537
5532
5530
18380
5527
5526
5525
18369
5516
18368
5515
5514
5504
5503
18354
5501
5499
5498
5494
5492
5487
18337
5484
18333
5480
5478
5474
5473
18325
5472
5470
5468
5466
18316
5463
18312
5459
5458
18308
5455
18306
5453
5448
5447
5446
5444
5440
5438
5435
5434
5429
18281
5428
18280
5427
5426
18278
5425
18275
5422
5420
5413
5411
18255
5402
5401
5400
18251
5398
18250
5397
5396
18246
5393
18241
5388
18238
5385
5384
5383
5377
18229
5376
5372
18218
5365
18217
5364
18215
5362
5361
18213
5360
18208
5355
18207
5354
18201
5348
18200
5347
18197
5344
18195
5342
18193
5340
5339
5338
18187
5334
5333
5331
5329
5328
5327
18175
5322
5321
5318
18170
5317
5316
5311
5308
5307
18157
5304
18156
5303
5300
5296
5295
5294
5290
18141
5288
5285
5281
18131
5278
5274
18119
5266
18116
5263
5260
18112
5259
18111
5258
18102
5249
5245
5244
5242
5241
5239
5238
18090
5237
5235
18085
5232
5231
5229
5228
5227
5225
5224
18076
5223
18075
5222
5220
5217
18068
5215
5211
5210
18057
5204
18056
5203
5196
5184
18036
5183
18035
5182
18033
5180
5179
18031
5178
5175
18021
5168
18020
5167
5164
5163
5162
5160
5152
5151
18001
5148
5147
5143
5140
5138
5133
17985
5132
17983
5130
17979
5126
5123
5118
17966
5113
5108
5104
17954
5101
5100
17952
5099
5097
5095
5088
5087
17938
5085
5081
5080
5079
5070
17920
5067
17916
5063
17913
5060
5057
5056
5055
17905
5052
5050
5047
5044
5043
17895
5042
5041
17891
5038
17887
5034
17886
5033
5029
5028
17880
5027
17877
5024
17876
5023
5022
17874
5021
5010
5009
17857
5004
5001
17853
5000
17848
4995
17838
4985
17836
4983
17835
4982
17824
4971
17821
4968
17815
4962
17812
4959
4957
17809
4956
4955
17807
4954
17805
4952
17804
4951
17803
4950
4949
4943
4935
4931
17772
4919
17770
4917
17769
4916
4915
17765
4912
17764
4911
4907
17759
4906
17753
4900
17752
4899
17750
4897
4896
4895
17745
4892
17744
4891
4890
17742
4889
17740
4887
17737
4884
4879
4877
4874
17724
4871
17722
4869
17717
4864
17716
4863
4862
17714
4861
17712
4859
4857
4856
17704
4851
4850
4847
4842
4838
4837
4836
4835
4833
17685
4832
17683
4830
17682
4829
17679
4826
4825
4824
4813
17665
4812
17660
4807
17657
4804
4803
4800
4799
17651
4798
17646
4793
4792
17644
4791
4789
17639
4786
17633
4780
17628
4775
17626
4773
17599
4746
17597
4744
17596
4743
4741
4739
17585
4732
17580
4727
17577
4724
17575
4722
17573
4720
17571
4718
4715
17566
4713
17561
4708
17558
4705
17547
4694
17543
4690
17535
4682
4679
17530
4677
17523
4670
17517
4664
4656
4655
17501
4648
4647
17499
4646
17493
4640
4626
4625
4623
17475
4622
4616
17465
4612
17463
4610
17460
4607
17459
4606
4605
17457
4604
17456
4603
4599
4598
17450
4597
17449
4596
17443
4590
4589
4577
17424
4571
17422
4569
17421
4568
17420
4567
4563
17415
4562
17406
4553
17405
4552
4550
17402
4549
17398
4545
4544
4543
4540
4536
4529
17378
4525
4524
17375
4522
4520
17371
4518
17370
4517
17357
4504
4499
4497
17349
4496
17348
4495
4486
4478
17327
4474
17316
4463
4462
17313
4460
17311
4458
17307
4454
17300
4447
4445
4438
17288
4435
17285
4432
4425
17277
4424
4423
17275
4422
4420
4416
4414
17266
4413
17263
4410
4409
4407
4406
17249
4396
4394
17244
4391
17240
4387
4385
4381
17233
4380
17224
4371
4370
4369
17221
4368
17216
4363
17215
4362
4361
4359
4357
17205
4352
4351
4348
4345
17197
4344
17195
4342
17191
4338
4336
4332
17183
4330
17179
4326
17176
4323
4319
17167
4314
4308
17155
4302
17154
4301
4300
17149
4296
17141
4288
4287
17138
4285
4284
4283
17129
4276
4275
4273
17116
4263
17112
4259
17111
4258
17108
4255
17106
4253
17103
4250
17101
4248
4246
4244
4242
17092
4239
17089
4236
4235
17083
4230
17075
4222
4219
17070
4217
4212
4211
17063
4210
4207
17058
4205
17057
4204
17056
4203
4197
4194
4193
4191
17041
4188
17038
4185
17036
4183
4179
4172
17023
4170
4168
17018
4165
17015
4162
17013
4160
17012
4159
4158
17008
4155
17007
4154
17003
4150
17002
4149
16999
4146
16994
4141
4135
16987
4134
4131
4127
16970
4117
16966
4113
16962
4109
16959
4106
4102
4096
16948
4095
16946
4093
4092
16942
4089
16940
4087
16936
4083
4080
4077
16926
4073
16925
4072
16922
4069
4067
4066
16917
4064
16911
4058
4057
4055
16905
4052
16904
4051
16901
4048
4046
16892
4039
16887
4034
4030
16880
4027
4023
16866
4013
16863
4010
4009
16860
4007
4004
4003
4001
3990
3984
16835
3982
16832
3979
3978
16830
3977
16829
3976
3971
3967
3965
16816
3963
3957
3956
16807
3954
16806
3953
16800
3947
16796
3943
16795
3942
3941
3934
16785
3932
16782
3929
16776
3923
3921
16770
3917
16768
3915
16767
3914
3913
3906
3901
3900
3899
3895
16746
3893
16744
3891
16738
3885
16736
3883
16733
3880
16732
3879
16730
3877
16728
3875
16726
3873
16723
3870
16722
3869
3867
3862
3860
3852
16697
3844
16695
3842
3841
3836
16688
3835
16687
3834
16682
3829
16681
3828
16679
3826
16671
3818
16669
3816
16654
3801
3795
3790
3789
3785
3784
3783
16631
3778
3761
3759
3756
16608
3755
3749
3744
16592
3739
16591
3738
3737
16584
3731
16581
3728
16576
3723
16572
3719
16571
3718
16563
3710
3709
3708
3703
16554
3701
3694
3692
16539
3686
16538
3685
16537
3684
16534
3681
16533
3680
3677
16528
3675
16527
3674
16524
3671
16523
3670
3669
16521
3668
16520
3667
16518
3665
3663
3660
16511
3658
16510
3657
3656
3654
16504
3651
3645
16497
3644
3643
3642
16494
3641
3636
3630
16482
3629
16479
3626
16475
3622
16474
3621
16470
3617
3615
16465
3612
3603
16454
3601
3600
3599
3596
3592
3587
16436
3583
16435
3582
16431
3578
3575
3571
16418
3565
16414
3561
3557
16409
3556
3555
16399
3546
3544
16392
3539
16391
3538
16385
3532
16384
3531
3530
16380
3527
16379
3526
16377
3524
16375
3522
3521
3520
16370
3517
16367
3514
16365
3512
3511
16356
3503
3500
3499
3497
16349
3496
16348
3495
16346
3493
16344
3491
16343
3490
16335
3482
3481
16333
3480
3477
3476
3474
16314
3461
16310
3457
3452
16300
3447
3444
16296
3443
16295
3442
16285
3432
16284
3431
3428
16280
3427
3426
3417
16269
3416
3414
16266
3413
3411
3409
16260
3407
16253
3400
3398
3396
3394
16241
3388
3385
16233
3380
16231
3378
16229
3376
3373
16224
3371
16217
3364
3363
16215
3362
3361
16210
3357
3355
16202
3349
3346
3344
3340
16192
3339
3336
16185
3332
16184
3331
3323
3321
3319
16166
3313
16161
3308
16160
3307
3305
16156
3303
3302
16147
3294
3290
3286
16138
3285
3284
3282
3279
3278
16129
3276
3272
3271
16122
3269
3268
16120
3267
3263
16115
3262
16114
3261
16112
3259
3257
3255
3254
3245
16097
3244
3243
16093
3240
3237
16089
3236
3233
16085
3232
16080
3227
16078
3225
3224
3221
16073
3220
3218
3217
16054
3201
16051
3198
16047
3194
16042
3189
16041
3188
3187
16034
3181
16032
3179
16029
3176
3174
3171
3168
3167
3163
3162
3160
3159
3156
16007
3154
3152
15999
3146
3145
3141
15992
3139
15991
3138
15986
3133
15982
3129
15981
3128
15980
3127
15977
3124
15974
3121
3119
15964
3111
3109
3108
3106
15958
3105
15957
3104
15954
3101
3098
15945
3092
3089
3088
15940
3087
3084
15933
3080
3079
15931
3078
3075
15927
3074
3072
15918
3065
15916
3063
3061
15906
3053
3050
15897
3044
15896
3043
15894
3041
15891
3038
3030
3027
3022
3021
15873
3020
3019
15866
3013
15865
3012
3001
2999
15850
2997
15849
2996
15847
2994
15846
2993
2992
2990
15838
2985
15837
2984
2982
2981
15832
2979
15829
2976
15825
2972
2966
15815
2962
15810
2957
2954
2953
15803
2950
15802
2949
15794
2941
15793
2940
2938
15790
2937
2936
15782
2929
15780
2927
2924
15776
2923
2921
15773
2920
15770
2917
15759
2906
15757
2904
2903
2899
15751
2898
2895
2892
2890
15741
2888
2886
15728
2875
2874
15725
2872
15720
2867
2864
15715
2862
15714
2861
15713
2860
15712
2859
2857
15707
2854
15702
2849
2843
2840
15692
2839
15689
2836
15688
2835
2832
2829
2824
2823
15673
2820
2819
2816
2813
2808
15657
2804
15655
2802
2798
2795
15647
2794
2787
2778
15628
2775
2770
15620
2767
15611
2758
15609
2756
15607
2754
2753
15605
2752
2750
15602
2749
2748
15600
2747
2746
2745
15597
2744
2737
15585
2732
15582
2729
15581
2728
15577
2724
15571
2718
15570
2717
15568
2715
15567
2714
2712
15564
2711
15563
2710
15562
2709
2704
2703
2701
2700
15547
2694
2692
2691
2690
2689
15541
2688
15537
2684
15535
2682
15534
2681
15528
2675
15527
2674
15525
2672
15520
2667
15519
2666
2658
15506
2653
15502
2649
2647
15499
2646
2640
2639
2638
2636
2635
15486
2633
2631
2629
2624
2621
2617
15462
2609
2598
15447
2594
2593
15445
2592
2591
15439
2586
15438
2585
2583
2582
2579
2578
15429
2576
2575
15426
2573
15418
2565
2564
15414
2561
15411
2558
2556
2554
15406
2553
2549
15392
2539
15391
2538
2534
15386
2533
2526
2525
2523
15374
2521
15370
2517
15369
2516
15366
2513
15365
2512
2511
15361
2508
15360
2507
15359
2506
15358
2505
15357
2504
2502
2500
2496
15344
2491
2485
15329
2476
15323
2470
15320
2467
15317
2464
15314
2461
15311
2458
15303
2450
15302
2449
2448
2447
2443
2439
15291
2438
15289
2436
15287
2434
15285
2432
2425
2424
15274
2421
2417
15269
2416
2414
2410
15259
2406
2405
15254
2401
2399
15251
2398
15249
2396
15247
2394
15243
2390
2388
2387
15238
2385
2381
15233
2380
2379
15228
2375
15225
2372
2369
2367
2360
2358
2353
2350
2348
2346
2345
15193
2340
2339
15188
2335
2331
15179
2326
15177
2324
15175
2322
15174
2321
2317
2315
2312
2310
15155
2302
15154
2301
2299
2298
15147
2294
2293
2292
15144
2291
2282
15132
2279
2277
15129
2276
2274
2272
2268
15120
2267
15119
2266
2265
15116
2263
2262
2258
15110
2257
2256
2255
2253
15105
2252
2251
2249
2244
15093
2240
15092
2239
2233
15084
2231
15080
2227
15079
2226
2223
15075
2222
15074
2221
15073
2220
15070
2217
2216
15065
2212
15064
2211
15060
2207
2205
2201
15051
2198
15047
2194
15046
2193
15044
2191
15038
2185
2182
2179
15027
2174
15026
2173
15022
2169
15016
2163
15015
2162
2161
15011
2158
15003
2150
15002
2149
2144
2141
2140
14992
2139
2134
14986
2133
14984
2131
14980
2127
14979
2126
14978
2125
14973
2120
14969
2116
14965
2112
14959
2106
2105
14957
2104
14951
2098
14946
2093
2090
14928
2075
14925
2072
2070
2068
14916
2063
2058
14910
2057
14908
2055
2051
14903
2050
14898
2045
14893
2040
2036
2033
2030
2025
14873
2020
14870
2017
14868
2015
14863
2010
2003
14854
2001
14852
1999
1998
1994
14844
1991
14838
1985
14833
1980
14832
1979
14831
1978
14830
1977
1974
14824
1971
1970
14821
1968
14818
1965
1961
14813
1960
1958
1957
1955
14805
1952
14799
1946
14794
1941
14784
1931
1929
1928
14780
1927
1926
1925
14770
1917
14766
1913
14763
1910
1908
14759
1906
14756
1903
14753
1900
1898
1896
1885
14737
1884
1883
14734
1881
14733
1880
14731
1878
1872
14722
1869
14721
1868
1863
14714
1861
1860
14710
1857
1846
14698
1845
1842
1839
1837
1836
14685
1832
14684
1831
14678
1825
14676
1823
14674
1821
14673
1820
14672
1819
1815
1814
1813
14661
1808
14660
1807
14659
1806
14656
1803
14653
1800
14652
1799
1798
1794
1789
1788
14637
1784
1782
14632
1779
14629
1776
1773
14625
1772
14624
1771
14623
1770
14619
1766
14616
1763
14613
1760
1758
14610
1757
1754
14604
1751
14603
1750
14598
1745
14597
1744
1743
1740
1738
14590
1737
1736
14587
1734
14584
1731
1728
1724
14575
1722
14574
1721
1717
14569
1716
14568
1715
14564
1711
14562
1709
14561
1708
1703
1701
1700
14551
1698
14549
1696
1685
14537
1684
1678
14530
1677
1663
14513
1660
14510
1657
14508
1655
14507
1654
14506
1653
14504
1651
14501
1648
1640
14491
1638
1635
1634
14485
1632
14482
1629
1627
14476
1623
1617
14468
1615
1613
14465
1612
1610
1609
1606
14458
1605
1604
1595
14444
1591
1583
1580
14428
1575
1570
1564
14415
1562
1559
1558
14407
1554
1552
14404
1551
14402
1549
1547
14392
1539
14391
1538
1537
14385
1532
14383
1530
1527
1526
1520
14371
1518
14368
1515
14364
1511
1508
14360
1507
14359
1506
1503
14355
1502
14352
1499
1493
1489
14340
1487
1481
1479
14330
1477
14329
1476
1475
14327
1474
1470
14319
1466
14307
1454
1452
14302
1449
14298
1445
1443
1442
1441
14290
1437
1430
14274
1421
14273
1420
14271
1418
1416
1415
14264
1411
1408
14256
1403
1401
14249
1396
14248
1395
1392
1387
14238
1385
14232
1379
1376
1373
1372
14220
1367
14219
1366
14213
1360
1357
1355
14204
1351
14203
1350
14195
1342
14191
1338
14189
1336
14185
1332
1328
14176
1323
14167
1314
1311
14157
1304
14149
1296
1295
1293
14143
1290
1288
14136
1283
14134
1281
14133
1280
14132
1279
1275
1274
14126
1273
1271
1268
1266
14117
1264
1262
14114
1261
1258
14108
1255
1253
14104
1251
14101
1248
1245
14097
1244
1241
14091
1238
1237
1232
1231
14082
1229
1227
1226
14065
1212
14064
1211
1209
1204
14056
1203
1201
14052
1199
14050
1197
14049
1196
14047
1194
14046
1193
14044
1191
14040
1187
1186
1184
1181
14029
1176
1168
1158
14009
1156
14006
1153
13997
1144
1136
13988
1135
13986
1133
13983
1130
13982
1129
13979
1126
1125
13973
1120
1119
13966
1113
1112
13960
1107
13957
1104
1102
13953
1100
13947
1094
1092
13940
1087
1079
1078
13928
1075
1072
1070
1058
13908
1055
1054
1051
13901
1048
1047
1043
1040
1037
13888
1035
13884
1031
1027
1026
1025
1024
1020
1016
13866
1013
13864
1011
1006
1000
13852
999
13851
998
13848
995
13847
994
13845
992
13844
991
13840
987
986
13831
978
967
965
964
13810
957
13802
949
13796
943
13791
938
13771
918
13770
917
13768
915
13766
913
912
13761
908
13760
907
13759
906
894
13746
893
892
890
13738
885
13731
878
13728
875
13727
874
873
870
866
861
13712
859
13711
858
13710
857
842
841
13689
836
833
13685
832
13683
830
829
13679
826
13674
821
812
13662
809
801
13652
799
13649
796
13644
791
13643
790
13642
789
13640
787
13634
781
776
13627
774
769
13613
760
13604
751
13589
736
13584
731
729
13581
728
13578
725
721
13571
718
717
716
714
713
13565
712
710
709
706
13558
705
702
13552
699
698
13538
685
13531
678
675
13526
673
671
13523
670
13522
669
13520
667
13513
660
654
651
642
636
13488
635
13487
634
13484
631
13483
630
13480
627
613
612
13464
611
13459
606
604
601
13453
600
13450
597
13445
592
13443
590
586
585
13433
580
13432
579
13417
564
559
558
557
13402
549
13401
548
546
13394
541
13385
532
530
13378
525
518
13368
515
13363
510
505
504
503
498
13349
496
13348
495
492
485
13335
482
13333
480
475
13327
474
13322
469
468
466
460
13310
457
13309
456
13307
454
452
13303
450
13299
446
13297
444
441
434
13281
428
13277
424
13276
423
13272
419
13269
416
13266
413
13265
412
13264
411
409
407
406
13257
404
13254
401
400
13251
398
397
13247
394
13246
393
392
13244
391
390
386
13232
379
377
13229
376
375
372
13206
353
352
349
13190
337
13189
336
13188
335
13187
334
333
13185
332
13180
327
325
321
320
13171
318
315
312
13164
311
310
13158
305
13155
302
297
13145
292
289
287
13133
280
276
13128
275
13123
270
13119
266
13118
265
13115
262
260
13111
258
13108
255
13107
254
13105
252
248
13099
246
244
13095
242
13085
232
13084
231
13081
228
226
222
216
13066
213
13063
210
13061
208
13059
206
13055
202
196
13040
187
13038
185
175
13025
172
13023
170
13021
168
13015
162
159
13004
151
149
13001
148
13000
147
12999
146
138
12981
128
12976
123
12973
120
112
12962
109
12959
106
12955
102
12954
101
99
12947
94
85
76
12927
74
68
12920
67
12917
64
61
12912
59
12911
58
53
12898
45
12891
38
12888
35
12887
34
12884
31
29
12879
26
21
15
12865
12
12864
11
10
7
17605
4752
11173
4767
5784
18637
6272
5457
11878
14748
1895
16480
3627
16469
5257
11678
17650
4797
11218
9857
6613
19466
5102
11523
1914
306
6727
802
16858
4005
13610
757
7167
20020
20031
7178
13556
703
19966
16804
3951
10372
16789
3936
10357
1594
13549
274
6684
19537
13157
304
19578
6725
16361
9955
14202
1349
6215
1424
8245
18478
18519
5666
15617
2764
3763
16616
16657
3804
886
7296
20149
2215
8636
15101
2248
18062
5209
243
19517
6664
4918
4903
11324
16797
3944
15245
2392
13583
726
7136
19989
10389
15889
3036
9457
3025
15878
20672
6186
19039
6227
5248
17939
5086
11507
14615
1762
18583
5730
14200
4818
15584
2731
2720
15573
2761
6839
6037
18890
16540
3687
10108
13352
499
6920
14934
2081
8502
2376
779
16985
4143
13137
284
273
13126
13122
269
19532
3478
16320
12332
14154
1301
7722
4492
13407
554
19828
6975
10178
11619
14024
1171
14013
19706
6853
11560
15191
2338
16755
3902
10323
16729
13369
516
19790
6937
531
16557
3704
10125
11230
9970
2698
9119
14757
1904
8325
14746
13088
235
224
13077
3468
21089
18748
5895
5854
18707
13740
887
8854
14158
1305
1294
14147
14188
1335
15821
2968
12577
13762
909
20172
8901
3135
9571
3165
4531
10952
14381
1528
20802
7949
11152
12756
1103
13956
13601
748
13590
13631
778
10387
11930
13550
697
5518
16386
3533
3696
10074
11265
1656
16142
3289
17995
5142
15529
2676
2665
15518
13951
17376
4523
10944
5206
18048
16745
3892
3881
16734
5555
8758
15205
2352
17520
4667
11088
4641
17494
18341
5488
4967
4940
11361
14605
1752
5684
12090
15334
2481
15310
2457
8878
3547
16400
9994
178
6599
4214
970
13823
925
13778
15452
2599
9020
20166
2870
2062
14915
14956
2103
2960
12500
2918
18965
6112
15072
2219
2208
15061
15330
2477
8898
12101
13733
880
7301
895
4913
14548
1695
8116
15103
2250
3770
16623
13446
593
19867
7014
1523
14365
238
13091
6670
180
6590
19443
16275
3422
9843
13046
16841
3988
7387
17037
4184
10590
4169
7635
20488
12548
6133
12968
115
104
12957
13882
1029
1018
13871
7435
19464
6611
4981
11402
16282
3429
6080
6779
19632
12456
6035
4028
10449
17708
4855
4801
5535
5524
18377
16839
3986
16773
3920
16762
16081
3228
3213
9634
2440
711
7121
19974
16812
3959
15260
2407
19254
6401
5219
12732
16833
3980
3939
16792
11965
13639
786
756
745
13598
16827
3974
10395
6407
3204
16033
3180
9601
971
13813
13854
1001
16998
8410
21263
12544
15788
2935
184
3372
9793
4079
16921
16947
4094
10515
13729
876
865
13718
13744
891
7312
6017
18870
3334
4570
13182
329
344
6765
3562
5189
18042
14880
2027
8448
5065
5054
17907
13106
253
6674
961
3446
3435
16288
8303
15711
2858
2847
15700
17314
4461
10882
4595
11016
17481
4628
1851
16703
688
658
13500
15150
2297
8718
5545
15180
2327
8748
12394
4379
10800
16390
3537
21170
14790
1937
8358
3337
3326
16179
13017
164
7702
20555
14145
1292
1337
12205
2596
4220
17028
4175
19837
6984
19873
7020
13329
476
11655
1557
1546
14399
16004
3151
3140
15993
14473
1620
4808
11229
763
13605
4041
8832
14609
1756
21030
8177
5202
21217
9984
14786
1933
1922
14775
1918
8328
21181
14001
1148
20422
7569
5972
5931
18784
12378
14936
18177
5324
18166
533
522
13375
16619
3766
2119
14972
3805
16628
3775
3764
16617
602
13875
1022
4195
13030
177
6598
4566
13490
637
12781
3131
15984
3142
11184
4778
17619
4766
11187
3969
10390
11987
15231
2378
8799
7898
20751
2844
15686
18889
4507
6158
15817
2964
3713
10134
537
6958
14952
13092
239
16325
3472
9893
8219
21072
18628
12207
1067
7488
12141
8460
14907
2054
8475
659
7080
13486
11862
1879
14732
14743
1890
1920
7475
20328
10719
15786
6136
18989
14032
14043
1190
1220
10829
19712
6859
471
13336
483
13306
453
442
13295
9178
5975
15938
3085
15968
3115
3118
9539
12643
6222
18233
5380
18222
15045
2192
8613
14299
1446
7867
13048
195
13003
150
6560
19413
10601
3768
16606
3753
10174
4389
7095
13542
689
3856
13241
388
17978
5125
11546
8302
21155
1892
6213
15833
2980
15822
17332
17343
4490
591
19850
6997
18140
18909
6056
9259
4056
10477
13706
853
7274
13721
868
923
13776
13772
919
7329
20182
16975
4122
16964
111
12964
15246
2393
15235
4839
11260
4815
1687
12561
6155
1015
1004
13857
17637
4784
950
939
13792
980
5490
5550
11971
2347
16707
13530
677
7098
13536
683
15169
2316
8737
18387
5534
2271
2260
15113
8692
2286
8707
1608
20871
15348
2495
8916
13799
946
5341
18179
5326
11747
15578
2725
8523
5305
11726
16781
3928
10349
740
8699
1536
7946
20799
1581
6322
19175
18437
5584
12005
14913
8492
14909
2056
2041
8451
21304
2542
14592
1739
142
5948
18801
2771
9192
12395
18485
5632
12053
18518
5665
12933
80
3283
12989
136
19410
6557
3509
9930
6677
19530
6688
18558
5705
18547
4806
11227
4821
3185
9606
19215
17187
4334
9973
3552
16656
3803
16645
11057
4651
4621
12805
3166
3155
16008
17113
10692
17098
181
13034
3230
16072
6526
105
8337
8326
21179
14769
1916
5119
1875
14728
17930
5077
11498
15271
2418
54
3242
9663
12862
9
6419
19272
28
12881
6460
3567
3597
4927
14532
1679
8089
20942
103
6524
16144
3291
16133
12941
88
77
12930
16159
3306
9727
12971
118
1649
4852
17694
5301
5268
11689
8445
21298
5283
12596
6175
18871
6018
18860
15698
2845
20534
7681
13323
470
459
13312
16515
16541
3688
10109
19700
3730
16553
3700
16542
18103
5276
11697
5076
14696
1843
1097
17617
4764
11185
17591
13403
550
13392
15949
3096
9517
4726
14042
1189
14031
1219
12926
73
14523
1670
20888
4843
20856
8003
11206
14988
2135
8556
18206
5353
2600
3570
15946
3093
3082
15935
15658
2805
14061
1208
19065
6212
15862
3009
10982
1343
7753
20606
19457
6604
153
6563
19416
14469
1616
17702
4849
17687
4834
11255
1433
2702
15555
2713
1140
20414
7561
1173
1162
14015
4365
17218
16903
4050
13815
962
20236
7383
10877
4471
18106
5253
11674
5482
18324
18365
5512
19236
6383
11071
14300
1447
20721
7868
17488
4635
4624
17477
12325
14977
2124
2113
14966
2154
18725
5872
12293
12278
5846
18699
5795
18648
2780
9201
12404
5912
18765
12359
20439
7586
17236
4383
1694
4811
17664
4822
11243
75
12928
12939
86
13691
838
7248
20101
13325
472
461
13314
13355
502
13340
487
6897
19750
6908
1828
3796
1667
20941
8088
17723
4870
11291
5194
2453
15295
13372
519
13361
6973
552
10161
3729
16582
10191
11379
18209
5356
8559
3693
3682
16535
6911
479
13332
16813
3960
10381
722
13575
13586
733
7154
2973
19059
6206
12627
15871
3018
6053
9271
2850
3016
12625
19072
6219
14236
1383
20657
7804
1398
16672
3819
616
6882
16574
3721
13341
488
13330
20491
7638
4411
10832
17297
4444
13082
229
16255
3402
16244
4533
17401
4548
10969
14183
1330
1319
14172
16652
3799
555
13408
14989
2136
2151
8572
16585
13423
570
10179
3000
2989
15842
19026
6173
19015
12609
18256
5403
11824
8621
2189
15042
16168
3315
14314
1461
1450
14303
17574
4721
4845
4875
1672
87
19361
6508
3760
16613
19370
6517
4584
11005
4617
1247
15664
2811
9232
9247
15679
2826
17243
4390
10811
7567
20420
1157
881
8629
18204
5351
5366
11787
12946
17787
4934
12650
15148
2295
18336
5483
11904
7522
1101
13924
1071
13913
20265
7410
2568
8989
5289
2101
8522
2086
8804
15236
2383
17428
4575
10996
17413
4560
4608
17446
4593
11014
1911
14764
16369
3516
16339
3486
16328
9907
6704
9892
10076
4936
17789
4947
14582
1729
20992
14612
1759
8180
1774
8968
2547
8953
1596
8006
20859
1085
14416
18622
5769
15419
2566
5728
18581
5098
4894
17747
1691
14544
4938
11359
2283
13440
587
19861
7008
13103
250
19524
6671
2584
14207
1354
20628
7775
14211
14222
1369
2991
15844
3002
14288
1435
14243
1390
20653
596
7006
19859
14336
1483
20757
7904
11107
14438
1585
4788
11209
16790
3937
10358
16779
15226
2373
8794
3559
9980
13224
371
13179
326
19589
16747
3894
10315
13533
691
15851
2998
9419
15840
15881
3028
9449
9452
16680
10259
3853
3823
16665
4290
17132
12341
12133
15336
13774
921
7342
17816
4963
17801
4948
11369
139
16195
3342
9763
13476
623
7033
19886
668
19967
13546
16775
3922
10343
16749
18363
5510
11931
18429
11235
14464
1611
20885
8032
806
11767
18232
5379
15029
2176
16433
3580
13200
347
13742
889
13709
856
7277
12361
4364
1161
13984
1131
20405
7552
15587
2734
15576
1083
7504
7493
20346
4316
10737
1128
15934
3081
9502
19161
6308
15943
3090
9511
14293
3161
16014
2069
8490
14937
2084
11693
6281
15890
4618
17636
4783
4772
17625
16039
3186
3175
16028
13461
608
19871
638
19901
17586
4733
6330
12718
9515
1996
3382
17590
4737
11125
12560
5395
2177
8598
13481
628
617
13470
5485
11906
7544
15050
2197
18223
5370
18212
15056
2203
5406
10155
13414
561
4994
17847
14697
1844
14686
21118
8265
1829
1818
14671
17156
4303
4292
17145
2643
4240
996
13849
20270
2034
5918
18771
15579
2726
9162
13977
1124
7545
7560
1139
18730
12324
4252
17094
13902
1049
7470
13891
17135
4282
9142
2721
5883
18736
5924
17168
4315
15505
2652
2641
15494
4320
10741
9144
15591
2738
3649
10070
16517
3664
431
420
13273
14872
2019
2008
14861
18105
5252
1659
8080
1674
12140
15354
2501
15343
18462
5609
18432
5579
4012
2152
2137
8558
5310
18152
11746
1352
15775
2922
15764
12531
6084
18937
2907
9328
5078
7250
20103
840
2536
19460
6607
14669
1816
8211
21064
8222
19232
9623
9650
12894
41
17363
1316
14169
10975
42
27
19290
12925
72
8137
20990
4945
11366
7518
20371
1138
20412
7559
17510
4657
14322
1469
7890
8983
15404
12982
129
6550
16200
3347
16170
3317
9738
14617
1764
14606
11418
348
6769
363
19637
6784
4042
2143
14955
18128
11758
18190
5337
14961
5906
15526
2673
15515
18726
5873
12294
18897
6044
12465
12450
1618
1607
14460
14214
1361
4564
9379
15811
2958
5849
15469
2616
15458
2655
9076
12279
17453
4600
11021
14235
1382
1371
14224
7792
20645
7993
20835
14425
1572
14440
1587
1576
14429
4820
14233
1380
6094
18947
1513
4716
17554
4701
11122
19157
6304
15924
3071
3060
15913
794
13647
13658
805
4164
4153
17006
445
10054
19678
6836
11618
8430
14862
2009
8419
21272
3606
10027
4634
11055
9936
17998
5145
14754
20925
5233
11654
9026
2620
5801
18654
5831
18684
5842
15507
2654
9075
16531
3678
10099
5815
18668
18679
5826
5856
15476
2623
2612
15465
19624
6771
3568
2044
8465
3083
9504
12707
10028
4735
17511
17552
4699
14397
1544
17600
4747
14320
14855
2002
12411
18858
6005
5810
18663
19306
6453
12885
32
3205
3809
16651
16653
10232
13431
578
6988
19841
9670
12899
46
19320
6467
16117
3264
4611
11032
7844
14291
1438
17347
4494
9210
15642
2789
7580
14016
1174
17219
9558
6314
19167
4372
9249
3808
10229
12069
2460
4061
13741
888
20162
7309
10794
10779
17200
14008
1155
20429
7576
9085
13926
1073
20347
7494
5320
5309
18162
12883
30
12872
6451
3248
9669
13597
744
10922
17354
4501
528
6938
19791
3776
13396
543
9733
16180
3327
6534
19387
12977
124
6575
13022
169
4491
12476
13233
380
14797
1944
8365
15670
2817
9238
15626
12438
2118
14971
10956
14622
1769
21032
4987
17829
16175
3322
3311
16164
19408
6555
11705
5273
18126
21329
14949
2096
14938
8517
15009
2156
6331
19184
6372
14700
1847
5035
11456
11429
12747
6016
18869
18910
6057
3299
3288
16141
126
16218
3365
3350
9771
16188
3335
16177
13331
478
467
13320
8529
14976
2123
16194
3341
16183
1127
7492
20345
1082
12869
16
19275
6422
4537
17379
14187
1334
14142
1289
7699
20552
9083
6180
15830
2977
9398
5419
5389
18231
14820
1967
4541
17383
10962
20627
7774
14206
1353
7778
20631
14221
1368
10977
21041
8188
17754
4901
11322
1683
20957
8104
17739
4886
11307
119
18009
5156
11577
8374
1183
8729
2308
15176
2323
15550
2697
15539
13087
234
19508
6655
16290
3437
9858
9340
15772
2919
12543
8456
21309
16595
3742
449
13291
494
16550
3697
15973
3120
9541
12744
19694
6841
10044
435
3647
6434
19287
6479
19332
12922
69
9617
1555
14408
6176
12597
14209
1356
14179
1326
14168
4085
16927
10506
13720
867
1285
4473
10894
1270
14112
7691
2078
8499
3192
6395
19239
6386
3183
14479
14490
1637
20896
8043
14475
1622
11231
4795
18523
5670
12076
8873
2386
15239
12051
5630
5615
12036
2092
8513
2107
8520
84
12967
114
10876
17308
4455
14649
1796
8206
21059
14840
1987
1976
14829
18058
5205
11626
507
6928
3725
17253
4400
10821
20430
1167
1152
20426
7573
4340
4329
17182
10749
4343
4313
17861
17823
4970
9860
16292
3439
13104
251
16277
3424
19390
6537
12969
116
71
6481
19334
13645
792
7213
10416
3995
13678
825
17513
4660
11081
14325
1472
20731
7878
2587
18673
5820
17556
4703
14338
1485
7906
6250
19103
12682
6261
5105
8312
21165
14755
1902
8308
1887
16815
3962
735
20009
7156
5236
11657
14135
1282
7703
17323
4470
17312
4500
14
19277
19288
6435
19318
6465
13793
940
7361
12254
15498
2645
11945
2318
13942
1089
4277
10698
2766
15619
2777
12431
18863
6010
12416
14255
1402
1391
14244
17473
4620
11041
12641
9453
3032
383
6793
19646
16968
4115
13724
882
10491
3007
19052
6210
9856
18360
5507
2304
15100
2247
15089
3910
13393
540
6961
6965
19818
10209
20860
8007
1036
7446
20299
11286
17718
4865
2395
1522
14375
20822
7969
1548
4853
12838
16317
3464
5061
5031
17873
20798
7945
14377
1524
7919
20772
20783
7930
14362
1509
4742
11163
5092
11513
3005
9426
18029
5176
973
13826
13837
984
20297
7444
4226
4215
17068
10647
1008
20282
7429
7418
20271
12397
18829
5976
5965
18818
15596
2743
12382
11197
17629
4776
16780
3927
3916
16769
739
7160
3006
9427
15848
7913
1492
14315
1462
14304
4680
11101
1787
15166
2313
8749
15181
2328
5531
15638
2785
9206
6003
10483
4538
10959
12556
15785
2932
9353
2947
19218
6365
3132
13568
715
16786
3933
13805
952
941
13794
7347
20200
7358
13775
922
911
13764
17607
4754
11175
17374
14212
1359
17841
4988
4977
17830
11424
6002
2769
18964
6111
12517
2893
9314
2535
15377
6554
19407
13042
189
18443
5590
12011
15255
2402
11730
8569
2148
18189
5336
18178
1989
5192
11087
1463
7884
3727
4631
13841
988
20251
7409
4969
17811
17852
4999
5575
9268
15690
2837
6040
2822
9243
10454
4022
16875
4063
8890
4984
3333
1802
11411
10190
551
2492
8913
14163
1310
12161
14857
2004
368
6733
19586
338
13699
846
835
13688
18612
5770
2567
19998
7145
19987
754
7175
1364
20638
7785
7613
2475
8896
5708
5667
18520
16347
3494
3479
9900
13114
261
16222
3369
16211
9805
547
13389
6957
19810
13442
589
7010
10213
16630
3777
10198
13427
574
6995
19802
6960
3787
19843
6990
1830
7255
20108
13698
845
13668
815
13657
16871
4018
3741
16594
15312
2459
8880
15297
2444
15286
4953
17806
17817
4964
12993
140
6561
13026
173
143
132
12985
1080
7501
13948
1095
7516
16913
16924
4071
10558
4137
2606
14879
18108
5255
11676
365
19628
3613
16287
3434
16272
3419
9840
1239
1228
14081
17
3190
9611
14022
1169
7590
259
6680
7916
14333
1480
17525
6242
19095
2727
15569
5945
12366
14201
1348
20611
1393
4266
13916
1063
13905
17104
4251
10672
13886
1033
4961
17814
17855
5002
12893
40
19303
9694
2574
15397
2544
18589
5890
18743
12352
14324
1471
20745
7892
1732
8142
20995
8198
1777
17839
4986
14636
1783
17869
5016
19499
4482
17335
10914
15167
2314
18370
5517
408
13231
378
13220
16464
3611
10272
6966
2142
8563
2175
13365
512
13354
497
19760
13395
542
6073
3458
9879
214
13067
6635
19488
13117
264
13132
279
6700
16309
2913
5226
2023
14846
1993
14835
5166
18008
16488
3635
402
6823
16473
3620
13270
417
16756
3903
10309
7171
7141
7130
19983
13618
765
3182
9934
9919
16340
295
6716
17707
4854
11275
14489
1636
14478
20884
1666
20929
9310
15742
2889
6092
5706
18559
5717
12153
5439
5409
6891
19744
17175
16149
3296
9732
14594
1741
4944
17827
4974
15464
2611
20451
19496
233
13120
13131
278
3440
16293
16304
3451
11524
930
16971
4118
16960
10539
2869
15549
2696
2685
15538
5888
18741
19128
6275
16842
3989
10410
4794
7997
7956
20809
1410
20684
7831
511
6932
13353
10150
15025
7062
19915
13505
652
622
3825
16667
10276
3855
3840
13708
855
20129
7276
4043
16885
13829
976
4476
17318
663
19937
7084
11345
4924
133
17736
4883
5075
16605
13413
560
19823
605
15204
2351
8772
15219
2366
9322
18972
6119
13725
872
13409
17866
5013
11434
14648
1795
14395
1542
20786
7933
1501
14354
20775
4760
17598
4745
11166
12942
89
13914
1061
7471
20324
13918
1091
7512
4294
10715
17031
4178
13787
13184
13195
342
16387
16413
3560
9981
3972
3961
16814
4002
4325
17163
4310
10731
12297
7232
20085
13690
837
16893
4040
13660
807
20070
852
16878
4025
4014
16867
16438
3585
10006
16874
4021
10442
13671
818
7239
13806
953
7374
3751
16593
2657
15480
2627
14950
2097
5270
942
7106
19959
13285
18011
14834
1981
8402
1009
20283
7430
4227
15683
2830
14875
2022
2011
14864
14860
2007
8428
1992
8413
11354
4933
5120
15403
2550
5742
18595
18606
5753
421
19695
6842
13263
16492
3639
10060
6857
13493
640
13482
13508
655
7076
16711
3858
10279
3832
16685
5107
17949
11543
14742
1889
8299
21152
14070
20502
7649
10852
4446
5394
11815
15059
2206
13425
572
19835
6993
3748
2243
8664
2228
7466
13898
1045
15033
2180
2210
18549
5696
12102
15316
2463
8884
15305
18688
5835
9053
2632
6256
5548
11969
18416
5563
13843
990
979
13832
13828
975
20249
7396
9336
2915
9321
127
3059
9480
6079
18932
14326
1473
7894
4661
17503
14621
1768
277
6698
16318
3465
16307
2537
9009
17447
4594
11015
4579
11030
17462
4609
12289
309
6730
13147
294
13136
282
13124
6703
13519
666
19498
6645
3412
16254
13702
849
13672
819
13661
9875
3011
9432
12620
19041
15879
3026
2049
8459
21312
18139
5297
15548
2695
13160
307
19570
403
20153
7300
16939
10518
16950
4097
4031
16873
13620
767
20030
9287
12490
16316
3463
3415
16257
13050
197
227
6637
19490
6648
9851
3604
10025
8390
1969
5172
70
6480
19333
17593
4740
4710
15142
8721
13700
847
7268
862
4035
16877
13451
598
7019
14002
1149
10758
18811
5958
15593
2740
9161
10162
523
19786
14118
14129
1276
5218
16731
3878
3837
16690
17860
5007
17819
12085
10951
4393
4378
10799
18423
5570
11991
12006
18438
5585
15721
2868
9289
2842
15695
13234
381
19655
6802
19670
6817
13249
396
211
9624
13054
201
6622
9825
17338
4485
4103
16956
16967
4114
16952
4099
16941
10520
20185
7332
4084
595
19869
7016
13418
565
3813
5634
12055
18472
5619
5608
18461
5082
3
12815
12800
19221
17455
4602
4591
17444
13650
797
827
16853
4000
3148
12031
9995
6751
19604
356
6766
19619
345
13198
11191
15978
3184
9590
14171
1318
20592
7739
10927
9913
16345
3492
3462
19477
17936
5083
17921
5068
11489
17906
5053
11474
14350
1497
13362
509
13788
935
20209
7356
4138
10559
6208
12599
6167
19020
14131
1278
20541
4511
10932
4714
1644
8054
20907
11696
18415
5562
5551
18404
212
15315
5695
18548
16935
4082
6519
9722
13199
346
6767
16406
3564
13212
13223
370
16447
3594
16441
3588
10009
12988
135
3338
78
6499
17177
4324
4309
10730
13207
354
6760
1419
7840
20652
1389
4768
1565
17606
4753
11174
14403
1550
1505
7926
1494
14347
20768
2687
5998
18851
12445
8481
8470
21323
15160
2307
18694
5841
1216
7626
20479
20520
7667
3882
17123
4270
360
6781
19623
3608
10014
17795
4942
11363
10636
20245
10621
4189
17042
18296
5443
11864
5476
21206
14796
1943
5131
11552
12406
18838
5985
4121
15396
2543
15385
8964
5720
18573
6309
3076
9632
12850
19271
6429
16094
3241
9662
12876
23
13906
1053
7474
16002
3149
5692
2489
15265
5656
12109
5688
1012
13881
1039
3212
12821
6278
12699
4196
11634
422
19696
6843
15339
2486
8907
5689
12110
2509
15351
3100
9521
20951
20962
8109
1688
11297
6496
3293
20713
7860
1439
17495
4642
19827
6974
16639
3786
13379
526
10135
3699
2365
18526
5673
12079
2497
7656
1235
7671
14103
1250
17255
4402
1223
20497
7644
1775
21049
8196
4993
11414
3247
3277
15283
8862
14017
1164
1134
13976
10788
17209
17220
4367
15659
2806
12415
12733
6301
19154
17911
5058
11479
5073
5897
18750
5908
12314
3147
15989
1822
8243
11446
1792
21055
7853
1406
14259
15882
3029
9450
3014
15856
5782
18624
4327
12100
15114
2261
5371
1182
7603
1137
7547
20400
16852
3999
10420
811
10435
10396
13595
742
7163
20005
772
7193
16559
3706
16544
3691
10112
16514
3661
16503
473
6894
18727
5874
2671
5430
11851
14552
1699
8120
14223
1370
10979
14424
1571
1560
14413
14398
20819
12848
19269
12859
6
51
12737
6863
2341
2330
15183
2204
8625
5437
646
5392
11813
8610
19576
17849
4996
11417
3459
9880
241
13083
13109
256
3275
9696
2946
9367
2931
9352
11315
9629
3197
16050
3238
15062
2209
8630
11833
5421
11842
5436
1428
7834
4601
11022
62
16118
3265
3381
14571
1718
1707
14560
8483
9485
3064
17074
4221
7439
14414
1561
19645
3586
9058
18708
5855
13292
439
19702
13337
484
1945
14787
8355
21208
6868
447
16673
3820
2190
8611
15020
2167
8588
20754
7912
17562
4709
15808
2955
9376
15823
2970
9391
9481
12669
8140
20993
16213
3360
13846
993
20267
7414
13835
10035
1468
4630
17483
12692
5368
18210
15048
2195
12701
15915
3062
9483
3051
15904
2109
8530
17250
4397
17239
17531
4678
7881
12267
12282
17159
4306
10361
3940
17988
5135
11556
7857
14289
1436
17492
4639
1852
14694
8288
13781
928
20191
17904
5051
4130
10714
4267
17120
17131
4278
21060
8207
6513
81
12934
66
12919
2699
12292
2668
9089
10659
7415
20268
14095
1242
10824
13529
7097
19950
3935
17885
5032
11453
5017
11438
13093
240
6661
6584
19437
13016
16750
10329
82
16123
3270
9691
13510
657
17157
4304
10725
10893
3410
3395
9816
9774
16221
3368
14895
2042
8463
14865
2012
8422
21275
17467
4614
4644
820
13673
20105
7252
816
4019
16861
16965
4112
10533
17016
4163
18780
5927
2733
2290
8711
17024
9072
2651
12245
18677
5824
5813
18666
12642
15919
3066
9487
19096
15979
3126
9547
11883
5462
18346
5493
2242
5460
11881
18302
3646
3631
10052
14665
1812
8233
14680
1827
6531
14953
2100
15332
13782
929
20233
7380
13812
959
20189
4706
1482
11121
462
13304
6883
10110
14906
2053
8474
9596
16017
17614
17942
5089
11510
17927
5074
4401
1254
1221
7642
16951
4098
10519
19903
7050
10268
16700
3847
19426
12009
15212
3997
764
753
13606
5106
11527
5121
15997
8617
11835
5414
10238
3817
18330
5477
16674
594
7004
19857
18205
5352
11773
9254
6021
2818
2807
15660
2792
15645
9224
12427
2121
8542
18124
17261
17272
4419
17302
4449
17372
4519
17361
14199
1346
16173
3320
16162
19391
6538
15023
2170
16620
3767
20027
7174
13621
768
10864
9300
15732
2879
1963
8384
14801
1948
430
6840
19693
6134
18096
5243
5246
11667
8423
21276
324
19587
15513
2660
16462
3609
14719
1866
14708
3528
9949
16834
3992
759
10924
4503
4488
17330
20574
7721
18074
5221
2018
303
13156
299
6709
19562
6720
899
14083
1230
7651
7636
4433
13380
568
15039
2186
8607
14150
6099
6088
18941
15749
2896
15608
2755
9176
9804
3383
13009
156
12998
898
15410
2557
8978
5734
18587
17029
17055
4202
10623
18608
20253
7400
15256
2403
18459
5606
13011
158
188
10486
18492
5639
12060
18507
5654
4512
4527
17369
10948
12944
91
1313
20576
4546
10967
14161
16993
4140
6404
19257
12836
12230
18611
5758
18600
8961
13456
603
7024
10242
16650
3797
11211
4805
14455
1602
17649
4796
1143
13919
5934
9128
4926
11347
3329
9750
18968
6266
19042
6799
19652
3637
10058
15380
2527
13807
954
20228
7375
17010
4157
10578
13838
8939
5722
18575
15398
2545
8966
5778
12184
5748
5737
18590
7335
13767
914
10529
16961
4108
14817
8426
2005
13219
366
6787
16422
3569
9990
15324
2471
13754
901
4104
20151
7298
14884
2031
21294
9472
16844
3991
10412
4006
788
7209
16802
3949
10370
16791
13608
755
7165
20018
3095
20134
7281
4054
10475
10767
17188
9479
9494
15926
3073
12538
9377
15809
2956
1317
7727
20580
2986
2971
9392
6174
6163
19016
12595
13501
648
582
7003
13424
2032
14885
2626
4190
10611
12948
95
3298
19752
16359
3506
9927
12983
130
16655
3802
14588
14599
1746
19192
6339
13463
610
13452
10258
5452
11873
11888
18320
5467
13068
215
19489
6636
16256
3403
16245
16982
4129
4147
13786
13797
944
13701
848
7269
3251
16134
3281
4878
1645
8066
12124
10930
17362
4509
15726
2873
2882
15724
6100
12521
12506
18938
6085
18927
2891
15733
12572
6151
13029
176
13018
18054
11633
12819
16063
3210
2760
15632
2790
13518
665
2229
8650
18265
18276
5423
11844
11796
11811
2237
11885
727
14924
5410
11831
18655
18705
5852
15461
20094
7241
16900
4047
10468
5671
814
803
13656
4349
18865
6012
12400
2961
9412
2952
6185
14247
1394
8706
14792
1939
8360
5157
1897
8318
14739
16371
3518
5115
12144
5738
13773
920
16973
4120
20221
7368
13800
947
20176
7323
13755
902
17774
17785
4932
1639
1628
14481
8049
20902
1669
2409
15262
2420
18491
5638
14393
1540
1529
14382
7961
14387
1534
20808
7955
19211
6358
14363
1510
17581
4728
11149
9355
15820
2967
12290
2663
18678
13125
272
6682
19535
9926
3505
12311
17102
2678
9099
18749
5896
7781
20634
12649
15920
3067
11012
14578
1725
1671
8036
20889
3235
9656
13468
615
1325
20599
7746
4585
15781
2928
9349
6105
18958
12537
2059
8469
21322
2089
8510
18130
5277
11698
2187
11751
5315
14198
1345
12623
19055
6202
1726
33
6454
6377
19230
5124
14853
15208
2355
15197
13626
773
20047
7194
13611
758
13600
16062
3209
9630
4848
7224
20955
14545
1692
14534
4925
14518
1665
14709
1856
13035
18690
5837
8949
18569
5716
11972
8754
16783
3930
10351
17207
10786
15636
2783
2768
9189
1986
5174
11595
13227
374
6795
16430
3577
9998
3610
18466
5613
12034
661
16675
3822
10243
17412
4559
10980
1341
9416
14284
1431
4307
17127
4274
10695
19809
6956
13388
535
18382
5529
3008
9429
3047
19094
6241
12593
19025
6172
15792
2939
12966
113
5915
14139
1286
14130
1277
10901
17333
4480
3683
607
16663
3810
15000
2147
13293
440
19714
6861
16487
3634
10055
18819
5966
49
6470
6459
19312
3297
12932
79
19353
6500
4384
1166
7587
14309
1456
15123
16764
3911
10332
10645
9862
217
6627
19480
19521
6668
14631
1778
2614
4144
10565
12180
5715
18568
9034
2628
8453
18940
6087
1329
7750
1299
20562
16603
3750
13415
562
19836
6983
3780
3765
10186
15021
2168
8589
12420
6032
4299
10720
7526
13636
783
7204
13651
798
20753
9655
16087
3234
7962
14430
1577
20851
7998
14419
6321
19174
17618
4765
11186
13359
506
12908
55
16111
3258
9679
573
3420
3343
16196
7206
13653
800
10382
3904
13543
3931
3946
10367
15753
160
6581
1525
3705
10126
15716
2863
15705
2580
15422
13836
983
20257
7404
13825
7393
20246
15635
14735
18744
9186
2765
13964
1111
17171
10750
5541
11962
16228
16239
3386
308
6718
19571
3541
9962
3529
1947
8368
1932
1921
14774
362
351
13204
16437
3595
3406
9827
12913
60
2978
9399
19227
6374
14370
1517
19263
6410
16049
16060
3207
7690
20532
2965
5528
11949
5543
2325
8746
7090
19943
13537
695
650
19913
14004
20410
6004
12425
2801
9222
10905
17337
4484
13217
364
6774
19627
9263
4428
17281
10860
18955
6102
18672
5819
12225
9528
10379
9861
17826
4973
12440
14075
1222
20496
7643
12434
10049
3112
3046
9467
15888
15923
3070
9491
5481
6305
12726
15227
2374
15186
8765
1983
5186
15663
2810
5159
1956
8344
14741
11538
1117
20380
1132
1121
13974
17783
4930
2530
900
20163
7321
14550
1697
20971
8118
3889
10310
7107
656
7066
19919
15173
2320
17516
4663
17486
4633
15910
3057
9463
10287
2275
15087
18355
5502
16692
3839
13154
301
286
6707
11795
8592
17436
4583
17425
17466
4613
4592
4581
17434
13628
775
13587
649
7059
19912
7070
619
19882
700
16801
3948
3698
10119
2902
7693
13910
1057
20331
7478
7463
5072
11493
245
5015
3448
6610
19463
296
12275
4281
2597
2736
15141
2288
8792
3735
12496
15412
2559
12319
2680
15522
11492
10181
179
16250
3397
9818
6588
6547
19400
7391
18680
5827
18603
3460
13917
1064
17109
15559
2706
5939
9106
15523
2670
15512
13930
7542
11610
18783
4816
3222
4199
7477
7520
13922
1069
20332
17170
4317
15558
2705
9126
17611
4758
1630
1122
7543
4382
8361
5134
11555
319
6729
19582
6740
18411
5558
17521
4668
11089
1568
11094
4673
17381
4528
17306
4453
10874
4442
17295
2184
12638
17085
4232
10653
1853
8274
1838
18318
5465
18252
5399
15257
2404
8825
15242
2389
5607
12028
8834
18493
5640
16493
3640
10061
3652
13471
618
16127
3274
293
19567
6714
16291
5112
285
6706
2942
18564
13883
1030
2232
5387
8620
11838
5432
2546
8967
20526
7673
9894
8297
14702
1849
8270
1864
17890
5037
17879
13141
288
17096
4243
1115
20320
7467
4264
4234
10655
17076
6458
19267
1631
1646
8067
1598
10470
8751
14431
1578
4133
10554
17001
4148
15416
2563
8984
3405
13821
968
14633
1780
21054
8201
10574
13995
1142
16443
3590
10011
13240
387
19661
6808
16458
3605
1172
20446
7593
11608
13547
694
664
13506
16718
19939
3924
10330
13969
1116
13958
2719
9140
6708
19561
13181
328
19602
6749
15729
2876
12485
15699
2846
5306
11727
14941
2088
14930
5618
12039
9636
12839
15616
2774
8336
14744
1891
17962
5109
11530
1519
4707
11128
17545
4692
17534
8294
18366
5513
11877
16699
18373
5520
131
14614
1761
21035
8182
9779
3423
16171
3318
100
6510
19363
12413
2781
15634
9228
1210
20484
7631
5199
11620
3370
17020
4167
12150
18571
3542
20979
8126
1720
4908
6325
19178
12772
6411
12903
50
4787
8009
20862
8020
15207
2354
18395
5542
11963
3091
19136
3624
4233
17125
4272
14505
1652
12875
22
6443
11051
1427
20701
7848
15077
2224
8645
3863
3833
13498
645
16157
3304
18802
5949
9709
1951
14793
1966
8387
14173
1320
4430
18284
5431
13496
643
2856
9277
17351
4498
12808
4757
13785
932
4213
17051
4198
10619
5828
4311
9503
4398
1195
3266
12871
18
9627
12830
7942
14443
1590
10360
15210
2357
8763
5265
11686
16512
3659
10080
12495
10898
13703
850
7271
824
13677
4662
11083
1486
7907
3632
18413
2604
9010
15595
2742
15750
2897
1363
4627
15796
2943
17781
4928
1455
16912
4059
10465
5653
5623
11249
4076
13757
904
7314
20167
14086
1233
7654
17289
4436
10857
17304
4451
7645
18513
5660
20703
682
15055
14435
12149
12155
4580
14110
1257
17303
4450
10871
15921
3068
12584
10963
4557
2930
8623
18258
5405
11826
5450
2246
1422
2356
36
12878
16092
3239
8940
5834
18687
13872
1019
20293
7440
17090
4237
13863
1010
20284
7431
12222
1263
14105
17241
4388
10809
14859
2006
8427
16219
3366
3351
9772
9141
5921
5652
4228
10649
513
16429
3576
13169
316
18244
5391
8651
14258
1405
7826
1321
14788
1935
14777
1950
8371
3015
15857
2334
4119
15375
2522
6068
12357
3246
9667
43
6464
4629
20487
7634
5207
11628
9520
17576
4723
12385
13635
782
16360
3507
14712
5381
13666
17746
4893
15448
2595
5798
4734
6328
743
13073
220
13062
9874
1588
4782
11203
12776
3919
16761
47
6457
19310
9701
2074
8495
5292
14841
1988
8409
11612
12346
18578
12172
11374
4920
17762
2959
5589
12010
4922
11740
1322
20596
7743
10557
3754
10175
5006
290
16849
3996
16838
14891
2038
18100
5247
3598
90
3359
