23669
23668
23667
23666
23665
23664
23663
23662
23661
23659
23658
23657
23655
23654
23653
23651
23650
23649
23647
23646
23645
23643
23642
23641
23639
23638
23637
23636
23635
23620
23619
23618
23617
23616
23615
23614
23612
23611
23610
23609
23608
23607
23606
23605
23604
23603
23602
23601
23600
23599
23598
23597
23596
23595
23594
23593
23592
23591
23590
23589
23588
23586
23584
23583
23581
23580
23579
23578
23577
23576
23575
23574
23573
23572
23571
23570
23569
23568
23566
23564
23561
23560
23559
23558
23557
23556
23555
23554
23553
23552
23551
23550
23549
23548
23547
23541
23540
23532
23531
23524
23523
23522
23521
23520
23519
23518
23511
23510
23509
23508
23507
23506
23505
23497
23496
23495
23494
23493
23492
23491
23490
23489
23488
23487
23486
23485
23484
23483
23482
23481
23480
23479
23478
23477
23476
23469
23468
23467
23466
23465
23464
23463
23462
23461
23460
23459
23458
23457
23456
23455
23454
23453
23452
23451
23450
23449
23448
23447
23446
23445
23444
23443
23442
23441
23440
23439
23438
23437
23435
23434
23433
23432
23431
23430
23429
23428
23427
23426
23425
23423
23422
23421
23420
23419
23418
23417
23416
23415
23413
23412
23411
23409
23408
23407
23405
23404
23403
23401
23400
23399
23397
23396
23395
23394
23393
23378
23377
23376
23375
23374
23373
23372
23371
23370
23369
23368
23367
23366
23365
23364
23363
23362
23361
23360
23359
23358
23357
23356
23355
23354
23353
23352
23351
23350
23349
23348
23346
23345
23344
23342
23341
23340
23338
23337
23336
23335
23334
23333
23332
23331
23330
23329
23328
23327
23326
23322
23319
23318
23317
23316
23315
23314
23313
23312
23311
23310
23309
23308
23307
23306
23305
23304
23303
23302
23301
23300
23299
23298
23290
23289
23288
23287
23286
23285
23284
23283
23282
23281
23280
23279
23278
23277
23276
23275
23273
23270
23269
23268
23267
23266
23265
23264
23263
23255
23254
23253
23252
23251
23250
23249
23248
23247
23246
23245
23244
23243
23242
23241
23240
23239
23238
23237
23236
23235
23234
23227
23226
23225
23224
23223
23222
23221
23219
23218
23216
23214
23213
23212
23211
23210
23208
23207
23206
23205
23204
23203
23201
23200
23199
23198
23197
23196
23194
23193
23192
23191
23190
23189
23187
23186
23185
23184
23183
23182
23180
23179
23178
23177
23175
23174
23173
23172
23171
23170
23169
23167
23166
23165
23164
23163
23162
23161
23160
23159
23158
23157
23156
23155
23154
23153
23152
23151
23147
23144
23143
23142
23141
23140
23139
23138
23137
23136
23135
23134
23133
23130
23129
23128
23127
23126
23125
23124
23122
23121
23120
23118
23117
23116
23114
23113
23112
23110
23109
23108
23106
23105
23104
23103
23102
23087
23086
23085
23084
23083
23082
23081
23080
23079
23078
23077
23076
23075
23074
23073
23072
23071
23070
23069
23068
23067
23066
23065
23064
23063
23062
23061
23060
23059
23058
23057
23056
23055
23053
23052
23050
23044
23043
23042
23041
23040
23039
23038
23037
23036
23033
23030
23028
23027
23026
23025
23024
23023
23022
23021
23020
23019
23018
23017
23016
23015
23014
23013
23012
23011
23010
23009
23008
23007
22999
22998
22997
22994
22991
22990
22989
22988
22987
22986
22985
22984
22983
22982
22980
22979
22978
22977
22976
22975
22974
22973
22972
22964
22963
22962
22961
22960
22959
22958
22957
22956
22955
22954
22953
22952
22951
22950
22949
22948
22947
22946
22945
22944
22936
22935
22934
22933
22932
22931
22930
22929
22928
22927
22926
22925
22924
22923
22922
22921
22920
22919
22917
22916
22915
22914
22913
22912
22911
22909
22908
22907
22906
22905
22904
22903
22901
22900
22899
22898
22897
22896
22895
22893
22892
22891
22890
22889
22888
22887
22885
22884
22883
22882
22881
22879
22878
22877
22876
22875
22874
22873
22871
22870
22869
22868
22867
22866
22865
22864
22863
22862
22861
22860
22859
22858
22857
22856
22855
22854
22853
22852
22851
22850
22847
22846
22845
22844
22843
22842
22841
22840
22839
22838
22837
22835
22834
22833
22832
22831
22830
22829
22828
22827
22825
22824
22823
22821
22820
22819
22817
22816
22815
22813
22812
22811
22809
22808
22807
22806
22805
22790
22789
22788
22787
22786
22785
22784
22783
22782
22781
22780
22779
22778
22777
22776
22775
22774
22773
22772
22771
22770
22769
22768
22767
22766
22765
22764
22763
22762
22761
22760
22759
22758
22757
22756
22745
22744
22743
22742
22741
22740
22739
22734
22733
22732
22731
22730
22729
22728
22727
22726
22725
22724
22723
22722
22721
22720
22719
22718
22717
22716
22715
22714
22713
22712
22711
22710
22702
22701
22700
22699
22698
22697
22694
22693
22692
22691
22690
22689
22688
22683
22681
22680
22679
22678
22677
22676
22675
22667
22666
22665
22664
22663
22662
22661
22660
22659
22658
22657
22656
22655
22654
22653
22652
22651
22650
22649
22648
22647
22639
22638
22637
22636
22635
22634
22633
22632
22631
22630
22629
22628
22627
22626
22625
22624
22623
22622
22620
22619
22618
22617
22616
22615
22614
22612
22611
22610
22609
22608
22607
22606
22604
22603
22602
22601
22600
22599
22598
22596
22595
22594
22593
22592
22591
22590
22588
22587
22586
22585
22584
22582
22581
22580
22579
22578
22577
22576
22574
22573
22572
22571
22570
22569
22568
22567
22566
22565
22564
22563
22562
22561
22560
22559
22558
22557
22550
22549
22548
22547
22546
22545
22544
22543
22542
22541
22540
22539
22538
22537
22536
22535
22534
22533
22532
22531
22530
22528
22527
22526
22524
22523
22522
22520
22519
22518
22516
22515
22514
22512
22511
22510
22509
22508
22493
22492
22491
22490
22489
22488
22487
22486
22481
22480
22479
22478
22477
22476
22475
22474
22473
22472
22471
22470
22469
22468
22467
22466
22465
22464
22463
22462
22461
22460
22459
22458
22457
22448
22447
22446
22445
22444
22443
22442
22440
22439
22438
22437
22435
22434
22433
22432
22431
22430
22429
22428
22427
22426
22425
22424
22423
22422
22421
22420
22419
22418
22417
22416
22415
22414
22413
22405
22404
22399
22397
22396
22395
22394
22393
22392
22391
22389
22387
22384
22383
22382
22381
22380
22379
22378
22370
22369
22368
22367
22366
22365
22364
22363
22362
22361
22360
22359
22358
22357
22356
22355
22354
22353
22352
22351
22350
22342
22341
22340
22339
22338
22337
22336
22335
22334
22333
22332
22331
22330
22329
22328
22327
22326
22325
22323
22322
22321
22320
22319
22318
22317
22315
22314
22313
22312
22311
22310
22309
22307
22306
22305
22304
22303
22302
22301
22299
22298
22297
22296
22295
22294
22293
22291
22290
22289
22288
22287
22285
22284
22283
22282
22281
22280
22279
22277
22276
22275
22274
22273
22272
22271
22270
22269
22268
22267
22266
22265
22264
22263
22262
22261
22259
22258
22257
22256
22255
22253
22252
22251
22250
22249
22248
22247
22246
22245
22244
22243
22242
22241
22240
22239
22238
22237
22236
22235
22234
22233
22231
22230
22229
22227
22226
22225
22223
22222
22221
22219
22218
22217
22215
22214
22213
22212
22211
22196
22195
22194
22193
22192
22191
22190
22189
22188
22187
22186
22185
22184
22183
22182
22181
22180
22179
22178
22177
22176
22175
22174
22173
22172
22171
22170
22169
22168
22167
22166
22164
22163
22162
22161
22160
22151
22150
22149
22148
22147
22146
22145
22144
22139
22138
22137
22136
22135
22134
22133
22132
22131
22130
22129
22128
22127
22126
22125
22124
22123
22122
22121
22120
22119
22118
22117
22116
22108
22107
22106
22105
22104
22103
22100
22099
22098
22097
22096
22095
22094
22087
22086
22085
22084
22083
22082
22081
22073
22072
22071
22070
22069
22068
22067
22066
22065
22064
22063
22062
22061
22060
22059
22058
22057
22056
22055
22054
22053
22045
22044
22043
22042
22041
22040
22039
22038
22037
22036
22035
22034
22033
22032
22031
22030
22029
22028
22026
22025
22024
22023
22022
22021
22020
22018
22017
22016
22015
22014
22013
22012
22010
22009
22008
22007
22006
22005
22004
22002
22001
22000
21999
21998
21997
21996
21994
21993
21992
21991
21990
21988
21987
21986
21985
21984
21983
21982
21980
21979
21978
21977
21976
21975
21974
21973
21972
21971
21970
21969
21968
21967
21966
21965
21964
21963
21956
21955
21954
21953
21952
21951
21950
21949
21948
21947
21946
21945
21944
21943
21942
21941
21940
21939
21938
21937
21936
21934
21933
21932
21930
21929
21928
21926
21925
21924
21922
21921
21920
21918
21917
21916
21915
21914
21899
21898
21897
21896
21895
21894
21893
21892
21887
21886
21885
21884
21883
21882
21881
21880
21879
21878
21877
21876
21875
21874
21873
21872
21871
21870
21869
21868
21867
21866
21865
21864
21863
21854
21853
21852
21851
21850
21849
21848
21846
21845
21844
21843
21841
21840
21839
21838
21837
21836
21835
21834
21833
21832
21831
21830
21829
21828
21827
21826
21825
21824
21823
21822
21821
21820
21819
21811
21810
21805
21803
21802
21801
21800
21799
21798
21797
21795
21793
21790
21789
21788
21787
21786
21785
21784
21776
21775
21774
21773
21772
21771
21770
21769
21768
21767
21766
21765
21764
21763
21762
21761
21760
21759
21758
21757
21756
21748
21747
21746
21745
21744
21743
21742
21741
21740
21739
21738
21737
21736
21735
21734
21733
21732
21731
21729
21728
21727
21726
21725
21724
21723
21721
21720
21719
21718
21717
21716
21715
21713
21712
21711
21710
21709
21708
21707
21705
21704
21703
21702
21701
21700
21699
21697
21696
21695
21694
21693
21691
21690
21689
21688
21687
21686
21685
21683
21682
21681
21680
21679
21678
21677
21676
21675
21674
21673
21672
21671
21670
21669
21668
21667
21665
21664
21663
21662
21661
21659
21658
21657
21656
21655
21654
21653
21652
21651
21650
21649
21648
21647
21646
21645
21644
21643
21642
21641
21640
21639
21637
21636
21635
21633
21632
21631
21629
21628
21627
21625
21624
21623
21621
21620
21619
21618
21617
21602
21601
21600
21599
21598
21597
21596
21595
21594
21593
21592
21591
21590
21589
21588
21587
21586
21585
21584
21583
21582
21581
21580
21579
21578
21577
21576
21575
21574
21573
21572
21570
21569
21568
21567
21566
21557
21556
21555
21554
21553
21552
21551
21550
21545
21544
21543
21542
21541
21540
21539
21538
21537
21536
21535
21534
21533
21532
21531
21530
21529
21528
21527
21526
21525
21524
21523
21522
21514
21513
21512
21511
21510
21509
21506
21505
21504
21503
21502
21501
21500
21493
21492
21491
21490
21489
21488
21487
21479
21478
21477
21476
21475
21474
21473
21472
21471
21470
21469
21468
21467
21466
21465
21464
21463
21462
21461
21460
21459
21451
21450
21449
21448
21447
21446
21445
21444
21443
21442
21441
21440
21439
21438
21437
21436
21435
21434
21432
21431
21430
21429
21428
21427
21426
21424
21423
21422
21421
21420
21419
21418
21416
21415
21414
21413
21412
21411
21410
21408
21407
21406
21405
21404
21403
21402
21400
21399
21398
21397
21396
21394
21393
21392
21391
21390
21389
21388
21386
21385
21384
21383
21382
21381
21380
21379
21378
21377
21376
21375
21374
21373
21372
21371
21370
21369
21362
21361
21360
21359
21358
21357
21356
21355
21354
21353
21352
21351
21350
21349
21348
21347
21346
21345
21344
21343
21342
21340
21339
21338
21336
21335
21334
21332
21331
21330
21328
21327
21326
21324
21323
21322
21321
21320
21305
21304
21303
21302
21301
21300
21299
21298
21293
21292
21291
21290
21289
21288
21287
21286
21285
21284
21283
21282
21281
21280
21279
21278
21277
21276
21275
21274
21273
21272
21271
21270
21269
21260
21259
21258
21257
21256
21255
21254
21252
21251
21250
21249
21247
21246
21245
21244
21243
21242
21241
21240
21239
21238
21237
21236
21235
21234
21233
21232
21231
21230
21229
21228
21227
21226
21225
21217
21216
21211
21209
21208
21207
21206
21205
21204
21203
21201
21199
21196
21195
21194
21193
21192
21191
21190
21182
21181
21180
21179
21178
21177
21176
21175
21174
21173
21172
21171
21170
21169
21168
21167
21166
21165
21164
21163
21162
21154
21153
21152
21151
21150
21149
21148
21147
21146
21145
21144
21143
21142
21141
21140
21139
21138
21137
21135
21134
21133
21132
21131
21130
21129
21127
21126
21125
21124
21123
21122
21121
21119
21118
21117
21116
21115
21114
21113
21111
21110
21109
21108
21107
21106
21105
21103
21102
21101
21100
21099
21097
21096
21095
21094
21093
21092
21091
21089
21088
21087
21086
21085
21084
21083
21082
21081
21080
21079
21078
21077
21076
21075
21074
21073
21071
21070
21069
21068
21067
21065
21064
21063
21062
21061
21060
21059
21058
21057
21056
21055
21054
21053
21052
21051
21050
21049
21048
21047
21046
21045
21043
21042
21041
21039
21038
21037
21035
21034
21033
21031
21030
21029
21027
21026
21025
21024
21023
21008
21007
21006
21005
21004
21003
21002
21001
21000
20999
20998
20997
20996
20995
20994
20993
20992
20991
20990
20989
20988
20987
20986
20985
20984
20983
20982
20981
20980
20979
20978
20976
20975
20974
20973
20972
20963
20962
20961
20960
20959
20958
20957
20956
20951
20950
20949
20948
20947
20946
20945
20944
20943
20942
20941
20940
20939
20938
20937
20936
20935
20934
20933
20932
20931
20930
20929
20928
20920
20919
20918
20917
20916
20915
20912
20911
20910
20909
20908
20907
20906
20899
20898
20897
20896
20895
20894
20893
20885
20884
20883
20882
20881
20880
20879
20878
20877
20876
20875
20874
20873
20872
20871
20870
20869
20868
20867
20866
20865
20857
20856
20855
20854
20853
20852
20851
20850
20849
20848
20847
20846
20845
20844
20843
20842
20841
20840
20838
20837
20836
20835
20834
20833
20832
20830
20829
20828
20827
20826
20825
20824
20822
20821
20820
20819
20818
20817
20816
20814
20813
20812
20811
20810
20809
20808
20806
20805
20804
20803
20802
20800
20799
20798
20797
20796
20795
20794
20792
20791
20790
20789
20788
20787
20786
20785
20784
20783
20782
20781
20780
20779
20778
20777
20776
20775
20768
20767
20766
20765
20764
20763
20762
20761
20760
20759
20758
20757
20756
20755
20754
20753
20752
20751
20750
20749
20748
20746
20745
20744
20742
20741
20740
20738
20737
20736
20734
20733
20732
20730
20729
20728
20727
20726
20711
20710
20709
20708
20707
20706
20705
20704
20699
20698
20697
20696
20695
20694
20693
20692
20691
20690
20689
20688
20687
20686
20685
20684
20683
20682
20681
20680
20679
20678
20677
20676
20675
20666
20665
20664
20663
20662
20661
20660
20658
20657
20656
20655
20653
20652
20651
20650
20649
20648
20647
20646
20645
20644
20643
20642
20641
20640
20639
20638
20637
20636
20635
20634
20633
20632
20631
20623
20622
20617
20615
20614
20613
20612
20611
20610
20609
20607
20605
20602
20601
20600
20599
20598
20597
20596
20588
20587
20586
20585
20584
20583
20582
20581
20580
20579
20578
20577
20576
20575
20574
20573
20572
20571
20570
20569
20568
20560
20559
20558
20557
20556
20555
20554
20553
20552
20551
20550
20549
20548
20547
20546
20545
20544
20543
20541
20540
20539
20538
20537
20536
20535
20533
20532
20531
20530
20529
20528
20527
20525
20524
20523
20522
20521
20520
20519
20517
20516
20515
20514
20513
20512
20511
20509
20508
20507
20506
20505
20503
20502
20501
20500
20499
20498
20497
20495
20494
20493
20492
20491
20490
20489
20488
20487
20486
20485
20484
20483
20482
20481
20480
20479
20477
20476
20475
20474
20472
20471
20470
20469
20468
20467
20466
20465
20464
20463
20462
20461
20460
20459
20458
20457
20456
20455
20454
20453
20452
20451
20449
20448
20447
20445
20444
20443
20441
20440
20439
20437
20436
20435
20433
20432
20431
20430
20429
20414
20413
20412
20411
20410
20409
20408
20407
20406
20405
20404
20403
20402
20401
20400
20399
20398
20397
20396
20395
20394
20393
20392
20391
20390
20389
20388
20387
20386
20385
20384
20382
20381
20380
20379
20378
20369
20368
20367
20366
20365
20364
20363
20362
20356
20355
20354
20353
20352
20351
20350
20349
20348
20347
20346
20345
20344
20343
20342
20341
20340
20339
20338
20337
20336
20335
20334
20326
20325
20324
20323
20322
20321
20320
20318
20317
20316
20315
20314
20313
20312
20307
20305
20304
20303
20302
20301
20300
20299
20291
20290
20289
20288
20287
20286
20285
20284
20283
20282
20281
20280
20279
20278
20277
20276
20275
20274
20273
20272
20271
20263
20262
20261
20260
20259
20258
20257
20256
20255
20254
20253
20252
20251
20250
20249
20248
20247
20246
20244
20243
20242
20241
20240
20239
20238
20236
20235
20234
20233
20232
20231
20230
20228
20227
20226
20225
20224
20223
20222
20220
20219
20218
20217
20216
20215
20214
20212
20211
20210
20209
20208
20206
20205
20204
20203
20202
20201
20200
20198
20197
20196
20195
20194
20193
20192
20191
20190
20189
20188
20187
20186
20185
20184
20183
20182
20181
20176
20174
20173
20172
20171
20170
20169
20168
20167
20166
20165
20164
20163
20162
20161
20160
20159
20158
20156
20155
20154
20152
20151
20150
20148
20147
20146
20144
20143
20142
20140
20139
20138
20136
20135
20134
20133
20132
20117
20116
20115
20114
20113
20112
20111
20110
20105
20104
20103
20102
20101
20100
20099
20098
20097
20096
20095
20094
20093
20092
20091
20090
20089
20088
20087
20086
20085
20084
20083
20082
20081
20072
20071
20070
20069
20068
20067
20066
20064
20063
20062
20061
20059
20058
20057
20056
20055
20054
20053
20052
20051
20050
20049
20048
20047
20046
20045
20044
20043
20042
20041
20040
20039
20038
20037
20029
20028
20023
20021
20020
20019
20018
20017
20016
20015
20013
20011
20008
20007
20006
20005
20004
20003
20002
19994
19993
19992
19991
19990
19989
19988
19987
19986
19985
19984
19983
19982
19981
19980
19979
19978
19977
19976
19975
19974
19966
19965
19964
19963
19962
19961
19960
19959
19958
19957
19956
19955
19954
19953
19952
19951
19950
19949
19947
19946
19945
19944
19943
19942
19941
19939
19938
19937
19936
19935
19934
19933
19931
19930
19929
19928
19927
19926
19925
19923
19922
19921
19920
19919
19918
19917
19915
19914
19913
19912
19911
19909
19908
19907
19906
19905
19904
19903
19901
19900
19899
19898
19897
19896
19895
19894
19893
19892
19891
19890
19889
19888
19887
19886
19885
19884
19883
19882
19881
19880
19877
19876
19875
19874
19873
19872
19871
19869
19868
19867
19866
19865
19864
19863
19862
19861
19859
19858
19857
19855
19854
19853
19851
19850
19849
19847
19846
19845
19843
19842
19841
19839
19838
19837
19836
19835
19820
19819
19818
19817
19816
19815
19814
19813
19812
19811
19810
19809
19807
19806
19805
19804
19803
19802
19801
19800
19799
19798
19797
19796
19795
19794
19793
19792
19791
19790
19789
19788
19787
19786
19785
19784
19777
19775
19774
19773
19772
19771
19770
19769
19763
19762
19761
19760
19759
19758
19757
19756
19755
19754
19753
19752
19751
19750
19749
19748
19747
19746
19745
19744
19743
19742
19741
19740
19732
19731
19730
19729
19728
19727
19724
19723
19722
19721
19720
19719
19718
19713
19711
19710
19709
19708
19707
19706
19705
19697
19696
19695
19694
19693
19692
19691
19690
19689
19688
19687
19686
19685
19684
19683
19682
19681
19680
19679
19678
19677
19669
19668
19667
19666
19665
19664
19663
19662
19661
19660
19659
19658
19657
19656
19655
19654
19653
19652
19650
19649
19648
19647
19646
19645
19644
19642
19641
19640
19639
19638
19637
19636
19634
19633
19632
19631
19630
19629
19628
19626
19625
19624
19623
19622
19621
19620
19618
19617
19616
19615
19614
19612
19611
19610
19609
19608
19607
19606
19604
19603
19602
19601
19600
19599
19598
19597
19596
19595
19594
19593
19592
19591
19590
19589
19588
19587
19583
19580
19579
19578
19577
19576
19575
19574
19573
19572
19571
19570
19568
19567
19566
19565
19564
19562
19561
19560
19558
19557
19556
19554
19553
19552
19550
19549
19548
19546
19545
19544
19542
19541
19540
19539
19538
19523
19522
19521
19520
19519
19518
19517
19512
19511
19510
19509
19508
19507
19506
19505
19504
19503
19502
19501
19500
19499
19498
19497
19496
19495
19494
19493
19492
19491
19490
19489
19480
19479
19478
19477
19476
19475
19474
19473
19472
19471
19470
19469
19468
19467
19466
19465
19464
19463
19462
19461
19460
19459
19458
19457
19456
19455
19454
19453
19452
19451
19450
19448
19447
19446
19445
19444
19435
19434
19430
19427
19426
19425
19424
19423
19422
19421
19419
19416
19414
19413
19412
19411
19410
19409
19408
19400
19399
19398
19397
19396
19395
19394
19393
19392
19391
19390
19389
19388
19387
19386
19385
19384
19383
19382
19381
19380
19372
19371
19370
19369
19368
19367
19366
19365
19364
19363
19362
19361
19360
19359
19358
19357
19356
19355
19353
19352
19351
19350
19349
19348
19347
19345
19344
19343
19342
19341
19340
19339
19337
19336
19335
19334
19333
19332
19331
19329
19328
19327
19326
19325
19324
19323
19321
19320
19319
19318
19317
19315
19314
19313
19312
19311
19310
19309
19307
19306
19305
19304
19303
19302
19301
19300
19299
19298
19297
19295
19294
19293
19292
19291
19290
19289
19288
19286
19284
19283
19282
19281
19280
19279
19278
19277
19276
19275
19274
19273
19272
19271
19270
19269
19268
19267
19265
19264
19263
19261
19260
19259
19257
19256
19255
19253
19252
19251
19249
19248
19247
19245
19244
19243
19242
19241
19226
19225
19224
19223
19222
19221
19220
19219
19218
19217
19215
19214
19213
19212
19211
19210
19209
19208
19207
19206
19205
19204
19203
19202
19201
19200
19199
19198
19197
19196
19195
19194
19193
19192
19191
19190
19182
19181
19180
19179
19178
19177
19176
19175
19171
19168
19167
19166
19165
19164
19163
19162
19161
19160
19159
19158
19157
19156
19155
19154
19153
19152
19151
19150
19149
19148
19147
19146
19138
19137
19136
19135
19133
19132
19130
19129
19128
19127
19126
19125
19124
19117
19116
19115
19114
19113
19112
19111
19103
19102
19101
19100
19099
19098
19097
19096
19095
19094
19093
19092
19091
19090
19089
19088
19087
19086
19085
19084
19083
19075
19074
19073
19072
19071
19070
19069
19068
19067
19066
19065
19064
19063
19062
19061
19060
19059
19058
19056
19055
19054
19053
19052
19051
19050
19048
19047
19046
19045
19044
19043
19042
19040
19039
19038
19037
19036
19035
19034
19032
19031
19030
19029
19028
19027
19026
19024
19023
19022
19021
19020
19018
19017
19016
19015
19014
19013
19012
19010
19009
19008
19007
19006
19005
19004
19003
19002
19001
19000
18998
18997
18996
18995
18992
18990
18989
18986
18985
18984
18983
18982
18981
18980
18979
18978
18977
18976
18974
18973
18972
18971
18970
18968
18967
18966
18964
18963
18962
18960
18959
18958
18956
18955
18954
18952
18951
18950
18948
18947
18946
18945
18944
18929
18928
18927
18926
18925
18924
18923
18922
18919
18918
18917
18916
18915
18914
18913
18912
18911
18910
18909
18908
18907
18906
18905
18904
18903
18902
18901
18900
18899
18898
18897
18896
18895
18884
18883
18882
18881
18880
18879
18878
18876
18875
18873
18872
18871
18870
18869
18868
18867
18866
18865
18864
18863
18862
18861
18860
18859
18858
18857
18856
18855
18854
18853
18852
18851
18850
18849
18841
18840
18837
18836
18833
18832
18831
18830
18829
18828
18827
18825
18822
18820
18819
18818
18817
18816
18815
18814
18806
18805
18804
18803
18802
18801
18800
18799
18798
18797
18796
18795
18794
18793
18792
18791
18790
18789
18788
18787
18786
18778
18777
18776
18775
18774
18773
18772
18771
18770
18769
18768
18767
18766
18765
18764
18763
18762
18761
18759
18758
18757
18756
18755
18754
18753
18751
18750
18749
18748
18747
18746
18745
18743
18742
18741
18740
18739
18738
18737
18735
18734
18733
18732
18731
18730
18729
18727
18726
18725
18724
18723
18721
18720
18719
18718
18717
18716
18715
18713
18712
18711
18710
18709
18708
18707
18706
18705
18704
18703
18700
18699
18698
18696
18695
18692
18689
18688
18687
18686
18685
18684
18683
18682
18681
18680
18679
18678
18677
18676
18675
18674
18673
18671
18670
18669
18667
18666
18665
18663
18662
18661
18659
18658
18657
18655
18654
18653
18651
18650
18649
18648
18647
18632
18631
18630
18629
18628
18627
18626
18625
18624
18621
18620
18619
18618
18617
18616
18615
18614
18613
18612
18611
18610
18609
18608
18607
18606
18605
18604
18603
18602
18601
18600
18599
18598
18597
18596
18587
18586
18585
18584
18583
18582
18581
18578
18577
18574
18573
18572
18571
18570
18569
18568
18567
18566
18565
18564
18563
18562
18561
18560
18559
18558
18557
18556
18554
18553
18552
18544
18543
18542
18539
18538
18536
18535
18534
18533
18532
18531
18530
18528
18523
18522
18521
18520
18519
18518
18517
18509
18508
18507
18506
18505
18504
18503
18502
18501
18500
18499
18498
18497
18496
18495
18494
18493
18492
18491
18490
18489
18481
18480
18479
18478
18477
18476
18475
18474
18473
18472
18471
18470
18469
18468
18467
18466
18465
18464
18462
18461
18460
18459
18458
18457
18456
18454
18453
18452
18451
18450
18449
18448
18446
18445
18444
18443
18442
18441
18440
18438
18437
18436
18435
18434
18433
18432
18430
18429
18428
18427
18426
18424
18423
18422
18421
18420
18419
18418
18416
18415
18414
18413
18412
18411
18410
18409
18408
18407
18406
18403
18402
18401
18398
18397
18396
18395
18393
18392
18391
18390
18389
18388
18387
18386
18385
18384
18383
18382
18380
18379
18378
18377
18376
18374
18373
18372
18370
18369
18368
18366
18365
18364
18362
18361
18360
18358
18357
18356
18354
18353
18352
18351
18350
18335
18334
18333
18332
18331
18330
18329
18328
18326
18325
18324
18323
18322
18321
18320
18319
18318
18317
18316
18315
18314
18313
18312
18311
18310
18309
18308
18307
18306
18305
18304
18303
18302
18301
18290
18289
18288
18287
18286
18285
18284
18282
18279
18278
18277
18276
18275
18274
18273
18272
18271
18270
18269
18268
18267
18266
18265
18264
18263
18262
18261
18260
18259
18258
18257
18256
18255
18247
18246
18244
18243
18242
18239
18238
18237
18236
18235
18234
18233
18228
18226
18225
18224
18223
18222
18221
18220
18212
18211
18210
18209
18208
18207
18206
18205
18204
18203
18202
18201
18200
18199
18198
18197
18196
18195
18194
18193
18192
18184
18183
18182
18181
18180
18179
18178
18177
18176
18175
18174
18173
18172
18171
18170
18169
18168
18167
18165
18164
18163
18162
18161
18160
18159
18157
18156
18155
18154
18153
18152
18151
18149
18148
18147
18146
18145
18144
18143
18141
18140
18139
18138
18137
18136
18135
18133
18132
18131
18130
18129
18127
18126
18125
18124
18123
18122
18121
18119
18118
18117
18116
18115
18114
18113
18112
18111
18110
18106
18105
18104
18102
18097
18096
18095
18094
18093
18092
18091
18090
18089
18087
18086
18085
18084
18083
18082
18081
18080
18079
18077
18076
18075
18073
18072
18071
18069
18068
18067
18065
18064
18063
18061
18060
18059
18057
18056
18055
18054
18053
18038
18037
18036
18035
18034
18033
18032
18031
18026
18025
18024
18023
18022
18021
18020
18019
18018
18017
18016
18015
18013
18012
18004
18003
18002
17976
17975
17974
17973
17972
17971
17970
17949
17941
17927
17925
17913
17911
17905
17903
17894
17887
17883
17881
17863
17859
17855
17851
17847
17843
17839
17836
17835
17834
17833
17832
17830
17829
17828
17827
17826
17825
17824
17787
17786
17785
17784
17783
17782
17780
17779
17771
17770
17768
17767
17741
17740
17739
17738
17737
17736
17729
17728
17720
17719
17718
17717
17716
17715
17706
17679
17678
17677
17676
17675
17674
17673
17652
17644
17630
17628
17616
17614
17608
17606
17590
17589
17588
17587
17586
17585
17562
17558
17554
17550
17546
17542
17539
17538
17537
17536
17535
17533
17532
17531
17530
17529
17528
17527
17517
17516
17489
17488
17487
17486
17485
17483
17482
17474
17473
17469
17444
17443
17442
17441
17440
17439
17434
17431
17423
17419
17418
17410
17409
17404
17382
17381
17380
17379
17378
17377
17376
17355
17347
17333
17331
17319
17317
17311
17309
17293
17290
17274
17269
17265
17261
17257
17253
17249
17242
17241
17240
17239
17238
17236
17235
17234
17233
17232
17231
17230
17193
17191
17190
17189
17188
17186
17185
17177
17176
17174
17173
17147
17146
17145
17144
17143
17142
17134
17126
17125
17124
17122
17121
17113
17112
17111
17085
17084
17083
17082
17081
17080
17079
17058
17050
17036
17034
17022
17020
17014
17012
16996
16995
16994
16993
16991
16990
16968
16964
16960
16956
16952
16948
16945
16944
16943
16942
16941
16939
16938
16937
16936
16935
16934
16933
16924
16923
16922
16894
16893
16892
16891
16889
16888
16880
16876
16875
16850
16849
16848
16847
16846
16845
16842
16826
16825
16824
16816
16815
16813
16788
16787
16786
16785
16784
16783
16782
16761
16753
16739
16737
16725
16723
16717
16715
16699
16695
16675
16671
16667
16663
16659
16655
16651
16648
16647
16646
16645
16644
16642
16641
16640
16639
16638
16637
16636
16599
16598
16597
16596
16595
16594
16592
16591
16583
16582
16580
16579
16553
16552
16551
16550
16549
16548
16541
16540
16532
16531
16530
16529
16528
16527
16519
16518
16517
16491
16490
16489
16488
16487
16486
16485
16464
16456
16442
16440
16428
16426
16420
16418
16402
16401
16400
16399
16398
16388
16374
16370
16366
16362
16358
16354
16351
16350
16349
16348
16347
16345
16344
16343
16342
16341
16340
16339
16330
16329
16328
16303
16301
16300
16299
16298
16297
16295
16294
16281
16256
16255
16254
16253
16252
16251
16248
16247
16246
16245
16243
16231
16230
16222
16221
16220
16194
16193
16192
16191
16190
16189
16188
16167
16159
16145
16143
16131
16129
16123
16121
16105
16104
16100
16081
16077
16069
16065
16057
16054
16053
16052
16051
16050
16048
16047
16046
16045
16044
16043
16042
16004
16003
16002
16001
16000
15998
15997
15989
15988
15986
15985
15984
15959
15958
15957
15956
15955
15954
15946
15938
15937
15936
15935
15933
15925
15924
15923
15897
15896
15895
15894
15893
15892
15891
15870
15862
15848
15846
15834
15832
15826
15824
15808
15805
15804
15803
15780
15772
15768
15760
15757
15756
15755
15754
15753
15751
15750
15749
15748
15747
15746
15745
15734
15707
15706
15705
15704
15703
15701
15700
15692
15691
15687
15662
15661
15660
15659
15658
15657
15652
15651
15649
15641
15640
15637
15636
15628
15627
15626
15600
15599
15598
15597
15596
15595
15594
15573
15565
15551
15549
15537
15535
15529
15527
15511
15510
15505
15492
15475
15471
15463
15460
15459
15458
15457
15456
15454
15453
15452
15451
15450
15449
15448
15411
15409
15408
15407
15406
15404
15403
15395
15394
15392
15391
15365
15364
15363
15362
15361
15360
15352
15344
15343
15342
15341
15340
15339
15329
15325
15303
15302
15301
15300
15299
15298
15297
15276
15268
15254
15252
15240
15238
15232
15230
15214
15211
15210
15178
15174
15166
15163
15162
15161
15160
15159
15157
15156
15155
15154
15153
15152
15151
15140
15112
15111
15110
15109
15107
15106
15098
15097
15096
15093
15068
15067
15066
15065
15064
15063
15058
15057
15047
15046
15043
15042
15034
15033
15031
15028
15006
15005
15004
15003
15002
15001
15000
14979
14971
14957
14955
14943
14941
14935
14933
14917
14916
14915
14912
14885
14879
14866
14865
14864
14863
14862
14860
14858
14857
14856
14855
14854
14816
14815
14814
14813
14812
14810
14809
14801
14800
14799
14798
14797
14796
14771
14770
14769
14768
14767
14766
14758
14750
14749
14748
14747
14746
14745
14737
14735
14709
14708
14707
14706
14705
14704
14703
14682
14674
14668
14660
14658
14646
14644
14638
14636
14620
14614
14601
14598
14590
14572
14569
14568
14567
14566
14565
14563
14561
14560
14559
14558
14557
14549
14520
14518
14517
14516
14515
14513
14512
14503
14501
14500
14474
14473
14472
14471
14470
14469
14453
14452
14451
14450
14449
14448
14440
14439
14437
14412
14411
14410
14409
14408
14407
14406
14385
14377
14363
14361
14349
14347
14346
14341
14339
14322
14321
14320
14301
14293
14285
14275
14272
14271
14270
14269
14268
14266
14264
14263
14262
14261
14260
14251
14250
14249
14221
14220
14219
14218
14216
14215
14207
14203
14177
14176
14175
14174
14173
14172
14169
14168
14167
14165
14164
14153
14152
14151
14143
14139
14137
14115
14114
14113
14112
14111
14110
14109
14088
14080
14066
14064
14052
14050
14049
14044
14042
14033
14024
14023
14022
14021
14004
13996
13988
13975
13973
13972
13971
13969
13967
13966
13965
13964
13963
13952
13925
13924
13923
13922
13921
13920
13919
13918
13910
13909
13905
13880
13879
13878
13877
13876
13875
13870
13869
13868
13867
13859
13858
13857
13855
13854
13845
13844
13818
13817
13816
13815
13814
13813
13812
13791
13783
13769
13767
13755
13753
13752
13747
13745
13729
13728
13727
13723
13707
13699
13698
13691
13681
13678
13676
13675
13674
13672
13670
13669
13668
13667
13666
13657
13656
13628
13627
13626
13625
13624
13623
13622
13621
13613
13610
13609
13583
13582
13581
13580
13579
13578
13575
13574
13573
13572
13571
13570
13561
13560
13559
13558
13557
13549
13545
13521
13520
13519
13518
13517
13516
13515
13494
13486
13472
13470
13458
13456
13455
13450
13448
13439
13432
13431
13426
13418
13410
13402
13397
13394
13381
13379
13378
13377
13375
13373
13372
13371
13370
13369
13360
13330
13329
13328
13327
13326
13313
13312
13286
13285
13284
13283
13282
13281
13276
13275
13274
13265
13264
13263
13262
13261
13260
13252
13251
13249
13248
13224
13223
13222
13221
13220
13219
13218
13197
13189
13173
13159
13158
13153
13151
13128
13113
13105
13097
13096
13089
13084
13082
13081
13080
13078
13076
13075
13074
13073
13072
13040
13033
13018
13016
13015
13014
13013
12989
12988
12987
12986
12985
12984
12978
12977
12968
12967
12966
12965
12955
12954
12952
12927
12926
12925
12924
12923
12922
12921
12900
12892
12884
12876
12862
12861
12854
12853
12852
12851
12850
12849
12848
12847
12846
12838
12837
12836
12835
12834
12833
12832
12831
12830
12829
12828
12827
12826
12825
12824
12823
12822
12821
12819
12817
12816
12815
12814
12813
12811
12809
12808
12807
12806
12805
12803
12801
12800
12799
12798
12797
12795
12793
12792
12791
12790
12789
12787
12785
12784
12783
12781
12779
12778
12777
12776
12775
12773
12771
12770
12769
12768
12767
12766
12765
12764
12754
12752
12750
12749
12748
12747
12746
12745
12744
12743
12742
12741
12740
12739
12737
12736
12735
12734
12733
12732
12731
12730
12729
12727
12726
12725
12723
12722
12721
12719
12718
12717
12715
12714
12713
12712
12711
12710
12709
12707
12692
12691
12690
12689
12688
12687
12686
12685
12684
12683
12682
12681
12680
12679
12678
12677
12676
12675
12674
12673
12672
12671
12670
12669
12668
12667
12666
12665
12664
12663
12662
12661
12660
12659
12658
12656
12649
12648
12647
12646
12645
12644
12643
12642
12641
12636
12634
12633
12632
12631
12630
12629
12628
12627
12626
12625
12624
12623
12622
12621
12620
12619
12618
12617
12616
12615
12614
12613
12612
12604
12603
12602
12601
12600
12598
12596
12595
12594
12593
12592
12591
12590
12583
12582
12581
12580
12579
12578
12577
12569
12568
12567
12566
12565
12564
12563
12562
12561
12560
12559
12558
12557
12556
12555
12554
12553
12552
12551
12550
12549
12541
12540
12539
12538
12537
12536
12535
12534
12533
12532
12531
12530
12529
12528
12527
12526
12525
12524
12522
12520
12519
12517
12516
12514
12512
12511
12510
12509
12508
12506
12504
12503
12502
12501
12500
12498
12496
12495
12494
12493
12492
12490
12488
12487
12486
12484
12482
12481
12480
12479
12478
12476
12474
12473
12472
12471
12470
12469
12468
12467
12458
12457
12455
12454
12452
12451
12450
12449
12448
12447
12446
12445
12444
12443
12442
12440
12439
12438
12437
12436
12435
12434
12433
12432
12430
12429
12428
12427
12426
12425
12424
12422
12421
12420
12418
12417
12416
12414
12413
12412
12410
12395
12394
12393
12392
12391
12390
12389
12388
12387
12384
12383
12382
12381
12380
12379
12378
12377
12376
12375
12374
12373
12372
12371
12370
12369
12368
12367
12366
12365
12364
12363
12362
12361
12359
12357
12352
12351
12350
12349
12348
12347
12346
12345
12344
12343
12341
12340
12339
12337
12336
12335
12334
12333
12332
12331
12330
12329
12328
12327
12326
12325
12324
12323
12322
12321
12320
12319
12318
12317
12315
12307
12306
12305
12302
12301
12299
12298
12297
12296
12295
12294
12293
12290
12286
12285
12284
12283
12282
12281
12280
12272
12271
12270
12269
12268
12267
12266
12265
12264
12263
12262
12261
12260
12259
12258
12257
12256
12255
12254
12253
12252
12244
12243
12242
12241
12240
12239
12238
12237
12236
12235
12234
12233
12232
12231
12230
12229
12228
12227
12225
12223
12222
12221
12220
12219
12217
12215
12214
12213
12212
12211
12209
12207
12206
12205
12204
12203
12201
12199
12198
12197
12196
12195
12193
12191
12190
12189
12187
12185
12184
12183
12182
12181
12179
12177
12176
12175
12174
12173
12172
12171
12170
12162
12159
12158
12155
12154
12153
12152
12151
12150
12149
12148
12147
12146
12145
12144
12143
12142
12141
12140
12139
12138
12137
12136
12135
12133
12132
12131
12129
12128
12127
12125
12124
12123
12121
12120
12119
12117
12116
12115
12113
12098
12097
12096
12095
12094
12093
12092
12091
12088
12087
12086
12085
12084
12083
12082
12081
12080
12079
12078
12077
12076
12075
12074
12073
12072
12071
12070
12069
12068
12067
12066
12065
12064
12063
12055
12054
12053
12052
12051
12050
12049
12048
12047
12045
12044
12041
12040
12039
12038
12037
12036
12035
12034
12033
12032
12031
12030
12029
12028
12027
12026
12025
12024
12023
12022
12021
12019
12018
12010
12009
12006
12005
12002
12001
12000
11999
11998
11997
11996
11995
11991
11989
11988
11987
11986
11985
11984
11983
11975
11974
11973
11972
11971
11970
11969
11968
11967
11966
11965
11964
11963
11962
11961
11960
11959
11958
11957
11956
11955
11947
11946
11945
11944
11943
11942
11941
11940
11939
11938
11937
11936
11935
11934
11933
11932
11931
11930
11928
11926
11925
11924
11923
11922
11920
11918
11917
11916
11915
11914
11912
11910
11909
11908
11907
11906
11904
11902
11901
11900
11899
11898
11896
11894
11893
11892
11890
11888
11887
11886
11885
11884
11882
11880
11879
11878
11877
11876
11875
11874
11873
11864
11863
11861
11858
11857
11856
11855
11854
11853
11852
11851
11850
11849
11848
11847
11846
11845
11844
11843
11842
11840
11839
11838
11836
11835
11834
11833
11832
11831
11830
11828
11827
11826
11825
11824
11823
11822
11820
11819
11818
11816
11801
11800
11799
11798
11797
11796
11795
11794
11793
11792
11790
11789
11788
11787
11786
11785
11784
11783
11782
11781
11780
11779
11778
11777
11776
11775
11774
11773
11772
11771
11770
11769
11768
11767
11766
11765
11758
11757
11756
11755
11754
11753
11752
11751
11750
11746
11743
11742
11741
11740
11739
11738
11737
11736
11735
11734
11733
11732
11731
11730
11729
11728
11727
11726
11725
11724
11723
11722
11721
11713
11712
11711
11710
11708
11707
11705
11704
11703
11702
11701
11700
11699
11697
11696
11692
11691
11690
11689
11688
11687
11686
11678
11677
11676
11675
11674
11673
11672
11671
11670
11669
11668
11667
11666
11665
11664
11663
11662
11661
11660
11659
11658
11650
11649
11648
11647
11646
11645
11644
11643
11642
11641
11640
11639
11638
11637
11636
11635
11634
11633
11631
11629
11628
11627
11626
11625
11623
11621
11620
11619
11618
11617
11615
11613
11612
11611
11610
11609
11607
11605
11604
11603
11602
11601
11599
11597
11596
11595
11593
11591
11590
11589
11588
11587
11585
11583
11582
11581
11580
11579
11578
11577
11576
11567
11566
11565
11564
11563
11561
11560
11559
11558
11557
11556
11555
11554
11553
11552
11551
11550
11548
11547
11546
11545
11544
11543
11542
11541
11539
11538
11537
11535
11534
11533
11531
11530
11529
11527
11526
11525
11523
11522
11521
11519
11504
11503
11502
11501
11500
11499
11498
11497
11495
11494
11493
11492
11490
11489
11488
11487
11486
11485
11484
11483
11482
11481
11480
11479
11478
11477
11476
11475
11474
11473
11472
11471
11470
11469
11467
11461
11460
11459
11458
11457
11456
11455
11454
11453
11451
11447
11446
11445
11444
11443
11442
11441
11440
11439
11438
11437
11436
11435
11434
11433
11432
11431
11430
11429
11428
11427
11426
11425
11424
11416
11415
11413
11412
11410
11408
11407
11406
11405
11404
11403
11402
11401
11395
11394
11393
11392
11391
11390
11389
11381
11380
11379
11378
11377
11376
11375
11374
11373
11372
11371
11370
11369
11368
11367
11366
11365
11364
11363
11362
11361
11353
11352
11351
11350
11349
11348
11347
11346
11345
11344
11343
11342
11341
11340
11339
11338
11337
11336
11334
11332
11331
11330
11329
11328
11326
11324
11323
11322
11321
11320
11318
11316
11315
11314
11313
11312
11310
11308
11307
11306
11305
11304
11302
11300
11299
11298
11296
11294
11293
11291
11290
11288
11286
11285
11284
11283
11282
11281
11280
11279
11270
11267
11264
11263
11262
11261
11260
11259
11258
11257
11256
11255
11254
11253
11252
11251
11250
11249
11248
11247
11246
11245
11244
11242
11241
11240
11239
11238
11237
11236
11234
11233
11232
11231
11230
11229
11228
11226
11225
11224
11222
11207
11206
11205
11204
11203
11202
11201
11200
11199
11196
11194
11193
11192
11191
11190
11189
11188
11187
11186
11185
11184
11183
11182
11181
11180
11179
11178
11177
11176
11175
11174
11173
11172
11171
11166
11164
11163
11162
11161
11160
11159
11158
11157
11156
11153
11152
11150
11149
11148
11147
11146
11145
11144
11143
11142
11141
11140
11139
11138
11137
11136
11135
11134
11133
11132
11131
11130
11129
11128
11127
11119
11118
11117
11114
11111
11110
11109
11108
11107
11106
11105
11102
11098
11097
11096
11095
11094
11093
11092
11084
11083
11082
11081
11080
11079
11078
11077
11076
11075
11074
11073
11072
11071
11070
11069
11068
11067
11066
11065
11064
11056
11055
11054
11053
11052
11051
11050
11049
11048
11047
11046
11045
11044
11043
11042
11040
11039
11037
11035
11034
11033
11032
11031
11029
11027
11026
11025
11024
11023
11021
11019
11018
11017
11016
11015
11013
11011
11010
11009
11008
11007
11005
11003
11002
11001
10999
10997
10996
10995
10994
10993
10991
10989
10988
10987
10986
10985
10984
10983
10982
10973
10972
10971
10970
10969
10968
10967
10966
10965
10964
10963
10962
10961
10960
10959
10958
10957
10956
10955
10954
10953
10952
10951
10949
10948
10947
10945
10944
10943
10941
10940
10939
10937
10936
10935
10933
10932
10931
10929
10928
10927
10925
10910
10909
10908
10907
10906
10905
10904
10903
10901
10900
10899
10898
10897
10896
10895
10894
10893
10892
10891
10890
10889
10888
10887
10886
10885
10884
10883
10882
10881
10880
10879
10878
10877
10876
10875
10874
10873
10869
10868
10867
10866
10865
10864
10863
10862
10861
10860
10859
10857
10853
10851
10850
10849
10848
10847
10846
10845
10844
10843
10842
10841
10840
10839
10838
10837
10836
10835
10834
10833
10832
10831
10830
10822
10821
10819
10818
10815
10814
10813
10812
10811
10810
10809
10808
10807
10803
10801
10800
10799
10798
10797
10796
10795
10787
10786
10785
10784
10783
10782
10781
10780
10779
10778
10777
10776
10775
10774
10773
10772
10771
10770
10769
10768
10767
10759
10758
10757
10756
10755
10754
10753
10752
10751
10750
10749
10748
10747
10746
10745
10744
10743
10742
10740
10738
10737
10736
10735
10734
10732
10730
10729
10728
10727
10726
10724
10722
10721
10720
10719
10718
10716
10714
10713
10712
10711
10710
10708
10706
10705
10704
10702
10700
10699
10698
10697
10696
10694
10692
10691
10690
10689
10688
10687
10686
10685
10676
10673
10672
10671
10670
10669
10668
10667
10666
10665
10664
10663
10662
10661
10660
10659
10657
10656
10655
10654
10653
10652
10651
10650
10648
10647
10646
10645
10644
10643
10642
10641
10640
10639
10638
10637
10636
10635
10634
10633
10632
10631
10630
10629
10628
10613
10612
10611
10610
10609
10608
10607
10606
10605
10602
10601
10599
10598
10597
10596
10595
10594
10593
10592
10591
10590
10589
10588
10587
10586
10585
10584
10583
10582
10581
10580
10579
10578
10576
10570
10569
10568
10567
10566
10565
10564
10563
10562
10559
10558
10556
10555
10554
10553
10552
10551
10550
10549
10548
10547
10546
10545
10544
10543
10542
10541
10540
10539
10538
10537
10536
10535
10534
10533
10525
10524
10523
10520
10517
10516
10515
10514
10513
10512
10511
10508
10504
10503
10502
10501
10500
10499
10498
10490
10489
10488
10487
10486
10485
10484
10483
10482
10481
10480
10479
10478
10477
10476
10475
10474
10473
10472
10471
10470
10462
10461
10460
10459
10458
10457
10456
10455
10454
10453
10452
10451
10450
10449
10448
10447
10446
10445
10443
10441
10440
10439
10438
10437
10435
10433
10432
10431
10430
10429
10427
10425
10424
10423
10422
10421
10419
10417
10416
10415
10414
10413
10411
10409
10408
10407
10405
10403
10402
10401
10400
10399
10397
10395
10394
10393
10392
10391
10390
10389
10388
10378
10375
10374
10373
10372
10371
10370
10369
10368
10367
10366
10365
10364
10363
10362
10361
10360
10359
10358
10357
10356
10355
10354
10353
10351
10350
10349
10348
10347
10346
10345
10343
10342
10341
10340
10339
10338
10337
10335
10334
10333
10331
10316
10315
10314
10313
10312
10311
10310
10309
10308
10307
10304
10303
10302
10301
10300
10299
10298
10297
10296
10295
10294
10293
10292
10291
10290
10289
10288
10287
10286
10285
10284
10283
10282
10281
10280
10273
10272
10271
10270
10269
10268
10267
10266
10265
10264
10261
10260
10258
10257
10256
10255
10254
10253
10252
10251
10250
10249
10248
10247
10246
10245
10244
10243
10242
10241
10240
10239
10238
10236
10228
10227
10226
10225
10222
10220
10219
10218
10217
10216
10215
10214
10211
10210
10208
10207
10206
10205
10204
10203
10202
10201
10193
10192
10191
10190
10189
10188
10187
10186
10185
10184
10183
10182
10181
10180
10179
10178
10177
10176
10175
10174
10173
10165
10164
10163
10162
10161
10160
10159
10158
10157
10156
10155
10154
10153
10152
10151
10150
10149
10148
10146
10144
10143
10142
10141
10140
10138
10136
10135
10134
10133
10132
10130
10128
10127
10126
10125
10124
10122
10120
10119
10118
10117
10116
10114
10112
10111
10110
10108
10106
10105
10104
10103
10102
10100
10098
10097
10096
10095
10094
10093
10092
10091
10080
10079
10078
10077
10076
10075
10074
10073
10072
10071
10070
10069
10068
10067
10066
10065
10063
10062
10061
10060
10059
10058
10057
10056
10054
10053
10052
10050
10049
10048
10046
10045
10044
10042
10041
10040
10038
10037
10036
10034
10019
10018
10017
10016
10015
10014
10013
10009
10007
10005
10004
10003
10002
10001
10000
9999
9998
9997
9996
9995
9994
9993
9992
9991
9990
9989
9988
9987
9986
9985
9984
9982
9980
9976
9975
9974
9973
9972
9971
9970
9969
9968
9967
9966
9965
9963
9962
9961
9960
9959
9958
9957
9956
9955
9954
9953
9952
9951
9950
9949
9948
9947
9946
9945
9944
9943
9942
9941
9940
9939
9931
9930
9927
9925
9923
9922
9921
9920
9919
9918
9917
9916
9915
9913
9910
9909
9908
9907
9906
9905
9904
9896
9895
9894
9893
9892
9891
9890
9889
9888
9887
9886
9885
9884
9883
9882
9881
9880
9879
9878
9877
9876
9868
9867
9866
9865
9864
9863
9862
9861
9860
9859
9858
9857
9856
9855
9854
9853
9852
9851
9849
9847
9846
9845
9844
9843
9841
9839
9838
9837
9836
9835
9833
9831
9830
9829
9828
9827
9825
9823
9822
9821
9820
9819
9817
9815
9814
9813
9811
9809
9808
9806
9805
9803
9801
9800
9799
9798
9797
9796
9795
9794
9784
9783
9779
9778
9777
9776
9775
9774
9773
9772
9771
9770
9769
9768
9767
9766
9765
9764
9763
9761
9760
9759
9757
9756
9755
9753
9752
9751
9750
9749
9748
9747
9746
9745
9744
9743
9741
9740
9739
9737
9722
9721
9720
9719
9718
9717
9716
9715
9714
9713
9712
9710
9709
9708
9707
9706
9705
9704
9703
9702
9701
9700
9699
9698
9697
9696
9695
9694
9693
9692
9691
9690
9689
9688
9687
9683
9681
9679
9678
9677
9676
9675
9674
9673
9672
9671
9670
9666
9665
9664
9663
9662
9661
9660
9659
9658
9657
9656
9655
9654
9653
9652
9651
9650
9649
9648
9647
9646
9645
9644
9643
9634
9633
9632
9631
9630
9626
9625
9624
9623
9622
9621
9620
9616
9615
9613
9612
9611
9610
9609
9608
9607
9599
9598
9597
9596
9595
9594
9593
9592
9591
9590
9589
9588
9587
9586
9585
9584
9583
9582
9581
9580
9579
9571
9570
9569
9568
9567
9566
9565
9564
9563
9562
9561
9560
9559
9558
9557
9556
9555
9554
9552
9550
9549
9548
9547
9546
9544
9542
9541
9540
9539
9538
9536
9534
9533
9532
9531
9530
9528
9526
9525
9524
9523
9522
9520
9518
9517
9516
9514
9512
9511
9510
9509
9508
9506
9504
9503
9502
9501
9500
9499
9498
9497
9489
9486
9484
9482
9481
9480
9479
9478
9477
9476
9475
9474
9473
9472
9471
9469
9468
9467
9466
9464
9463
9462
9460
9459
9458
9456
9455
9454
9452
9451
9450
9448
9447
9446
9444
9443
9442
9440
9425
9424
9423
9422
9421
9420
9419
9414
9413
9412
9411
9410
9409
9408
9407
9406
9405
9404
9403
9402
9401
9400
9399
9398
9397
9396
9395
9394
9393
9392
9391
9390
9388
9384
9383
9382
9381
9380
9379
9378
9377
9376
9375
9374
9373
9372
9371
9370
9368
9366
9365
9364
9363
9362
9361
9360
9359
9358
9357
9356
9355
9354
9353
9352
9351
9350
9349
9348
9347
9346
9345
9337
9336
9332
9331
9329
9328
9327
9326
9325
9324
9323
9322
9321
9320
9316
9315
9314
9313
9312
9311
9310
9302
9301
9300
9299
9298
9297
9296
9295
9294
9293
9292
9291
9290
9289
9288
9287
9286
9285
9284
9283
9282
9274
9273
9272
9271
9270
9269
9268
9267
9266
9265
9264
9263
9262
9261
9260
9259
9258
9257
9255
9253
9252
9251
9250
9249
9247
9245
9244
9243
9242
9241
9239
9237
9236
9235
9234
9233
9231
9229
9228
9227
9226
9225
9223
9221
9220
9219
9217
9215
9214
9213
9212
9211
9209
9207
9206
9205
9204
9203
9202
9201
9200
9190
9189
9188
9187
9186
9185
9184
9183
9182
9181
9180
9179
9178
9177
9176
9175
9174
9172
9171
9170
9169
9167
9166
9165
9163
9162
9161
9159
9158
9157
9155
9154
9153
9151
9150
9149
9147
9146
9145
9143
9128
9127
9126
9125
9124
9123
9122
9120
9119
9118
9116
9114
9113
9112
9111
9110
9109
9108
9107
9106
9105
9104
9103
9102
9101
9097
9095
9085
9084
9083
9082
9081
9080
9079
9078
9060
9051
9039
9031
9029
9028
9027
9026
9019
9018
9017
9016
9002
8977
8976
8975
8974
8973
8972
8971
8963
8962
8961
8960
8936
8934
8932
8931
8930
8929
8928
8920
8912
8910
8909
8908
8907
8894
8871
8870
8869
8868
8866
8865
8846
8830
8828
8814
8812
8808
8806
8800
8798
8787
8786
8785
8784
8783
8782
8779
8754
8742
8734
8732
8731
8730
8729
8727
8726
8725
8722
8721
8720
8719
8708
8707
8680
8679
8678
8677
8676
8675
8674
8666
8665
8664
8661
8637
8635
8634
8633
8632
8631
8626
8625
8623
8615
8611
8610
8596
8573
8572
8571
8569
8568
8549
8533
8531
8525
8523
8517
8515
8511
8509
8503
8501
8490
8489
8488
8487
8486
8485
8484
8483
8459
8441
8435
8434
8433
8432
8425
8424
8423
8422
8383
8382
8381
8380
8379
8378
8377
8369
8368
8367
8366
8364
8340
8338
8337
8336
8335
8334
8326
8318
8316
8315
8314
8313
8300
8277
8276
8275
8274
8272
8271
8252
8236
8234
8220
8218
8214
8212
8206
8204
8192
8191
8190
8189
8188
8182
8169
8166
8158
8140
8138
8137
8136
8135
8133
8132
8128
8127
8126
8125
8111
8086
8085
8084
8083
8082
8081
8080
8071
8070
8069
8043
8041
8040
8039
8038
8037
8029
8021
8019
8018
8017
8016
8002
7979
7978
7977
7975
7974
7955
7939
7937
7934
7931
7929
7926
7923
7921
7917
7915
7914
7909
7907
7895
7894
7893
7892
7890
7889
7871
7869
7865
7861
7849
7843
7841
7840
7839
7838
7831
7830
7829
7828
7817
7789
7788
7787
7786
7785
7784
7783
7775
7746
7744
7743
7742
7741
7740
7736
7735
7732
7721
7720
7719
7683
7682
7681
7680
7678
7677
7658
7642
7640
7626
7624
7620
7618
7617
7612
7610
7598
7597
7596
7595
7592
7590
7589
7572
7568
7564
7544
7543
7542
7541
7540
7539
7538
7537
7534
7533
7532
7531
7520
7519
7492
7491
7490
7489
7488
7487
7486
7478
7477
7476
7473
7449
7447
7446
7445
7444
7443
7438
7437
7435
7427
7425
7423
7422
7409
7408
7385
7384
7383
7381
7380
7361
7345
7343
7337
7335
7329
7327
7323
7321
7320
7315
7313
7301
7300
7299
7298
7297
7296
7295
7275
7271
7267
7266
7255
7249
7247
7246
7245
7244
7237
7236
7235
7234
7221
7195
7194
7193
7192
7191
7190
7189
7181
7178
7152
7150
7149
7148
7147
7146
7142
7141
7140
7138
7128
7127
7126
7125
7112
7089
7088
7087
7086
7084
7083
7064
7048
7046
7032
7030
7026
7024
7023
7018
7016
7004
7003
7002
7001
7000
6999
6994
6986
6980
6978
6974
6970
6950
6949
6948
6947
6945
6944
6943
6940
6939
6938
6937
6924
6898
6897
6896
6895
6894
6882
6881
6855
6853
6852
6851
6850
6849
6845
6844
6843
6841
6833
6831
6830
6829
6828
6814
6791
6790
6789
6787
6786
6767
6749
6741
6733
6727
6726
6721
6719
6707
6706
6705
6704
6681
6677
6673
6664
6661
6653
6652
6651
6650
6643
6642
6641
6640
6601
6586
6585
6584
6582
6558
6556
6555
6554
6553
6552
6548
6547
6546
6536
6534
6533
6495
6494
6493
6492
6490
6489
6452
6436
6435
6430
6429
6422
6421
6420
6419
6410
6409
6408
6407
6406
6405
6404
6402
6401
6400
6399
6397
6396
6395
6394
6393
6392
6391
6390
6389
6388
6387
6386
6385
6384
6383
6382
6381
6380
6379
6378
6377
6376
6375
6367
6366
6361
6359
6358
6357
6356
6355
6354
6353
6352
6351
6350
6349
6346
6345
6344
6343
6342
6341
6340
6332
6331
6330
6329
6328
6327
6326
6325
6324
6323
6322
6321
6320
6319
6318
6317
6316
6315
6314
6313
6312
6304
6303
6302
6301
6300
6299
6298
6297
6296
6295
6294
6293
6292
6291
6290
6289
6288
6287
6285
6283
6282
6281
6280
6279
6277
6275
6274
6273
6272
6271
6269
6267
6266
6265
6264
6263
6261
6259
6258
6257
6256
6255
6253
6251
6250
6249
6247
6245
6244
6243
6242
6241
6239
6237
6236
6235
6234
6233
6232
6231
6230
6221
6220
6219
6217
6215
6214
6213
6212
6211
6210
6209
6208
6207
6206
6205
6204
6203
6202
6201
6200
6199
6197
6196
6195
6193
6192
6191
6189
6188
6187
6185
6184
6183
6181
6180
6179
6177
6176
6175
6173
6158
6157
6156
6155
6154
6153
6152
6151
6150
6149
6148
6147
6146
6145
6144
6143
6142
6141
6140
6139
6138
6137
6136
6135
6134
6133
6132
6131
6130
6129
6128
6127
6126
6125
6124
6123
6113
6112
6111
6110
6109
6108
6107
6101
6100
6099
6098
6097
6096
6095
6094
6093
6092
6091
6090
6089
6088
6087
6086
6085
6084
6083
6082
6081
6080
6079
6078
6070
6069
6068
6067
6066
6065
6062
6061
6060
6059
6058
6057
6056
6049
6048
6047
6046
6045
6044
6043
6035
6034
6033
6032
6031
6030
6029
6028
6027
6026
6025
6024
6023
6022
6021
6020
6019
6018
6017
6016
6015
6007
6006
6005
6004
6003
6002
6001
6000
5999
5998
5997
5996
5995
5994
5993
5992
5991
5990
5988
5986
5985
5984
5983
5982
5980
5978
5977
5976
5975
5974
5972
5970
5969
5968
5967
5966
5964
5962
5961
5960
5959
5958
5956
5954
5953
5952
5950
5948
5947
5946
5945
5944
5942
5940
5939
5938
5937
5936
5935
5934
5933
5924
5918
5917
5916
5915
5914
5913
5912
5911
5910
5909
5908
5907
5906
5905
5904
5903
5902
5901
5900
5899
5898
5896
5895
5894
5892
5891
5890
5888
5887
5886
5884
5883
5882
5880
5879
5878
5876
5861
5860
5859
5858
5857
5856
5855
5854
5853
5849
5848
5847
5846
5845
5844
5843
5842
5841
5840
5839
5838
5837
5836
5835
5834
5833
5832
5831
5830
5829
5828
5827
5826
5825
5816
5815
5814
5813
5812
5811
5810
5807
5806
5805
5803
5802
5801
5800
5799
5798
5797
5796
5795
5794
5793
5792
5791
5790
5789
5788
5787
5786
5785
5784
5783
5782
5781
5773
5772
5771
5767
5765
5764
5763
5762
5761
5760
5759
5757
5756
5755
5752
5751
5750
5749
5748
5747
5746
5738
5737
5736
5735
5734
5733
5732
5731
5730
5729
5728
5727
5726
5725
5724
5723
5722
5721
5720
5719
5718
5710
5709
5708
5707
5706
5705
5704
5703
5702
5701
5700
5699
5698
5697
5696
5695
5694
5693
5691
5689
5688
5687
5686
5685
5683
5681
5680
5679
5678
5677
5675
5673
5672
5671
5670
5669
5667
5665
5664
5663
5662
5661
5659
5657
5656
5655
5653
5651
5650
5649
5648
5647
5645
5643
5642
5641
5640
5639
5638
5637
5636
5626
5625
5624
5623
5622
5621
5620
5619
5618
5617
5616
5615
5614
5613
5612
5611
5610
5608
5607
5606
5605
5603
5602
5601
5599
5598
5597
5595
5594
5593
5591
5590
5589
5587
5586
5585
5583
5582
5581
5579
5564
5563
5562
5561
5560
5559
5558
5557
5555
5554
5553
5552
5550
5549
5548
5547
5546
5545
5544
5543
5542
5541
5540
5539
5538
5537
5536
5535
5534
5533
5532
5531
5530
5529
5527
5519
5518
5517
5516
5515
5514
5513
5511
5507
5506
5505
5504
5503
5502
5501
5500
5499
5498
5497
5496
5495
5494
5493
5492
5491
5490
5489
5488
5487
5486
5485
5484
5476
5475
5473
5472
5471
5470
5468
5467
5466
5465
5464
5463
5462
5455
5454
5453
5452
5451
5450
5449
5441
5440
5439
5438
5437
5436
5435
5434
5433
5432
5431
5430
5429
5428
5427
5426
5425
5424
5423
5422
5421
5413
5412
5411
5410
5409
5408
5407
5406
5405
5404
5403
5402
5401
5400
5399
5398
5397
5396
5394
5392
5391
5390
5389
5388
5386
5384
5383
5382
5381
5380
5378
5376
5375
5374
5373
5372
5370
5368
5367
5366
5365
5364
5362
5360
5359
5358
5356
5354
5353
5352
5351
5350
5348
5346
5345
5344
5343
5342
5341
5340
5339
5324
5323
5322
5321
5320
5319
5318
5317
5316
5315
5314
5313
5312
5311
5310
5309
5308
5307
5306
5305
5304
5302
5301
5300
5298
5297
5296
5294
5293
5292
5290
5289
5288
5286
5285
5284
5282
5267
5266
5265
5264
5263
5262
5261
5260
5255
5254
5253
5252
5251
5250
5249
5248
5247
5246
5245
5244
5243
5242
5241
5240
5239
5238
5237
5236
5235
5234
5233
5232
5231
5222
5221
5220
5219
5218
5217
5216
5214
5213
5212
5211
5209
5208
5207
5206
5205
5204
5203
5202
5201
5200
5199
5198
5197
5196
5195
5194
5193
5192
5191
5190
5189
5188
5187
5179
5178
5173
5171
5170
5169
5168
5167
5166
5165
5164
5163
5162
18014
5161
18011
5158
18010
5157
18009
5156
18008
5155
18007
5154
18006
5153
18005
5152
5144
5143
5142
5141
17993
5140
17992
5139
17991
5138
17990
5137
17989
5136
17988
5135
17987
5134
17986
5133
17985
5132
17984
5131
17983
5130
17982
5129
5128
17980
5127
17979
5126
17978
5125
17977
5124
17969
5116
17968
5115
17967
5114
17966
5113
17965
5112
17964
5111
17963
5110
17962
5109
17961
5108
17960
5107
17959
5106
17958
5105
5104
5103
5102
5101
5100
5099
17950
5097
5095
5094
5093
5092
17944
5091
17942
5089
17940
5087
17939
5086
17938
5085
17937
5084
17936
5083
17934
5081
17932
5079
5078
5077
17929
5076
17928
5075
17926
5073
17924
5071
17923
5070
5069
5068
5067
5065
5063
17915
5062
17914
5061
17912
5059
17910
5057
17909
5056
17908
5055
17907
5054
17906
5053
17904
5051
17902
5049
17901
5048
17900
5047
17899
5046
17898
5045
17897
5044
17896
5043
17895
5042
17886
5033
17885
5032
17884
5031
17882
5029
17880
5027
17879
5026
17878
5025
17877
5024
17876
5023
17875
5022
17874
5021
17873
5020
17872
5019
17871
5018
17870
5017
5016
17868
5015
17867
5014
17866
5013
17865
5012
17864
5011
17862
5009
5008
17860
5007
17858
5005
17857
5004
17856
5003
17854
5001
5000
17852
4999
17850
4997
17849
4996
17848
4995
17846
4993
4992
17844
4991
17842
4989
17841
4988
17840
4987
17838
4985
4970
17822
4969
17821
4968
17820
4967
17819
4966
17818
4965
17817
4964
17816
4963
17815
4962
17814
4961
17813
4960
4959
4958
4957
17809
4956
4955
17807
4954
4953
4952
17804
4951
17803
4950
17802
4949
17801
4948
4947
4946
17798
4945
17797
4944
17796
4943
17795
4942
17794
4941
17793
4940
17792
4939
17791
4938
17790
4937
17789
4936
4935
17778
4925
4924
17776
4923
17775
4922
17774
4921
4920
17772
4919
17766
4913
4912
17764
4911
17763
4910
17762
4909
4908
17760
4907
17759
4906
17758
4905
17757
4904
17756
4903
4902
4901
4900
4899
4898
4897
4896
4895
4894
4893
4892
4891
4890
17735
4882
17734
4881
17733
4880
17732
4879
17731
4878
17730
4877
17727
4874
17726
4873
17725
4872
17724
4871
17723
4870
17722
4869
17721
4868
17714
4861
17713
4860
17712
4859
17711
4858
17710
4857
17709
4856
17708
4855
4847
4846
4845
4844
17696
4843
17695
4842
17694
4841
17693
4840
17692
4839
17691
4838
17690
4837
4836
4835
4834
17686
4833
4832
17684
4831
17683
4830
17682
4829
17681
4828
17680
4827
17672
4819
17671
4818
17670
4817
17669
4816
17668
4815
17667
4814
17666
4813
17665
4812
17664
4811
17663
4810
17662
4809
17661
4808
4807
4806
4805
4804
4803
4802
17653
4800
17651
4798
17650
4797
17649
4796
17648
4795
4794
17645
4792
17643
4790
17642
4789
17641
4788
17640
4787
17639
4786
4784
4782
17634
4781
4780
17632
4779
17631
4778
17629
4776
17627
4774
17626
4773
4772
4771
4770
4768
4766
17618
4765
17617
4764
17615
4762
17613
4760
17612
4759
17611
4758
17610
4757
17609
4756
17607
4754
17605
4752
17604
4751
17603
4750
17602
4749
17601
4748
17600
4747
17599
4746
17598
4745
17584
4731
17583
4730
17582
4729
17581
4728
17580
4727
17579
4726
17578
4725
17577
4724
17576
4723
17575
4722
17574
4721
17573
4720
4719
17571
4718
17570
4717
17569
4716
17568
4715
17567
4714
17566
4713
17565
4712
4711
17563
4710
17561
4708
17560
4707
17559
4706
17557
4704
4703
17555
4702
17553
4700
17552
4699
17551
4698
17549
4696
4695
17547
4694
17545
4692
17544
4691
17543
4690
17541
4688
4673
17525
4672
17524
4671
17523
4670
17522
4669
17521
4668
17520
4667
17519
4666
17518
4665
4661
4660
17512
4659
4658
17510
4657
4656
4655
17507
4654
4653
17505
4652
4651
4650
17502
4649
17501
4648
17500
4647
17499
4646
17498
4645
17497
4644
17496
4643
17495
4642
17494
4641
17493
4640
17492
4639
17491
4638
17490
4637
17481
4628
4627
17479
4626
17478
4625
17477
4624
4623
17475
4622
4619
17471
4618
17470
4617
4615
17467
4614
17466
4613
17465
4612
4611
17463
4610
17462
4609
17461
4608
17460
4607
17459
4606
4605
4604
4603
4602
4601
4600
4599
4598
4597
4596
4595
4594
4593
17438
4585
17437
4584
4583
17432
4579
17430
4577
17429
4576
17428
4575
17427
4574
17426
4573
17425
4572
17424
4571
17422
4569
17421
4568
17420
4567
17417
4564
17416
4563
17415
4562
17414
4561
17413
4560
17412
4559
17411
4558
17403
4550
4549
4548
4547
17399
4546
17398
4545
17397
4544
17396
4543
17395
4542
17394
4541
17393
4540
4539
17391
4538
17390
4537
4536
17388
4535
17387
4534
17386
4533
17385
4532
17384
4531
17383
4530
17375
4522
17374
4521
17373
4520
17372
4519
17371
4518
17370
4517
17368
4515
17367
4514
17356
4503
4501
17346
4493
17345
4492
17344
4491
17343
4490
17342
4489
17340
4487
17318
4465
17316
4463
17315
4462
17314
4461
17313
4460
17312
4459
17291
4438
17285
4432
17283
4430
17277
4424
4422
4414
4406
17255
4402
17252
4399
17247
4394
17245
4392
17227
4374
17226
4373
17225
4372
17224
4371
4354
17203
4350
17199
4346
17195
4342
4326
17178
4325
17172
4319
4318
17170
4317
17169
4316
17168
4315
4314
17166
4313
4302
4301
17128
4275
17127
4274
17123
4270
17078
4225
17073
4220
17072
4219
17071
4218
17070
4217
4209
4208
17057
4204
17049
4196
17048
4195
17047
4194
17046
4193
17045
4192
4190
17021
4168
17019
4166
17018
4165
17017
4164
17016
4163
17015
4162
16988
4135
16986
4133
16980
4127
4125
16972
4119
4117
4109
16958
4105
16955
4102
16950
4097
4079
16931
4078
16930
4077
16926
4073
16910
4057
16906
4053
16902
4049
16901
4048
16898
4045
16884
4031
4029
16881
4028
16879
4026
4025
16877
4024
4021
16873
4020
16872
4019
16871
4018
4017
16869
4016
4007
4006
4003
16831
3978
16830
3977
16829
3976
16828
3975
16827
3974
16781
3928
16778
3925
16777
3924
16776
3923
16775
3922
16774
3921
16773
3920
3911
16762
3909
16760
3907
16752
3899
16751
3898
16750
3897
16749
3896
16748
3895
16746
3893
16724
3871
16722
3869
16721
3868
16720
3867
16719
3866
16718
3865
16697
3844
16691
3838
16689
3836
16683
3830
3828
3820
3812
16661
3808
16658
3805
16653
3800
3782
16634
3781
16629
3776
3768
16615
3762
3760
16609
3756
16605
3752
16601
3748
16600
3747
3732
16584
3731
16578
3725
3724
16576
3723
16575
3722
16574
3721
3720
16572
3719
3710
3706
16534
3681
16533
3680
16484
3631
16481
3628
16480
3627
16479
3626
16478
3625
16477
3624
16476
3623
3615
3614
16465
3612
3610
16455
3602
16454
3601
16453
3600
16452
3599
16451
3598
3596
16427
3574
16425
3572
16424
3571
16423
3570
16422
3569
16421
3568
16392
3539
3531
3523
3515
16361
3508
16356
3503
16331
3478
16316
3463
16312
3459
16308
3455
3451
3439
3435
16287
3434
16286
3433
16285
3432
3431
16283
3430
16282
3429
3427
16279
3426
16278
3425
16277
3424
3423
16275
3422
16236
3383
16187
3334
16184
3331
16183
3330
16182
3329
16181
3328
16180
3327
3318
3317
16168
3315
16158
3305
16157
3304
16156
3303
16155
3302
16154
3301
3299
16130
3277
16128
3275
16127
3274
16126
3273
16125
3272
16124
3271
16103
3250
16095
3242
3234
3226
3218
16070
3217
16064
3211
16056
3203
3188
16040
3187
3186
16038
3185
16037
3184
16036
3183
16035
3182
16034
3181
16033
3180
16032
3179
16031
3178
3177
3176
3175
3174
3173
3172
3171
16023
3170
3169
16021
3168
3167
3166
3165
16017
3164
16016
3163
16015
3162
16014
3161
16013
3160
16012
3159
16011
3158
16010
3157
16009
3156
16008
3155
16007
3154
16006
3153
16005
3152
15996
3143
3142
15994
3141
15993
3140
15992
3139
3138
15990
3137
3130
15982
3129
15981
3128
15980
3127
3126
15978
3125
15977
3124
15976
3123
15975
3122
15974
3121
3120
3119
3118
3117
3116
3115
3113
3112
3111
3110
3109
3108
15953
3100
15952
3099
3098
15950
3097
3096
3095
15947
3094
15945
3092
15944
3091
15943
3090
15942
3089
15941
3088
15940
3087
15939
3086
15934
3081
15932
3079
15931
3078
15930
3077
15929
3076
15928
3075
15927
3074
15926
3073
3065
3064
15916
3063
15915
3062
15914
3061
15913
3060
15912
3059
15911
3058
15910
3057
15909
3056
15908
3055
3054
15906
3053
3052
15904
3051
15903
3050
3049
15901
3048
15900
3047
15899
3046
15898
3045
15890
3037
15889
3036
15888
3035
15887
3034
15886
3033
15885
3032
15884
3031
15883
3030
15882
3029
15881
3028
15880
3027
15879
3026
3025
3024
3023
3022
3021
3020
15871
3018
3016
15868
3015
3014
3013
15865
3012
15863
3010
15861
3008
15860
3007
15859
3006
15858
3005
15857
3004
3002
15853
3000
2999
2998
15850
2997
15849
2996
15847
2994
15845
2992
15844
2991
2990
2989
2988
2986
2984
15836
2983
15835
2982
15833
2980
15831
2978
15830
2977
15829
2976
15828
2975
15827
2974
15825
2972
15823
2970
15822
2969
15821
2968
15820
2967
15819
2966
15818
2965
15817
2964
15816
2963
15807
2954
15806
2953
15802
2949
15801
2948
15800
2947
15799
2946
15798
2945
15797
2944
15796
2943
15795
2942
15794
2941
15793
2940
15792
2939
15791
2938
2937
15789
2936
2935
15787
2934
15786
2933
15785
2932
15784
2931
15783
2930
2929
15781
2928
15779
2926
15778
2925
15777
2924
15776
2923
15775
2922
2921
15773
2920
15771
2918
15770
2917
15769
2916
15767
2914
2913
15765
2912
15764
2911
15763
2910
15762
2909
15761
2908
15759
2906
2891
15743
2890
2889
15741
2888
15740
2887
15739
2886
15738
2885
15737
2884
15736
2883
15735
2882
2879
2878
2877
2876
2875
2874
2873
15725
2872
15724
2871
15723
2870
15722
2869
2868
2867
15719
2866
15718
2865
15717
2864
15716
2863
15715
2862
15714
2861
15713
2860
15712
2859
15711
2858
2857
15709
2856
15708
2855
15699
2846
2845
15697
2844
15696
2843
15695
2842
2841
15693
2840
15689
2836
15688
2835
2833
15685
2832
15684
2831
15683
2830
2829
15681
2828
15680
2827
15679
2826
15678
2825
15677
2824
2823
2822
2821
2820
2819
2818
2817
2816
2815
2814
2813
2812
2811
15656
2803
15655
2802
15654
2801
15653
2800
15650
2797
15648
2795
15647
2794
15646
2793
15645
2792
15644
2791
15643
2790
15642
2789
15639
2786
15638
2785
15635
2782
15634
2781
15633
2780
15632
2779
15631
2778
15630
2777
2776
2768
2767
15619
2766
15618
2765
15617
2764
15616
2763
15615
2762
15614
2761
15613
2760
15612
2759
15611
2758
2757
2756
15608
2755
2754
2753
15605
2752
15604
2751
15603
2750
15602
2749
15601
2748
15593
2740
15592
2739
15591
2738
15590
2737
15589
2736
15588
2735
15587
2734
15586
2733
15585
2732
15584
2731
15583
2730
15582
2729
2728
2727
2726
2725
2724
2723
15574
2721
15572
2719
15571
2718
15570
2717
15569
2716
2715
15566
2713
15564
2711
15563
2710
15562
2709
15561
2708
15560
2707
2705
2703
2702
2701
15553
2700
15552
2699
15550
2697
15548
2695
15547
2694
2693
2692
2691
2689
2687
15539
2686
15538
2685
15536
2683
15534
2681
15533
2680
9100
15532
2679
9099
15531
2678
9098
15530
2677
9096
15528
2675
9094
15526
2673
9093
15525
2672
15524
2671
9091
15523
2670
15522
2669
15521
2668
15520
2667
15519
2666
9077
15509
2656
9076
15508
2655
15507
2654
15506
2653
9072
15504
2651
9071
15503
2650
9070
15502
2649
9069
15501
2648
9068
15500
2647
9067
15499
2646
9066
15498
2645
9065
15497
2644
9064
15496
2643
9063
15495
2642
9062
15494
2641
9061
2640
9059
2638
9058
15490
2637
9057
15489
2636
9056
15488
2635
9055
15487
2634
9054
15486
2633
9053
2632
9052
15484
2631
9050
15482
2629
9049
15481
2628
9048
15480
2627
15479
2626
15478
2625
2624
15476
2623
15474
2621
15473
2620
9040
15472
2619
9038
15470
2617
9037
2616
9036
15468
2615
15467
2614
9034
15466
2613
15465
2612
9032
15464
2611
9030
15462
2609
9015
2594
9014
15446
2593
9013
2592
15444
2591
15443
2590
15442
2589
15441
2588
15440
2587
15439
2586
15438
2585
9005
15437
2584
9004
2583
9003
2582
9001
2580
9000
2579
8999
2578
8998
2577
8997
2576
8996
2575
8995
15427
2574
8994
2573
8993
2572
8992
15424
2571
8991
2570
8990
15422
2569
8989
15421
2568
8988
15420
2567
8987
15419
2566
8986
15418
2565
8985
15417
2564
15416
2563
15415
2562
15414
2561
15413
2560
15412
2559
15410
2557
8970
15402
2549
8969
2548
8968
15400
2547
8967
15399
2546
8966
15398
2545
8965
2544
8964
15396
2543
8958
15390
2537
2536
8956
15388
2535
8955
15387
2534
8954
15386
2533
8953
2532
8952
15384
2531
15383
2530
8950
15382
2529
15381
2528
8948
15380
2527
8947
2526
8946
2525
8945
2524
8944
2523
2522
8942
2521
2520
8940
2519
8939
2518
8938
2517
8937
2516
2514
15359
2506
8926
15358
2505
2504
8924
15356
2503
8923
15355
2502
8922
15354
2501
15353
2500
15351
2498
8918
15350
2497
8917
15349
2496
8916
15348
2495
8915
15347
2494
8914
15346
2493
15345
2492
8906
15338
2485
8905
15337
2484
8904
15336
2483
8903
15335
2482
2481
15333
2480
15332
2479
2471
2470
15322
2469
15321
2468
8888
15320
2467
8887
15319
2466
8886
15318
2465
8885
15317
2464
8884
15316
2463
8883
15315
2462
8882
15314
2461
8881
15313
2460
8880
15312
2459
8879
2458
8878
15310
2457
8877
15309
2456
8876
2455
8875
15307
2454
8874
15306
2453
8873
15305
2452
8872
15304
2451
8864
15296
2443
15295
2442
8862
15294
2441
8861
15293
2440
8860
15292
2439
15291
2438
8858
15290
2437
8857
15289
2436
8856
15288
2435
8855
15287
2434
8854
15286
2433
8853
15285
2432
8852
2431
2430
8850
2429
8849
2428
8848
2427
2426
15277
2424
2422
15274
2421
2420
2419
15271
2418
15269
2416
15267
2414
15266
2413
15265
2412
15264
2411
8831
15263
2410
8829
2408
8827
2406
8826
2405
8825
2404
8824
15256
2403
8823
15255
2402
15253
2400
8819
15251
2398
8818
15250
2397
8817
2396
8816
2395
8815
2394
8813
2392
8811
2390
8810
15242
2389
8809
15241
2388
8807
15239
2386
8805
15237
2384
8804
15236
2383
8803
15235
2382
8802
15234
2381
8801
15233
2380
8799
15231
2378
8797
15229
2376
8796
15228
2375
8795
15227
2374
15226
2373
15225
2372
15224
2371
15223
2370
15222
2369
8781
15213
2360
8780
15212
2359
8777
15209
2356
8776
15208
2355
8775
15207
2354
15206
2353
8773
15205
2352
8772
15204
2351
8771
15203
2350
8770
15202
2349
8769
15201
2348
8768
15200
2347
8767
15199
2346
8766
15198
2345
8765
15197
2344
8764
2343
8763
15195
2342
8762
2341
8761
15193
2340
8760
15192
2339
8759
15191
2338
8758
15190
2337
8757
15189
2336
8756
2335
8755
15187
2334
8753
15185
2332
8752
15184
2331
8751
15183
2330
15182
2329
15181
2328
2327
15179
2326
15177
2324
15176
2323
8743
15175
2322
8741
15173
2320
2319
15171
2318
15170
2317
8737
15169
2316
15168
2315
8735
15167
2314
8733
15165
2312
8718
2297
8717
15149
2296
8716
2295
15147
2294
15146
2293
15145
2292
15144
2291
15143
2290
15142
2289
15141
2288
8706
2285
8705
2284
8704
2283
8703
2282
8702
2281
8701
2280
8700
2279
8699
15131
2278
8698
15130
2277
8697
15129
2276
8696
15128
2275
8695
15127
2274
8694
2273
8693
15125
2272
8692
15124
2271
8691
15123
2270
8690
15122
2269
8689
15121
2268
8688
15120
2267
15119
2266
15118
2265
15117
2264
15116
2263
15115
2262
15114
2261
8659
15091
2238
8653
15085
2232
8651
15083
2230
8645
2224
8643
2222
8629
15061
2208
8627
15059
2206
8621
15053
2200
8620
15052
2199
8613
15045
2192
15036
2183
15035
2182
8591
15023
2170
8583
2162
8577
15009
2156
8575
15007
2154
8567
14999
2146
8563
14995
2142
14994
2141
8559
14991
2138
8555
2134
14978
2125
14977
2124
14976
2123
14975
2122
14974
2121
14972
2119
14970
2117
14969
2116
14968
2115
14967
2114
8534
14966
2113
8521
14953
2100
14928
2075
14927
2074
14926
2073
14925
2072
14911
2058
14910
2057
8477
14909
2056
14884
2031
14882
2029
14881
2028
14880
2027
8446
14878
2025
8443
2022
8442
14874
2021
14872
2019
14871
2018
8438
2017
14849
1996
14848
1995
14847
1994
14846
1993
14845
1992
14844
1991
8411
14843
1990
14821
1968
14820
1967
14819
1966
14818
1965
1964
8362
14794
1941
8354
14786
1933
8346
1925
8330
1909
8324
14756
1903
8323
14755
1902
14739
1886
14738
1885
8293
14725
1872
8278
14710
1857
8270
14702
1849
8266
14698
1845
8262
14694
1841
14693
1840
8258
1837
8254
1833
1828
1827
14679
1826
14678
1825
1824
14675
1822
14673
1820
14672
1819
14671
1818
14670
1817
8237
14669
1816
8205
14637
1784
14630
1777
8183
14615
1762
8181
14613
1760
14612
1759
8179
14611
1758
8178
14610
1757
14587
1734
1733
14585
1732
14584
1731
14583
1730
14582
1729
8149
14581
1728
14577
1724
1723
8143
14575
1722
14574
1721
14552
1699
14551
1698
14550
1697
14548
1695
14547
1694
8114
14546
1693
14524
1671
14523
1670
14522
1669
14521
1668
1666
8065
14497
1644
8057
14489
1636
8049
1628
8033
1612
8032
1611
8027
14459
1606
8026
14458
1605
8015
14447
1594
8014
14446
1593
8013
14445
1592
8012
14444
1591
14443
1590
14442
1589
14441
1588
8001
1580
8000
1579
7999
14431
1578
7998
14430
1577
7997
14429
1576
7996
14428
1575
7995
14427
1574
7994
14426
1573
7993
14425
1572
7992
14424
1571
7991
14423
1570
7990
1569
7989
1568
7988
14420
1567
7987
14419
1566
7986
1565
14417
1564
7984
14416
1563
7983
14415
1562
7982
14414
1561
7981
14413
1560
7973
14405
1552
7972
14404
1551
7971
14403
1550
7970
14402
1549
7969
14401
1548
14400
1547
7967
1546
7966
14398
1545
7965
14397
1544
14396
1543
7963
14395
1542
7962
14394
1541
7961
1540
1539
7959
1538
7958
1537
7957
1536
1535
14386
1533
14384
1531
1530
1529
14381
1528
14380
1527
14378
1525
14376
1523
14375
1522
14374
1521
14373
1520
7940
14372
1519
7938
14370
1517
7936
1515
7935
1514
7933
14365
1512
14364
1511
7930
14362
1509
7928
14360
1507
14359
1506
7925
1504
7924
1503
7922
1501
7920
1499
7919
14351
1498
7918
14350
1497
7916
14348
1495
7913
14345
1492
7912
14344
1491
7911
14343
1490
7910
14342
1489
7908
14340
1487
7906
14338
1485
7905
14337
1484
14336
1483
7903
14335
1482
14334
1481
14333
1480
14332
1479
14331
1478
7891
14323
1470
7887
14319
1466
14318
1465
14317
1464
14316
1463
7883
14315
1462
7882
14314
1461
7881
14313
1460
7880
14312
1459
7879
14311
1458
7878
14310
1457
7877
14309
1456
7876
14308
1455
7875
14307
1454
7874
14306
1453
7873
1452
7872
14304
1451
7870
14302
1449
7868
14300
1447
7867
14299
1446
7866
14298
1445
7864
14296
1443
7863
1442
7862
14294
1441
7860
14292
1439
14291
1438
14290
1437
14288
1435
14287
1434
14286
1433
7852
14284
1431
7851
14283
1430
14282
1429
7848
14280
1427
7847
1426
7846
14278
1425
14277
1424
7844
14276
1423
7842
14274
1421
7827
1406
7826
14258
1405
7825
1404
14256
1403
14255
1402
14254
1401
14253
1400
14252
1399
7816
1395
7815
1394
7814
1393
7813
1392
7812
1391
7811
1390
7810
1389
7809
1388
7808
14240
1387
7807
14239
1386
7806
14238
1385
7805
14237
1384
7804
1383
7803
1382
7802
14234
1381
7801
14233
1380
7800
14232
1379
7799
14231
1378
7798
14230
1377
7797
14229
1376
14228
1375
14227
1374
14226
1373
14225
1372
14224
1371
14222
1369
7782
14214
1361
7781
14213
1360
7780
14212
1359
7779
14211
1358
7778
14210
1357
7777
14209
1356
7776
14208
1355
7774
14206
1353
7773
1352
7772
14204
1351
7770
14202
1349
1348
7768
14200
1347
7767
14199
1346
7766
14198
1345
7765
1344
7764
14196
1343
14195
1342
7762
14194
1341
1340
7760
14192
1339
7759
1338
7758
1337
7757
1336
7756
1335
1334
7754
1333
1332
7752
1331
7751
1330
7750
1329
7749
1328
7748
1327
1326
14171
1318
7738
1317
17369
4516
7734
14166
1313
17366
4513
14163
1310
17365
4512
7730
14162
1309
4511
7729
14161
1308
4510
7728
14160
1307
4509
7727
14159
1306
4508
7726
14158
1305
4507
14157
1304
4506
7724
14156
1303
4505
14155
1302
7722
14154
1301
4500
7718
14150
1297
17352
4499
7717
14149
1296
4498
7716
14148
1295
4497
7715
14147
1294
14146
1293
17348
4495
14145
1292
14144
1291
1283
4485
1282
17337
4484
14134
1281
4483
14133
1280
17335
4482
7700
14132
1279
17334
4481
7699
14131
1278
7698
14130
1277
17332
4479
7697
14129
1276
7696
14128
1275
17330
4477
7695
14127
1274
17329
4476
7694
14126
1273
4475
7693
14125
1272
4474
7692
1271
4473
7691
1270
7690
1269
4471
7689
14121
1268
7688
14120
1267
4469
7687
14119
1266
17321
4468
7686
14118
1265
17320
4467
7685
14117
1264
7684
14116
1263
7676
14108
1255
17310
4457
14107
1254
7674
14106
1253
17308
4455
7673
14105
1252
17307
4454
7672
14104
1251
17306
4453
14103
1250
17305
4452
7670
14102
1249
17304
4451
7669
14101
1248
17303
4450
7668
14100
1247
17302
4449
14099
1246
17301
4448
7666
14098
1245
7665
14097
1244
7664
1243
1242
7662
1241
7661
1240
7660
1239
1238
17292
4439
14089
1236
14087
1234
17289
4436
14086
1233
17288
4435
14085
1232
17287
4434
14084
1231
17286
4433
1230
17284
4431
14081
1228
17282
4429
14079
1226
17281
4428
14078
1225
17280
4427
14077
1224
17279
4426
14076
1223
17278
4425
7643
14075
1222
17276
4423
7641
1220
7639
1218
4420
7638
14070
1217
17272
4419
7637
1216
17271
4418
7636
14068
1215
17270
4417
14067
1214
17268
4415
14065
1212
17266
4413
7631
14063
1210
7630
14062
1209
17264
4411
7629
1208
17263
4410
7628
1207
17262
4409
7627
1206
17260
4407
7625
1204
17258
4405
7623
1202
7622
14054
1201
17256
4403
7621
14053
1200
17254
4401
7619
14051
1198
4398
7616
14048
1195
17250
4397
7615
14047
1194
7614
14046
1193
17248
4395
7613
14045
1192
17246
4393
7611
14043
1190
17244
4391
7609
14041
1188
7608
1187
7607
14039
1186
14038
1185
14037
1184
14036
1183
14035
1182
14034
1181
4376
7594
14026
1173
17228
4375
7593
14025
1172
17223
4370
7588
14020
1167
17222
4369
7587
14019
1166
17221
4368
14018
1165
17220
4367
7585
14017
1164
17219
4366
7584
14016
1163
4365
7583
14015
1162
4364
7582
14014
1161
7581
14013
1160
4362
7580
14012
1159
4361
7579
14011
1158
17213
4360
7578
14010
1157
4359
7577
14009
1156
4358
7576
1155
17210
4357
7575
14007
1154
17209
4356
7574
1153
17208
4355
7573
14005
1152
17206
4353
7571
14003
1150
4352
7570
14002
1149
17204
4351
7569
14001
1148
17202
4349
7567
13999
1146
17201
4348
7566
1145
17200
4347
7565
13997
1144
17198
4345
7563
13995
1142
17197
4344
13994
1141
4343
13993
1140
17194
4341
13991
1138
1137
17192
4339
13989
1136
7555
13987
1134
7554
13986
1133
13985
1132
13983
1130
1129
17181
4328
7546
13978
1125
17165
4312
7530
1109
4306
13956
1103
4305
13955
1102
4300
7518
1097
4298
7516
1095
7507
13939
1086
17141
4288
7506
13938
1085
17140
4287
7505
13937
1084
17139
4286
7504
13936
1083
17138
4285
7503
13935
1082
17137
4284
7502
13934
1081
4283
7501
13933
1080
13906
1053
4252
7470
13902
1049
17101
4248
13898
1045
17097
4244
7462
1041
17096
4243
7461
1040
4240
1037
17089
4236
7454
1033
1029
17077
4224
13874
1021
17076
4223
7441
13873
1020
17075
4222
13872
1019
17074
4221
7439
1018
4187
7405
13837
984
17033
4180
7398
13830
977
7379
13811
958
17013
4160
13810
957
13787
934
16989
4136
13786
933
16987
4134
13784
931
16985
4132
13782
929
16984
4131
13781
928
16981
4128
7346
13778
925
16979
4126
7344
13776
923
16977
4124
7342
921
7333
13765
912
16967
4114
7332
911
16966
4113
7331
910
16965
4112
7330
909
4101
7319
13751
898
16953
4100
7318
13750
897
7317
13749
896
16951
4098
7316
13748
895
16949
4096
7314
13746
893
16927
4074
13724
871
16925
4072
13722
869
7289
13721
868
7288
13720
867
7287
13719
866
4068
7286
13718
865
16900
4047
13697
844
7257
13689
836
16868
4015
7233
812
16867
4014
7232
13664
811
4009
13659
806
4008
13658
805
4001
7219
798
4000
7218
797
3999
7217
796
7216
795
7215
794
7214
793
7213
13645
792
7212
791
7211
790
7210
789
16844
3991
7209
788
16843
3990
7208
13640
787
7207
13639
786
7206
13638
785
7205
13637
784
16839
3986
7204
13636
783
16838
3985
7203
13635
782
13634
781
16836
3983
13633
780
16835
3982
13632
779
16834
3981
13631
778
16833
3980
13630
777
16832
3979
13629
776
16823
3970
7188
13620
767
16822
3969
7187
766
16821
3968
7186
13618
765
16820
3967
7185
13617
764
16819
3966
7184
13616
763
16818
3965
7183
13615
762
16817
3964
7182
13614
761
7180
13612
759
7179
758
7176
13608
755
13607
754
3956
7174
13606
753
3955
7173
13605
752
16807
3954
7172
13604
751
16806
3953
7171
750
16805
3952
7170
13602
749
16804
3951
13601
748
16803
3950
7168
13600
747
16802
3949
746
16801
3948
7166
13598
745
16800
3947
7165
744
16799
3946
7164
743
3945
7163
742
3944
7162
741
16796
3943
740
16795
3942
7160
739
3941
738
16793
3940
7158
737
16792
3939
7157
736
16791
3938
7156
735
16790
3937
7155
734
16789
3936
7154
733
732
16780
3927
13577
724
16779
3926
7144
723
16772
3919
13569
716
16771
3918
7136
13568
715
16770
3917
7135
13567
714
3916
7134
13566
713
3915
7133
13565
712
3914
7132
13564
711
3913
13563
710
3912
7130
13562
709
3906
7124
13556
703
3905
7123
13555
702
16757
3904
7122
13554
701
16756
3903
7121
13553
700
13552
699
16754
3901
13551
698
13550
697
689
3891
688
3890
13540
687
3889
13539
686
16741
3888
7106
13538
685
16740
3887
7105
13537
684
7104
13536
683
16738
3885
7103
13535
682
7102
13534
681
16736
3883
7101
13533
680
16735
3882
7100
13532
679
3881
7099
13531
678
3880
7098
677
3879
7097
676
7096
675
3877
7095
13527
674
7094
13526
673
3875
7093
13525
672
16727
3874
7092
13524
671
16726
3873
7091
13523
670
7090
13522
669
7082
13514
661
16716
3863
13513
660
7080
13512
659
16714
3861
7079
13511
658
16713
3860
7078
13510
657
16712
3859
13509
656
8673
15105
2252
16711
3858
7076
13508
655
8672
2251
16710
3857
7075
13507
654
8671
15103
2250
16709
3856
7074
13506
653
8670
15102
2249
16708
3855
13505
652
8669
15101
2248
16707
3854
7072
13504
651
8668
2247
7071
13503
650
8667
15099
2246
7070
649
648
7068
647
7067
646
8663
15095
2242
7066
645
15094
2241
644
2239
16698
3845
13495
642
8658
15090
2237
16696
3843
13493
640
8657
15089
2236
13492
639
8656
2235
16694
3841
13491
638
8655
15087
2234
16693
3840
637
15086
2233
16692
3839
636
2231
16690
3837
13487
634
8650
2229
16688
3835
13485
632
8649
2228
16687
3834
13484
631
8648
2227
16686
3833
13483
630
8647
2226
16685
3832
13482
629
2225
16684
3831
7049
13481
628
2223
16682
3829
7047
626
8642
2221
16680
3827
7045
13477
624
8641
2220
3826
7044
623
8640
2219
16678
3825
7043
622
8639
2218
16677
3824
7042
13474
621
2217
16676
3823
7041
13473
620
16674
3821
13471
618
16672
3819
7037
13469
616
7036
13468
615
16670
3817
7035
614
16669
3816
7034
613
15062
2209
16668
3815
7033
612
15060
2207
16666
3813
7031
610
16664
3811
7029
608
7028
13460
607
15056
2203
16662
3809
7027
13459
606
15054
2201
16660
3807
7025
13457
604
8619
15051
2198
3804
7022
13454
601
8618
15050
2197
16656
3803
7021
13453
600
8617
15049
2196
7020
13452
599
15048
2195
16654
3801
7019
13451
598
16652
3799
7017
13449
596
8612
15044
2191
16650
3797
7015
13447
594
7014
13446
593
7013
13445
592
8609
15041
2188
13444
591
8608
15040
2187
13443
590
8607
15039
2186
13442
589
8606
15038
2185
13441
588
15037
2184
13440
587
8595
15027
2174
3780
6998
13430
577
8594
2173
16632
3779
13429
576
15025
2172
16631
3778
13428
575
15024
2171
16630
3777
6995
13427
574
8590
15022
2169
16628
3775
6993
13425
572
8589
15021
2168
16627
3774
13424
571
8588
15020
2167
16626
3773
6991
13423
570
8587
15019
2166
16625
3772
6990
13422
569
8586
15018
2165
3771
6989
13421
568
8585
15017
2164
3770
6988
13420
567
8584
2163
3769
6987
13419
566
8582
2161
3767
6985
13417
564
8581
2160
3766
6984
13416
563
8580
2159
3765
6983
13415
562
8579
15011
2158
16617
3764
6982
561
8578
15010
2157
3763
6981
13413
560
8576
15008
2155
3761
6979
13411
558
3759
6977
13409
556
16611
3758
6976
13408
555
16610
3757
6975
13407
554
16608
3755
6973
13405
552
16607
3754
6972
551
16606
3753
6971
13403
550
14998
2145
16604
3751
6969
13401
548
8565
14997
2144
16603
3750
13400
547
8552
2131
16590
3737
6955
13387
534
8551
2130
3736
13386
533
2129
16588
3735
6953
13385
532
16587
3734
6952
13384
531
14980
2127
16586
3733
6951
13383
530
8530
2109
16568
3715
13365
512
8529
2108
3714
13364
511
8528
2107
3713
13363
510
8527
14959
2106
3712
13362
509
3702
6920
499
8516
2095
6919
498
6918
13350
497
8514
2093
6917
13349
496
8513
14945
2092
6916
495
8512
14944
2091
6915
13347
494
6914
13346
493
6892
13324
471
16526
3673
6891
13323
470
16525
3672
6890
469
16524
3671
6889
13321
468
16523
3670
6888
13320
467
16522
3669
6887
13319
466
16521
3668
6886
13318
465
8462
14894
2041
16500
3647
6865
444
8454
14886
2033
16492
3639
6857
436
16462
3609
6827
13259
406
3608
6826
13258
405
8410
1989
6813
13245
392
8409
1988
16447
3594
6812
391
8408
1987
3593
6811
13243
390
8407
1986
3592
6810
13242
389
8406
1985
16444
3591
6809
13241
388
8405
1984
16443
3590
6808
13240
387
8404
1983
6807
13239
386
8403
1982
16441
3588
6806
13238
385
8402
1981
6805
13237
384
8401
1980
16439
3586
6804
13236
383
8400
14832
1979
16438
3585
6803
13235
382
8399
14831
1978
3584
6802
381
8398
14830
1977
3583
6801
13233
380
8397
14829
1976
3582
6800
13232
379
8396
14828
1975
6799
378
8395
14827
1974
3580
6798
377
8394
14826
1973
13229
376
8393
14825
1972
3578
6796
13228
375
8392
14824
1971
16430
3577
6795
13227
374
8391
14823
1970
16429
3576
6794
13226
373
14822
1969
6793
13225
372
6785
13217
364
16419
3566
13216
363
6783
13215
362
16417
3564
6782
13214
361
16416
3563
6781
13213
360
16415
3562
13212
359
8376
14808
1955
16414
3561
6779
13211
358
8375
14807
1954
16413
3560
6778
13210
357
8374
14806
1953
16412
3559
6777
13209
356
8373
14805
1952
16411
3558
13208
355
8372
14804
1951
16410
3557
6775
354
8371
14803
1950
6774
353
8370
14802
1949
6773
352
351
6771
350
6770
349
6769
348
347
1942
13198
345
8361
14793
1940
343
8360
14792
1939
342
8359
1938
16397
3544
13194
341
8358
14790
1937
16396
3543
13193
340
14789
1936
16395
3542
13192
339
8356
14788
1935
16394
3541
338
1934
16393
3540
13190
337
8353
1932
16391
3538
13188
335
8352
1931
16390
3537
13187
334
8351
1930
16389
3536
13186
333
8350
1929
13185
332
17184
4331
7549
13981
1128
1928
16387
3534
6752
13184
331
4330
13980
1127
8348
1927
16386
3533
6751
330
17182
4329
7547
13979
1126
1926
16385
3532
6750
13182
329
17180
4327
7545
13977
1124
8345
1924
16383
3530
6748
327
8344
1923
3529
6747
326
8343
1922
16381
3528
6746
325
8342
1921
16380
3527
6745
13177
324
1920
16379
3526
13176
323
16378
3525
6743
13175
322
16377
3524
6742
13174
321
16375
3522
6740
13172
319
13171
318
16373
3520
6738
317
16372
3519
6737
316
14765
1912
16371
3518
6736
315
8332
14764
1911
6735
314
1910
16369
3516
6734
313
17164
4311
7529
13961
1108
8329
14761
1908
16367
3514
6732
311
17163
4310
7528
1107
8328
14760
1907
6731
13163
310
17162
4309
13959
1106
1906
16365
3512
6730
13162
309
4308
13958
1105
16364
3511
6729
13161
308
4307
13957
1104
14757
1904
16363
3510
6728
13160
307
4304
13954
1101
8322
14754
1901
3507
6725
13157
304
4303
13953
1100
8321
14753
1900
16359
3506
6724
13156
303
8320
14752
1899
6723
13155
302
14751
1898
16357
3504
6722
13154
301
4299
7517
1096
16355
3502
6720
13152
299
4297
7515
1094
16353
3500
6718
13150
297
4296
7514
1093
6717
13149
296
7513
1092
13148
295
7512
13944
1091
8312
14744
1891
6715
13147
294
7511
1090
8311
14743
1890
13146
293
7510
1089
8310
14742
1889
13145
292
7509
1088
8309
14741
1888
13144
291
7508
13940
1087
14740
1887
13143
290
17135
4282
7500
13932
1079
3485
6703
13135
282
13931
1078
16337
3484
6702
13134
281
17133
4280
13930
1077
1877
3483
6701
13133
280
17132
4279
13929
1076
1876
16335
3482
13132
279
17131
4278
13928
1075
14728
1875
16334
3481
6699
13131
278
17130
4277
13927
1074
14727
1874
16333
3480
13130
277
17129
4276
13926
1073
8294
14726
1873
16332
3479
13129
276
8292
14724
1871
6695
13127
274
8291
14723
1870
6694
13126
273
8290
14722
1869
6693
13125
272
8289
14721
1868
3474
6692
13124
271
8288
14720
1867
3473
6691
13123
270
8287
1866
3472
6690
13122
269
8286
14718
1865
3471
6689
13121
268
17120
4267
7485
13917
1064
8285
14717
1864
3470
6688
13120
267
17119
4266
7484
1063
8284
1863
3469
6687
13119
266
17118
4265
7483
13915
1062
8283
14715
1862
3468
6686
13118
265
4212
7430
13862
1009
8230
14662
1809
3415
13065
212
4211
7429
13861
1008
8229
14661
1808
3414
13064
211
17059
4206
7424
13856
1003
8224
14656
1803
3409
6627
206
8223
1802
3408
6626
205
17051
4198
995
8216
14648
1795
6619
198
13847
994
8215
14647
1794
6618
197
6617
13049
196
8213
14645
1792
6616
13048
195
16250
3397
6615
13047
194
8211
14643
1790
16249
3396
6614
13046
193
8210
14642
1789
6613
13045
192
8209
14641
1788
6612
13044
191
8208
14640
1787
6611
13043
190
7407
986
8207
14639
1786
6610
13042
189
17041
4188
985
16244
3391
6609
13041
188
4186
13836
983
16242
3389
13039
186
17038
4185
7403
13835
982
8203
14635
1782
16241
3388
13038
185
17037
4184
7402
13834
981
8202
14634
1781
16240
3387
13037
184
7401
13833
980
8201
14633
1780
16239
3386
13036
183
17035
4182
7400
13832
979
14632
1779
16238
3385
13035
182
7399
13831
978
14631
1778
16237
3384
181
17032
4179
7397
13829
976
14629
1776
16235
3382
6600
13032
179
4178
7396
975
14628
1775
16234
3381
6599
13031
178
4177
7395
13827
974
16233
3380
6598
13030
177
4176
7394
13826
973
16232
3379
6597
13029
176
7393
13825
972
6596
13028
175
4174
7392
971
6595
13027
174
7391
970
16229
3376
6594
13026
173
4172
7390
13822
969
16228
3375
6593
172
17024
4171
7389
13821
968
16227
3374
6592
13024
171
17023
4170
7388
13820
967
16226
3373
6591
13023
170
7387
13819
966
8187
14619
1766
16225
3372
6590
13022
169
8186
14618
1765
16224
3371
6589
13021
168
14617
1764
3370
6588
13020
167
14616
1763
6587
13019
166
7377
13809
956
8177
14609
1756
3362
6580
13012
159
17011
4158
7376
13808
955
8176
14608
1755
3361
6579
13011
158
17010
4157
7375
13807
954
8175
14607
1754
16213
3360
6578
13010
157
17009
4156
13806
953
8174
14606
1753
16212
3359
6577
156
17008
4155
7373
13805
952
8173
14605
1752
16211
3358
6576
13008
155
17007
4154
7372
13804
951
8172
14604
1751
16210
3357
13007
154
17006
4153
7371
13803
950
8171
14603
1750
16209
3356
6574
13006
153
17005
4152
13802
949
8170
1749
16208
3355
13005
152
17004
4151
7369
13801
948
16207
3354
6572
13004
151
7368
13800
947
8168
1747
16206
3353
6571
150
8564
14996
2143
16602
3749
13399
546
7367
946
8167
14599
1746
16205
3352
6570
149
945
3351
6569
148
7365
944
8165
14597
1744
3350
6568
147
8561
14993
2140
543
7364
943
8164
14596
1743
16202
3349
146
8560
14992
2139
13395
542
7363
942
8163
14595
1742
3348
6566
145
941
8162
1741
3347
144
14990
2137
6961
13393
540
8161
14593
1740
16199
3346
6564
143
8557
14989
2136
6960
13392
539
13792
939
8160
1739
16198
3345
6563
142
8556
2135
6959
13391
538
8159
14591
1738
16197
3344
6562
141
937
16196
3343
6561
140
2133
13389
536
16992
4139
936
8157
14589
1736
16195
3342
6560
139
8553
2132
535
935
14588
1735
138
16983
4130
13780
927
8148
14580
1727
16186
3333
12983
130
16973
4120
7338
13770
917
16176
3323
6541
12973
120
8526
14958
2105
3711
13361
508
6532
12964
111
16959
4106
7324
13756
903
8124
1703
3309
6527
12959
106
8520
2099
3705
6923
502
8123
14555
1702
12958
105
8510
14942
2089
6913
13345
492
8113
1692
95
16547
3694
6912
491
16947
4094
7312
13744
891
8112
1691
3297
94
8508
14940
2087
16546
3693
6911
13343
490
7311
13743
890
3296
12946
93
8507
14939
2086
3692
6910
13342
489
13742
889
8110
1689
3295
12945
92
8506
14938
2085
16544
3691
6909
13341
488
13741
888
8109
1688
16147
3294
6512
12944
91
8505
14937
2084
3690
6908
13340
487
13740
887
8108
1687
16146
3293
6511
12943
90
8504
14936
2083
3689
6907
13339
486
13739
886
8107
1686
6510
12942
89
6906
13338
485
13738
885
8106
1685
16144
3291
6509
12941
88
8502
14934
2081
13337
484
13737
884
8105
1684
6508
12940
87
16539
3686
13336
483
8104
1683
16142
3289
6507
12939
86
8500
14932
2079
16538
3685
13335
482
8103
1682
16141
3288
6506
12938
85
8499
14931
2078
16537
3684
13334
481
8102
14534
1681
3287
6505
84
8498
14930
2077
16536
3683
13333
480
8101
14533
1680
3286
6504
12936
83
14929
2076
16535
3682
13332
479
8100
1679
3285
6503
12935
82
8099
14531
1678
6502
12934
81
8098
14530
1677
3283
6501
80
8097
14529
1676
6500
12932
79
8096
14528
1675
3281
6499
12931
78
8095
14527
1674
16133
3280
6498
12930
77
16929
4076
13726
873
8094
14526
1673
16132
3279
6497
12929
76
6893
13325
472
16928
4075
13725
872
14525
1672
6496
12928
75
17117
4264
7482
13914
1061
8282
14714
1861
3467
6685
264
14914
2061
16520
3667
6885
13317
464
4067
7285
13717
864
6488
12920
67
17116
4263
7481
13913
1060
8281
14713
1860
16319
3466
6684
13116
263
14913
2060
6884
13316
463
4066
7284
13716
863
16122
3269
12919
66
4262
7480
13912
1059
8280
14712
1859
16318
3465
6683
262
6883
13315
462
4065
7283
13715
862
6486
12918
65
17114
4261
7479
13911
1058
8279
14711
1858
16317
3464
6682
13114
261
4064
7282
13714
861
16120
3267
6485
12917
64
4063
7281
13713
860
16119
3266
6484
12916
63
3462
6680
13112
259
4062
7280
13712
859
16118
3265
12915
62
3461
6679
13111
258
8476
14908
2055
6879
13311
458
16914
4061
7279
858
8079
14511
1658
16117
3264
6482
12914
61
7475
13907
1054
16313
3460
6678
13110
257
8475
14907
2054
457
16913
4060
7278
13710
857
8078
14510
1657
16116
3263
6481
12913
60
8474
14906
2053
16512
3659
6877
13309
456
4059
7277
856
8077
14509
1656
16115
3262
6480
12912
59
16311
3458
6676
13108
255
8473
14905
2052
3658
6876
13308
455
4058
7276
13708
855
8076
14508
1655
16114
3261
12911
58
13904
1051
16310
3457
6675
254
8472
14904
2051
16510
3657
6875
13307
454
8075
14507
1654
16113
3260
6478
12910
57
17106
4253
7471
13903
1050
16309
3456
6674
13106
253
8471
14903
2050
16509
3656
6874
453
16909
4056
7274
13706
853
8074
14506
1653
6477
12909
56
8470
14902
2049
16508
3655
6873
13305
452
4055
7273
13705
852
8073
14505
1652
6476
55
17098
4245
7463
13895
1042
8263
14695
1842
13098
245
8463
14895
2042
3648
6866
445
1645
12901
48
8461
14893
2040
3646
443
16899
4046
13696
843
8064
14496
1643
16102
3249
46
4242
7460
1039
8260
14692
1839
6663
13095
242
8460
14892
2039
16498
3645
6863
442
8063
14495
1642
16101
3248
45
17094
4241
7459
1038
8259
14691
1838
13094
241
16497
3644
441
16897
4044
13694
841
8062
1641
44
8458
14890
2037
3643
6861
440
16896
4043
840
8061
14493
1640
16099
3246
12896
43
4239
7457
1036
1836
6660
13092
239
8457
2036
16495
3642
6860
439
13692
839
14492
1639
16098
3245
42
17091
4238
1035
8256
1835
6659
238
8456
14888
2035
16494
3641
6859
438
8059
14491
1638
16097
3244
41
4237
7455
1034
8255
1834
16293
3440
6658
13090
237
8455
14887
2034
16493
3640
6858
437
7258
837
1637
16096
3243
12893
40
17088
4235
7453
1032
1832
16291
3438
6656
13088
235
435
7256
13688
835
8056
1635
16094
3241
12891
38
17087
4234
7452
1031
16290
3437
6655
13087
234
8055
1634
16093
3240
12890
37
17086
4233
7451
1030
14683
1830
16289
3436
6654
13086
233
7254
13686
833
8054
1633
16092
3239
12889
36
7253
832
8053
1632
16091
3238
12888
35
16887
4034
13684
831
1631
16090
3237
6455
12887
34
4033
13683
830
8051
1630
16089
3236
6454
33
16982
4129
13779
926
8147
14579
1726
16185
3332
6550
12982
129
16885
4032
7250
13682
829
1629
16088
3235
6453
12885
32
8445
14877
2024
16483
3630
13280
427
16883
4030
7248
13680
827
8048
1627
16086
3233
6451
30
16974
4121
7339
13771
918
8139
14571
1718
16177
3324
6542
12974
121
16080
3227
12877
24
3322
6540
12972
119
8437
14869
2016
16475
3622
13272
419
16078
3225
6443
12875
22
16571
3718
6936
515
16971
4118
7336
13768
915
3321
6539
12971
118
16274
3421
6639
218
8436
14868
2015
16474
3621
6839
13271
418
6442
12874
21
8532
2111
16570
3717
6935
13367
514
3320
6538
12970
117
8235
14667
1814
16273
3420
6638
13070
217
16473
3620
6838
13270
417
16076
3223
6441
20
16569
3716
6934
513
16969
4116
7334
13766
913
3319
12969
116
17069
4216
13866
1013
16272
3419
6637
216
3619
6837
13269
416
16075
3222
6440
19
17068
4215
7433
13865
1012
8233
1812
16271
3418
13068
215
3618
6836
13268
415
14468
1615
16074
3221
6439
18
17067
4214
7432
13864
1011
8232
1811
3417
13067
214
3617
6835
13267
414
8035
14467
1614
16073
3220
6438
17
8524
14956
2103
3709
13359
506
16165
3312
6530
12962
109
14659
1806
3412
13062
209
16865
4012
13662
809
14462
1609
16068
3215
6433
12865
12
6926
13358
505
16961
4108
7326
905
16164
3311
6529
12961
108
3411
6629
13061
208
4011
13661
808
16067
3214
6432
12864
11
8522
14954
2101
3707
6925
504
7325
13757
904
16163
3310
6528
12960
107
8225
14657
1804
3410
6628
207
4010
13660
807
14460
1607
16066
3213
6431
12863
10
17104
4251
7469
13901
1048
14701
1848
16307
3454
6672
13104
251
8469
14901
2048
16507
3654
13304
451
16907
4054
7272
13704
851
8072
14504
1651
54
8519
2098
3704
6922
501
16957
4104
7322
13754
901
8122
1701
16160
3307
12957
104
8222
1801
3407
6625
204
3607
6825
13257
404
8025
14457
1604
3210
6428
12860
7
8444
14876
2023
16482
3629
6847
13279
426
8047
1626
3232
6450
29
4250
7468
1047
8268
14700
1847
16306
3453
13103
250
8468
14900
2047
16506
3653
6871
13303
450
6474
53
8518
2097
3703
6921
500
14553
1700
12956
103
17056
4203
7421
13853
1000
8221
1800
3406
6624
203
8421
2000
16459
3606
6824
13256
403
8024
14456
1603
16062
3209
6427
12859
6
4213
7431
13863
1010
8231
1810
3416
13066
213
3616
13266
413
14466
1613
16072
3219
6437
16
8046
1625
16084
3231
6449
28
17102
4249
7467
13899
1046
8267
14699
1846
16305
3452
13102
249
8467
2046
16505
3652
13302
449
16905
4052
7270
13702
849
6473
52
17055
4202
7420
13852
999
3405
6623
202
8420
14852
1999
13255
402
4005
7223
13655
802
8023
14455
1602
16061
3208
6426
12858
5
8045
1624
16083
3230
6448
12880
27
8466
14898
2045
16504
3651
6869
13301
448
16904
4051
7269
848
6472
51
4201
7419
13851
998
8219
1798
6622
201
8419
1998
16457
3604
13254
401
4004
7222
801
14454
1601
16060
3207
6425
12857
4
4123
7341
920
8141
14573
1720
16179
3326
6544
123
1623
16082
3229
12879
26
17100
4247
7465
13897
1044
14697
1844
13100
247
8465
2044
16503
3650
6868
447
16903
4050
7268
13700
847
50
17053
4200
7418
13850
997
6621
13053
200
14850
1997
13253
400
16059
3206
6424
12856
3
16963
4110
7328
907
16166
3313
6531
12963
110
4210
13860
1007
3413
13063
210
16866
4013
7231
810
8031
14463
1610
6434
12866
13
16975
4122
7340
919
16178
3325
12975
122
12878
25
17099
4246
1043
8264
14696
1843
16302
3449
246
8464
14896
2043
16502
3649
6867
446
8067
14499
1646
6470
49
13849
996
8217
1796
6620
199
4002
7220
799
16058
3205
6423
12855
2
