6772
6751
6747
6727
6720
6718
6715
6713
6709
6707
6701
6698
6697
6693
6691
6675
6671
6661
6640
6621
6613
6612
6604
6594
6586
6570
6568
6564
6561
6555
6554
6551
6546
6545
6540
6535
6534
6532
6527
6517
6511
6490
6487
6483
6481
6479
6472
6465
6464
6451
6442
6429
6422
6420
6419
6418
6417
6416
6415
6414
6413
6412
6411
6410
6409
6408
6407
6406
6405
6404
6403
6402
6401
6400
6399
6398
6397
6396
6395
6394
6393
6392
6391
6390
6389
6388
6387
6385
6384
6383
6382
6381
6380
6379
6378
6376
6375
6374
6373
6372
6371
6370
6368
6367
6366
6365
6364
6363
6362
6361
6358
6357
6356
6355
6354
6353
6352
6351
6349
6348
6347
6346
6345
6344
6343
6340
6339
6338
6337
6336
6335
6334
6332
6331
6328
6327
6325
6324
6323
6321
6319
6318
6316
6315
6314
6313
6312
6311
6309
6308
6307
6306
6304
6303
6301
6300
6299
6298
6296
6295
6293
6292
6291
6290
6289
6288
6287
6286
6285
6284
6283
6281
6280
6279
6278
6277
6275
6274
6273
6272
6271
6269
6268
6267
6266
6264
6262
6261
6260
6258
6257
6256
6254
6253
6251
6250
6249
6247
6246
6243
6242
6241
6240
6238
6235
6234
6233
6232
6231
6230
6229
6228
6227
6225
6224
6223
6222
6221
6220
6219
6215
6213
6212
6211
6210
6209
6208
6207
6206
6205
6204
6203
6202
6201
6200
6199
6198
6197
6196
6195
6194
6193
6192
6191
6190
6189
6188
6187
6186
6185
6184
6183
6182
6181
6180
6179
6178
6177
6176
6174
6173
6172
6171
6170
6169
6168
6167
6166
6164
6162
6161
6160
6157
6156
6155
6153
6151
6150
6149
6148
6147
6146
6145
6144
6143
6141
6140
6139
6137
6134
6133
6132
6131
6130
6129
6128
6127
6126
6125
6124
6123
6122
6121
6120
6119
6118
6117
6116
6115
6114
6113
6112
6111
6110
6109
6108
6107
6106
6105
6103
6102
6101
6100
6098
6097
6096
6094
6093
6092
6090
6089
6086
6083
6082
6081
6080
6079
6078
6077
6076
6075
6074
6073
6072
6071
6070
6069
6068
6067
6066
6065
6064
6063
6062
6061
6060
6059
6058
6057
6056
6055
6054
6053
6052
6051
6050
6049
6048
6047
6046
6045
6044
6043
6042
6041
6039
6038
6037
6036
6035
6034
6033
6030
6029
6028
6027
6026
6025
6024
6022
6021
6020
6019
6018
6017
6016
6015
6012
6011
6010
6009
6008
6007
6006
6003
6002
6001
6000
5999
5998
5997
5994
5993
5992
5991
5990
5989
5988
5986
5985
5982
5981
5979
5978
5977
5975
5972
5970
5969
5967
5966
5965
5964
5963
5962
5961
5960
5958
5957
5955
5954
5953
5952
5950
5949
5948
5947
5946
5945
5944
5943
5942
5941
5940
5939
5938
5937
5935
5934
5933
5932
5931
5929
5928
5927
5926
5925
5923
5921
5920
5918
5917
5916
5915
5914
5913
5912
5910
5909
5908
5907
5905
5904
5903
5901
5900
5897
5896
5895
5894
5893
5892
5889
5888
5887
5886
5885
5884
5883
5882
5879
5878
5877
5876
5875
5874
5873
5869
5868
5867
5866
5865
5864
5863
5862
5861
5860
5859
5858
5857
5856
5855
5854
5853
5852
5851
5849
5848
5847
5846
5845
5844
5843
5842
5841
5840
5839
5838
5837
5836
5835
5834
5833
5832
5831
5830
5829
5828
5827
5825
5824
5822
5821
5820
5818
5816
5815
5814
5811
5810
5809
5807
5805
5804
5803
5802
5801
5800
5799
5798
5795
5794
5793
5791
5788
5787
5786
5785
5784
5783
5782
5781
5780
5779
5778
5777
5776
5775
5774
5773
5772
5771
5770
5769
5768
5767
5766
5765
5764
5763
5762
5761
5760
5759
5757
5756
5755
5754
5752
5751
5750
5748
5747
5746
5745
5744
5743
5740
5737
5736
5735
5734
5733
5732
5731
5730
5729
5728
5727
5726
5725
5724
5723
5722
5721
5720
5719
5718
5717
5716
5715
5714
5713
5712
5711
5710
5709
5708
5707
5706
5705
5704
5703
5702
5701
5700
5699
5698
5697
5696
5695
5693
5692
5691
5690
5689
5688
5687
5684
5683
5682
5681
5680
5679
5678
5676
5675
5674
5673
5672
5671
5670
5669
5666
5665
5664
5663
5662
5661
5660
5657
5656
5655
5654
5653
5652
5651
5648
5647
5646
5645
5644
5642
5640
5639
5636
5635
5633
5632
5631
5629
5626
5624
5623
5621
5620
5619
5618
5617
5616
5615
5614
5612
5611
5610
5609
5606
5604
5603
5602
5601
5600
5599
5598
5596
5595
5594
5593
5592
5591
5589
5588
5587
5586
5585
5583
5582
5581
5580
5579
5577
5575
5574
5572
5571
5570
5569
5568
5566
5564
5562
5561
5559
5558
5557
5555
5554
5552
5551
5550
5549
5548
5547
5546
5543
5542
5541
5540
5539
5538
5537
5536
5533
5532
5531
5530
5529
5527
5524
5523
5522
5521
5520
5519
5518
5517
5516
5515
5514
5513
5512
5511
5510
5509
5508
5507
5506
5505
5503
5502
5501
5500
5499
5498
5497
5496
5495
5494
5493
5492
5491
5490
5489
5488
5487
5486
5485
5484
5483
5482
5481
5479
5478
5476
5475
5474
5472
5470
5469
5468
5465
5464
5463
5461
5459
5458
5457
5456
5455
5454
5453
5452
5449
5448
5447
5446
5445
5442
5441
5440
5439
5438
5437
5436
5435
5434
5433
5432
5431
5430
5429
5428
5427
5426
5425
5424
5423
5422
5421
5420
5419
5418
5417
5416
5415
5414
5413
5411
5410
5409
5408
5406
5405
5404
5402
5401
5400
5399
5397
5394
5393
5391
5390
5389
5388
5387
5386
5385
5384
5383
5382
5381
5380
5379
5378
5377
5376
5375
5374
5373
5372
5371
5370
5369
5368
5367
5366
5365
5364
5363
5362
5361
5360
5359
5358
5357
5356
5355
5354
5353
5352
5351
5350
5349
5347
5346
5345
5344
5343
5342
5341
5338
5337
5336
5335
5334
5333
5332
5330
5329
5328
5327
5326
5325
5324
5323
5320
5319
5318
5317
5316
5315
5314
5311
5310
5309
5308
5307
5306
5305
5302
5301
5300
5299
5298
5297
5296
5294
5293
5290
5289
5287
5286
5285
5283
5280
5278
5277
5275
5274
5273
5272
5271
5270
5269
5268
5266
5265
5263
5262
5261
5260
5258
5257
5256
5255
5254
5253
5252
5251
5250
5249
5248
5247
5246
5245
5243
5242
5241
5240
5239
5237
5236
5235
5234
5233
5231
5229
5228
5226
5225
5224
5223
5222
5221
5220
5218
5217
5216
5215
5213
5212
5211
5209
5208
5206
5205
5204
5203
5202
5201
5200
5197
5196
5195
5194
5193
5192
5191
5190
5189
5187
5186
5185
5184
5183
5182
5181
5177
5176
5175
5174
5173
5172
5171
5170
5169
5168
5167
5166
5165
5164
5163
5162
5161
5160
5159
5157
5156
5155
5153
5152
5151
5150
5149
5148
5147
5146
5145
5144
5143
5142
5141
5140
5139
5138
5137
5136
5135
5133
5132
5130
5129
5128
5126
5124
5123
5122
5119
5118
5117
5115
5113
5112
5111
5110
5109
5107
5106
5105
5103
5102
5101
5100
5099
5096
5095
5094
5093
5092
5091
5090
5089
5088
5087
5086
5085
5084
5083
5082
5081
5080
5079
5078
5077
5076
5075
5074
5073
5072
5071
5070
5069
5068
5067
5065
5064
5063
5062
5060
5059
5058
5056
5055
5054
5053
5051
5048
5047
5045
5044
5043
5042
5041
5040
5039
5038
5037
5036
5035
5034
5033
5032
5031
5030
5029
5028
5027
5026
5025
5024
5023
5022
5021
5020
5019
5018
5017
5016
5015
5014
5013
5012
5011
5010
5009
5008
5007
5006
5005
5004
5003
5001
5000
4999
4998
4997
4996
4995
4992
4991
4990
4989
4988
4986
4984
4983
4982
4981
4980
4979
4978
4977
4974
4973
4972
4971
4970
4969
4968
4965
4964
4963
4962
4961
4960
4959
4956
4955
4954
4953
4952
4951
4950
4948
4947
4944
4943
4941
4940
4939
4937
4935
4934
4932
4931
4929
4928
4927
4925
4924
4923
4922
4921
4920
4919
4918
4917
4916
4915
4914
4912
4911
4909
4908
4907
4906
4905
4904
4903
4902
4901
4900
4899
4897
4896
4895
4894
4893
4891
4890
4889
4888
4887
4885
4883
4882
4880
4879
4878
4877
4876
4874
4872
4871
4870
4869
4867
4866
4865
4863
4862
4860
4859
4858
4856
4855
4854
4851
4850
4849
4848
4847
4846
4845
4844
4843
4841
4840
4839
4838
4837
4835
4831
4830
4829
4828
4827
4826
4825
4824
4823
4822
4821
4820
4819
4818
4817
4816
4815
4814
4813
4811
4810
4809
4808
4807
4806
4805
4804
4803
4802
4801
4800
4799
4798
4797
4796
4795
4794
4793
4792
4791
4790
4789
4787
4786
4784
4783
4782
4780
4778
4777
4776
4773
4772
4771
4769
4767
4766
4765
4764
4763
4762
4761
4760
4759
4757
4756
4755
4754
4753
4750
4749
4748
4747
4746
4745
4744
4743
4742
4741
4740
4739
4738
4737
4736
4735
4734
4733
4732
4731
4730
4729
4728
4727
4726
4725
4724
4723
4722
4721
4719
4718
4717
4716
4714
4713
4712
4710
4709
4708
4707
4705
4702
4701
4699
4698
4697
4696
4695
4694
4693
4692
4691
4690
4689
4688
4687
4686
4685
4684
4683
4682
4681
4680
4679
4678
4677
4676
4675
4674
4673
4672
4671
4670
4669
4668
4667
4666
4665
4664
4663
4662
4661
4660
4659
4658
4657
4655
4654
4653
4652
4651
4650
4649
4648
4646
4645
4644
4643
4642
4641
4640
4638
4637
4636
4635
4634
4633
4632
4631
4628
4627
4626
4625
4624
4623
4622
4619
4618
4617
4616
4615
4614
4613
4610
4609
4608
4607
4606
4605
4604
4602
4601
4598
4597
4595
4594
4593
4591
4588
4586
4585
4583
4582
4581
4580
4579
4578
4577
4576
4575
4574
4573
4572
4571
4570
4569
4568
4566
4565
4564
4563
4562
4561
4560
4559
4558
4557
4556
4555
4554
4553
4551
4550
4549
4548
4547
4545
4544
4543
4542
4541
4539
4537
4536
4534
4532
4531
4530
4529
4528
4526
4525
4524
4523
4521
4520
4519
4517
4516
4514
4513
4512
4510
4509
4508
4505
4504
4503
4502
4501
4500
4499
4498
4497
4495
4494
4493
4492
4491
4490
4489
4485
4484
4483
4482
4481
4480
4479
4478
4477
4476
4475
4474
4473
4472
4471
4470
4469
4468
4467
4465
4464
4463
4461
4460
4459
4458
4457
4456
4455
4454
4453
4452
4451
4450
4449
4448
4447
4446
4445
4444
4443
4441
4440
4438
4437
4436
4434
4432
4431
4430
4427
4426
4425
4423
4421
4420
4419
4418
4417
4416
4415
4414
4413
4411
4410
4409
4408
4407
4404
4403
4402
4401
4400
4399
4398
4397
4396
4395
4394
4393
4392
4391
4390
4389
4388
4387
4386
4385
4384
4383
4382
4381
4380
4379
4378
4377
4376
4375
4373
4372
4371
4370
4368
4367
4366
4364
4363
4362
4361
4359
4356
4355
4353
4352
4351
4350
4349
4348
4347
4346
4345
4344
4343
4342
4341
4340
4339
4338
4337
4336
4335
4334
4333
4332
4331
4330
4329
4328
4327
4326
4325
4324
4323
4322
4321
4320
4319
4318
4317
4316
4315
4314
4313
4312
4311
4309
4308
4306
4305
4304
4303
4300
4299
4298
4297
4296
4295
4294
4292
4291
4290
4289
4288
4287
4286
4285
4282
4281
4280
4279
4278
4277
4276
4273
4272
4271
4270
4269
4268
4267
4264
4263
4262
4261
4260
4258
4256
4255
4252
4251
4249
4248
4247
4245
4242
4240
4239
4237
4236
4235
4234
4233
4232
4231
4230
4229
4228
4227
4225
4224
4223
4222
4220
4219
4218
4217
4216
4214
4213
4212
4211
4210
4209
4208
4207
4205
4204
4203
4202
4201
4199
4198
4197
4196
4195
4193
4191
4190
4188
4186
4185
4184
4182
4180
4179
4178
4177
4175
4174
4173
4171
4170
4168
4167
4166
4165
4164
4163
4162
4159
4158
4157
4156
4155
4154
4153
4152
4151
4149
4148
4147
4146
4145
4144
4143
4139
4138
4137
4136
4135
4134
4133
4132
4131
4130
4129
4128
4127
4126
4125
4124
4123
4122
4121
4119
4118
4117
4115
4114
4113
4112
4111
4110
4109
4108
4107
4106
4105
4104
4103
4102
4101
4100
4099
4098
4097
4095
4094
4092
4091
4090
4088
4086
4085
4084
4081
4080
4079
4077
4075
4074
4073
4072
4071
4070
4069
4068
4065
4064
4063
4062
4061
4058
4057
4056
4055
4054
4053
4052
4051
4050
4049
4048
4047
4046
4045
4044
4043
4042
4041
4040
4039
4038
4037
4036
4035
4034
4033
4032
4031
4030
4029
4027
4026
4025
4024
4022
4021
4020
4018
4017
4016
4015
4013
4010
4009
4007
4006
4005
4004
4003
4002
4001
4000
3999
3998
3997
3996
3995
3994
3993
3992
3991
3990
3989
3988
3987
3986
3985
3984
3983
3982
3981
3980
3979
3978
3977
3976
3975
3974
3973
3972
3971
3970
3969
3968
3967
3966
3965
3963
3962
3961
3960
3959
3958
3957
3954
3953
3952
3951
3950
3949
3948
3946
3945
3944
3943
3942
3941
3940
3939
3937
3935
3934
3933
3932
3931
3930
3927
3926
3925
3924
3923
3922
3921
3919
3918
3917
3916
3915
3914
3913
3912
3910
3909
3906
3905
3903
3902
3901
3899
3896
3894
3893
3891
3890
3889
3887
3886
3885
3884
3883
3882
3881
3880
3879
3871
3844
3842
3837
3833
3831
3822
3821
3783
3781
3778
3769
3766
3723
3715
3697
3696
3688
3687
3679
3670
3667
3663
3659
3657
3651
3647
3639
3636
3634
3633
3631
3619
3613
3605
3602
3600
3596
3594
3589
3585
3581
3563
3553
3533
3509
3495
3483
3479
3475
3473
3457
3453
3443
3422
3403
3394
3377
3376
3359
3358
3352
3350
3346
3343
3339
3337
3333
3328
3318
3317
3314
3309
3299
3293
3285
3282
3280
3276
3274
3269
3265
3261
3254
3247
3233
3226
3224
3211
3204
3202
3201
3199
3198
3197
3195
3194
3193
3192
3190
3189
3188
3187
3186
3185
3184
3181
3180
3179
3178
3177
3176
3175
3174
3173
3172
3170
3169
3168
3167
3166
3165
3164
3163
3161
3160
3159
3158
3157
3155
3153
3152
3150
3149
3148
3147
3146
3145
3144
3142
3140
3139
3137
3136
3135
3133
3132
3130
3129
3128
3127
3126
3125
3124
3121
3120
3119
3118
3117
3116
3115
3114
3113
3111
3110
3109
3108
3107
3106
3105
3101
3100
3099
3098
3097
3096
3095
3094
3093
3092
3091
3090
3089
3088
3087
3086
3085
3084
3083
3081
3080
3079
3077
3076
3075
3074
3073
3072
3071
3070
3069
3068
3067
3066
3065
3064
3063
3062
3061
3060
3058
3057
3056
3054
3053
3052
3050
3048
3047
3046
3043
3042
3041
3040
3039
3037
3036
3035
3034
3033
3032
3031
3030
3027
3026
3025
3024
3023
3020
3019
3018
3017
3016
3015
3014
3013
3012
3011
3010
3009
3008
3007
3006
3005
3004
3003
3002
3001
3000
2999
2998
2997
2996
2995
2994
2993
2992
2991
2989
2988
2987
2986
2984
2983
2982
2980
2979
2978
2977
2975
2972
2971
2969
2968
2967
2966
2965
2964
2963
2962
2961
2960
2959
2958
2957
2956
2955
2954
2953
2952
2951
2950
2949
2948
2947
2946
2945
2944
2943
2942
2941
2940
2939
2938
2937
2936
2935
2934
2933
2932
2931
2930
2929
2928
2927
2925
2924
2923
2922
2921
2920
2919
2916
2915
2914
2913
2912
2911
2910
2908
2907
2906
2905
2904
2903
2902
2901
2898
2896
2895
2894
2893
2892
2889
2888
2887
2886
2885
2884
2883
2880
2879
2878
2877
2876
2875
2874
2872
2871
2868
2867
2865
2864
2863
2861
2858
2856
2855
2853
2852
2851
2849
2848
2847
2846
2844
2843
2842
2841
2840
2839
2838
2836
2835
2834
2833
2832
2831
2830
2829
2828
2827
2826
2825
2824
2823
2822
2821
2820
2819
2818
2817
2815
2814
2813
2812
2811
2809
2807
2806
2804
2802
2801
2800
2799
2798
2796
2795
2794
2793
2791
2790
2789
2787
2786
2784
2783
2782
2781
2780
2779
2778
2775
2774
2773
2772
2771
2770
2769
2768
2767
2766
2765
2764
2763
2762
2761
2760
2759
2755
2754
2753
2752
2751
2750
2749
2748
2747
2746
2745
2744
2743
2742
2741
2740
2739
2738
2737
2735
2734
2733
2731
2730
2729
2728
2727
2726
2725
2724
2723
2722
2721
2720
2719
2718
2717
2716
2715
2714
2713
2711
2710
2708
2707
2706
2704
2702
2701
2700
2697
2696
2695
2693
2691
2690
2689
2688
2687
2686
2685
2684
2681
2680
2679
2678
2677
2674
2673
2672
2671
2670
2669
2668
2667
2666
2665
2664
2663
2662
2661
2660
2659
2658
2657
2656
2655
2654
2653
2652
2651
2650
2649
2648
2647
2646
2645
2643
2642
2641
2640
2638
2637
2636
2634
2633
2632
2631
2629
2626
2625
2623
2622
2621
2620
2619
2618
2617
2616
2615
2614
2613
2612
2611
2610
2609
2608
2607
2606
2605
2604
2603
2602
2601
2600
2599
2598
2597
2596
2595
2594
2593
2592
2591
2590
2589
2588
2587
2586
2585
2584
2583
2582
2581
2579
2578
2577
2576
2575
2574
2573
2570
2569
2568
2567
2566
2565
2564
2562
2561
2560
2559
2558
2557
2556
2555
2552
2551
2550
2549
2548
2547
2546
2543
2542
2541
2540
2539
2538
2537
2534
2533
2532
2531
2530
2529
2528
2526
2525
2522
2521
2519
2518
2517
2515
2512
2511
2510
2509
2507
2506
2505
2504
2503
2502
2501
2500
2498
2497
2495
2494
2493
2492
2490
2489
2488
2487
2486
2485
2484
2483
2482
2481
2480
2478
2477
2476
2475
2474
2473
2472
2471
2469
2468
2467
2466
2465
2463
2461
2460
2458
2457
2456
2455
2454
2453
2452
2450
2449
2448
2447
2445
2444
2443
2441
2440
2438
2437
2436
2435
2434
2433
2432
2429
2428
2427
2426
2425
2424
2423
2422
2421
2420
2419
2418
2417
2416
2415
2413
2410
2409
2408
2407
2406
2405
2404
2403
2402
2401
2400
2399
2398
2397
2396
2395
2394
2393
2392
2391
2389
2388
2387
2385
2384
2383
2382
2381
2380
2379
2378
2377
2376
2375
2374
2373
2372
2371
2370
2369
2368
2367
2365
2364
2362
2361
2360
2358
2356
2355
2354
2353
2351
2350
2349
2347
2345
2344
2343
2342
2341
2340
2339
2338
2335
2334
2333
2332
2331
2328
2327
2326
2325
2324
2323
2322
2321
2320
2319
2318
2317
2316
2315
2314
2313
2312
2311
2310
2309
2308
2307
2306
2305
2304
2303
2302
2301
2300
2299
2297
2296
2295
2294
2292
2291
2290
2288
2287
2286
2285
2282
2280
2279
2277
2276
2275
2274
2273
2272
2271
2270
2269
2268
2267
2266
2265
2264
2263
2262
2261
2260
2259
2258
2257
2256
2255
2254
2253
2252
2251
2250
2249
2248
2247
2246
2245
2244
2243
2242
2241
2240
2239
2238
2237
2236
2235
2233
2232
2231
2230
2229
2228
2227
2224
2223
2222
2221
2220
2219
2218
2215
2214
2213
2212
2211
2210
2209
2207
2206
2204
2203
2202
2201
2200
2197
2196
2195
2194
2193
2192
2191
2188
2187
2186
2184
2183
2182
2180
2179
2176
2175
2173
2172
2171
2169
2166
2165
2164
2163
2161
2160
2159
2157
2156
2155
2154
2153
2152
2151
2149
2148
2146
2143
2142
2141
2140
2138
2137
2136
2135
2134
2133
2132
2131
2130
2129
2128
2127
2126
2125
2123
2122
2121
2120
2119
2117
2115
2114
2112
2110
2109
2108
2106
2104
2103
2102
2101
2099
2098
2097
2095
2093
2092
2091
2090
2089
2088
2087
2086
2083
2082
2081
2080
2079
2078
2077
2076
2073
2072
2071
2070
2069
2067
2064
2063
2062
2061
2060
2059
2058
2057
2056
2055
2054
2053
2052
2051
2050
2049
2048
2047
2046
2045
2043
2042
2041
2040
2039
2038
2037
2036
2035
2034
2033
2032
2031
2030
2029
2028
2027
2026
2025
2024
2023
2022
2021
2019
2018
2016
2015
2014
2012
2010
2009
2008
2005
2004
2003
2001
1999
1998
1997
1996
1995
1994
1993
1992
1989
1988
1987
1986
1985
1982
1981
1980
1979
1978
1977
1976
1975
1974
1973
1972
1971
1970
1969
1968
1967
1966
1965
1964
1963
1962
1961
1960
1959
1958
1957
1956
1955
1954
1953
1951
1950
1949
1948
1946
1945
1944
1942
1941
1927
1923
1903
1896
1894
1891
1889
1885
1883
1877
1874
1873
1869
1867
1851
1847
1837
1797
1789
1788
1780
1771
1762
1753
1752
1744
1740
1737
1733
1731
1730
1727
1722
1721
1716
1712
1711
1710
1708
1703
1693
1687
1679
1676
1670
1668
1666
1663
1659
1657
1655
1648
1641
1640
1627
1620
1618
1605
1598
1596
1595
1594
1593
1591
1588
1587
1586
1585
1584
1583
1582
1581
1580
1579
1578
1577
1576
1575
1574
1573
1572
1571
1570
1569
1568
1567
1566
1565
1564
1563
1562
1561
1560
1559
1558
1557
1556
1555
1554
1553
1552
1551
1550
1549
1548
1547
1546
1545
1544
1543
1542
1541
1540
1539
1538
1536
1535
1533
1532
1531
1530
1528
1527
1526
1525
1524
1523
1522
1521
1518
1517
1516
1515
1514
1513
1512
1509
1508
1507
1506
1505
1504
1503
1500
1499
1498
1497
1496
1495
1494
1492
1491
1488
1487
1485
1484
1483
1481
1479
1478
1477
1476
1475
1473
1472
1471
1469
1468
1467
1466
1464
1463
1462
1460
1459
1458
1456
1455
1453
1451
1450
1449
1448
1447
1446
1444
1443
1442
1441
1440
1439
1438
1437
1435
1434
1433
1432
1431
1429
1427
1426
1424
1422
1421
1420
1419
1418
1416
1414
1413
1411
1410
1409
1407
1405
1404
1403
1402
1401
1400
1399
1398
1395
1394
1393
1392
1391
1390
1389
1388
1387
1386
1385
1383
1382
1381
1380
1379
1375
1374
1373
1372
1371
1370
1369
1368
1367
1366
1365
1364
1363
1362
1361
1360
1359
1358
1357
1355
1354
1353
1352
1351
1350
1349
1348
1347
1346
1345
1344
1343
1342
1341
1340
1339
1338
1337
1336
1335
1334
1333
1331
1330
1328
1327
1326
1324
1322
1321
1320
1317
1316
1315
1313
1311
1310
1309
1308
1307
1306
1305
1304
1301
1300
1299
1298
1297
1294
1293
1292
1291
1290
1289
1288
1287
1286
1285
1284
1283
1282
1281
1280
1279
1278
1277
1276
1275
1274
1273
1272
1271
1270
1269
1268
1267
1266
1265
1263
1262
1261
1260
1258
1257
1256
1254
1253
1252
1251
1248
1246
1245
1244
1243
1242
1241
1240
1239
1238
1237
1236
1235
1234
1233
1232
1231
1230
1229
1228
1227
1226
1225
1224
1223
1222
1221
1220
1219
1218
1217
1216
1215
1214
1213
1212
1211
1210
1209
1208
1207
1206
1205
1204
1203
1201
1200
1199
1198
1197
1194
1193
1192
1191
1190
1189
1188
1187
1186
1185
1184
1183
1182
1181
1180
1179
1176
1175
1174
1173
1172
1171
1170
1167
1166
1165
1164
1163
1162
1161
1159
1158
1157
1156
1155
1154
1152
1150
1149
1146
1145
1143
1142
1141
1139
1136
1135
1134
1133
1131
1130
1129
1127
1126
1125
1124
1123
1122
1121
1120
1119
1118
1117
1116
1114
1113
1112
1111
1110
1108
1107
1106
1105
1104
1103
1102
1101
1100
1099
1098
1097
1096
1095
1093
1092
1091
1090
1089
1087
1085
1084
1082
1081
1080
1079
1078
1077
1076
1074
1072
1071
1069
1068
1067
1065
1063
1061
1060
1058
1057
1056
1053
1052
1051
1050
1049
1048
1047
1046
1044
1043
1042
1041
1039
1038
1037
1033
1032
1031
1030
1029
1028
1027
1026
1025
1024
1023
1022
1021
1020
1019
1018
1017
1016
1015
1013
1012
1011
1010
1008
1007
1006
1005
1004
1003
1002
1001
1000
999
998
997
996
995
994
993
992
991
990
989
988
986
985
984
982
980
979
977
975
974
973
971
969
962
952
946
944
940
937
933
931
930
927
921
916
912
911
910
903
893
887
879
876
874
870
868
866
863
859
857
855
848
841
840
820
794
792
791
789
788
787
785
784
783
782
781
780
779
778
777
775
774
771
770
769
768
767
766
764
763
762
761
760
759
758
757
756
755
754
753
751
750
749
748
747
745
743
742
740
739
738
737
736
734
732
730
729
727
726
725
723
722
719
718
717
716
715
714
711
710
709
708
707
706
705
704
703
702
701
699
698
697
696
695
691
690
689
688
687
686
685
684
683
682
681
680
679
678
677
676
3878
675
3877
674
3876
673
3874
671
3873
670
3872
669
3870
667
666
3868
665
3867
664
3866
663
3865
662
3864
661
3863
660
3862
659
3861
658
657
3859
656
3858
655
3857
654
3856
653
3855
652
651
3853
650
3852
649
3851
648
3850
647
3849
646
645
3847
644
643
3845
642
640
3841
638
3840
637
3839
636
3838
635
3836
633
632
3834
631
3832
629
627
3829
626
3828
625
3827
624
623
3825
622
3824
621
620
3820
617
616
3818
615
3817
614
3816
613
3813
610
3812
609
3811
608
3810
607
3809
606
3808
605
3807
604
3806
603
3805
602
601
3803
600
3802
599
3801
598
3800
597
596
3798
595
3797
594
593
592
591
3793
590
3792
589
3791
588
3790
587
3789
586
3788
585
3787
584
3786
583
3785
582
3784
581
3782
579
3780
577
3779
576
3777
574
3776
573
3775
572
3773
570
3772
569
3771
568
567
3768
565
3767
564
3765
562
3764
561
3763
560
3762
559
3761
558
3760
557
3759
556
3758
555
3757
554
3756
553
3755
552
3754
551
3753
550
3752
549
3751
548
547
3749
546
3748
545
544
3746
543
3745
542
3744
541
540
3742
539
538
3740
537
3739
536
3738
535
534
533
3735
532
3734
531
3733
530
529
3731
528
527
3729
526
3728
525
3727
524
3726
523
3725
522
3724
521
3722
519
518
517
3719
516
3718
515
3717
514
3716
513
510
3712
509
3711
508
3710
507
3709
506
3708
505
3707
504
3706
503
3705
502
3704
501
3703
500
3702
499
3701
498
3690
487
479
474
3671
468
3669
466
459
3660
457
3658
455
3644
441
3643
440
3630
427
3623
420
3621
418
3608
405
398
3599
396
3598
395
3597
394
3595
392
3593
390
388
3590
387
3588
385
3587
384
3586
383
3584
381
379
3580
377
3579
376
3578
375
3577
374
3576
373
3575
372
3572
369
3571
368
3570
367
3569
366
3568
365
3567
364
3566
363
362
3564
361
359
358
3560
357
3559
356
355
3557
354
3556
353
3555
352
3551
6769
348
3550
6768
347
3549
6767
346
3548
6766
345
3547
6765
344
1940
6764
343
1939
3545
6763
342
3544
6762
341
1937
3543
6761
340
6760
339
3541
6759
338
1934
3540
6758
337
1933
3539
6757
336
3538
6756
335
1931
3537
6755
334
1930
3536
6754
333
1929
3535
6753
332
1928
6752
331
1926
3532
6750
329
1925
6749
328
1924
3530
6748
327
1922
3528
6746
325
1921
3527
6745
324
1920
6744
323
1919
3525
6743
322
1918
6742
321
1917
6741
320
1916
3522
6740
319
1915
3521
6739
318
1914
3520
6738
317
1913
3519
6737
316
1912
3518
6736
315
1911
3517
6735
314
1910
3516
6734
313
1909
3515
6733
312
1908
3514
6732
311
1907
3513
6731
310
1906
3512
6730
309
1905
3511
6729
308
1904
3510
6728
307
1902
305
1901
3507
6725
304
1900
3506
6724
303
1899
3505
6723
302
1898
3504
6722
301
1897
3503
6721
300
1895
3501
6719
298
1893
3499
296
1892
3498
6716
295
1890
3496
6714
293
3494
6712
291
1887
3493
6711
290
1886
3492
6710
289
1884
3490
287
1882
3488
6706
285
1881
3487
6705
284
3486
6704
283
3485
6703
282
1878
6702
281
1876
3482
6700
279
1875
3481
278
1872
3478
6696
275
6695
274
1870
3476
6694
273
3474
6692
271
1866
3472
269
1865
3471
6689
268
1864
3470
6688
267
1863
6687
266
6686
265
3467
6685
264
1860
3466
6684
263
1859
3465
6683
262
1858
3464
261
1857
3463
260
1856
3462
6680
259
1855
3461
6679
258
1854
3460
6678
257
3459
6677
256
6676
255
1850
3456
6674
253
1849
3455
252
1848
3454
6672
251
1846
3452
249
1845
3451
248
6668
247
6667
246
1842
245
3444
241
3430
6648
227
1817
3423
6641
220
1815
3421
6639
218
1802
3408
6626
205
1795
6619
198
3399
6617
196
1792
3398
195
1791
6615
194
1790
3396
6614
193
1787
3393
6611
190
1786
3392
189
1785
6609
188
1784
6608
187
1783
3389
6607
186
1782
3388
6606
185
1781
3387
184
1779
3385
6603
182
6602
181
1777
3383
6601
180
1776
3382
6600
179
1775
3381
178
1774
3380
6598
177
1773
3379
6597
176
3378
6596
175
1769
6593
172
968
1768
171
967
3373
6591
170
966
1766
3372
6590
169
965
3371
6589
168
964
1764
3370
167
963
1763
3369
6587
166
1760
3366
6584
163
959
3365
6583
162
958
1758
3364
6582
161
957
1757
3363
6581
160
956
1756
3362
6580
159
955
1755
3361
158
3360
157
951
1751
3357
6575
154
950
3356
6574
153
949
1749
3355
6573
152
948
3354
6572
151
947
1747
3353
6571
150
945
1745
3351
6569
148
943
1743
3349
146
942
1742
3348
145
941
1741
3347
6565
144
939
3345
6563
142
938
3344
6562
141
936
1736
3342
6560
139
935
1735
3341
6559
138
934
1734
3340
6558
137
932
1732
3338
6556
135
929
1729
3335
6553
132
928
3334
6552
131
926
1726
3332
6550
129
925
1725
6549
128
924
3330
6548
127
923
1723
3329
6547
126
3326
6544
123
1717
3323
6541
120
915
1715
6539
118
902
1702
3308
6526
105
3698
495
895
1695
3301
6519
98
3695
492
892
1692
3298
6516
95
3694
491
891
1691
3297
6515
94
3693
490
890
1690
3296
6514
93
3692
489
889
1689
3295
92
3691
488
888
1688
3294
6512
91
3689
486
886
1686
3292
6510
89
885
1685
3291
6509
88
884
1684
3290
87
3686
483
883
1683
3289
6507
86
3685
482
882
1682
3288
6506
85
3684
481
881
1681
3287
84
3683
480
880
1680
3286
6504
83
3681
478
878
1678
3284
6502
81
3680
477
877
1677
3283
6501
80
3678
475
875
1675
3281
78
3676
473
873
1673
3279
6497
76
3675
472
872
1672
3278
6496
75
3674
471
871
3277
6495
74
3672
469
869
1669
3275
6493
72
867
3273
6491
70
465
865
3271
6489
68
864
1664
3270
6488
67
462
1662
3268
65
3664
461
861
3267
6485
64
860
3266
6484
63
3661
458
858
1658
61
856
3262
6480
59
3260
57
3656
453
1653
3259
6477
56
3655
452
852
1652
3258
55
3648
445
3251
6469
48
1840
3446
6664
243
3646
443
843
1643
3249
6467
46
1839
3445
6663
242
3645
442
842
1642
3248
6466
45
1836
3442
239
3642
439
839
1639
6463
42
3441
238
3641
438
838
3244
6462
41
1834
3440
6658
237
3640
437
837
3243
6461
40
1833
3439
236
1636
3242
6460
39
3438
6656
235
3638
435
1635
3241
6459
38
3437
234
3637
434
834
1634
3240
6458
37
1830
3436
6654
233
833
1633
6457
36
1829
3435
6653
232
3635
432
832
1632
3238
6456
35
3434
6652
231
831
1631
6455
34
1827
3433
6651
230
830
1630
3236
6454
33
1826
3432
229
3632
429
829
1629
3235
6453
32
1825
3431
6649
228
828
1628
3234
6452
31
1823
3429
6647
226
3629
426
1626
3232
6450
29
6646
225
3628
425
825
1625
3231
6449
28
3427
224
3627
424
824
1624
6448
27
918
1718
3324
6542
121
1818
3424
221
3624
421
821
1621
6445
24
3622
419
819
1619
3225
22
914
1714
6538
117
1814
3420
6638
217
3620
417
817
1617
3223
6441
20
1713
6537
116
1813
3419
216
816
1616
3222
6440
19
3418
215
415
815
1615
3221
18
1811
3417
6635
214
3617
414
814
1614
3220
6438
17
1810
3416
6634
213
3616
413
813
1613
6437
16
909
1709
3315
6533
112
1809
3415
6633
212
3615
412
812
1612
3218
6436
15
1808
3414
6632
211
3614
411
1611
3217
14
907
1707
3313
6531
110
3413
6631
210
810
1610
6434
13
906
1706
3312
6530
109
1806
3412
6630
209
3612
409
1609
12
904
1704
3310
6528
107
1804
3410
6628
207
407
807
1607
3213
10
1803
3409
6627
206
406
9
3654
451
851
1651
3257
54
901
1701
3307
6525
104
3407
6625
204
3607
404
804
1604
3210
6428
7
3653
450
850
1650
3256
6474
53
900
1700
3306
6524
103
1800
3406
6624
203
3606
403
803
1603
3209
6427
6
898
3304
6522
101
201
401
801
3207
6425
4
1820
3426
6644
223
3626
423
823
1623
3229
6447
26
3650
447
847
1647
3253
6471
50
3700
497
897
1697
3303
6521
100
3603
400
800
1600
6424
3
919
3325
6543
122
1819
3425
6643
222
3625
422
822
1622
6446
25
3649
446
846
1646
3252
6470
49
3699
496
896
1696
3302
6520
99
1796
3402
6620
199
799
1599
6423
2
3652
449
849
1649
6473
52
899
1699
3305
6523
102
3405
6623
202
1602
6426
5
1705
3311
6529
108
1805
3411
208
3611
408
808
1608
3214
6432
11
1841
3447
6665
244
844
3250
6468
47
894
3300
6518
97
1794
3400
6618
197
797
3203
6421
0
