6772
6751
6747
6727
6723
6720
6718
6715
6713
6710
6709
6701
6697
6693
6691
6678
6675
6672
6671
6661
6640
6621
6613
6612
6594
6570
6568
6564
6561
6555
6554
6551
6546
6545
6540
6535
6534
6532
6527
6517
6511
6490
6487
6483
6481
6479
6472
6465
6464
6451
6422
6420
6419
6418
6417
6416
6415
6414
6413
6412
6411
6410
6409
6408
6407
6406
6405
6404
6403
6402
6401
6400
6399
6398
6397
6396
6395
6394
6393
6392
6391
6390
6389
6388
6387
6384
6383
6382
6381
6380
6379
6378
6375
6374
6373
6372
6371
6370
6368
6367
6366
6365
6364
6363
6362
6361
6357
6356
6355
6354
6353
6352
6351
6348
6347
6346
6345
6344
6343
6339
6338
6337
6336
6335
6334
6332
6331
6328
6327
6325
6324
6323
6321
6319
6316
6315
6314
6313
6312
6311
6309
6308
6307
6306
6304
6303
6301
6300
6299
6298
6296
6295
6293
6291
6290
6289
6288
6287
6286
6285
6283
6281
6280
6279
6278
6277
6275
6274
6273
6272
6271
6269
6267
6262
6261
6260
6258
6257
6256
6254
6253
6251
6250
6249
6247
6243
6242
6241
6240
6238
6234
6233
6232
6231
6230
6229
6228
6224
6223
6222
6221
6220
6219
6215
6212
6211
6210
6209
6208
6207
6206
6205
6204
6203
6202
6201
6200
6199
6198
6197
6196
6195
6194
6193
6192
6191
6190
6189
6188
6187
6186
6185
6184
6183
6182
6181
6180
6179
6178
6177
6174
6173
6172
6171
6170
6169
6167
6166
6162
6160
6156
6155
6153
6151
6150
6149
6148
6147
6145
6144
6143
6141
6140
6139
6137
6132
6131
6130
6129
6128
6127
6126
6125
6124
6123
6122
6121
6120
6119
6118
6117
6116
6115
6114
6113
6112
6111
6110
6109
6108
6107
6106
6105
6103
6101
6100
6093
6092
6090
6089
6086
6083
6082
6081
6080
6079
6078
6077
6076
6075
6074
6073
6072
6071
6070
6069
6068
6067
6066
6065
6064
6063
6062
6061
6060
6059
6058
6057
6056
6055
6054
6053
6052
6051
6050
6049
6048
6047
6046
6045
6044
6043
6042
6041
6038
6037
6036
6035
6034
6033
6029
6028
6027
6026
6025
6022
6021
6020
6019
6018
6017
6016
6015
6011
6010
6009
6008
6007
6006
6002
6001
6000
5999
5998
5993
5992
5991
5990
5989
5988
5986
5985
5982
5981
5979
5978
5977
5975
5970
5969
5967
5966
5964
5963
5962
5961
5960
5958
5957
5955
5953
5952
5950
5949
5947
5946
5945
5944
5943
5942
5941
5940
5939
5937
5935
5934
5933
5932
5931
5929
5928
5927
5926
5925
5923
5921
5916
5915
5914
5913
5912
5910
5909
5908
5907
5905
5903
5901
5897
5896
5895
5894
5892
5888
5887
5886
5885
5884
5883
5882
5878
5877
5876
5875
5874
5873
5869
5868
5867
5866
5865
5864
5863
5862
5861
5860
5859
5858
5857
5856
5855
5854
5853
5852
5849
5848
5847
5846
5845
5844
5843
5842
5841
5840
5839
5838
5837
5836
5835
5834
5833
5832
5831
5830
5829
5828
5825
5824
5821
5820
5816
5814
5810
5809
5807
5805
5804
5803
5802
5801
5800
5799
5798
5794
5793
5791
5786
5785
5784
5783
5782
5781
5780
5779
5778
5777
5776
5775
5774
5773
5772
5771
5770
5769
5768
5767
5766
5765
5764
5763
5762
5761
5760
5759
5757
5755
5747
5746
5745
5744
5743
5740
5737
5736
5735
5734
5733
5732
5731
5730
5729
5728
5727
5726
5725
5724
5723
5722
5721
5720
5719
5718
5717
5716
5715
5714
5713
5712
5711
5710
5709
5708
5707
5706
5705
5704
5703
5702
5701
5700
5699
5698
5697
5696
5695
5692
5691
5690
5689
5688
5683
5682
5681
5680
5679
5676
5675
5674
5673
5672
5671
5670
5669
5665
5664
5663
5662
5661
5660
5656
5655
5654
5653
5652
5647
5646
5645
5644
5642
5640
5639
5636
5635
5633
5632
5631
5629
5626
5624
5623
5621
5620
5618
5617
5616
5615
5614
5612
5611
5610
5609
5606
5604
5603
5601
5600
5599
5596
5595
5594
5593
5591
5589
5588
5587
5586
5585
5583
5582
5581
5580
5579
5577
5575
5570
5569
5568
5566
5564
5562
5561
5559
5558
5557
5555
5552
5551
5550
5549
5548
5547
5546
5542
5541
5540
5539
5538
5537
5536
5532
5531
5530
5529
5527
5524
5523
5522
5521
5520
5519
5518
5517
5516
5515
5514
5513
5512
5511
5510
5509
5508
5507
5506
5503
5502
5501
5500
5499
5498
5497
5496
5495
5494
5493
5492
5491
5490
5489
5488
5487
5486
5485
5484
5483
5482
5479
5478
5475
5474
5470
5468
5464
5463
5461
5459
5458
5457
5456
5455
5454
5453
5452
5449
5448
5447
5445
5440
5439
5438
5437
5436
5435
5434
5433
5432
5431
5430
5429
5428
5427
5426
5425
5424
5423
5422
5421
5420
5419
5418
5417
5416
5415
5414
5413
5411
5409
5408
5401
5400
5399
5397
5394
5393
5390
5389
5388
5387
5386
5385
5384
5383
5382
5381
5380
5379
5378
5377
5376
5375
5374
5373
5372
5371
5370
5369
5368
5367
5366
5365
5364
5363
5362
5361
5360
5359
5358
5357
5356
5355
5354
5353
5352
5351
5350
5349
5346
5345
5344
5343
5342
5337
5336
5335
5334
5333
5330
5329
5328
5327
5326
5325
5324
5323
5319
5318
5317
5316
5315
5314
5310
5309
5308
5307
5306
5301
5300
5299
5298
5297
5296
5294
5293
5290
5289
5287
5286
5285
5283
5278
5277
5275
5274
5272
5271
5270
5269
5268
5266
5265
5263
5261
5260
5258
5257
5255
5254
5253
5252
5251
5250
5249
5248
5247
5245
5243
5242
5241
5240
5239
5237
5236
5235
5234
5233
5231
5229
5224
5223
5222
5221
5220
5218
5217
5216
5215
5213
5211
5209
5206
5205
5204
5203
5202
5201
5200
5196
5195
5194
5193
5192
5191
5190
5186
5185
5184
5183
5182
5181
5177
5176
5175
5174
5173
5172
5171
5170
5169
5168
5167
5166
5165
5164
5163
5162
5161
5160
5157
5156
5155
5152
5151
5150
5149
5148
5147
5146
5145
5144
5143
5142
5141
5140
5139
5138
5137
5136
5133
5132
5129
5128
5124
5122
5118
5117
5115
5113
5112
5111
5110
5109
5107
5106
5105
5102
5101
5099
5094
5093
5092
5091
5090
5089
5088
5087
5086
5085
5084
5083
5082
5081
5080
5079
5078
5077
5076
5075
5074
5073
5072
5071
5070
5069
5068
5067
5065
5062
5055
5054
5053
5051
5048
5047
5045
5044
5043
5042
5041
5040
5039
5038
5037
5036
5035
5034
5033
5032
5031
5030
5029
5028
5027
5026
5025
5024
5023
5022
5021
5020
5019
5018
5017
5016
5015
5014
5013
5012
5011
5010
5009
5008
5007
5006
5005
5004
5003
5000
4999
4998
4997
4996
4991
4990
4989
4988
4984
4983
4982
4981
4980
4979
4978
4977
4973
4972
4971
4970
4969
4968
4964
4963
4962
4961
4960
4955
4954
4953
4952
4951
4950
4948
4947
4944
4943
4941
4940
4939
4937
4932
4931
4929
4928
4925
4924
4923
4922
4920
4918
4917
4916
4915
4914
4912
4911
4909
4908
4907
4906
4905
4904
4903
4902
4901
4899
4897
4896
4895
4894
4893
4891
4890
4889
4888
4887
4885
4883
4878
4877
4876
4874
4872
4871
4870
4869
4867
4865
4863
4860
4859
4858
4856
4855
4854
4850
4849
4848
4847
4846
4845
4844
4840
4839
4838
4835
4831
4830
4829
4828
4827
4826
4825
4824
4823
4822
4821
4820
4819
4818
4817
4816
4815
4814
4811
4810
4809
4808
4807
4806
4805
4804
4803
4802
4801
4800
4799
4798
4797
4796
4795
4794
4793
4792
4791
4790
4787
4786
4783
4782
4778
4776
4772
4771
4769
4767
4766
4765
4764
4763
4762
4761
4760
4759
4756
4755
4753
4748
4747
4746
4745
4744
4743
4742
4741
4740
4739
4738
4737
4736
4735
4734
4733
4732
4731
4730
4729
4728
4727
4726
4725
4724
4723
4722
4721
4719
4717
4716
4709
4708
4707
4705
4702
4701
4699
4698
4697
4696
4695
4694
4693
4692
4691
4690
4689
4688
4687
4686
4685
4684
4683
4682
4681
4680
4679
4678
4677
4676
4675
4674
4673
4672
4671
4670
4669
4668
4667
4666
4665
4664
4663
4662
4661
4660
4659
4658
4657
4654
4653
4652
4651
4650
4649
4648
4645
4644
4643
4642
4641
4638
4637
4636
4635
4634
4633
4632
4631
4627
4626
4625
4624
4623
4622
4618
4617
4616
4615
4614
4609
4608
4607
4606
4605
4604
4602
4601
4598
4597
4595
4594
4593
4591
4588
4586
4583
4582
4580
4579
4578
4577
4576
4574
4573
4572
4571
4570
4569
4568
4566
4565
4563
4562
4561
4560
4559
4558
4557
4556
4555
4553
4551
4550
4549
4548
4547
4545
4544
4543
4542
4541
4539
4537
4532
4531
4530
4529
4528
4526
4525
4524
4523
4521
4519
4517
4514
4513
4512
4510
4509
4508
4504
4503
4502
4501
4500
4499
4498
4494
4493
4492
4491
4490
4489
4485
4484
4483
4482
4481
4480
4479
4478
4477
4476
4475
4474
4473
4472
4471
4470
4469
4468
4465
4464
4463
4460
4459
4458
4457
4456
4455
4454
4453
4452
4451
4450
4449
4448
4447
4446
4445
4444
4441
4440
4437
4436
4432
4430
4426
4425
4423
4421
4420
4419
4418
4417
4416
4415
4414
4413
4411
4410
4409
4407
4402
4401
4400
4399
4398
4397
4396
4395
4394
4393
4392
4391
4390
4389
4388
4387
4386
4385
4384
4383
4382
4381
4380
4379
4378
4377
4376
4375
4373
4371
4370
4363
4362
4361
4359
4356
4355
4352
4351
4350
4349
4348
4347
4346
4345
4344
4343
4342
4341
4340
4339
4338
4337
4336
4335
4334
4333
4332
4331
4330
4329
4328
4327
4326
4325
4324
4323
4322
4321
4320
4319
4318
4317
4316
4315
4314
4313
4312
4311
4309
4308
4306
4305
4304
4303
4300
4299
4298
4297
4296
4295
4292
4291
4290
4289
4288
4287
4286
4285
4281
4280
4279
4278
4277
4276
4272
4271
4270
4269
4268
4267
4264
4263
4262
4261
4258
4256
4255
4252
4251
4249
4248
4247
4245
4240
4237
4236
4234
4233
4232
4231
4230
4229
4228
4227
4225
4223
4222
4220
4219
4217
4216
4214
4213
4212
4211
4210
4209
4207
4205
4204
4203
4202
4201
4199
4198
4197
4196
4195
4193
4191
4186
4185
4184
4182
4180
4179
4178
4177
4175
4173
4171
4168
4167
4166
4165
4164
4163
4162
4158
4157
4156
4155
4154
4153
4152
4149
4148
4147
4146
4145
4144
4143
4139
4138
4137
4136
4135
4134
4133
4132
4131
4130
4129
4128
4127
4126
4125
4124
4123
4122
4119
4118
4117
4114
4113
4112
4111
4110
4109
4108
4107
4106
4105
4104
4103
4102
4101
4100
4099
4098
4095
4094
4091
4090
4086
4084
4080
4079
4077
4075
4074
4073
4072
4071
4070
4069
4068
4064
4063
4061
4056
4055
4054
4053
4052
4051
4050
4049
4048
4047
4046
4045
4044
4043
4042
4041
4040
4039
4038
4037
4036
4035
4034
4033
4032
4031
4030
4029
4027
4025
4024
4017
4016
4015
4013
4010
4009
4007
4006
4005
4004
4003
4002
4001
4000
3999
3998
3997
3996
3995
3994
3993
3992
3991
3990
3989
3988
3987
3986
3985
3984
3983
3982
3981
3980
3979
3978
3977
3976
3975
3974
3973
3972
3971
3970
3969
3968
3967
3966
3965
3963
3962
3961
3960
3959
3958
3957
3954
3953
3952
3951
3950
3949
3948
3946
3945
3944
3943
3942
3941
3940
3939
3935
3934
3933
3932
3931
3930
3926
3925
3924
3923
3922
3921
3919
3918
3917
3916
3915
3914
3913
3912
3910
3909
3906
3905
3903
3902
3901
3899
3894
3891
3890
3887
3886
3885
3884
3882
3881
3880
3879
3878
3877
3876
3874
3873
3871
3870
3868
3867
3866
3865
3864
3863
3861
3859
3858
3857
3856
3855
3853
3852
3851
3850
3849
3847
3845
3840
3839
3838
3837
3836
3834
3833
3832
3831
3829
3827
3825
3822
3821
3820
3818
3817
3816
3812
3811
3810
3809
3808
3807
3806
3803
3802
3801
3798
3797
3793
3792
3791
3790
3789
3788
3787
3786
3785
3784
3783
3782
3781
3780
3779
3778
3777
3776
3773
3772
3771
3768
3767
3766
3765
3764
3763
3762
3761
3760
3759
3758
3757
3756
3755
3754
3753
3752
3749
3748
3745
3744
3740
3738
3734
3733
3731
3729
3728
3727
3726
3725
3724
3723
3722
3719
3718
3717
3715
3710
3709
3708
3707
3706
3705
3704
3703
3702
3701
3700
3699
3698
3697
3696
3688
3687
3679
3670
3667
3663
3659
3657
3651
3647
3639
3636
3634
3633
3631
3630
3629
3619
3613
3605
3602
3600
3596
3594
3589
3585
3564
3563
3553
3533
3509
3505
3492
3483
3479
3475
3473
3457
3454
3453
3443
3422
3394
3377
3376
3359
3358
3352
3350
3346
3343
3339
3337
3333
3318
3317
3314
3309
3299
3293
3285
3282
3280
3276
3274
3269
3265
3261
3254
3233
3224
3211
3202
3199
3198
3195
3194
3193
3192
3190
3189
3188
3187
3186
3185
3184
3181
3179
3178
3177
3176
3175
3174
3172
3167
3166
3165
3164
3163
3161
3160
3159
3158
3157
3153
3148
3147
3145
3144
3142
3140
3139
3135
3133
3130
3129
3128
3127
3126
3125
3124
3120
3119
3118
3117
3116
3114
3111
3110
3109
3108
3107
3106
3105
3101
3100
3099
3098
3097
3096
3095
3094
3093
3092
3091
3090
3088
3087
3086
3085
3084
3080
3079
3076
3075
3074
3073
3072
3071
3070
3069
3068
3067
3066
3064
3062
3060
3057
3056
3053
3052
3048
3046
3042
3041
3039
3037
3036
3035
3034
3033
3031
3030
3026
3025
3023
3018
3017
3016
3015
3014
3013
3012
3011
3009
3008
3007
3006
3005
3004
3003
3002
3001
3000
2999
2998
2997
2996
2995
2994
2993
2992
2991
2989
2987
2986
2979
2978
2977
2975
2971
2968
2967
2966
2965
2964
2963
2962
2960
2959
2958
2957
2956
2955
2953
2952
2951
2950
2949
2948
2947
2946
2945
2944
2942
2941
2940
2939
2938
2937
2936
2935
2934
2933
2932
2929
2928
2927
2925
2924
2923
2922
2921
2920
2919
2916
2915
2914
2913
2912
2911
2910
2908
2907
2906
2905
2904
2903
2902
2898
2894
2893
2892
2888
2887
2886
2885
2884
2883
2879
2878
2877
2876
2875
2872
2871
2868
2867
2865
2864
2863
2861
2856
2855
2853
2852
2849
2848
2847
2846
2844
2843
2842
2841
2839
2838
2835
2833
2831
2830
2829
2828
2826
2825
2823
2820
2819
2818
2817
2815
2814
2813
2812
2811
2807
2802
2801
2799
2798
2796
2795
2793
2789
2787
2784
2783
2782
2781
2780
2779
2778
2774
2773
2772
2771
2770
2768
2766
2765
2764
2763
2761
2760
2759
2755
2754
2753
2752
2751
2750
2749
2748
2747
2746
2744
2743
2742
2741
2740
2739
2738
2734
2733
2730
2729
2728
2727
2726
2725
2724
2723
2722
2721
2720
2719
2718
2716
2714
2711
2710
2707
2706
2702
2700
2696
2695
2693
2691
2689
2688
2687
2685
2684
2681
2680
2679
2677
2672
2671
2670
2669
2668
2667
2666
2665
2664
2663
2662
2661
2660
2659
2658
2657
2656
2655
2654
2653
2652
2651
2650
2649
2647
2646
2645
2643
2641
2640
2633
2632
2631
2629
2625
2623
2622
2621
2620
2619
2618
2617
2616
2614
2613
2612
2611
2610
2609
2607
2606
2605
2604
2603
2602
2601
2600
2599
2598
2597
2596
2595
2594
2593
2591
2590
2589
2588
2587
2586
2583
2582
2581
2579
2578
2577
2576
2575
2574
2573
2570
2569
2568
2567
2566
2565
2564
2562
2561
2560
2559
2558
2557
2556
2552
2550
2548
2547
2546
2542
2541
2540
2539
2538
2537
2533
2532
2531
2530
2529
2528
2526
2525
2522
2521
2519
2518
2517
2515
2511
2510
2509
2507
2506
2504
2503
2502
2501
2500
2498
2497
2495
2494
2493
2492
2489
2487
2486
2485
2483
2482
2480
2474
2473
2472
2471
2469
2468
2467
2466
2465
2461
2456
2455
2453
2452
2450
2449
2447
2443
2441
2438
2437
2436
2435
2434
2433
2432
2428
2427
2426
2425
2424
2423
2422
2420
2419
2418
2417
2415
2413
2410
2409
2408
2407
2406
2405
2404
2403
2402
2401
2400
2398
2397
2396
2394
2393
2392
2388
2387
2384
2383
2382
2381
2380
2379
2378
2377
2376
2375
2374
2373
2372
2370
2368
2365
2364
2361
2360
2356
2354
2353
2350
2349
2347
2345
2344
2343
2342
2341
2339
2338
2335
2334
2333
2331
2326
2325
2324
2323
2322
2321
2320
2319
2318
2317
2316
2315
2314
2313
2312
2311
2310
2309
2308
2306
2305
2304
2303
2301
2300
2299
2297
2295
2294
2287
2286
2285
2282
2279
2277
2276
2275
2274
2273
2272
2271
2270
2268
2267
2266
2265
2264
2263
2261
2260
2259
2258
2257
2256
2255
2254
2253
2252
2251
2250
2249
2248
2247
2246
2245
2244
2242
2241
2240
2237
2236
2235
2233
2232
2231
2230
2229
2228
2227
2224
2223
2222
2221
2220
2219
2218
2215
2214
2213
2212
2211
2210
2209
2207
2206
2202
2201
2200
2196
2195
2194
2193
2192
2191
2187
2186
2184
2183
2182
2180
2179
2176
2175
2173
2172
2171
2169
2165
2164
2161
2160
2157
2156
2155
2154
2153
2152
2151
2149
2148
2146
2143
2140
2137
2136
2134
2133
2131
2128
2127
2126
2125
2123
2122
2121
2120
2119
2115
2110
2109
2106
2104
2103
2101
2097
2095
2092
2091
2090
2089
2088
2087
2086
2082
2081
2080
2079
2078
2076
2073
2072
2071
2069
2067
2064
2063
2062
2061
2060
2059
2058
2057
2056
2055
2054
2052
2051
2050
2049
2048
2047
2046
2042
2041
2040
2039
2038
2037
2036
2035
2034
2033
2032
2031
2030
2029
2028
2027
2026
2024
2022
2019
2018
2015
2014
2010
2008
2004
2001
1999
1998
1997
1996
1995
1993
1992
1988
1987
1985
1980
1979
1978
1977
1976
1975
1974
1973
1972
1971
1970
1969
1968
1967
1966
1965
1964
1963
1962
1961
1960
1959
1958
1957
1955
1954
1953
1951
1949
1948
1941
1940
1939
1937
1933
1931
1930
1929
1928
1927
1926
1925
1924
1922
1921
1920
1919
1918
1917
1915
1914
1913
1912
1911
1910
1909
1908
1907
1906
1905
1904
1903
1902
1901
1899
1898
1896
1895
1894
1891
1890
1889
1887
1886
1885
1884
1883
1882
1881
1878
1877
1876
1875
1874
1873
1872
1870
1867
1866
1865
1864
1863
1859
1858
1856
1855
1854
1850
1849
1848
1847
1846
1845
1841
1840
1837
1836
1834
1833
1830
1829
1827
1826
1825
1823
1819
1818
1815
1814
1811
1810
1809
1808
1806
1805
1804
1803
1800
1797
1794
1791
1790
1788
1787
1786
1785
1782
1781
1780
1779
1777
1776
1775
1774
1773
1769
1764
1763
1760
1758
1757
1755
1752
1751
1749
1745
1744
1743
1742
1741
1740
1736
1735
1734
1733
1730
1727
1726
1723
1722
1721
1717
1716
1715
1714
1713
1712
1711
1710
1709
1708
1707
1706
1705
1704
1703
1702
1701
1700
1696
1695
1692
1691
1690
1689
1688
1687
1686
1685
1684
1683
1682
1681
1680
1678
1676
1673
1672
1669
1668
1664
1662
1658
1657
1655
1653
1652
1651
1650
1649
1647
1646
1642
1641
1640
1639
1633
1632
1631
1630
1629
1628
1627
1626
1625
1624
1623
1622
1621
1620
1619
1618
1617
1616
1615
1614
1613
1612
1611
1609
1608
1607
1605
1603
1602
1595
1594
1593
1591
1588
1587
1585
1584
1583
1582
1581
1580
1579
1578
1576
1575
1574
1573
1572
1571
1569
1568
1567
1566
1565
1564
1563
1562
1561
1560
1559
1558
1557
1556
1555
1553
1552
1550
1549
1548
1545
1544
1543
1542
1541
1540
1539
1538
1536
1533
1532
1531
1530
1528
1527
1526
1525
1524
1523
1522
1517
1516
1515
1514
1513
1512
1508
1506
1505
1504
1503
1500
1499
1498
1497
1496
1495
1494
1492
1491
1488
1487
1485
1484
1483
1481
1476
1472
1469
1468
1467
1466
1464
1463
1462
1460
1459
1458
1456
1451
1450
1449
1448
1447
1441
1440
1439
1438
4640
1437
1435
1433
1432
1431
1429
1421
1420
1418
1414
1413
1411
4613
1410
1409
4610
1407
1404
1403
1402
1401
1400
1399
1398
1394
1393
1392
1391
1390
1389
1388
1386
1382
1380
1379
1374
1371
1369
1368
1367
1365
1364
1363
1362
4564
1361
1359
1358
1354
1353
1352
4554
1351
1350
1349
1348
1347
1346
1345
1344
1341
1339
1338
1337
1336
1335
1334
4534
1331
1330
1327
1320
1316
4516
1313
1310
1309
1308
1306
1305
1300
1297
1291
1290
1289
1288
1287
1286
1285
1284
1282
1281
1280
1279
1278
1276
1275
1274
1272
1271
1270
1269
1268
1266
1265
1263
1260
1253
1252
1251
1246
1245
1244
1243
1242
1241
1238
1236
1234
1232
4434
1231
1230
1229
1228
1226
1225
4427
1224
1223
1222
1220
1219
1218
1217
1216
1215
1213
1211
1208
4408
1205
1204
4404
1201
4403
1200
1199
1198
1197
1192
1191
1190
1188
1187
1186
1185
1184
1183
1182
1180
1175
1173
1172
1171
1166
4368
1165
1164
1163
1162
4364
1161
1158
1156
1155
1152
4353
1150
1149
1146
1145
1143
1142
1141
1139
1135
1131
1130
1126
1125
1124
1122
1121
1120
1119
1117
1114
1111
1110
1108
1106
1105
1104
1103
1101
1099
1097
1096
1095
1093
1092
4294
1091
1090
1089
1087
1085
1080
1078
1074
1072
1071
1069
1067
1065
1061
1058
4260
1057
1056
1052
1051
1050
1049
1047
1046
1044
1043
1042
4242
1039
1038
1033
4235
1032
1031
1030
1028
1026
1025
1023
1022
1021
1019
1018
1017
1016
1013
1012
1011
1010
1007
1006
4208
1005
1003
1002
1001
1000
999
998
995
993
992
991
990
989
988
4188
985
984
977
974
969
968
4170
967
966
964
962
959
955
950
949
948
947
945
944
943
942
941
940
939
938
936
935
934
933
932
931
930
929
928
926
925
924
923
919
4121
918
911
910
909
907
906
904
901
900
899
898
897
895
892
890
889
888
886
4088
885
884
883
882
879
4081
878
877
876
874
873
872
870
869
867
865
4062
859
858
856
4058
855
851
850
849
848
846
844
842
841
840
839
838
833
831
830
829
823
822
821
820
4022
819
817
816
4018
815
814
813
810
808
804
803
800
799
797
792
791
789
785
784
782
780
779
778
777
775
774
771
769
768
767
766
764
762
760
759
757
756
755
753
751
750
749
748
747
745
738
737
736
3937
734
732
729
727
725
723
719
718
717
716
715
709
708
707
706
705
704
699
698
697
696
688
687
3889
686
685
684
682
3883
680
679
677
676
675
671
670
3872
669
666
665
664
663
662
661
660
3862
659
658
657
656
654
653
652
649
647
646
645
638
636
635
632
631
629
627
626
3828
625
624
623
622
3824
621
620
616
613
608
605
604
603
602
601
599
598
3800
597
596
595
594
593
592
590
589
588
587
586
585
584
583
582
579
577
576
568
567
565
564
561
560
559
558
555
554
553
552
551
549
546
544
543
542
540
3742
539
538
537
536
534
533
3735
532
531
530
528
527
526
525
524
523
521
516
3716
513
3712
509
3711
508
507
506
505
504
503
502
500
499
498
497
3694
491
3693
490
3691
488
3690
487
3684
481
3683
480
479
477
3678
475
474
3676
473
472
3672
469
3671
468
3669
466
462
3664
461
459
3661
458
3660
457
3654
451
3653
450
3652
449
3650
447
3649
446
3646
443
3645
442
3644
441
3643
440
3642
439
3641
438
3637
434
3635
432
3632
429
3628
425
3625
422
3623
420
3622
419
3621
418
3617
414
3616
413
3615
412
3614
411
3612
409
407
3608
405
3607
404
3606
403
401
5187
387
3590
3599
396
3597
394
3593
390
1982
3588
385
3584
381
3579
376
3578
375
3577
374
3576
373
3575
372
3570
367
3569
366
3568
365
3567
364
358
6768
347
3550
3559
356
3557
354
1942
3548
6766
345
6764
343
3545
6763
342
3541
6759
338
3539
6757
336
1923
5126
3538
6756
335
3537
6755
334
3536
6754
333
3532
6750
329
3530
6748
327
3527
6745
324
6744
323
6741
320
3504
6722
301
6707
3522
304
6725
6740
319
3520
6738
317
3519
6737
316
1900
5103
3515
6733
312
6732
311
3506
6724
303
3486
6704
283
268
6689
3499
296
3496
6714
293
6696
275
3478
3487
6705
284
6685
264
3467
3476
6694
273
1857
5060
3472
269
3471
3470
6688
267
5056
6686
265
245
230
6651
3466
6684
263
3465
6683
262
3464
261
3463
260
3462
6680
259
6676
255
3431
6649
228
213
6634
6667
246
1839
3445
6663
242
3441
238
3440
6658
237
3439
236
3437
234
3434
6652
231
3432
229
3430
6648
227
6646
225
3427
224
3425
6643
222
3424
221
3405
6623
202
187
6608
3423
6641
220
3418
215
3417
199
6620
6635
214
3415
6633
212
3410
6628
207
3409
6627
206
6618
197
3399
6617
196
1783
4986
6607
186
3389
4995
1792
3398
195
6615
194
3396
6614
193
6609
188
3372
6590
169
154
6575
3387
184
6602
181
3383
6586
6601
180
6591
170
3373
3382
6600
179
167
3370
3379
6597
176
1768
6583
162
3365
171
1756
4959
3371
6589
168
3369
6587
166
3363
6581
160
3361
158
3354
6572
151
3351
6569
148
3349
146
3344
6562
141
3340
6558
137
3338
6556
135
3332
6550
129
3311
6529
108
93
6514
6547
126
3326
6544
123
3325
6543
122
6538
117
3313
6531
110
3294
6512
91
76
6497
1697
4900
3312
6530
109
3310
6528
107
1699
3305
6523
102
3304
6522
101
3298
6516
95
3297
6515
94
3296
3295
92
1679
4882
1677
4880
3292
6510
89
3291
6509
88
3270
6488
67
52
6473
3288
6506
85
3286
6504
83
3279
4866
3278
6496
75
3277
74
3273
6491
70
3271
53
6474
6489
68
3266
6484
63
61
3260
57
3259
6477
56
6457
36
6442
3257
54
3251
6469
48
3250
6468
47
6458
37
3240
1643
1634
4837
3249
6467
46
3248
6466
45
1636
3242
6460
39
6447
26
3229
3238
6456
35
6455
34
6429
3226
3235
17
6438
6453
32
6448
27
6446
25
6445
24
1610
4813
3225
22
3223
20
3221
18
3220
3217
14
12
3214
6432
11
3204
3213
10
6426
5
3207
6425
4
3197
1600
6424
3
3658
455
2043
5246
702
3896
1820
3426
6644
223
6677
256
1053
3474
6692
271
1068
3268
65
4862
1659
6769
348
3551
3560
357
1154
1551
4754
557
548
3751
3136
6702
281
1869
1860
5063
678
1299
2896
3416
3407
6625
204
1422
3010
6213
3019
1419
1732
4935
3347
6565
144
3341
6559
138
1893
5096
305
2690
5893
1102
3481
278
1355
2943
6146
896
2484
5687
3517
6735
314
517
2114
514
2102
5305
6539
118
545
2142
3342
6560
139
1718
4921
3357
951
1897
5100
3512
6730
309
5900
2697
3315
6533
112
903
894
4097
1479
3058
4655
1261
2858
541
2129
5332
3356
6574
153
3353
6571
150
1747
3209
6427
6
2791
5994
1203
2328
695
2292
3510
6728
307
3446
6664
243
1037
2634
1813
3419
216
6619
198
6604
3620
417
2005
5208
3244
6462
41
3241
6459
38
1635
581
3775
1077
2674
495
3253
6471
50
4841
3256
3247
3262
6480
59
3452
249
6437
16
1360
3402
1796
1381
1372
4575
6463
42
1446
6246
3043
1240
4443
861
2458
3566
363
3503
6721
300
1079
4282
5879
3345
6563
142
4927
6548
127
3330
1471
952
742
5533
3581
3587
384
1981
4581
2984
550
2138
5341
3362
6580
159
3380
6598
177
902
2490
5693
2505
3081
6284
726
1248
2836
6039
1254
2851
9
6385
6742
321
3121
730
2327
6760
339
1136
1127
2715
5918
547
2135
5338
574
1956
5159
3571
368
1159
1547
4750
1395
689
3302
6520
99
887
2475
5678
1693
535
2132
529
2117
5320
4520
1317
1311
4505
2099
5302
1233
2821
6024
3648
445
3436
6654
233
1024
1015
4218
1048
1851
3624
421
5212
743
640
1373
2961
6164
606
2735
5938
359
556
5347
562
2159
3180
3598
395
1189
2786
3595
392
1989
6434
13
801
2389
5592
1753
4956
4174
971
965
956
4159
1370
3388
6606
185
982
1342
1333
4536
2930
6133
893
2481
5684
3308
6526
105
3626
423
1214
4495
1292
2889
3692
489
2077
5280
5135
3547
6765
344
3544
6762
341
1129
2717
5920
655
2243
5446
1267
1258
4461
2399
5602
3543
6761
340
3540
6758
337
1934
6749
328
1916
5119
3513
6731
310
6716
1134
2731
3528
6746
325
1113
5904
6734
313
3516
6743
322
1116
2713
6698
1004
2592
5795
3413
6631
210
5001
834
828
2416
5619
1157
2745
5948
3572
369
1181
2769
5972
3435
6653
232
1020
2608
5811
3456
6674
253
3032
6235
1444
3444
241
3438
6656
235
6647
226
3429
3360
157
3348
145
569
2166
3381
178
6593
172
6584
163
3366
975
1193
2790
3927
3115
6318
788
2385
3603
400
1194
3300
6518
97
891
2488
519
1307
2895
6098
522
1343
2931
6134
921
912
4115
3324
6542
121
2512
847
2444
754
5554
2351
6668
247
1041
2638
6700
279
3482
3485
6703
282
1076
2673
3455
3494
6712
291
667
1455
3685
482
2070
5273
1294
4714
3132
1535
2332
1427
3024
633
1322
1328
6549
128
1725
6537
6552
131
1324
2969
1366
2954
6157
501
2098
1301
3275
6493
72
1666
863
2460
4057
860
2448
5651
3284
6502
81
3281
78
1675
1648
4851
857
2445
5648
6752
331
3549
6767
346
2737
1210
864
2549
5752
6176
1385
3385
182
3556
353
3150
362
5153
3222
19
807
2395
5598
3287
84
1293
3355
6573
152
1731
4934
946
2543
1570
4773
3203
6421
0
794
2391
3173
6376
1577
4780
783
2371
5574
1326
2045
1239
2827
6030
3521
6739
318
3461
6679
258
1892
5095
3498
3507
6695
274
201
1789
4992
681
2269
5472
1475
3063
6266
1084
3490
287
3460
2678
3027
1842
615
2203
5406
642
4619
1416
610
3813
2775
1554
4757
763
3065
6268
1477
3451
248
5827
3433
3421
6639
218
3403
591
5391
2188
1237
2834
3655
452
852
3258
55
3252
6470
49
843
2440
770
2367
761
2358
3152
1546
4749
379
1170
1176
3137
6340
2340
5543
355
1167
3146
6349
1473
3061
6264
3406
6624
203
994
3170
3155
6358
3232
6450
29
3442
239
1027
2615
5818
3769
1375
2972
1179
3364
6582
161
1221
2809
6012
1227
2824
1434
6225
4628
643
1273
4467
673
3283
80
871
4065
1283
2880
3689
486
2083
3077
683
2280
1518
1206
2794
5997
1209
2806
415
2012
406
1994
5197
3627
424
2021
1098
2686
5889
1107
2704
710
2307
3089
6292
617
3411
208
996
4190
2584
5787
3408
6626
205
927
3234
6452
31
3290
87
875
2463
5666
881
2478
714
2302
5505
690
5481
3511
6729
308
1174
2762
5965
937
2534
1737
510
1304
2901
916
3301
6519
98
3289
6507
86
781
2369
5572
3447
6665
244
651
2239
5442
3020
1426
3611
408
832
2429
1029
2626
5402
1771
4974
3243
6461
40
837
600
2197
609
1357
3378
6596
175
963
2551
5754
701
3414
6632
211
1008
1405
674
2262
5465
3083
1443
4646
3586
383
1986
398
1340
3420
6638
217
1235
2832
1946
3555
352
3392
189
980
607
2204
3335
6553
132
3656
453
740
1507
4710
1298
711
3323
6541
120
1478
1509
3518
6736
315
1112
496
2093
2108
5311
465
2053
5256
880
2477
3686
483
1277
2874
3695
492
3169
787
614
1424
388
6423
2
1596
4273
691
2288
3412
6630
209
997
2585
5788
1586
4789
3210
6428
7
3638
435
2023
5226
3307
6525
104
650
3844
2238
5441
1453
3050
3501
6719
298
1207
2804
1212
2800
6003
3236
6454
33
824
866
2454
5657
648
3842
6687
266
1063
722
570
958
2555
3535
6753
332
3488
6706
285
1082
3681
478
1521
515
2112
1766
518
6094
868
3640
437
2025
5228
3267
6485
64
3493
6711
290
471
3306
6524
103
3303
6521
100
3580
377
3231
6449
28
825
1762
4965
1383
2980
1060
2648
5851
1123
6611
190
957
5748
3218
6436
15
812
