11201
11199
11196
11194
11183
11179
11175
11172
11171
11170
11169
11168
11167
11165
11160
11158
11154
11152
11151
11148
11145
11143
11138
11136
11135
11134
11132
11130
11128
11125
11121
11119
11116
11111
11109
11108
11107
11106
11105
11104
11103
11102
11100
11099
11098
11096
11094
11091
11087
11085
11084
11083
11081
11080
11079
11078
11074
11072
11070
11067
11061
11059
11058
11056
11054
11053
11051
11049
11047
11044
11042
11039
11037
11036
11035
11034
11028
11026
11022
11021
11020
11017
11016
11009
11008
11006
11005
11002
11001
11000
10999
10994
10993
10992
10989
10988
10986
10985
10983
10982
10981
10977
10976
10971
10970
10966
10964
10962
10960
10956
10955
10951
10947
10946
10945
10944
10941
10938
10936
10935
10934
10933
10932
10931
10925
10924
10922
10921
10920
10918
10917
10916
10913
10912
10910
10909
10908
10907
10901
10898
10896
10893
10892
10890
10885
10884
10883
10882
10881
10880
10879
10877
10876
10873
10869
10868
10867
10866
10865
10862
10861
10860
10859
10857
10853
10851
10849
10848
10847
10846
10840
10839
10838
10837
10836
10834
10832
10831
10830
10829
10827
10826
10825
10824
10823
10821
10820
10819
10818
10816
10815
10814
10812
10810
10809
10808
10807
10805
10804
10803
10801
10800
10799
10797
10795
10794
10792
10789
10787
10786
10783
10778
10777
10776
10774
10772
10770
10769
10768
10767
10765
10764
10762
10761
10759
10757
10749
10748
10747
10746
10742
10741
10732
10731
10729
10728
10727
10726
10725
10724
10723
10721
10719
10717
10714
10711
10707
10705
10704
10702
10696
10695
10691
10690
10689
10688
10686
10685
10681
10678
10677
10676
10671
10670
10669
10668
10667
10666
10664
10663
10661
10659
10658
10657
10656
10655
10654
10653
10652
10651
10648
10647
10646
10641
10640
10639
10637
10636
10635
10634
10633
10632
10631
10630
10624
10623
10622
10618
10617
10615
10614
10613
10610
10608
10607
10606
10605
10604
10602
10601
10600
10599
10597
10595
10594
10592
10591
10590
10587
10586
10585
10584
10583
10582
10581
10580
10578
10576
10575
10574
10573
10572
10571
10570
10569
10568
10566
10564
10560
10558
10556
10551
10548
10547
10546
10544
10543
10542
10540
10539
10537
10535
10533
10532
10530
10527
10524
10521
10519
10517
10516
10515
10512
10510
10509
10507
10505
10503
10496
10494
10493
10492
10490
10488
10487
10486
10484
10483
10482
10481
10479
10475
10474
10473
10472
10471
10469
10467
10466
10465
10463
10462
10461
10459
10458
10456
10455
10453
10451
10450
10448
10444
10443
10442
10440
10439
10438
10437
10431
10430
10429
10428
10427
10426
10425
10424
10421
10417
10416
10415
10414
10413
10411
10410
10409
10407
10405
10404
10403
10401
10400
10398
10394
10393
10391
10390
10387
10386
10384
10379
10377
10375
10374
10373
10370
10361
10358
10355
10350
10348
10344
10343
10337
10321
10316
10307
10299
10291
10281
10280
10270
10266
10264
10261
10259
10256
10249
10240
10228
10226
10195
10191
10188
10187
10180
10166
10163
10156
10138
10137
10134
10131
10129
10113
10112
10111
10107
10098
10091
10089
10084
10076
10068
10054
10051
10050
10045
10027
10004
10000
9998
9995
9994
9984
9976
9968
9960
9958
9957
9955
9954
9950
9947
9939
9934
9926
9924
9923
9914
9913
9911
9906
9899
9893
9872
9868
9867
9860
9859
9856
9846
9843
9832
9830
9818
9786
9779
9776
9775
9772
9770
9764
9756
9750
9744
9742
9737
9711
9710
9707
9705
9698
9684
9674
9673
9669
9668
9666
9659
9657
9651
9648
9645
9636
9635
9624
9610
9605
9601
9596
9595
9589
9580
9567
9566
9546
9535
9529
9525
9521
9518
9517
9514
9508
9506
9494
9492
9485
9484
9483
9482
9478
9469
9464
9462
9450
9446
9441
9439
9420
9419
9412
9408
9407
9397
9394
9392
9390
9386
9384
9368
9366
9365
9363
9361
9358
9356
9346
9345
9343
9336
9335
9330
9328
9324
9322
9314
9313
9310
9308
9306
9304
9300
9298
9293
9286
9283
9281
9280
9272
9253
9251
9247
9246
9242
9237
9234
9218
9215
9210
9198
9193
9190
9183
9182
9181
9175
9174
9173
9170
9168
9161
9160
9148
9135
9134
9122
9117
9115
9104
9098
9091
9089
9081
9072
9060
9059
9058
9054
9052
9049
9047
9037
9026
9021
9017
9013
8999
8983
8965
8959
8958
8956
8952
8946
8945
8944
8943
8934
8926
8920
8917
8911
8910
8902
8896
8894
8891
8890
8887
8880
8877
8855
8846
8844
8843
8835
8833
8811
8808
8801
8799
8796
8794
8793
8789
8777
8770
8769
8762
8759
8757
8743
8742
8739
8737
8736
8734
8726
8725
8723
8717
8716
8701
8694
8690
8682
8678
8677
8675
8664
8663
8662
8657
8650
8647
8645
8641
8636
8634
8628
8618
8611
8599
8594
8586
8577
8575
8570
8569
8564
8560
8551
8549
8547
8545
8541
8539
8535
8514
8511
8488
8471
8467
8464
8443
8442
8441
8438
8437
8433
8427
8423
8419
8416
8414
8411
8404
8401
8400
8395
8370
8368
8365
8359
8354
8350
8345
8344
8339
8332
8326
8321
8315
8311
8309
8306
8302
8301
8292
8288
8285
8284
8271
8263
8261
8260
8254
8252
8242
8236
8235
8231
8209
8208
8204
8200
8199
8193
8192
8188
8183
8180
8179
8178
8177
8172
8169
8161
8160
8153
8150
8146
8144
8141
8129
8123
8120
8113
8091
8090
8086
8085
8076
8073
8054
8044
8038
8030
8028
8018
8017
8005
8002
8001
8000
7999
7996
7995
7987
7986
7983
7981
7980
7977
7976
7966
7965
7958
7953
7949
7922
7921
7920
7919
7918
7876
7873
7872
7866
7858
7856
7853
7852
7844
7840
7838
7833
7827
7826
7824
7823
7822
7820
7818
7817
7815
7812
7811
7808
7805
7804
7787
7772
7760
7757
7746
7745
7742
7738
7735
7733
7724
7708
7705
7700
7697
7693
7691
7658
7648
7629
7615
7611
7607
7603
7601
7588
7585
7581
7575
7572
7565
7564
7560
7557
7552
7545
7528
7520
7519
7517
7512
7506
7499
7495
7486
7477
7476
7472
7467
7453
7443
7439
7438
7424
7420
7411
7409
7404
7403
7400
7399
7387
7370
7368
7365
7356
7355
7354
7351
7350
7349
7328
7324
7318
7298
7284
7278
7276
7274
7264
7258
7250
7238
7235
7232
7222
7212
7210
7206
7205
7200
7198
7196
7194
7193
7192
7189
7175
7171
7162
7159
7153
7148
7144
7143
7133
7124
7122
7120
7101
7100
7089
7086
7085
7079
7061
7055
7054
7051
7046
7039
7038
7032
7031
7020
7019
7014
7007
7005
7002
6991
6978
6974
6964
6961
6958
6955
6950
6945
6941
6940
6932
6925
6923
6917
6914
6913
6908
6906
6900
6899
6872
6870
6869
6864
6860
6847
6845
6843
6829
6825
6824
6823
6816
6809
6808
6802
6800
6792
6784
6783
6771
6770
6768
6766
6763
6755
6752
6745
6743
6728
6723
6714
6705
6703
6702
6698
6695
6692
6688
6687
6684
6680
6677
6676
6670
6667
6657
6654
6653
6649
6641
6640
6628
6627
6622
6611
6610
6606
6594
6593
6585
6575
6573
6561
6559
6554
6553
6540
6533
6532
6531
6530
6520
6516
6515
6513
6509
6507
6505
6498
6494
6481
6479
6473
6472
6469
6466
6460
6458
6457
6455
6447
6444
6442
6440
6433
6425
6421
6420
6419
6416
6415
6413
6411
6410
6409
6407
6406
6405
6404
6402
6401
6399
6398
6397
6396
6395
6391
6389
6388
6386
6384
6382
6381
6379
6377
6374
6370
6369
6367
6366
6361
6360
6358
6357
6356
6355
6354
6351
6348
6347
6346
6345
6344
6343
6342
6341
6339
6337
6336
6334
6333
6329
6326
6323
6322
6320
6319
6318
6316
6315
6314
6312
6311
6309
6308
6307
6304
6302
6296
6292
6290
6289
6287
6286
6283
6282
6280
6279
6278
6275
6274
6272
6271
6270
6269
6267
6266
6265
6264
6263
6262
6260
6258
6256
6255
6253
6251
6250
6249
6248
6247
6245
6244
6243
6242
6236
6235
6232
6231
6227
6226
6224
6223
6220
6219
6218
6217
6215
6213
6211
6207
6206
6205
6204
6203
6201
6200
6198
6196
6195
6193
6187
6186
6183
6182
6181
6180
6178
6177
6176
6175
6174
6173
6172
6171
6170
6167
6165
6162
6159
6158
6154
6150
6149
6148
6146
6144
6143
6142
6141
6140
6139
6138
6137
6136
6135
6134
6132
6131
6128
6127
6123
6122
6121
6120
6117
6116
6113
6110
6109
6108
6107
6105
6104
6101
6100
6099
6098
6097
6096
6095
6093
6092
6091
6090
6089
6087
6086
6084
6083
6082
6081
6080
6079
6078
6075
6074
6073
6072
6071
6070
6069
6068
6066
6065
6063
6062
6061
6060
6058
6057
6056
6055
6054
6053
6051
6050
6049
6046
6045
6044
6043
6041
6040
6035
6033
6032
6031
6030
6029
6028
6026
6025
6023
6017
6016
6015
6013
6011
6010
6009
6008
6007
6006
6005
6004
6003
6002
6001
5998
5997
5995
5993
5992
5990
5989
5984
5983
5982
5981
5979
5978
5977
5976
5975
5973
5971
5968
5964
5963
5962
5959
5958
5954
5952
5950
5949
5948
5947
5946
5945
5943
5942
5941
5940
5938
5935
5934
5933
5931
5930
5928
5927
5924
5923
5921
5920
5919
5918
5917
5916
5910
5909
5908
5902
5901
5899
5898
5897
5896
5893
5892
5890
5888
5887
5886
5885
5884
5883
5882
5881
5880
5879
5878
5877
5876
5875
5872
5870
5866
5865
5862
5861
5860
5858
5857
5856
5855
5852
5851
5850
5847
5846
5845
5844
5843
5841
5840
5839
5838
5837
5836
5834
5833
5832
5831
5829
5827
5825
5824
5823
5820
5819
5818
5815
5813
5810
5809
5807
5806
5804
5803
5802
5800
5798
5797
5795
5794
5793
5792
5790
5789
5788
5787
5784
5781
5780
5779
5778
5775
5773
5771
5769
5768
5767
5766
5765
5761
5760
5759
5758
5757
5755
5754
5753
5749
5748
5746
5743
5742
5741
5737
5736
5734
5728
5727
5726
5724
5723
5722
5721
5720
5718
5717
5715
5713
5712
5711
5710
5709
5708
5707
5705
5704
5703
5701
5700
5698
5694
5692
5690
5689
5687
5686
5685
5684
5683
5682
5680
5679
5678
5677
5676
5671
5669
5668
5667
5665
5664
5663
5662
5659
5658
5657
5656
5652
5651
5650
5646
5644
5643
5642
5641
5640
5636
5635
5634
5633
5632
5631
5629
5627
5626
5625
5624
5623
5622
5621
5620
5619
5618
5616
5615
5614
5613
5612
5611
5610
5608
5607
5606
5605
5604
5602
5601
5600
5599
5597
5595
5593
5592
5591
5590
5589
5588
5587
5586
5585
5583
5582
5580
5578
5577
5576
5571
5570
5568
5563
5558
5557
5555
5552
5551
5549
5548
5547
5545
5544
5543
5542
5541
5540
5539
5537
5535
5532
5529
5527
5526
5525
5523
5521
5520
5518
5517
5514
5513
5512
5511
5510
5509
5508
5504
5502
5501
5498
5497
5496
5493
5492
5491
5490
5489
5488
5487
5484
5483
5481
5480
5479
5477
5475
5473
5472
5471
5468
5467
5466
5465
5464
5463
5461
5460
5459
5458
5456
5453
5452
5451
5450
5449
5448
5447
5446
5445
5444
5443
5442
5441
5439
5436
5435
5433
5432
5431
5429
5428
5427
5426
5425
5424
5421
5420
5419
5418
5417
5415
5414
5411
5408
5407
5406
5404
5403
5402
5398
5397
5395
5393
5392
5390
5387
5385
5384
5381
5380
5379
5378
5377
5376
5374
5371
5370
5367
5365
5364
5363
5361
5360
5359
5357
5356
5354
5353
5348
5347
5345
5342
5341
5340
5339
5338
5337
5332
5331
5330
5328
5327
5325
5323
5319
5318
5315
5314
5308
5307
5305
5301
5300
5299
5297
5295
5292
5291
5290
5288
5287
5285
5284
5282
5280
5279
5278
5277
5274
5272
5271
5270
5269
5268
5264
5261
5260
5259
5256
5252
5251
5250
5249
5248
5247
5244
5243
5242
5241
5240
5238
5237
5236
5234
5233
5232
5231
5230
5228
5227
5225
5224
5223
5222
5220
5219
5218
5217
5214
5213
5212
5210
5209
5205
5204
5203
5201
5200
5198
5197
5195
5189
5188
5187
5184
5182
5180
5178
5177
5176
5175
5174
5173
5172
5169
5168
5166
5165
5164
5163
5162
5161
5160
5159
5158
5157
5156
5155
5151
5148
5146
5145
5144
5143
5142
5141
5140
5139
5138
5137
5136
5133
5132
5131
5130
5127
5125
5123
5120
5119
5118
5117
5116
5115
5114
5110
5106
5103
5100
5096
5094
5093
5091
5089
5086
5085
5083
5082
5080
5079
5077
5076
5075
5073
5072
5069
5068
5067
5065
5063
5062
5061
5059
5058
5057
5055
5054
5053
5049
5048
5047
5046
5045
5044
5043
5042
5041
5039
5036
5035
5033
5032
5031
5030
5027
5026
5023
5022
5021
5019
5018
5017
5016
5013
5012
5010
5008
5007
5005
5002
5001
5000
4999
4998
4997
4995
4992
4989
4988
4987
4986
4985
4982
4981
4980
4977
4976
4975
4973
4972
4971
4969
4968
4967
4965
4964
4963
4960
4959
4957
4956
4954
4951
4950
4949
4948
4947
4945
4944
4943
4942
4940
4939
4937
4935
4934
4933
4931
4930
4928
4926
4924
4922
4921
4920
4916
4915
4914
4913
4912
4911
4910
4909
4908
4907
4906
4904
4903
4902
4900
4899
4898
4897
4896
4895
4894
4893
4892
4887
4886
4885
4883
4882
4881
4880
4878
4874
4872
4871
4870
4869
4868
4867
4866
4865
4863
4861
4860
4858
4857
4856
4855
4853
4851
4850
4849
4847
4846
4845
4844
4826
4820
4813
4812
4797
4793
4787
4786
4785
4783
4781
4778
4777
4769
4768
4767
4766
4765
4764
4763
4762
4760
4759
4755
4749
4748
4747
4742
4741
4740
4735
4732
4731
4704
4703
4702
4701
4700
4699
4686
4676
4661
4655
4654
4648
4647
4641
4638
4634
4623
4622
4616
4615
4608
4607
4604
4602
4600
4599
4597
4590
4587
4586
4583
4569
4554
4542
4539
4538
4526
4524
4521
4520
4518
4517
4514
4506
4505
4498
4495
4481
4479
4475
4473
4468
4465
4464
4458
4446
4440
4434
4430
4429
4411
4397
4393
4389
4385
4383
4378
4357
4354
4344
4334
4332
4325
4320
4316
4310
4304
4302
4301
4299
4294
4291
4285
4282
4274
4267
4258
4254
4250
4249
4235
4225
4220
4217
4212
4209
4206
4202
4193
4191
4188
4185
4181
4169
4164
4158
4157
4147
4146
4145
4141
4136
4133
4132
4115
4110
4108
4104
4087
4086
4077
4076
4062
4060
4058
4056
4040
4032
4031
4029
4016
4004
4000
3994
3992
3985
3980
3978
3977
3975
3974
3957
3953
3951
3950
3944
3943
3941
3930
3926
3925
3921
3915
3906
10325
3904
3902
3883
3882
3877
10292
3871
10288
3867
3866
3858
3857
3846
3844
10258
3837
10257
3836
3830
3827
10244
3823
3822
10241
3820
3814
3802
3796
3784
10202
3781
3773
10185
3764
10181
3760
10177
3756
10164
3743
10161
3740
10155
3734
10150
3729
10148
3727
3722
10135
3714
10128
3707
10122
3701
10121
3700
3699
10117
3696
3695
10108
3687
10103
3682
10088
3667
3656
10075
3654
10072
3651
10067
3646
3642
3639
10053
3632
3627
3625
3619
10032
3611
3607
10024
3603
10023
3602
3600
10019
3598
10012
3591
10011
3590
10006
3585
3584
10003
3582
3581
3565
3553
3550
9969
3548
3545
3527
9946
3525
9945
3524
9931
3510
9929
3508
3500
3496
9912
3491
9901
3480
9895
3474
3470
9890
3469
9888
3467
3465
9883
3462
3459
9879
3458
3452
9870
3449
3440
9852
3431
9850
3429
3427
3410
9829
3408
3404
9814
3393
9813
3392
9809
3388
9802
3381
3376
9796
3375
9794
3373
9792
3371
3368
9788
3367
3357
9763
3342
3336
9751
3330
3328
9747
3326
9743
3322
9736
3315
9734
3313
3312
3306
3302
3298
9718
3297
9716
3295
9712
3291
9708
3287
9703
3282
3280
3278
3276
9690
3269
3268
3264
9683
3262
3261
3260
3258
9676
3255
3254
9672
3251
9665
3244
9663
3242
9661
3240
3239
3237
9652
3231
3226
9643
3222
9631
3210
9628
3207
9623
3202
3201
3200
9620
3199
9619
3198
9618
3197
9617
3196
3195
3193
3192
3191
3190
3188
3187
3186
3183
3182
3181
9600
3179
9599
3178
3177
3176
9593
3172
9590
3169
3167
9587
3166
3165
9585
3164
9584
3163
9583
3162
9582
3161
9581
3160
3156
3155
3154
3153
9573
3152
9572
3151
3150
9568
3147
9565
3144
3143
9563
3142
9561
3140
3139
9559
3138
9558
3137
3136
9556
3135
9555
3134
9554
3133
9553
3132
3131
9551
3130
9550
3129
9548
3127
9547
3126
9545
3124
9544
3123
9543
3122
3121
9540
3119
9539
3118
9538
3117
3116
9536
3115
9534
3113
9533
3112
3111
9531
3110
3109
9528
3107
9527
3106
9526
3105
9523
3102
3101
3099
3098
3094
3092
9512
3091
9511
3090
9510
3089
9509
3088
9507
3086
9505
3084
3083
9503
3082
9501
3080
3079
9499
3078
9498
3077
9497
3076
3075
3074
9493
3072
3070
9490
3069
9487
3066
9486
3065
9481
3060
3056
3055
3054
3051
9471
3050
3049
9468
3047
3046
9466
3045
3044
9463
3042
9461
3040
3039
9459
3038
9457
3036
3035
9455
3034
3032
9452
3031
9451
3030
9449
3028
9448
3027
9447
3026
9445
3024
3023
9443
3022
9442
3021
3019
9438
3017
9437
3016
9436
3015
3013
9433
3012
9432
3011
3010
3008
3007
9427
3006
3005
9423
3002
9421
3000
2997
2996
9416
2995
2994
9414
2993
9411
2990
9410
2989
2988
9406
2985
9403
2982
9402
2981
9401
2980
9400
2979
2978
2977
9396
2975
2974
9393
2972
9391
2970
9389
2968
2966
9385
2964
9382
2961
9381
2960
9380
2959
9379
2958
2957
2956
9376
2955
9375
2954
2953
2952
2951
9371
2950
9370
2949
2948
2946
9362
2941
2939
2936
9355
2934
2933
2931
2930
2929
9349
2928
9348
2927
2926
9344
2923
9342
2921
2920
9339
2918
2917
2913
9333
2912
9332
2911
9331
2910
9329
2908
2906
9326
2905
2904
2902
9320
2899
9319
2898
9318
2897
9317
2896
9316
2895
2894
9312
2891
9311
2890
9309
2888
2886
2884
9303
2882
2881
9301
2880
9299
2878
2876
2875
9295
2874
9294
2873
2871
2869
9289
2868
2866
2863
9282
2861
9279
2858
2856
9276
2855
9275
2854
2853
2850
2849
9268
2847
9267
2846
9266
2845
9265
2844
2842
9261
2840
9260
2839
9258
2837
2836
2835
9255
2834
9254
2833
9252
2831
2827
9245
2824
9244
2823
9243
2822
9241
2820
9240
2819
2818
9238
2817
9236
2815
2814
2812
2811
9230
2809
2808
2807
9225
2804
9224
2803
9223
2802
2801
9221
2800
9220
2799
9219
2798
9217
2796
9216
2795
9214
2793
9213
2792
9212
2791
2790
9208
2787
9207
2786
9206
2785
9205
2784
9203
2782
2781
2780
9200
2779
9199
2778
9197
2776
9196
2775
2774
9192
2771
9191
2770
2768
9187
2766
9186
2765
9185
2764
9184
2763
2759
2758
9178
2757
9177
2756
2755
9172
2751
2750
2748
2745
2744
9162
2741
2738
2736
2735
9155
2734
9154
2733
2732
2730
9150
2729
9149
2728
9147
2726
9146
2725
2724
9143
2722
2721
9141
2720
9140
2719
9139
2718
9138
2717
9132
2711
9131
2710
9129
2708
9128
2707
9127
2706
2705
2704
2703
2702
9121
2700
9119
2698
9118
2697
2695
2693
9113
2692
2691
2690
2688
2687
2686
9106
2685
2684
2681
2680
2679
9099
2678
9097
2676
2675
2674
2672
9092
2671
9088
2667
9087
2666
2663
2662
9080
2659
9079
2658
2657
9077
2656
2655
9075
2654
2653
9073
2652
9070
2649
9069
2648
9068
2647
9064
2643
2642
2640
9057
2636
2635
2634
2632
2629
9048
2627
9046
2625
2624
9044
2623
9043
2622
2621
9041
2620
9039
2618
9038
2617
9036
2615
2613
2612
9032
2611
2610
9030
2609
2608
9028
2607
2606
2603
2602
2599
2597
9016
2595
9015
2594
9014
2593
9011
2590
2589
9008
2587
2586
9006
2585
9005
2584
9004
2583
9003
2582
2581
2580
8998
2577
8996
2575
8995
2574
8994
2573
8993
2572
8990
2569
8989
2568
8988
2567
8987
2566
2565
2563
8982
2561
8981
2560
2559
8979
2558
2555
8975
2554
8974
2553
8973
2552
2551
2550
2548
2547
8967
2546
2545
8964
2543
2542
8962
2541
2540
8960
2539
8955
2534
8954
2533
8953
2532
8951
2530
8950
2529
8949
2528
8948
2527
2526
2521
2520
8940
2519
2518
2517
2516
8936
2515
8935
2514
8933
2512
2510
2508
2507
8925
2504
2503
8923
2502
2500
8918
2497
2495
2494
8913
2492
8912
2491
8909
2488
2487
8907
2486
2485
8905
2484
2482
2480
2477
2474
2472
2471
2468
2467
2464
2463
8883
2462
8882
2461
8881
2460
8879
2458
2457
2455
8875
2454
8872
2451
8871
2450
2449
2448
2447
2446
2445
8865
2444
2443
2442
2440
2439
8859
2438
8857
2436
8856
2435
8854
2433
2432
2431
8851
2430
8850
2429
8849
2428
8848
2427
8847
2426
8845
2424
8842
2421
8841
2420
2419
2417
2416
2415
8834
2413
8832
2411
8831
2410
8830
2409
8829
2408
8828
2407
2406
8826
2405
2404
8824
2403
2402
8821
2400
2399
8819
2398
2396
8816
2395
2392
8810
2389
8809
2388
8807
2386
8806
2385
2384
2383
2381
8798
2377
8795
2374
8792
2371
8791
2370
8790
2369
8788
2367
8786
2365
2364
8784
2363
2362
8782
2361
2359
2358
2357
8776
2355
8775
2354
2353
8773
2352
8772
2351
2347
2345
8765
2344
2342
8758
2337
8750
2329
8745
2324
2309
8721
2300
2298
8698
2277
8697
2276
8685
2264
8683
2262
8681
2260
8673
2252
2251
8661
2240
2238
8658
2237
2231
8651
2230
2227
2223
2222
2221
8637
2216
8635
2214
2208
8619
2198
2196
2195
8606
2185
8604
2183
8602
2181
2176
2175
8591
2170
2167
2158
2150
8561
2140
2137
8557
2136
8555
2134
8552
2131
8544
2123
2121
2117
8537
2116
8529
2108
2101
8521
2100
2099
2095
8515
2094
2089
2084
8503
2082
2081
8501
2080
8497
2076
2075
8492
2071
8482
2061
2045
8461
2040
8457
2036
2033
8450
2029
8447
2026
8444
2023
2019
8422
2001
2000
8420
1999
8418
1997
1996
8415
1994
8413
1992
8406
1985
1984
8397
1976
8396
1975
1968
8380
1959
8372
1951
1946
8363
1942
8352
1931
1928
1921
1919
8338
1917
8325
1904
1897
1887
1886
1879
8299
1878
1874
1861
1860
8280
1859
8277
1856
8274
1853
1852
1846
8264
1843
1834
8251
1830
8250
1829
8246
1825
1823
8238
1817
8237
1816
8225
1804
1803
1798
1786
1782
8196
1775
1770
8190
1769
8186
1765
1755
1753
8173
1752
1749
8158
1737
8157
1736
8156
1735
1734
1730
8145
1724
8143
1722
8137
1716
1709
1707
8127
1706
1700
8117
1696
1691
8106
1685
1681
8097
1676
1674
8084
1663
8083
1662
8078
1657
1656
8072
1651
8071
1650
1649
8069
1648
8067
1646
8063
1642
4841
8059
1638
8057
1636
4837
1634
4835
1632
4834
8052
1631
8049
1628
8046
1625
8045
1624
4823
8041
1620
4822
8040
1619
4821
8039
1618
8037
1616
4818
1615
4807
8025
1604
4804
1601
4798
8016
1595
4796
1593
4795
8013
1592
8012
1591
4792
8010
1589
4790
1587
4789
8007
1586
4788
8006
1585
7998
1577
7997
1576
4776
7994
1573
4775
7993
1572
4774
1571
4773
7991
1570
4772
1569
4771
7989
1568
4770
1567
4761
1558
4757
1554
4756
1553
4754
7972
1551
4753
7971
1550
1549
4751
7969
1548
1547
4746
1543
4745
1542
1541
7961
1540
7957
1536
4736
7954
1533
7952
1531
7951
1530
7947
1526
7946
1525
1524
1523
1521
1520
4722
7940
1519
4721
7939
1518
4720
1517
1516
4718
7936
1515
4717
1514
4716
7934
1513
4715
1512
4714
1511
1510
4712
7930
1509
4711
7929
1508
4710
7928
1507
7927
1506
4708
1505
4707
1504
4706
7924
1503
4705
7923
1502
4698
7916
1495
4697
7915
1494
4696
1493
4695
7913
1492
7912
1491
1490
4692
1489
4691
7909
1488
4690
7908
1487
7907
1486
4688
7906
1485
4687
1484
7903
1482
4684
7902
1481
4682
1479
4681
7899
1478
4680
1477
4679
7897
1476
1475
4677
1474
4675
7893
1472
4674
7892
1471
4673
7891
1470
4672
1469
4671
7889
1468
7888
1467
7886
1465
4667
1464
4666
7884
1463
4665
1462
4664
1461
4663
1460
1459
4660
7878
1457
7877
1456
1454
4656
1453
7871
1450
4652
7870
1449
4651
1448
4650
7868
1447
4649
7867
1446
7864
1443
4644
1441
4643
7861
1440
4642
7860
1439
7857
1436
4637
7855
1434
4636
1433
7851
1430
1429
7849
1428
4630
1427
7847
1426
4628
7846
1425
1424
4625
7843
1422
4624
7842
1421
4621
1418
4619
7837
1416
1415
1414
4614
7832
1411
7831
1410
7830
1409
1408
4610
1407
4603
1400
1398
7816
1395
4596
7814
1393
7813
1392
1389
4591
1388
7807
1386
1385
4585
7803
1382
4584
7802
1381
4582
1379
4581
1378
1377
4579
1376
4578
7796
1375
4577
7795
1374
4576
1373
4574
7792
1371
4573
7791
1370
4572
1369
4571
7789
1368
4570
1367
4568
7786
1365
4567
7785
1364
7784
1363
7783
1362
4564
7782
1361
4563
1360
7780
1359
1358
4560
1357
4559
1356
4558
1355
4557
7775
1354
4556
7774
1353
4555
7773
1352
4553
7771
1350
4551
1348
7768
1347
4549
7767
1346
4548
1345
4547
1344
7764
1343
4544
1341
4543
1340
4541
1338
4540
7758
1337
7755
1334
4536
1333
4535
7753
1332
4534
1331
4533
7751
1330
4532
7750
1329
1328
4530
7748
1327
4529
1326
1322
7741
1320
7740
1319
4519
7737
1316
4513
7731
1310
7730
1309
1308
1307
4509
1306
7725
1304
4504
1301
4503
7721
1300
7720
1299
4501
1298
7718
1297
7717
1296
4496
7714
1293
1291
1290
4492
7710
1289
7709
1288
4488
7706
1285
7704
1283
4484
1281
4483
7701
1280
4480
1277
4478
7696
1275
7695
1274
4476
7694
1273
7692
1271
4472
7690
1269
4471
7689
1268
4470
7688
1267
4469
7687
1266
7685
1264
4463
7681
1260
4462
7680
1259
7679
1258
4460
7678
1257
7677
1256
1254
1253
4455
1252
4454
7672
1251
4453
7671
1250
7670
1249
4451
1248
4450
7668
1247
4449
7667
1246
4448
7666
1245
7665
1244
4445
1242
7662
1241
4443
7661
1240
7660
1239
4441
7659
1238
7657
1236
4438
7656
1235
1233
1232
4432
7650
1229
4431
7649
1228
7646
1225
4427
7645
1224
4426
1223
4425
7643
1222
4424
1221
1220
1219
4421
1218
4419
7637
1216
4418
7636
1215
7635
1214
4416
1213
1212
4414
7632
1211
7630
1209
4410
1207
7627
1206
7626
1205
7625
1204
4405
7623
1202
7622
1201
4403
1200
7620
1199
4401
1198
1197
7617
1196
7616
1195
4396
1193
4395
1192
7612
1191
4392
7610
1189
7609
1188
7608
1187
4388
7606
1185
4387
1184
4382
1179
4381
1178
4371
7589
1168
4362
1159
4350
7568
1147
4349
7567
1146
4345
7563
1142
4331
1128
4324
7542
1121
4322
7540
1119
4321
1118
1102
1097
7515
1094
4293
1090
4290
7508
1087
4289
1086
4284
1081
1068
4266
1063
7482
1061
1060
7480
1059
7473
1052
7455
1034
1033
4233
7451
1030
7450
1029
1025
4226
7444
1023
7442
1021
4219
7437
1016
1007
4207
1004
7423
1002
998
987
7407
986
975
4173
7391
970
4172
969
7388
967
965
4165
962
7377
956
4156
7374
953
4155
7373
952
4154
7372
951
948
4143
940
4140
7358
937
7357
936
4127
7345
924
4125
7343
922
4123
7341
920
4122
7340
919
4119
916
7330
909
908
4109
7327
906
4103
900
4102
899
4099
7317
896
892
4094
7312
891
4092
7310
889
7306
885
7302
881
7297
876
4075
7293
872
870
4065
862
4061
858
4059
7277
856
4057
7275
854
7273
852
851
4053
7271
850
4052
7270
849
7269
848
846
845
4045
842
4041
838
836
4037
834
4035
832
4034
831
4028
7246
825
4027
824
4026
7244
823
4023
820
4022
819
4021
818
4019
816
4018
815
7230
809
7225
804
3999
796
3998
795
3997
7215
794
3996
7214
793
3995
7213
792
3993
790
3991
7209
788
3990
7208
787
7207
786
7204
783
781
3983
780
3981
7199
778
7197
776
770
769
7188
767
3969
7187
766
765
3967
7185
764
7184
763
3965
762
3964
761
3962
7180
759
3961
7179
758
3960
7178
757
3959
756
3958
755
8771
2350
753
7173
752
3954
7172
751
8767
2346
7170
749
8764
2343
746
8761
2340
3946
7164
743
2339
7163
742
3942
7160
739
8755
2334
3940
7158
737
8754
2333
3939
7157
736
2332
3938
7156
735
2331
734
2330
3936
733
8749
2328
731
8748
2327
3933
730
3932
729
8746
2325
3931
728
8744
2323
726
3928
7146
725
10345
3924
7142
721
8738
2317
7141
720
7140
719
2314
3920
7138
717
716
8733
2312
10339
3918
715
2311
3917
7135
714
8731
2310
7134
713
8729
2308
10335
3914
711
8728
2307
10334
3913
7131
710
8727
2306
10333
3912
709
7129
708
10331
3910
707
8724
2303
10330
3909
706
10329
3908
7126
705
8722
2301
3907
7125
704
2299
7123
702
8718
2297
7121
700
698
2294
697
2293
7117
696
2292
10319
3898
7116
695
8712
2291
3897
7115
694
2290
7114
693
8710
2289
692
8709
2288
3894
691
8708
2287
10314
3893
690
2286
10313
3892
7110
689
8706
2285
3891
7109
688
2284
687
8704
2283
686
10309
3888
7106
685
8702
2281
3887
684
7104
683
8700
2279
7103
682
8699
2278
10305
3884
7102
681
10302
3881
7099
678
2274
10301
3880
677
2272
7096
675
2270
10297
3876
673
10296
3875
7093
672
8689
2268
3874
7092
671
2267
10294
3873
670
2266
3872
7090
669
2263
10290
3869
7087
666
2259
662
2258
7082
661
10284
3863
7081
660
659
657
8674
2253
7077
656
8671
2250
3856
653
8670
2249
10276
3855
7073
652
10275
3854
651
8668
2247
3853
7071
650
8667
2246
649
2245
3851
648
3850
647
646
645
3847
7065
644
8660
2239
642
10263
3842
639
2235
638
8655
2234
637
3839
7057
636
8653
2232
7056
635
7053
632
2228
10255
3834
7052
631
7050
629
2225
3831
7049
628
3826
7044
623
3825
7043
622
8639
2218
10245
3824
621
7037
616
8633
2212
7036
615
7035
614
2210
10237
3816
7034
613
3815
612
2206
609
2205
3811
608
2204
10231
3810
7028
607
8624
2203
3809
606
2202
3808
7026
605
8622
2201
604
2200
3806
7024
603
2199
602
8605
2184
587
2179
10206
3785
582
10199
3778
6996
575
2166
10193
3772
569
567
8583
2162
3768
6986
565
10186
3765
6983
562
8574
2153
556
2152
10179
3758
6976
555
3755
6973
552
3754
551
6970
549
2145
6969
548
2133
3739
6957
536
8553
2132
535
2127
10154
3733
6951
530
10146
3725
6943
522
8534
2113
6937
516
8527
2106
3712
6930
509
2105
3711
6929
508
8525
2104
6928
507
8524
2103
10130
3709
506
8518
2097
10124
3703
500
2096
10123
3702
6920
499
2088
10115
3694
491
489
8494
2073
3679
6897
476
8490
2069
3675
6893
472
6891
470
8481
2060
6884
463
2059
6883
462
2055
10082
3661
6879
458
8475
2054
3660
6878
457
10080
3659
6877
456
2052
3658
6876
455
2051
3657
454
8470
2049
6873
452
8468
2047
6871
450
10070
3649
446
2042
3648
445
8460
2039
10066
3645
6863
442
2035
3641
6859
438
2031
10058
3637
6855
434
2030
433
8449
2028
431
10052
3631
428
10049
3628
6846
425
10047
3626
6844
423
10044
3623
420
3622
419
3621
418
3618
6836
415
10033
3612
409
3604
6822
401
3599
396
1991
394
10017
3596
6814
393
392
8409
1988
10015
3594
6812
391
1987
10014
3593
390
6810
389
7604
1183
3589
6807
386
8403
1982
3588
6806
385
8402
1981
3587
6805
384
3586
6804
383
4380
7598
1177
1977
380
4377
7595
1174
3580
6798
377
4376
7594
1173
8394
1973
376
4375
7593
1172
9999
3578
6796
375
7592
1171
6795
374
8391
1970
6794
373
4372
7590
1169
8390
1969
3575
6793
372
370
8387
1966
9993
3572
369
4368
7586
1165
8386
1965
3571
6789
368
1964
9991
3570
367
1163
9990
3569
366
1162
6786
365
4364
1161
8382
1961
6785
364
4361
7579
1158
1958
3564
6782
361
4360
7578
1157
6781
360
4359
1156
1956
6780
359
1155
1955
3561
6779
358
9981
3560
357
1153
8374
1953
9980
3559
6777
356
4355
1152
1952
9979
3558
6776
355
1950
6774
353
7569
1148
8369
1948
3554
6772
351
4348
7566
1145
8366
1945
3551
6769
348
8364
1943
3549
6767
346
8362
1941
6765
344
4343
7561
1140
8361
1940
6764
343
4341
7559
1138
3544
341
7558
1137
8358
1937
3543
340
8357
1936
9963
3542
339
4338
7556
1135
1935
3541
6759
338
4337
7555
1134
9961
3540
6758
337
4336
7554
1133
336
4335
1132
1932
3538
335
4333
1130
6754
333
7548
1127
1927
6751
330
7547
1126
8347
1926
9953
3532
329
4328
1125
1925
3531
6749
328
3530
327
4326
7544
1123
6747
326
1922
3528
6746
325
4323
7541
1120
8341
1920
6744
323
4319
7537
1116
8337
1916
9943
3522
319
4318
7536
1115
1915
318
4317
7535
1114
8335
1914
9941
3520
317
1913
9940
3519
316
4309
7527
1106
8327
1906
3512
6730
309
1105
9932
3511
6729
308
4306
1103
1903
9930
3509
6727
306
1896
6720
299
7514
1093
8314
1893
9920
3499
6717
296
7510
1089
8310
1889
3495
292
3494
291
8303
1882
9909
3488
6706
285
7501
1080
3486
283
4276
1073
1873
9900
3479
6697
276
4272
7490
1069
8290
1869
3475
272
4270
7488
1067
9894
3473
270
8276
1855
3461
258
4257
1054
8275
1854
3460
257
8272
1851
9878
3457
6675
254
7470
1049
8270
1849
3455
252
4251
1048
8269
1848
9875
3454
251
1847
6671
250
4248
7466
1045
1845
6669
248
1042
9869
3448
245
1039
9866
3445
242
4238
7456
1035
8256
1835
3441
6659
238
1031
3437
6655
234
4231
1028
1828
9855
3434
231
1822
3428
225
4223
7441
1020
8241
1820
3426
6644
223
4218
7436
1015
6639
218
4216
7434
1013
8234
1813
9840
3419
216
7433
1012
8233
1812
9839
3418
215
8227
1806
9833
3412
209
4204
7422
1001
8222
1801
9828
3407
204
2191
3797
7015
594
994
1794
9821
3400
6618
197
7414
993
9820
3399
6617
196
8610
2189
3795
592
7413
992
1792
3398
195
3794
7012
591
4194
7412
991
1791
194
2187
10214
3793
7011
590
8211
1790
9817
3396
6614
193
8607
2186
10213
3792
589
7410
989
1789
9816
3395
6613
192
9815
3394
191
8603
2182
3788
585
8206
1785
9812
3391
188
7405
984
1784
3390
187
2180
7004
583
9810
3389
186
4184
7402
981
1781
3387
184
2177
580
7401
980
8201
1780
9807
3386
6604
183
9806
3385
6603
182
6602
181
8595
2174
3780
577
977
1777
6601
180
3779
6997
576
8197
1776
3382
6600
179
2171
10198
3777
6995
574
974
8195
1774
3380
177
4176
7394
973
6597
176
8590
2169
3775
572
972
3378
175
8589
2168
571
7392
971
3377
6595
174
10192
3771
6989
568
7389
968
1768
3374
6592
171
10184
3763
560
4163
7381
960
1760
3366
163
4162
7380
959
6583
162
8572
2151
10178
3757
554
8175
1754
3360
157
2144
3750
6968
547
1747
3353
6571
150
546
4149
946
8167
1746
9773
3352
6570
149
8563
2142
545
4148
7366
945
1745
6569
148
8164
1743
6567
146
6963
542
8163
1742
3348
145
939
142
6954
533
1733
3339
136
4134
931
1731
3337
134
8546
2125
3731
6949
528
8149
1728
3334
6552
131
8543
2122
525
4128
7346
925
6549
128
10145
3724
6942
521
4124
7342
921
1721
9748
3327
124
3720
517
4120
917
8138
1717
6541
120
4315
7533
1112
1912
6736
315
2112
3718
6936
515
7336
915
1715
6539
118
4313
7531
1110
1910
6734
313
8531
2110
6934
513
4116
7334
913
8134
1713
9740
3319
6537
116
4312
7530
1109
8330
1909
3515
6733
312
3715
6933
512
1712
115
1898
9925
3504
301
8519
2098
10125
3704
501
3307
6525
104
7516
1095
8316
1895
3501
6719
298
4101
7319
898
8119
1698
9725
3304
6522
101
8312
1891
3497
6715
294
8512
2091
10118
3697
6915
494
4097
894
1694
97
4096
893
9720
3299
96
10114
3693
490
7311
890
9717
3296
6514
93
2085
6909
488
7309
888
9715
3294
6512
91
4287
1084
8305
1884
287
1687
9714
3293
6511
90
4286
1083
9910
3489
286
2083
3689
6907
486
9713
3292
89
8105
1684
6508
87
4280
1077
1877
3483
6701
280
8498
2077
3683
480
4083
7301
880
6504
83
4279
1076
8297
1876
3482
6700
279
7300
879
1679
9706
3285
82
4278
7496
1075
1875
3481
6699
278
878
8099
1678
81
1072
8293
1872
275
2072
3678
475
875
1675
3281
6499
78
8489
2068
3674
6892
471
1671
6495
74
8582
2161
6985
564
964
1764
9791
3370
6588
167
2064
6888
467
867
1667
3273
70
2160
6984
563
4166
7384
963
8184
1763
9790
3369
6587
166
3669
6887
466
4069
866
1666
6490
69
1062
1862
3468
265
6886
465
4068
7286
865
3271
68
2138
6962
541
3347
144
1041
1841
6665
244
8462
2041
444
4047
7265
844
8065
1644
6468
47
4243
7461
1040
243
9670
3249
46
8556
2135
3741
6959
538
1738
9765
3344
6562
141
8259
1838
9865
3444
6662
241
8459
2038
10065
3644
6862
441
4044
841
1641
6465
44
1037
1837
9864
3443
6661
240
2037
6861
440
7261
840
4843
1640
9667
3246
43
4239
1036
1836
9863
3442
6660
239
839
8060
1639
42
1024
8245
1824
3430
6648
227
8445
2024
6848
427
4030
827
4830
1627
9654
3233
30
4067
7285
864
9691
3270
6488
67
3517
6735
314
8532
2111
514
7335
914
8135
1714
6538
117
3420
6638
217
8435
2014
417
3223
20
10061
3640
6858
437
1637
40
2155
558
4161
7379
958
6582
161
4261
7479
1058
8279
1858
261
8479
2058
10085
3664
6882
461
861
8082
1661
9688
3267
64
4311
7529
1108
8329
1908
9935
3514
311
4114
7332
911
8132
1711
3317
114
4214
1011
8232
1811
3417
214
8432
2011
414
1614
9641
3220
6438
17
4160
7378
957
6581
160
1057
1857
9884
3463
6681
260
2057
6881
460
4063
860
3266
63
1907
6731
310
8528
2107
6931
510
4113
910
8131
1710
113
4213
7431
1010
9837
3416
6634
213
2010
6834
413
4816
1613
3219
6437
16
2079
3685
482
4085
7303
882
8103
1682
3288
85
2129
532
932
6556
135
8253
1832
6656
235
8453
2032
10059
3638
6856
435
4038
835
4838
8056
1635
38
8477
2056
10083
3662
6880
459
3265
6483
62
8230
1809
212
8430
2009
3615
6833
412
8033
1612
6436
15
2102
505
8126
1705
9732
3311
6529
108
4208
1005
1805
6629
208
4011
7229
808
4811
8029
1608
6432
11
6898
477
1677
9704
3283
80
3730
6948
527
7348
927
8148
1727
130
4230
7448
1027
8248
1827
3433
6651
230
8448
2027
6851
430
830
8051
1630
33
8322
1901
6725
304
4107
7325
904
6528
107
10031
3610
407
7228
807
6431
10
4129
7347
926
8147
1726
6550
129
4229
1026
8247
1826
229
1629
32
2147
3753
550
4153
7371
950
8171
1750
9777
3356
6574
153
4253
7471
1050
9877
3456
6674
253
8074
1653
6477
56
7521
1100
9927
3506
6724
303
8124
1703
6527
106
10030
3609
6827
406
4009
7227
806
8027
1606
9633
3212
9
4105
7323
902
9729
3308
6526
105
10029
3608
6826
405
4008
7226
805
1605
8
8220
1799
3405
202
4005
7223
802
8023
1602
6426
5
7429
1008
1808
3414
6632
211
8429
2008
6832
411
3217
14
2141
6965
544
1744
9771
3350
6568
147
7465
1044
3450
6668
247
8465
2044
3650
447
4050
847
8068
1647
50
3303
6521
100
8615
2194
10221
3800
7018
597
7418
997
1797
3403
200
800
8021
1600
3206
3
8428
2007
3613
410
4013
7231
810
3216
13
2163
3769
566
8187
1766
3372
169
7487
1066
1866
6690
269
8487
2066
10093
3672
469
4072
7290
869
3275
6493
72
1819
222
4025
7243
822
4825
8043
1622
9649
3228
25
8614
2193
10220
3799
596
3402
6620
199
4002
7220
799
4802
1599
9626
3205
6423
2
8291
1870
3476
6694
273
8491
2070
10097
3676
6894
473
8094
1673
9700
3279
76
6944
523
4126
7344
923
6547
126
8047
1626
3232
29
10224
3803
600
4203
7421
1000
1800
3406
203
4006
803
4806
1603
9630
3209
6427
6
1865
3471
268
8486
2065
10092
3671
6889
468
868
9695
3274
71
8536
2115
10142
3721
518
4121
7339
918
8139
1718
9745
3324
6542
121
1818
9845
3424
221
2018
421
7242
821
4824
8042
1621
6445
24
4295
7513
1092
8313
1892
9919
3498
6716
295
8513
2092
10119
3698
6916
495
4098
7316
895
8116
1695
3301
6519
98
8613
2192
10219
3798
595
3401
6619
198
10022
3601
6819
398
4001
798
4801
8019
1598
3204
6422
1
