0 0
1 1
2 2
3 3
4 4
5 5
6 6
7 7
8 8
9 9
10 10
11 11
12 12
13 13
14 14
15 15
16 16
17 17
18 18
19 19
20 20
21 21
22 22
23 23
24 24
25 25
26 26
27 27
28 28
29 29
30 30
31 31
32 32
33 33
34 34
35 35
36 36
37 37
38 38
39 39
40 40
41 41
42 42
43 43
44 44
45 45
46 46
47 47
48 48
49 49
50 50
51 51
52 52
53 53
54 54
55 55
56 56
57 57
58 58
59 59
60 60
61 61
62 62
63 63
64 64
65 65
66 66
67 67
68 68
69 69
70 70
71 71
72 72
73 73
74 74
75 75
76 76
77 77
78 78
79 79
80 80
81 81
82 82
83 83
84 84
85 85
86 86
87 87
88 88
89 89
90 90
91 91
92 92
93 93
94 94
95 95
96 96
97 97
98 98
99 99
100 100
101 101
102 102
103 103
104 104
105 105
106 106
107 107
108 108
109 109
110 110
111 111
112 112
113 113
114 114
115 115
116 116
117 117
118 118
119 119
120 120
121 121
122 122
123 123
124 124
125 125
126 126
127 127
128 128
129 129
130 130
131 131
132 132
133 133
134 134
135 135
136 136
137 137
138 138
139 139
140 140
141 141
142 142
143 143
144 144
145 145
146 146
147 147
148 148
149 149
150 150
151 151
152 152
153 153
154 154
155 155
156 156
157 157
158 158
159 159
160 160
161 161
162 162
163 163
164 164
165 165
166 166
167 167
168 168
169 169
170 170
171 171
172 172
173 173
174 174
175 175
176 176
177 177
178 178
179 179
180 180
181 181
182 182
183 183
184 184
185 185
186 186
187 187
188 188
189 189
190 190
191 191
192 192
193 193
194 194
195 195
196 196
197 197
198 198
199 199
200 200
201 201
202 202
203 203
204 204
205 205
206 206
207 207
208 208
209 209
210 210
211 211
212 212
213 213
214 214
215 215
216 216
217 217
218 218
219 219
220 220
221 221
222 222
223 223
224 224
225 225
226 226
227 227
228 228
229 229
230 230
231 231
232 232
233 233
234 234
235 235
236 236
237 237
238 238
239 239
240 240
241 241
242 242
243 243
244 244
245 245
246 246
247 247
248 248
249 249
250 250
251 251
252 252
253 253
254 254
255 255
256 256
257 257
258 258
259 259
260 260
261 261
262 262
263 263
264 264
265 265
266 266
267 267
268 268
269 269
270 270
271 271
272 272
273 273
274 274
275 275
276 276
277 277
278 278
279 279
280 280
281 281
282 282
283 283
284 284
285 285
286 286
287 287
288 288
289 289
290 290
291 291
292 292
293 293
294 294
295 295
296 296
297 297
298 298
299 299
300 300
301 301
302 302
303 303
304 304
305 305
306 306
307 307
308 308
309 309
310 310
311 311
312 312
313 313
314 314
315 315
316 316
317 317
318 318
319 319
320 320
321 321
322 322
323 323
324 324
325 325
326 326
327 327
328 328
329 329
330 330
331 331
332 332
333 333
334 334
335 335
336 336
337 337
338 338
339 339
340 340
341 341
342 342
343 343
344 344
345 345
346 346
347 347
348 348
349 349
350 350
351 351
352 352
353 353
354 354
355 355
356 356
357 357
358 358
359 359
360 360
361 361
362 362
363 363
364 364
365 365
366 366
367 367
368 368
369 369
370 370
371 371
372 372
373 373
374 374
375 375
376 376
377 377
378 378
379 379
380 380
381 381
382 382
383 383
384 384
385 385
386 386
387 387
388 388
389 389
390 390
391 391
392 392
393 393
394 394
395 395
396 396
397 397
398 398
399 399
400 400
401 401
402 402
403 403
404 404
405 405
406 406
407 407
408 408
409 409
410 410
411 411
412 412
413 413
414 414
415 415
416 416
417 417
418 418
419 419
420 420
421 421
422 422
423 423
424 424
425 425
426 426
427 427
428 428
429 429
430 430
431 431
432 432
433 433
434 434
435 435
436 436
437 437
438 438
439 439
440 440
441 441
442 442
443 443
444 444
445 445
446 446
447 447
448 448
449 449
450 450
451 451
452 452
453 453
454 454
455 455
456 456
457 457
458 458
459 459
460 460
461 461
462 462
463 463
464 464
465 465
466 466
467 467
468 468
469 469
470 470
471 471
472 472
473 473
474 474
475 475
476 476
477 477
478 478
479 479
480 480
481 481
482 482
483 483
484 484
485 485
486 486
487 487
488 488
489 489
490 490
491 491
492 492
493 493
494 494
495 495
496 496
497 497
498 498
499 499
500 500
501 501
502 502
503 503
504 504
505 505
506 506
507 507
508 508
509 509
510 510
511 511
512 512
513 513
514 514
515 515
516 516
517 517
518 518
519 519
520 520
521 521
522 522
523 523
524 524
525 525
526 526
527 527
528 528
529 529
530 530
531 531
532 532
533 533
534 534
535 535
536 536
537 537
538 538
539 539
540 540
541 541
542 542
543 543
544 544
545 545
546 546
547 547
548 548
549 549
550 550
551 551
552 552
553 553
554 554
555 555
556 556
557 557
558 558
559 559
560 560
561 561
562 562
563 563
564 564
565 565
566 566
567 567
568 568
569 569
570 570
571 571
572 572
573 573
574 574
575 575
576 576
577 577
578 578
579 579
580 580
581 581
582 582
583 583
584 584
585 585
586 586
587 587
588 588
589 589
590 590
591 591
592 592
593 593
594 594
595 595
596 596
597 597
598 598
599 599
600 600
601 601
602 602
603 603
604 604
605 605
606 606
607 607
608 608
609 609
610 610
611 611
612 612
613 613
614 614
615 615
616 616
617 617
618 618
619 619
620 620
621 621
622 622
623 623
624 624
625 625
626 626
627 627
628 628
629 629
630 630
631 631
632 632
633 633
634 634
635 635
636 636
637 637
638 638
639 639
640 640
641 641
642 642
643 643
644 644
645 645
646 646
647 647
648 648
649 649
650 650
651 651
652 652
653 653
654 654
655 655
656 656
657 657
658 658
659 659
660 660
661 661
662 662
663 663
664 664
665 665
666 666
667 667
668 668
669 669
670 670
671 671
672 672
673 673
674 674
675 675
676 676
677 677
678 678
679 679
680 680
681 681
682 682
683 683
684 684
685 685
686 686
687 687
688 688
689 689
690 690
691 691
692 692
693 693
694 694
695 695
696 696
697 697
698 698
699 699
700 700
701 701
702 702
703 703
704 704
705 705
706 706
707 707
708 708
709 709
710 710
711 711
712 712
713 713
714 714
715 715
716 716
717 717
718 718
719 719
720 720
721 721
722 722
723 723
724 724
725 725
726 726
727 727
728 728
729 729
730 730
731 731
732 732
733 733
734 734
735 735
736 736
737 737
738 738
739 739
740 740
741 741
742 742
743 743
744 744
745 745
746 746
747 747
748 748
749 749
750 750
751 751
752 752
753 753
754 754
755 755
756 756
757 757
758 758
759 759
760 760
761 761
762 762
763 763
764 764
765 765
766 766
767 767
768 768
769 769
770 770
771 771
772 772
773 773
774 774
775 775
776 776
777 777
778 778
779 779
780 780
781 781
782 782
783 783
784 784
785 785
786 786
787 787
788 788
789 789
790 790
791 791
792 792
793 793
794 794
795 795
796 796
797 797
798 798
799 799
800 800
801 801
802 802
803 803
804 804
805 805
806 806
807 807
808 808
809 809
810 810
811 811
812 812
813 813
814 814
815 815
816 816
817 817
818 818
819 819
820 820
821 821
822 822
823 823
824 824
825 825
826 826
827 827
828 828
829 829
830 830
831 831
832 832
833 833
834 834
835 835
836 836
837 837
838 838
839 839
840 840
841 841
842 842
843 843
844 844
845 845
846 846
847 847
848 848
849 849
850 850
851 851
852 852
853 853
854 854
855 855
856 856
857 857
858 858
859 859
860 860
861 861
862 862
863 863
864 864
865 865
866 866
867 867
868 868
869 869
870 870
871 871
872 872
873 873
874 874
875 875
876 876
877 877
878 878
879 879
880 880
881 881
882 882
883 883
884 884
885 885
886 886
887 887
888 888
889 889
890 890
891 891
892 892
893 893
894 894
895 895
896 896
897 897
898 898
899 899
900 900
901 901
902 902
903 903
904 904
905 905
906 906
907 907
908 908
909 909
910 910
911 911
912 912
913 913
914 914
915 915
916 916
917 917
918 918
919 919
920 920
921 921
922 922
923 923
924 924
925 925
926 926
927 927
928 928
929 929
930 930
931 931
932 932
933 933
934 934
935 935
936 936
937 937
938 938
939 939
940 940
941 941
942 942
943 943
944 944
945 945
946 946
947 947
948 948
949 949
950 950
951 951
952 952
953 953
954 954
955 955
956 956
957 957
958 958
959 959
960 960
961 961
962 962
963 963
964 964
965 965
966 966
967 967
968 968
969 969
970 970
971 971
972 972
973 973
974 974
975 975
976 976
977 977
978 978
979 979
980 984
981 985
982 986
983 987
984 988
985 989
986 990
987 991
988 992
989 993
990 994
991 995
992 996
993 997
994 998
995 999
996 1000
997 1001
998 1002
999 1003
1000 1004
1001 1005
1002 1006
1003 1007
1004 1008
1005 1009
1006 1010
1007 1011
1008 1012
1009 1013
1010 1014
1011 1015
1012 1016
1013 1017
1014 1018
1015 1019
1016 1020
1017 1021
1018 1022
1019 1023
1020 1024
1021 1025
1022 1026
1023 1027
1024 1028
1025 1029
1026 1030
1027 1031
1028 1032
1029 1033
1030 1034
1031 1035
1032 1036
1033 1037
1034 1038
1035 1039
1036 1040
1037 1041
1038 1042
1039 1043
1040 1044
1041 1045
1042 1046
1043 1047
1044 1048
1045 1049
1046 1050
1047 1051
1048 1052
1049 1053
1050 1054
1051 1055
1052 1056
1053 1057
1054 1058
1055 1059
1056 1060
1057 1061
1058 1062
1059 1063
1060 1064
1061 1065
1062 1066
1063 1067
1064 1068
1065 1069
1066 1070
1067 1071
1068 1072
1069 1073
1070 1074
1071 1075
1072 1076
1073 1077
1074 1078
1075 1079
1076 1080
1077 1081
1078 1082
1079 1083
1080 1084
1081 1085
1082 1086
1083 1087
1084 1088
1085 1089
1086 1090
1087 1091
1088 1092
1089 1093
1090 1094
1091 1095
1092 1096
1093 1097
1094 1098
1095 1099
1096 1100
1097 1101
1098 1102
1099 1103
1100 1104
1101 1105
1102 1106
1103 1107
1104 1108
1105 1109
1106 1110
1107 1111
1108 1112
1109 1113
1110 1114
1111 1115
1112 1128
1113 1129
1114 1130
1115 1131
1116 1132
1117 1133
1118 1134
1119 1135
1120 1136
1121 1137
1122 1138
1123 1139
1124 1140
1125 1141
1126 1142
1127 1143
1128 1144
1129 1145
1130 1146
1131 1147
1132 1148
1133 1149
1134 1150
1135 1151
1136 1152
1137 1153
1138 1154
1139 1155
1140 1156
1141 1157
1142 1158
1143 1159
1144 1160
1145 1161
1146 1162
1147 1163
1148 1164
1149 1165
1150 1166
1151 1167
1152 1168
1153 1169
1154 1170
1155 1171
1156 1172
1157 1173
1158 1174
1159 1175
1160 1176
1161 1177
1162 1178
1163 1179
1164 1180
1165 1181
1166 1182
1167 1183
1168 1184
1169 1185
1170 1186
1171 1187
1172 1188
1173 1189
1174 1190
1175 1191
1176 1192
1177 1193
1178 1194
1179 1195
1180 1196
1181 1197
1182 1198
1183 1199
1184 1200
1185 1201
1186 1202
1187 1203
1188 1204
1189 1205
1190 1206
1191 1207
1192 1208
1193 1209
1194 1210
1195 1211
1196 1212
1197 1213
1198 1214
1199 1215
1200 1216
1201 1217
1202 1218
1203 1219
1204 1220
1205 1221
1206 1222
1207 1223
1208 1224
1209 1225
1210 1226
1211 1227
1212 1228
1213 1229
1214 1230
1215 1231
1216 1236
1217 1237
1218 1238
1219 1239
1220 1240
1221 1241
1222 1242
1223 1243
1224 1244
1225 1245
1226 1246
1227 1247
1228 1248
1229 1249
1230 1250
1231 1251
1232 1252
1233 1253
1234 1254
1235 1255
1236 1256
1237 1257
1238 1258
1239 1259
1240 1260
1241 1261
1242 1262
1243 1263
1244 1264
1245 1265
1246 1266
1247 1267
1248 1268
1249 1269
1250 1270
1251 1271
1252 1272
1253 1273
1254 1274
1255 1275
1256 1276
1257 1277
1258 1278
1259 1279
1260 1280
1261 1281
1262 1282
1263 1283
1264 1284
1265 1285
1266 1286
1267 1287
1268 1288
1269 1289
1270 1290
1271 1291
1272 1292
1273 1293
1274 1294
1275 1295
1276 1296
1277 1297
1278 1298
1279 1299
1280 1300
1281 1301
1282 1302
1283 1303
1284 1304
1285 1305
1286 1306
1287 1307
1288 1308
1289 1309
1290 1310
1291 1311
1292 1312
1293 1313
1294 1314
1295 1315
1296 1316
1297 1317
1298 1318
1299 1319
1300 1320
1301 1321
1302 1322
1303 1323
1304 1324
1305 1325
1306 1326
1307 1327
1308 1328
1309 1329
1310 1330
1311 1331
1312 1332
1313 1333
1314 1334
1315 1335
1316 1336
1317 1337
1318 1338
1319 1339
1320 1340
1321 1341
1322 1342
1323 1343
1324 1344
1325 1345
1326 1346
1327 1347
1328 1348
1329 1349
1330 1350
1331 1351
1332 1352
1333 1353
1334 1354
1335 1355
1336 1356
1337 1357
1338 1358
1339 1359
1340 1360
1341 1361
1342 1362
1343 1363
1344 1364
1345 1365
1346 1366
1347 1367
1348 1380
1349 1381
1350 1382
1351 1383
1352 1384
1353 1385
1354 1386
1355 1387
1356 1388
1357 1389
1358 1390
1359 1391
1360 1392
1361 1393
1362 1394
1363 1395
1364 1396
1365 1397
1366 1398
1367 1399
1368 1400
1369 1401
1370 1402
1371 1403
1372 1404
1373 1405
1374 1406
1375 1407
1376 1408
1377 1409
1378 1410
1379 1411
1380 1412
1381 1413
1382 1414
1383 1415
1384 1416
1385 1417
1386 1418
1387 1419
1388 1420
1389 1421
1390 1422
1391 1423
1392 1424
1393 1425
1394 1426
1395 1427
1396 1428
1397 1429
1398 1430
1399 1431
1400 1432
1401 1433
1402 1434
1403 1435
1404 1436
1405 1437
1406 1438
1407 1439
1408 1440
1409 1441
1410 1442
1411 1443
1412 1444
1413 1445
1414 1446
1415 1447
1416 1448
1417 1449
1418 1450
1419 1451
1420 1452
1421 1453
1422 1454
1423 1455
1424 1456
1425 1457
1426 1458
1427 1459
1428 1460
1429 1461
1430 1462
1431 1463
1432 1464
1433 1465
1434 1466
1435 1467
1436 1468
1437 1469
1438 1470
1439 1471
1440 1472
1441 1473
1442 1474
1443 1475
1444 1476
1445 1477
1446 1478
1447 1479
1448 1480
1449 1481
1450 1482
1451 1483
1452 1488
1453 1489
1454 1490
1455 1491
1456 1492
1457 1493
1458 1494
1459 1495
1460 1496
1461 1497
1462 1498
1463 1499
1464 1500
1465 1501
1466 1502
1467 1503
1468 1504
1469 1505
1470 1506
1471 1507
1472 1508
1473 1509
1474 1510
1475 1511
1476 1512
1477 1513
1478 1514
1479 1515
1480 1516
1481 1517
1482 1518
1483 1519
1484 1520
1485 1521
1486 1522
1487 1523
1488 1524
1489 1525
1490 1526
1491 1527
1492 1528
1493 1529
1494 1530
1495 1531
1496 1532
1497 1533
1498 1534
1499 1535
1500 1536
1501 1537
1502 1538
1503 1539
1504 1540
1505 1541
1506 1542
1507 1543
1508 1544
1509 1545
1510 1546
1511 1547
1512 1548
1513 1549
1514 1550
1515 1551
1516 1552
1517 1553
1518 1554
1519 1555
1520 1556
1521 1557
1522 1558
1523 1559
1524 1560
1525 1561
1526 1562
1527 1563
1528 1564
1529 1565
1530 1566
1531 1567
1532 1568
1533 1569
1534 1570
1535 1571
1536 1572
1537 1573
1538 1574
1539 1575
1540 1576
1541 1577
1542 1578
1543 1579
1544 1580
1545 1581
1546 1582
1547 1583
1548 1584
1549 1585
1550 1586
1551 1587
1552 1588
1553 1589
1554 1590
1555 1591
1556 1592
1557 1593
1558 1594
1559 1595
1560 1596
1561 1597
1562 1598
1563 1599
1564 1600
1565 1601
1566 1602
1567 1603
1568 1604
1569 1605
1570 1606
1571 1607
1572 1608
1573 1609
1574 1610
1575 1611
1576 1612
1577 1613
1578 1614
1579 1615
1580 1616
1581 1617
1582 1618
1583 1619
1584 1632
1585 1633
1586 1634
1587 1635
1588 1636
1589 1637
1590 1638
1591 1639
1592 1640
1593 1641
1594 1642
1595 1643
1596 1644
1597 1645
1598 1646
1599 1647
1600 1648
1601 1649
1602 1650
1603 1651
1604 1652
1605 1653
1606 1654
1607 1655
1608 1656
1609 1657
1610 1658
1611 1659
1612 1660
1613 1661
1614 1662
1615 1663
1616 1664
1617 1665
1618 1666
1619 1667
1620 1668
1621 1669
1622 1670
1623 1671
1624 1672
1625 1673
1626 1674
1627 1675
1628 1676
1629 1677
1630 1678
1631 1679
1632 1680
1633 1681
1634 1682
1635 1683
1636 1684
1637 1685
1638 1686
1639 1687
1640 1688
1641 1689
1642 1690
1643 1691
1644 1692
1645 1693
1646 1694
1647 1695
1648 1696
1649 1697
1650 1698
1651 1699
1652 1700
1653 1701
1654 1702
1655 1703
1656 1704
1657 1705
1658 1706
1659 1707
1660 1708
1661 1709
1662 1710
1663 1711
1664 1712
1665 1713
1666 1714
1667 1715
1668 1716
1669 1717
1670 1718
1671 1719
1672 1720
1673 1721
1674 1722
1675 1723
1676 1724
1677 1725
1678 1726
1679 1727
1680 1728
1681 1729
1682 1730
1683 1731
1684 1732
1685 1733
1686 1734
1687 1735
1688 1740
1689 1741
1690 1742
1691 1743
1692 1744
1693 1745
1694 1746
1695 1747
1696 1748
1697 1749
1698 1750
1699 1751
1700 1752
1701 1753
1702 1754
1703 1755
1704 1756
1705 1757
1706 1758
1707 1759
1708 1760
1709 1761
1710 1762
1711 1763
1712 1764
1713 1765
1714 1766
1715 1767
1716 1768
1717 1769
1718 1770
1719 1771
1720 1772
1721 1773
1722 1774
1723 1775
1724 1776
1725 1777
1726 1778
1727 1779
1728 1780
1729 1781
1730 1782
1731 1783
1732 1784
1733 1785
1734 1786
1735 1787
1736 1788
1737 1789
1738 1790
1739 1791
1740 1792
1741 1793
1742 1794
1743 1795
1744 1796
1745 1797
1746 1798
1747 1799
1748 1800
1749 1801
1750 1802
1751 1803
1752 1804
1753 1805
1754 1806
1755 1807
1756 1808
1757 1809
1758 1810
1759 1811
1760 1812
1761 1813
1762 1814
1763 1815
1764 1816
1765 1817
1766 1818
1767 1819
1768 1820
1769 1821
1770 1822
1771 1823
1772 1824
1773 1825
1774 1826
1775 1827
1776 1828
1777 1829
1778 1830
1779 1831
1780 1832
1781 1833
1782 1834
1783 1835
1784 1836
1785 1837
1786 1838
1787 1839
1788 1840
1789 1841
1790 1842
1791 1843
1792 1844
1793 1845
1794 1846
1795 1847
1796 1848
1797 1849
1798 1850
1799 1851
1800 1852
1801 1853
1802 1854
1803 1855
1804 1856
1805 1857
1806 1858
1807 1859
1808 1860
1809 1861
1810 1862
1811 1863
1812 1864
1813 1865
1814 1866
1815 1867
1816 1868
1817 1869
1818 1870
1819 1871
1820 1884
1821 1885
1822 1886
1823 1887
1824 1888
1825 1889
1826 1890
1827 1891
1828 1892
1829 1893
1830 1894
1831 1895
1832 1896
1833 1897
1834 1898
1835 1899
1836 1900
1837 1901
1838 1902
1839 1903
1840 1904
1841 1905
1842 1906
1843 1907
1844 1908
1845 1909
1846 1910
1847 1911
1848 1912
1849 1913
1850 1914
1851 1915
1852 1916
1853 1917
1854 1918
1855 1919
1856 1920
1857 1921
1858 1922
1859 1923
1860 1924
1861 1925
1862 1926
1863 1927
1864 1928
1865 1929
1866 1930
1867 1931
1868 1932
1869 1933
1870 1934
1871 1935
1872 1936
1873 1937
1874 1938
1875 1939
1876 1940
1877 1941
1878 1942
1879 1943
1880 1944
1881 1945
1882 1946
1883 1947
1884 1948
1885 1949
1886 1950
1887 1951
1888 1952
1889 1953
1890 1954
1891 1955
1892 1956
1893 1957
1894 1958
1895 1959
1896 1960
1897 1961
1898 1962
1899 1963
1900 1964
1901 1965
1902 1966
1903 1967
1904 1968
1905 1969
1906 1970
1907 1971
1908 1972
1909 1973
1910 1974
1911 1975
1912 1976
1913 1977
1914 1978
1915 1979
1916 1980
1917 1981
1918 1982
1919 1983
1920 1984
1921 1985
1922 1986
1923 1987
1924 1992
1925 1993
1926 1994
1927 1995
1928 1996
1929 1997
1930 1998
1931 1999
1932 2000
1933 2001
1934 2002
1935 2003
1936 2004
1937 2005
1938 2006
1939 2007
1940 2008
1941 2009
1942 2010
1943 2011
1944 2012
1945 2013
1946 2014
1947 2015
1948 2016
1949 2017
1950 2018
1951 2019
1952 2020
1953 2021
1954 2022
1955 2023
1956 2024
1957 2025
1958 2026
1959 2027
1960 2028
1961 2029
1962 2030
1963 2031
1964 2032
1965 2033
1966 2034
1967 2035
1968 2036
1969 2037
1970 2038
1971 2039
1972 2040
1973 2041
1974 2042
1975 2043
1976 2044
1977 2045
1978 2046
1979 2047
1980 2048
1981 2049
1982 2050
1983 2051
1984 2052
1985 2053
1986 2054
1987 2055
1988 2056
1989 2057
1990 2058
1991 2059
1992 2060
1993 2061
1994 2062
1995 2063
1996 2064
1997 2065
1998 2066
1999 2067
2000 2068
2001 2069
2002 2070
2003 2071
2004 2072
2005 2073
2006 2074
2007 2075
2008 2076
2009 2077
2010 2078
2011 2079
2012 2080
2013 2081
2014 2082
2015 2083
2016 2084
2017 2085
2018 2086
2019 2087
2020 2088
2021 2089
2022 2090
2023 2091
2024 2092
2025 2093
2026 2094
2027 2095
2028 2096
2029 2097
2030 2098
2031 2099
2032 2100
2033 2101
2034 2102
2035 2103
2036 2104
2037 2105
2038 2106
2039 2107
2040 2108
2041 2109
2042 2110
2043 2111
2044 2112
2045 2113
2046 2114
2047 2115
2048 2116
2049 2117
2050 2118
2051 2119
2052 2120
2053 2121
2054 2122
2055 2123
2056 2124
2057 2125
2058 2126
2059 2127
2060 2128
2061 2129
2062 2130
2063 2131
2064 2132
2065 2133
2066 2134
2067 2135
2068 2136
2069 2137
2070 2138
2071 2139
2072 2140
2073 2141
2074 2142
2075 2143
2076 2144
2077 2145
2078 2146
2079 2147
2080 2148
2081 2149
2082 2150
2083 2151
2084 2152
2085 2153
2086 2154
2087 2155
2088 2156
2089 2157
2090 2158
2091 2159
2092 2160
2093 2161
2094 2162
2095 2163
2096 2164
2097 2165
2098 2166
2099 2167
2100 2168
2101 2169
2102 2170
2103 2171
2104 2172
2105 2173
2106 2174
2107 2175
2108 2176
2109 2177
2110 2178
2111 2179
2112 2180
2113 2181
2114 2182
2115 2183
2116 2184
2117 2185
2118 2186
2119 2187
2120 2188
2121 2189
2122 2190
2123 2191
2124 2192
2125 2193
2126 2194
2127 2195
2128 2196
2129 2197
2130 2198
2131 2199
2132 2200
2133 2201
2134 2202
2135 2203
2136 2204
2137 2205
2138 2206
2139 2207
2140 2208
2141 2209
2142 2210
2143 2211
2144 2212
2145 2213
2146 2214
2147 2215
2148 2216
2149 2217
2150 2218
2151 2219
2152 2220
2153 2221
2154 2222
2155 2223
2156 2224
2157 2225
2158 2226
2159 2227
2160 2228
2161 2229
2162 2230
2163 2231
2164 2232
2165 2233
2166 2234
2167 2235
2168 2236
2169 2237
2170 2238
2171 2239
2172 2240
2173 2241
2174 2242
2175 2243
2176 2244
2177 2245
2178 2246
2179 2247
2180 2248
2181 2249
2182 2250
2183 2251
2184 2252
2185 2253
2186 2254
2187 2255
2188 2256
2189 2257
2190 2258
2191 2259
2192 2260
2193 2261
2194 2262
2195 2263
2196 2264
2197 2265
2198 2266
2199 2267
2200 2268
2201 2269
2202 2270
2203 2271
2204 2272
2205 2273
2206 2274
2207 2275
2208 2276
2209 2277
2210 2278
2211 2279
2212 2280
2213 2281
2214 2282
2215 2283
2216 2284
2217 2285
2218 2286
2219 2287
2220 2288
2221 2289
2222 2290
2223 2291
2224 2292
2225 2293
2226 2294
2227 2295
2228 2296
2229 2297
2230 2298
2231 2299
2232 2300
2233 2301
2234 2302
2235 2303
2236 2304
2237 2305
2238 2306
2239 2307
2240 2308
2241 2309
2242 2310
2243 2311
2244 2312
2245 2313
2246 2314
2247 2315
2248 2316
2249 2317
2250 2318
2251 2319
2252 2320
2253 2321
2254 2322
2255 2323
2256 2324
2257 2325
2258 2326
2259 2327
2260 2328
2261 2329
2262 2330
2263 2331
2264 2332
2265 2333
2266 2334
2267 2335
2268 2336
2269 2337
2270 2338
2271 2339
2272 2340
2273 2341
2274 2342
2275 2343
2276 2344
2277 2345
2278 2346
2279 2347
2280 2348
2281 2349
2282 2350
2283 2351
2284 2352
2285 2353
2286 2354
2287 2355
2288 2356
2289 2357
2290 2358
2291 2359
2292 2360
2293 2361
2294 2362
2295 2363
2296 2364
2297 2365
2298 2366
2299 2367
2300 2368
2301 2369
2302 2370
2303 2371
2304 2372
2305 2373
2306 2374
2307 2375
2308 2376
2309 2377
2310 2378
2311 2379
2312 2380
2313 2381
2314 2382
2315 2383
2316 2384
2317 2385
2318 2386
2319 2387
2320 2388
2321 2389
2322 2390
2323 2391
2324 2392
2325 2393
2326 2394
2327 2395
2328 2396
2329 2397
2330 2398
2331 2399
2332 2400
2333 2401
2334 2402
2335 2403
2336 2404
2337 2405
2338 2406
2339 2407
2340 2408
2341 2409
2342 2410
2343 2411
2344 2412
2345 2413
2346 2414
2347 2415
2348 2416
2349 2417
2350 2418
2351 2419
2352 2420
2353 2421
2354 2422
2355 2423
2356 2424
2357 2425
2358 2426
2359 2427
2360 2428
2361 2429
2362 2430
2363 2431
2364 2432
2365 2433
2366 2434
2367 2435
2368 2436
2369 2437
2370 2438
2371 2439
2372 2440
2373 2441
2374 2442
2375 2443
2376 2444
2377 2445
2378 2446
2379 2447
2380 2448
2381 2449
2382 2450
2383 2451
2384 2452
2385 2453
2386 2454
2387 2455
2388 2456
2389 2457
2390 2458
2391 2459
2392 2460
2393 2461
2394 2462
2395 2463
2396 2464
2397 2465
2398 2466
2399 2467
2400 2468
2401 2469
2402 2470
2403 2471
2404 2472
2405 2473
2406 2474
2407 2475
2408 2476
2409 2477
2410 2478
2411 2479
2412 2480
2413 2481
2414 2482
2415 2483
2416 2484
2417 2485
2418 2486
2419 2487
2420 2488
2421 2489
2422 2490
2423 2491
2424 2492
2425 2493
2426 2494
2427 2495
2428 2496
2429 2497
2430 2498
2431 2499
2432 2500
2433 2501
2434 2502
2435 2503
2436 2504
2437 2505
2438 2506
2439 2507
2440 2508
2441 2509
2442 2510
2443 2511
2444 2512
2445 2513
2446 2514
2447 2515
2448 2516
2449 2517
2450 2518
2451 2519
2452 2520
2453 2521
2454 2522
2455 2523
2456 2524
2457 2525
2458 2526
2459 2527
2460 2528
2461 2529
2462 2530
2463 2531
2464 2532
2465 2533
2466 2534
2467 2535
2468 2536
2469 2537
2470 2538
2471 2539
2472 2540
2473 2541
2474 2542
2475 2543
2476 2544
2477 2545
2478 2546
2479 2547
2480 2548
2481 2549
2482 2550
2483 2551
2484 2552
2485 2553
2486 2554
2487 2555
2488 2556
2489 2557
2490 2558
2491 2559
2492 2560
2493 2561
2494 2562
2495 2563
2496 2564
2497 2565
2498 2566
2499 2567
2500 2568
2501 2569
2502 2570
2503 2571
2504 2572
2505 2573
2506 2574
2507 2575
2508 2576
2509 2577
2510 2578
2511 2579
2512 2580
2513 2581
2514 2582
2515 2583
2516 2584
2517 2585
2518 2586
2519 2587
2520 2588
2521 2589
2522 2590
2523 2591
2524 2592
2525 2593
2526 2594
2527 2595
2528 2596
2529 2597
2530 2598
2531 2599
2532 2600
2533 2601
2534 2602
2535 2603
2536 2604
2537 2605
2538 2606
2539 2607
2540 2608
2541 2609
2542 2610
2543 2611
2544 2612
2545 2613
2546 2614
2547 2615
2548 2616
2549 2617
2550 2618
2551 2619
2552 2620
2553 2621
2554 2622
2555 2623
2556 2624
2557 2625
2558 2626
2559 2627
2560 2628
2561 2629
2562 2630
2563 2631
2564 2632
2565 2633
2566 2634
2567 2635
2568 2636
2569 2637
2570 2638
2571 2639
2572 2640
2573 2641
2574 2642
2575 2643
2576 2644
2577 2645
2578 2646
2579 2647
2580 2648
2581 2649
2582 2650
2583 2651
2584 2652
2585 2653
2586 2654
2587 2655
2588 2656
2589 2657
2590 2658
2591 2659
2592 2660
2593 2661
2594 2662
2595 2663
2596 2664
2597 2665
2598 2666
2599 2667
2600 2668
2601 2669
2602 2670
2603 2671
2604 2672
2605 2673
2606 2674
2607 2675
2608 2676
2609 2677
2610 2678
2611 2679
2612 2680
2613 2681
2614 2682
2615 2683
2616 2684
2617 2685
2618 2686
2619 2687
2620 2688
2621 2689
2622 2690
2623 2691
2624 2692
2625 2693
2626 2694
2627 2695
2628 2696
2629 2697
2630 2698
2631 2699
2632 2700
2633 2701
2634 2702
2635 2703
2636 2704
2637 2705
2638 2706
2639 2707
2640 2708
2641 2709
2642 2710
2643 2711
2644 2712
2645 2713
2646 2714
2647 2715
2648 2716
2649 2717
2650 2718
2651 2719
2652 2720
2653 2721
2654 2722
2655 2723
2656 2724
2657 2725
2658 2726
2659 2727
2660 2728
2661 2729
2662 2730
2663 2731
2664 2732
2665 2733
2666 2734
2667 2735
2668 2736
2669 2737
2670 2738
2671 2739
2672 2740
2673 2741
2674 2742
2675 2743
2676 2744
2677 2745
2678 2746
2679 2747
2680 2748
2681 2749
2682 2750
2683 2751
2684 2752
2685 2753
2686 2754
2687 2755
2688 2756
2689 2757
2690 2758
2691 2759
2692 2760
2693 2761
2694 2762
2695 2763
2696 2764
2697 2765
2698 2766
2699 2767
2700 2768
2701 2769
2702 2770
2703 2771
2704 2772
2705 2773
2706 2774
2707 2775
2708 2776
2709 2777
2710 2778
2711 2779
2712 2780
2713 2781
2714 2782
2715 2783
2716 2784
2717 2785
2718 2786
2719 2787
2720 2788
2721 2789
2722 2790
2723 2791
2724 2792
2725 2793
2726 2794
2727 2795
2728 2796
2729 2797
2730 2798
2731 2799
2732 2800
2733 2801
2734 2802
2735 2803
2736 2804
2737 2805
2738 2806
2739 2807
2740 2808
2741 2809
2742 2810
2743 2811
2744 2812
2745 2813
2746 2814
2747 2815
2748 2816
2749 2817
2750 2818
2751 2819
2752 2820
2753 2821
2754 2822
2755 2823
2756 2824
2757 2825
2758 2826
2759 2827
2760 2828
2761 2829
2762 2830
2763 2831
2764 2832
2765 2833
2766 2834
2767 2835
2768 2836
2769 2837
2770 2838
2771 2839
2772 2840
2773 2841
2774 2842
2775 2843
2776 2844
2777 2845
2778 2846
2779 2847
2780 2848
2781 2849
2782 2850
2783 2851
2784 2852
2785 2853
2786 2854
2787 2855
2788 2856
2789 2857
2790 2858
2791 2859
2792 2860
2793 2861
2794 2862
2795 2863
2796 2864
2797 2865
2798 2866
2799 2867
2800 2868
2801 2869
2802 2870
2803 2871
2804 2872
2805 2873
2806 2874
2807 2875
2808 2876
2809 2877
2810 2878
2811 2879
2812 2880
2813 2881
2814 2882
2815 2883
2816 2884
2817 2885
2818 2886
2819 2887
2820 2888
2821 2889
2822 2890
2823 2891
2824 2892
2825 2893
2826 2894
2827 2895
2828 2896
2829 2897
2830 2898
2831 2899
2832 2900
2833 2901
2834 2902
2835 2903
2836 2904
2837 2905
2838 2906
2839 2907
2840 2908
2841 2909
2842 2910
2843 2911
2844 2912
2845 2913
2846 2914
2847 2915
2848 2916
2849 2917
2850 2918
2851 2919
2852 2920
2853 2921
2854 2922
2855 2923
2856 2924
2857 2925
2858 2926
2859 2927
2860 2928
2861 2929
2862 2930
2863 2931
2864 2932
2865 2933
2866 2934
2867 2935
2868 2936
2869 2937
2870 2938
2871 2939
2872 2940
2873 2941
2874 2942
2875 2943
2876 2944
2877 2945
2878 2946
2879 2947
2880 2948
2881 2949
2882 2950
2883 2951
2884 2952
2885 2953
2886 2954
2887 2955
2888 2956
2889 2957
2890 2958
2891 2959
2892 2960
2893 2961
2894 2962
2895 2963
2896 2964
2897 2965
2898 2966
2899 2967
2900 2968
2901 2969
2902 2970
2903 2971
2904 2972
2905 2973
2906 2974
2907 2975
2908 2976
2909 2977
2910 2978
2911 2979
2912 2980
2913 2981
2914 2982
2915 2983
2916 2984
2917 2985
2918 2986
2919 2987
2920 2988
2921 2989
2922 2990
2923 2991
2924 2992
2925 2993
2926 2994
2927 2995
2928 2996
2929 2997
2930 2998
2931 2999
2932 3000
2933 3001
2934 3002
2935 3003
2936 3004
2937 3005
2938 3006
2939 3007
2940 3008
2941 3009
2942 3010
2943 3011
2944 3012
2945 3013
2946 3014
2947 3015
2948 3016
2949 3017
2950 3018
2951 3019
2952 3020
2953 3021
2954 3022
2955 3023
2956 3024
2957 3025
2958 3026
2959 3027
2960 3028
2961 3029
2962 3030
2963 3031
2964 3032
2965 3033
2966 3034
2967 3035
2968 3036
2969 3037
2970 3038
2971 3039
2972 3040
2973 3041
2974 3042
2975 3043
2976 3044
2977 3045
2978 3046
2979 3047
2980 3048
2981 3049
2982 3050
2983 3051
2984 3052
2985 3053
2986 3054
2987 3055
2988 3056
2989 3057
2990 3058
2991 3059
2992 3060
2993 3061
2994 3062
2995 3063
2996 3064
2997 3065
2998 3066
2999 3067
3000 3068
3001 3069
3002 3070
3003 3071
3004 3072
3005 3073
3006 3074
3007 3075
3008 3076
3009 3077
3010 3078
3011 3079
3012 3080
3013 3081
3014 3082
3015 3083
3016 3084
3017 3085
3018 3086
3019 3087
3020 3088
3021 3089
3022 3090
3023 3091
3024 3092
3025 3093
3026 3094
3027 3095
3028 3096
3029 3097
3030 3098
3031 3099
3032 3100
3033 3101
3034 3102
3035 3103
3036 3104
3037 3105
3038 3106
3039 3107
3040 3108
3041 3109
3042 3110
3043 3111
3044 3112
3045 3113
3046 3114
3047 3115
3048 3116
3049 3117
3050 3118
3051 3119
3052 3120
3053 3121
3054 3122
3055 3123
3056 3124
3057 3125
3058 3126
3059 3127
3060 3128
3061 3129
3062 3130
3063 3131
3064 3132
3065 3133
3066 3134
3067 3135
3068 3136
3069 3137
3070 3138
3071 3139
3072 3140
3073 3141
3074 3142
3075 3143
3076 3144
3077 3145
3078 3146
3079 3147
3080 3148
3081 3149
3082 3150
3083 3151
3084 3152
3085 3153
3086 3154
3087 3155
3088 3156
3089 3157
3090 3158
3091 3159
3092 3160
3093 3161
3094 3162
3095 3163
3096 3164
3097 3165
3098 3166
3099 3167
3100 3168
3101 3169
3102 3170
3103 3171
3104 3172
3105 3173
3106 3174
3107 3175
3108 3176
3109 3177
3110 3178
3111 3179
3112 3180
3113 3181
3114 3182
3115 3183
3116 3184
3117 3185
3118 3186
3119 3187
3120 3188
3121 3189
3122 3190
3123 3191
3124 3192
3125 3193
3126 3194
3127 3195
3128 3196
3129 3197
3130 3198
3131 3199
3132 3200
3133 3201
3134 3202
3135 3203
3136 3204
3137 3205
3138 3206
3139 3207
3140 3208
3141 3209
3142 3210
3143 3211
3144 3212
3145 3213
3146 3214
3147 3215
3148 3216
3149 3217
3150 3218
3151 3219
3152 3220
3153 3221
3154 3222
3155 3223
3156 3224
3157 3225
3158 3226
3159 3227
3160 3228
3161 3229
3162 3230
3163 3231
3164 3232
3165 3233
3166 3234
3167 3235
3168 3236
3169 3237
3170 3238
3171 3239
3172 3240
3173 3241
3174 3242
3175 3243
3176 3244
3177 3245
3178 3246
3179 3247
3180 3248
3181 3249
3182 3250
3183 3251
3184 3252
3185 3253
3186 3254
3187 3255
3188 3256
3189 3257
3190 3258
3191 3259
3192 3260
3193 3261
3194 3262
3195 3263
3196 3264
3197 3265
3198 3266
3199 3267
3200 3268
3201 3269
3202 3270
3203 3271
3204 3272
3205 3273
3206 3274
3207 3275
3208 3276
3209 3277
3210 3278
3211 3279
3212 3280
3213 3281
3214 3282
3215 3283
3216 3284
3217 3285
3218 3286
3219 3287
3220 3288
3221 3289
3222 3290
3223 3291
3224 3292
3225 3293
3226 3294
3227 3295
3228 3296
3229 3297
3230 3298
3231 3299
3232 3300
3233 3301
3234 3302
3235 3303
3236 3304
3237 3305
3238 3306
3239 3307
3240 3308
3241 3309
3242 3310
3243 3311
3244 3312
3245 3313
3246 3314
3247 3315
3248 3316
3249 3317
3250 3318
3251 3319
3252 3320
3253 3321
3254 3322
3255 3323
3256 3324
3257 3325
3258 3326
3259 3327
3260 3328
3261 3329
3262 3330
3263 3331
3264 3332
3265 3333
3266 3334
3267 3335
3268 3336
3269 3337
3270 3338
3271 3339
3272 3340
3273 3341
3274 3342
3275 3343
3276 3344
3277 3345
3278 3346
3279 3347
3280 3348
3281 3349
3282 3350
3283 3351
3284 3352
3285 3353
3286 3354
3287 3355
3288 3356
3289 3357
3290 3358
3291 3359
3292 3360
3293 3361
3294 3362
3295 3363
3296 3364
3297 3365
3298 3366
3299 3367
3300 3368
3301 3369
3302 3370
3303 3371
3304 3372
3305 3373
3306 3374
3307 3375
3308 3376
3309 3377
3310 3378
3311 3379
3312 3380
3313 3381
3314 3382
3315 3383
3316 3384
3317 3385
3318 3386
3319 3387
3320 3388
3321 3389
3322 3390
3323 3391
3324 3392
3325 3393
3326 3394
3327 3395
3328 3396
3329 3397
3330 3398
3331 3399
3332 3400
3333 3401
3334 3402
3335 3403
3336 3404
3337 3405
3338 3406
3339 3407
3340 3408
3341 3409
3342 3410
3343 3411
3344 3412
3345 3413
3346 3414
3347 3415
3348 3416
3349 3417
3350 3418
3351 3419
3352 3420
3353 3421
3354 3422
3355 3423
3356 3424
3357 3425
3358 3426
3359 3427
3360 3428
3361 3429
3362 3430
3363 3431
3364 3432
3365 3433
3366 3434
3367 3435
3368 3436
3369 3437
3370 3438
3371 3439
3372 3440
3373 3441
3374 3442
3375 3443
3376 3444
3377 3445
3378 3446
3379 3447
3380 3448
3381 3449
3382 3450
3383 3451
3384 3452
3385 3453
3386 3454
3387 3455
3388 3456
3389 3457
3390 3458
3391 3459
3392 3460
3393 3461
3394 3468
3395 3469
3396 3470
3397 3471
3398 3472
3399 3473
3400 3474
3401 3475
3402 3476
3403 3477
3404 3478
3405 3479
3406 3486
3407 3487
3408 3488
3409 3489
3410 3490
3411 3491
3412 3492
3413 3493
3414 3494
3415 3495
3416 3496
3417 3497
3418 3504
3419 3505
3420 3506
3421 3507
3422 3508
3423 3509
3424 3510
3425 3511
3426 3512
3427 3513
3428 3514
3429 3515
3430 3522
3431 3523
3432 3524
3433 3525
3434 3526
3435 3527
3436 3528
3437 3529
3438 3530
3439 3531
3440 3532
3441 3533
3442 3534
3443 3535
3444 3536
3445 3537
3446 3538
3447 3539
3448 3540
3449 3541
3450 3542
3451 3543
3452 3544
3453 3545
3454 3546
3455 3547
3456 3548
3457 3549
3458 3550
3459 3551
3460 3552
3461 3553
3462 3554
3463 3555
3464 3556
3465 3557
3466 3558
3467 3559
3468 3560
3469 3561
3470 3562
3471 3563
3472 3564
3473 3565
3474 3566
3475 3567
3476 3568
3477 3569
3478 3570
3479 3571
3480 3572
3481 3573
3482 3574
3483 3575
3484 3576
3485 3577
3486 3578
3487 3579
3488 3580
3489 3581
3490 3582
3491 3583
3492 3584
3493 3585
3494 3586
3495 3587
3496 3588
3497 3589
3498 3590
3499 3591
3500 3592
3501 3593
3502 3594
3503 3595
3504 3596
3505 3597
3506 3598
3507 3599
3508 3600
3509 3601
3510 3602
3511 3603
3512 3604
3513 3605
3514 3606
3515 3607
3516 3608
3517 3609
3518 3610
3519 3611
3520 3612
3521 3613
3522 3614
3523 3615
3524 3616
3525 3617
3526 3618
3527 3619
3528 3620
3529 3621
3530 3622
3531 3623
3532 3624
3533 3625
3534 3626
3535 3627
3536 3628
3537 3629
3538 3630
3539 3631
3540 3632
3541 3633
3542 3634
3543 3635
3544 3636
3545 3637
3546 3638
3547 3639
3548 3640
3549 3641
3550 3642
3551 3643
3552 3644
3553 3645
3554 3646
3555 3647
3556 3648
3557 3649
3558 3650
3559 3651
3560 3652
3561 3653
3562 3654
3563 3655
3564 3656
3565 3657
3566 3658
3567 3659
3568 3660
3569 3661
3570 3662
3571 3663
3572 3664
3573 3665
3574 3666
3575 3667
3576 3668
3577 3669
3578 3670
3579 3671
3580 3672
3581 3673
3582 3674
3583 3675
3584 3676
3585 3677
3586 3678
3587 3679
3588 3680
3589 3681
3590 3682
3591 3683
3592 3684
3593 3685
3594 3686
3595 3687
3596 3688
3597 3689
3598 3690
3599 3691
3600 3692
3601 3693
3602 3694
3603 3695
3604 3696
3605 3697
3606 3698
3607 3699
3608 3700
3609 3701
3610 3702
3611 3703
3612 3704
3613 3705
3614 3706
3615 3707
3616 3708
3617 3709
3618 3710
3619 3711
3620 3712
3621 3713
3622 3714
3623 3715
3624 3716
3625 3717
3626 3718
3627 3719
3628 3720
3629 3721
3630 3722
3631 3723
3632 3724
3633 3725
3634 3726
3635 3727
3636 3728
3637 3729
3638 3730
3639 3731
3640 3732
3641 3733
3642 3734
3643 3735
3644 3736
3645 3737
3646 3738
3647 3739
3648 3740
3649 3741
3650 3742
3651 3743
3652 3744
3653 3745
3654 3746
3655 3747
3656 3748
3657 3749
3658 3750
3659 3751
3660 3752
3661 3753
3662 3754
3663 3755
3664 3756
3665 3757
3666 3758
3667 3759
3668 3760
3669 3761
3670 3762
3671 3763
3672 3764
3673 3765
3674 3766
3675 3767
3676 3768
3677 3769
3678 3770
3679 3771
3680 3772
3681 3773
3682 3774
3683 3775
3684 3776
3685 3777
3686 3778
3687 3779
3688 3780
3689 3781
3690 3782
3691 3783
3692 3784
3693 3785
3694 3786
3695 3787
3696 3788
3697 3789
3698 3790
3699 3791
3700 3792
3701 3793
3702 3794
3703 3795
3704 3796
3705 3797
3706 3798
3707 3799
3708 3800
3709 3801
3710 3802
3711 3803
3712 3804
3713 3805
3714 3806
3715 3807
3716 3808
3717 3809
3718 3810
3719 3811
3720 3812
3721 3813
3722 3814
3723 3815
3724 3816
3725 3817
3726 3818
3727 3819
3728 3820
3729 3821
3730 3822
3731 3823
3732 3824
3733 3825
3734 3826
3735 3827
3736 3828
3737 3829
3738 3830
3739 3831
3740 3832
3741 3833
3742 3834
3743 3835
3744 3836
3745 3837
3746 3838
3747 3839
3748 3840
3749 3841
3750 3842
3751 3843
3752 3844
3753 3845
3754 3846
3755 3847
3756 3848
3757 3849
3758 3850
3759 3851
3760 3852
3761 3853
3762 3854
3763 3855
3764 3856
3765 3857
3766 3858
3767 3859
3768 3860
3769 3861
3770 3862
3771 3863
3772 3864
3773 3865
3774 3866
3775 3867
3776 3868
3777 3869
3778 3870
3779 3871
3780 3872
3781 3873
3782 3874
3783 3875
3784 3876
3785 3877
3786 3878
3787 3879
3788 3880
3789 3881
3790 3882
3791 3883
3792 3884
3793 3885
3794 3886
3795 3887
3796 3888
3797 3889
3798 3890
3799 3891
3800 3892
3801 3893
3802 3894
3803 3895
3804 3896
3805 3897
3806 3898
3807 3899
3808 3900
3809 3901
3810 3902
3811 3903
3812 3904
3813 3905
3814 3906
3815 3907
3816 3908
3817 3909
3818 3910
3819 3911
3820 3912
3821 3913
3822 3914
3823 3915
3824 3916
3825 3917
3826 3918
3827 3919
3828 3920
3829 3921
3830 3922
3831 3923
3832 3924
3833 3925
3834 3926
3835 3927
3836 3928
3837 3929
3838 3930
3839 3931
3840 3932
3841 3933
3842 3934
3843 3935
3844 3936
3845 3937
3846 3938
3847 3939
3848 3940
3849 3941
3850 3942
3851 3943
3852 3944
3853 3945
3854 3946
3855 3947
3856 3948
3857 3949
3858 3950
3859 3951
3860 3952
3861 3953
3862 3954
3863 3955
3864 3956
3865 3957
3866 3958
3867 3959
3868 3960
3869 3961
3870 3962
3871 3963
3872 3964
3873 3965
3874 3966
3875 3967
3876 3968
3877 3969
3878 3970
3879 3971
3880 3972
3881 3973
3882 3974
3883 3975
3884 3976
3885 3977
3886 3978
3887 3979
3888 3980
3889 3981
3890 3982
3891 3983
3892 3984
3893 3985
3894 3986
3895 3987
3896 3988
3897 3989
3898 3990
3899 3991
3900 3992
3901 3993
3902 3994
3903 3995
3904 3996
3905 3997
3906 3998
3907 3999
3908 4000
3909 4001
3910 4002
3911 4003
3912 4004
3913 4005
3914 4006
3915 4007
3916 4008
3917 4009
3918 4010
3919 4011
3920 4012
3921 4013
3922 4014
3923 4015
3924 4016
3925 4017
3926 4018
3927 4019
3928 4020
3929 4021
3930 4022
3931 4023
3932 4024
3933 4025
3934 4026
3935 4027
3936 4028
3937 4029
3938 4030
3939 4031
3940 4032
3941 4033
3942 4034
3943 4035
3944 4036
3945 4037
3946 4038
3947 4039
3948 4040
3949 4041
3950 4042
3951 4043
3952 4044
3953 4045
3954 4046
3955 4047
3956 4048
3957 4049
3958 4050
3959 4051
3960 4052
3961 4053
3962 4054
3963 4055
3964 4056
3965 4057
3966 4058
3967 4059
3968 4060
3969 4061
3970 4062
3971 4063
3972 4064
3973 4065
3974 4066
3975 4067
3976 4068
3977 4069
3978 4070
3979 4071
3980 4072
3981 4073
3982 4074
3983 4075
3984 4076
3985 4077
3986 4078
3987 4079
3988 4080
3989 4081
3990 4082
3991 4083
3992 4084
3993 4085
3994 4086
3995 4087
3996 4088
3997 4089
3998 4090
3999 4091
4000 4092
4001 4093
4002 4094
4003 4095
4004 4096
4005 4097
4006 4098
4007 4099
4008 4100
4009 4101
4010 4102
4011 4103
4012 4104
4013 4105
4014 4106
4015 4107
4016 4108
4017 4109
4018 4110
4019 4111
4020 4112
4021 4113
4022 4114
4023 4115
4024 4116
4025 4117
4026 4118
4027 4119
4028 4120
4029 4121
4030 4122
4031 4123
4032 4124
4033 4125
4034 4126
4035 4127
4036 4128
4037 4129
4038 4130
4039 4131
4040 4132
4041 4133
4042 4134
4043 4135
4044 4136
4045 4137
4046 4138
4047 4139
4048 4140
4049 4141
4050 4142
4051 4143
4052 4144
4053 4145
4054 4146
4055 4147
4056 4148
4057 4149
4058 4150
4059 4151
4060 4152
4061 4153
4062 4154
4063 4155
4064 4156
4065 4157
4066 4158
4067 4159
4068 4160
4069 4161
4070 4162
4071 4163
4072 4164
4073 4165
4074 4166
4075 4167
4076 4168
4077 4169
4078 4170
4079 4171
4080 4172
4081 4173
4082 4174
4083 4175
4084 4176
4085 4177
4086 4178
4087 4179
4088 4180
4089 4181
4090 4182
4091 4183
4092 4184
4093 4185
4094 4186
4095 4187
4096 4188
4097 4189
4098 4190
4099 4191
4100 4192
4101 4193
4102 4194
4103 4195
4104 4196
4105 4197
4106 4198
4107 4199
4108 4200
4109 4201
4110 4202
4111 4203
4112 4204
4113 4205
4114 4206
4115 4207
4116 4208
4117 4209
4118 4210
4119 4211
4120 4212
4121 4213
4122 4214
4123 4215
4124 4216
4125 4217
4126 4218
4127 4219
4128 4220
4129 4221
4130 4222
4131 4223
4132 4224
4133 4225
4134 4226
4135 4227
4136 4228
4137 4229
4138 4230
4139 4231
4140 4232
4141 4233
4142 4234
4143 4235
4144 4236
4145 4237
4146 4238
4147 4239
4148 4240
4149 4241
4150 4242
4151 4243
4152 4244
4153 4245
4154 4246
4155 4247
4156 4248
4157 4249
4158 4250
4159 4251
4160 4252
4161 4253
4162 4254
4163 4255
4164 4256
4165 4257
4166 4258
4167 4259
4168 4260
4169 4261
4170 4262
4171 4263
4172 4264
4173 4265
4174 4266
4175 4267
4176 4268
4177 4269
4178 4270
4179 4271
4180 4272
4181 4273
4182 4274
4183 4275
4184 4276
4185 4277
4186 4278
4187 4279
4188 4280
4189 4281
4190 4282
4191 4283
4192 4284
4193 4285
4194 4286
4195 4287
4196 4288
4197 4289
4198 4290
4199 4291
4200 4292
4201 4293
4202 4294
4203 4295
4204 4296
4205 4297
4206 4298
4207 4299
4208 4300
4209 4301
4210 4302
4211 4303
4212 4304
4213 4305
4214 4306
4215 4307
4216 4308
4217 4309
4218 4310
4219 4311
4220 4312
4221 4313
4222 4314
4223 4315
4224 4316
4225 4317
4226 4318
4227 4319
4228 4320
4229 4321
4230 4322
4231 4323
4232 4324
4233 4325
4234 4326
4235 4327
4236 4328
4237 4329
4238 4330
4239 4331
4240 4332
4241 4333
4242 4334
4243 4335
4244 4336
4245 4337
4246 4338
4247 4339
4248 4340
4249 4341
4250 4342
4251 4343
4252 4344
4253 4345
4254 4346
4255 4347
4256 4348
4257 4349
4258 4350
4259 4351
4260 4352
4261 4353
4262 4354
4263 4355
4264 4356
4265 4357
4266 4358
4267 4359
4268 4360
4269 4361
4270 4362
4271 4363
4272 4364
4273 4365
4274 4366
4275 4367
4276 4368
4277 4369
4278 4370
4279 4371
4280 4372
4281 4373
4282 4374
4283 4375
4284 4376
4285 4377
4286 4378
4287 4379
4288 4380
4289 4381
4290 4382
4291 4383
4292 4384
4293 4385
4294 4386
4295 4387
4296 4388
4297 4389
4298 4390
4299 4391
4300 4392
4301 4393
4302 4394
4303 4395
4304 4396
4305 4397
4306 4398
4307 4399
4308 4400
4309 4401
4310 4402
4311 4403
4312 4404
4313 4405
4314 4406
4315 4407
4316 4408
4317 4409
4318 4410
4319 4411
4320 4412
4321 4413
4322 4414
4323 4415
4324 4416
4325 4417
4326 4418
4327 4419
4328 4420
4329 4421
4330 4422
4331 4423
4332 4424
4333 4425
4334 4426
4335 4427
4336 4428
4337 4429
4338 4430
4339 4431
4340 4432
4341 4433
4342 4434
4343 4435
4344 4436
4345 4437
4346 4438
4347 4439
4348 4440
4349 4441
4350 4442
4351 4443
4352 4444
4353 4445
4354 4446
4355 4447
4356 4448
4357 4449
4358 4450
4359 4451
4360 4452
4361 4453
4362 4454
4363 4455
4364 4456
4365 4457
4366 4458
4367 4459
4368 4460
4369 4461
4370 4462
4371 4463
4372 4464
4373 4465
4374 4466
4375 4467
4376 4468
4377 4469
4378 4470
4379 4471
4380 4472
4381 4473
4382 4474
4383 4475
4384 4476
4385 4477
4386 4478
4387 4479
4388 4480
4389 4481
4390 4482
4391 4483
4392 4484
4393 4485
4394 4486
4395 4487
4396 4488
4397 4489
4398 4490
4399 4491
4400 4492
4401 4493
4402 4494
4403 4495
4404 4496
4405 4497
4406 4498
4407 4499
4408 4500
4409 4501
4410 4502
4411 4503
4412 4504
4413 4505
4414 4506
4415 4507
4416 4508
4417 4509
4418 4510
4419 4511
4420 4512
4421 4513
4422 4514
4423 4515
4424 4516
4425 4517
4426 4518
4427 4519
4428 4520
4429 4521
4430 4522
4431 4523
4432 4524
4433 4525
4434 4526
4435 4527
4436 4528
4437 4529
4438 4530
4439 4531
4440 4532
4441 4533
4442 4534
4443 4535
4444 4536
4445 4537
4446 4538
4447 4539
4448 4540
4449 4541
4450 4542
4451 4543
4452 4544
4453 4545
4454 4546
4455 4547
4456 4548
4457 4549
4458 4550
4459 4551
4460 4552
4461 4553
4462 4554
4463 4555
4464 4556
4465 4557
4466 4558
4467 4559
4468 4560
4469 4561
4470 4562
4471 4563
4472 4564
4473 4565
4474 4566
4475 4567
4476 4568
4477 4569
4478 4570
4479 4571
4480 4572
4481 4573
4482 4574
4483 4575
4484 4576
4485 4577
4486 4578
4487 4579
4488 4580
4489 4581
4490 4582
4491 4583
4492 4584
4493 4585
4494 4586
4495 4587
4496 4588
4497 4589
4498 4590
4499 4591
4500 4592
4501 4593
4502 4594
4503 4595
4504 4596
4505 4597
4506 4598
4507 4599
4508 4600
4509 4601
4510 4602
4511 4603
4512 4604
4513 4605
4514 4606
4515 4607
4516 4608
4517 4609
4518 4610
4519 4611
4520 4612
4521 4613
4522 4614
4523 4615
4524 4616
4525 4617
4526 4618
4527 4619
4528 4620
4529 4621
4530 4622
4531 4623
4532 4624
4533 4625
4534 4626
4535 4627
4536 4628
4537 4629
4538 4630
4539 4631
4540 4632
4541 4633
4542 4634
4543 4635
4544 4636
4545 4637
4546 4638
4547 4639
4548 4640
4549 4641
4550 4642
4551 4643
4552 4644
4553 4645
4554 4646
4555 4647
4556 4648
4557 4649
4558 4650
4559 4651
4560 4652
4561 4653
4562 4654
4563 4655
4564 4656
4565 4657
4566 4658
4567 4659
4568 4660
4569 4661
4570 4662
4571 4663
4572 4664
4573 4665
4574 4666
4575 4667
4576 4668
4577 4669
4578 4670
4579 4671
4580 4672
4581 4673
4582 4674
4583 4675
4584 4676
4585 4677
4586 4678
4587 4679
4588 4680
4589 4681
4590 4682
4591 4683
4592 4684
4593 4685
4594 4686
4595 4687
4596 4688
4597 4689
4598 4690
4599 4691
4600 4692
4601 4693
4602 4694
4603 4695
4604 4696
4605 4697
4606 4698
4607 4699
4608 4700
4609 4701
4610 4702
4611 4703
4612 4704
4613 4705
4614 4706
4615 4707
4616 4708
4617 4709
4618 4710
4619 4711
4620 4712
4621 4713
4622 4714
4623 4715
4624 4716
4625 4717
4626 4718
4627 4719
4628 4720
4629 4721
4630 4722
4631 4723
4632 4724
4633 4725
4634 4726
4635 4727
4636 4728
4637 4729
4638 4730
4639 4731
4640 4732
4641 4733
4642 4734
4643 4735
4644 4736
4645 4737
4646 4738
4647 4739
4648 4740
4649 4741
4650 4742
4651 4743
4652 4744
4653 4745
4654 4746
4655 4747
4656 4748
4657 4749
4658 4750
4659 4751
4660 4752
4661 4753
4662 4754
4663 4755
4664 4756
4665 4757
4666 4758
4667 4759
4668 4760
4669 4761
4670 4762
4671 4763
4672 4764
4673 4765
4674 4766
4675 4767
4676 4768
4677 4769
4678 4770
4679 4771
4680 4772
4681 4773
4682 4774
4683 4775
4684 4776
4685 4777
4686 4778
4687 4779
4688 4780
4689 4781
4690 4782
4691 4783
4692 4784
4693 4785
4694 4786
4695 4787
4696 4788
4697 4789
4698 4790
4699 4791
4700 4792
4701 4793
4702 4794
4703 4795
4704 4796
4705 4797
4706 4798
4707 4799
4708 4800
4709 4801
4710 4802
4711 4803
4712 4804
4713 4805
4714 4806
4715 4807
4716 4808
4717 4809
4718 4810
4719 4811
4720 4812
4721 4813
4722 4814
4723 4815
4724 4816
4725 4817
4726 4818
4727 4819
4728 4820
4729 4821
4730 4822
4731 4823
4732 4824
4733 4825
4734 4826
4735 4827
4736 4828
4737 4829
4738 4830
4739 4831
4740 4832
4741 4833
4742 4834
4743 4835
4744 4836
4745 4837
4746 4838
4747 4839
4748 4840
4749 4841
4750 4842
4751 4843
4752 4844
4753 4845
4754 4846
4755 4847
4756 4848
4757 4849
4758 4850
4759 4851
4760 4852
4761 4853
4762 4854
4763 4855
4764 4856
4765 4857
4766 4858
4767 4859
4768 4860
4769 4861
4770 4862
4771 4863
4772 4864
4773 4865
4774 4866
4775 4867
4776 4868
4777 4869
4778 4870
4779 4871
4780 4872
4781 4873
4782 4874
4783 4875
4784 4876
4785 4877
4786 4878
4787 4879
4788 4880
4789 4881
4790 4882
4791 4883
4792 4884
4793 4885
4794 4886
4795 4887
4796 4888
4797 4889
4798 4890
4799 4891
4800 4892
4801 4893
4802 4894
4803 4895
4804 4896
4805 4897
4806 4898
4807 4899
4808 4900
4809 4901
4810 4902
4811 4903
4812 4904
4813 4905
4814 4906
4815 4907
4816 4908
4817 4909
4818 4910
4819 4911
4820 4912
4821 4913
4822 4914
4823 4915
4824 4916
4825 4917
4826 4918
4827 4919
4828 4920
4829 4921
4830 4922
4831 4923
4832 4924
4833 4925
4834 4926
4835 4927
4836 4928
4837 4929
4838 4930
4839 4931
4840 4932
4841 4933
4842 4934
4843 4935
4844 4936
4845 4937
4846 4938
4847 4939
4848 4940
4849 4941
4850 4942
4851 4943
4852 4944
4853 4945
4854 4946
4855 4947
4856 4948
4857 4949
4858 4950
4859 4951
4860 4952
4861 4953
4862 4954
4863 4955
4864 4956
4865 4957
4866 4958
4867 4959
4868 4960
4869 4961
4870 4962
4871 4963
4872 4964
4873 4965
4874 4968
4875 4969
4876 4970
4877 4971
4878 4972
4879 4973
4880 4974
4881 4975
4882 4976
4883 4977
4884 4978
4885 4979
4886 4980
4887 4981
4888 4982
4889 4983
4890 4984
4891 4985
4892 4986
4893 4987
4894 4988
4895 4989
4896 4990
4897 4991
4898 4992
4899 4993
4900 4994
4901 4995
4902 4996
4903 4997
4904 4998
4905 4999
4906 5000
4907 5001
4908 5002
4909 5003
4910 5004
4911 5005
4912 5006
4913 5007
4914 5008
4915 5009
4916 5010
4917 5011
4918 5012
4919 5013
4920 5014
4921 5015
4922 5016
4923 5017
4924 5018
4925 5019
4926 5020
4927 5021
4928 5022
4929 5023
4930 5024
4931 5025
4932 5026
4933 5027
4934 5028
4935 5029
4936 5030
4937 5031
4938 5032
4939 5033
4940 5034
4941 5035
4942 5036
4943 5037
4944 5038
4945 5039
4946 5040
4947 5041
4948 5042
4949 5043
4950 5044
4951 5045
4952 5046
4953 5047
4954 5048
4955 5049
4956 5050
4957 5051
4958 5052
4959 5053
4960 5054
4961 5055
4962 5056
4963 5057
4964 5058
4965 5059
4966 5060
4967 5061
4968 5062
4969 5063
4970 5064
4971 5065
4972 5066
4973 5067
4974 5068
4975 5069
4976 5070
4977 5071
4978 5072
4979 5073
4980 5074
4981 5075
4982 5076
4983 5077
4984 5078
4985 5079
4986 5080
4987 5081
4988 5082
4989 5083
4990 5084
4991 5085
4992 5086
4993 5087
4994 5088
4995 5089
4996 5090
4997 5091
4998 5092
4999 5093
5000 5094
5001 5095
5002 5096
5003 5097
5004 5098
5005 5099
5006 5100
5007 5101
5008 5102
5009 5103
5010 5104
5011 5105
5012 5106
5013 5107
5014 5108
5015 5109
5016 5110
5017 5111
5018 5112
5019 5113
5020 5114
5021 5115
5022 5116
5023 5117
5024 5118
5025 5119
5026 5120
5027 5121
5028 5122
5029 5123
5030 5124
5031 5125
5032 5126
5033 5127
5034 5128
5035 5129
5036 5130
5037 5131
5038 5132
5039 5133
5040 5134
5041 5135
5042 5136
5043 5137
5044 5138
5045 5139
5046 5140
5047 5141
5048 5142
5049 5143
5050 5144
5051 5145
5052 5146
5053 5147
5054 5148
5055 5149
5056 5150
5057 5151
5058 5152
5059 5153
5060 5154
5061 5155
5062 5156
5063 5157
5064 5158
5065 5159
5066 5160
5067 5161
5068 5162
5069 5163
5070 5164
5071 5165
5072 5166
5073 5167
5074 5168
5075 5169
5076 5170
5077 5171
5078 5172
5079 5173
5080 5174
5081 5175
5082 5176
5083 5177
5084 5178
5085 5179
5086 5180
5087 5181
5088 5182
5089 5183
5090 5184
5091 5185
5092 5186
5093 5187
5094 5188
5095 5189
5096 5190
5097 5191
5098 5192
5099 5193
5100 5194
5101 5195
5102 5196
5103 5197
5104 5198
5105 5199
5106 5200
5107 5201
5108 5202
5109 5203
5110 5204
5111 5205
5112 5206
5113 5207
5114 5208
5115 5209
5116 5210
5117 5211
5118 5212
5119 5213
5120 5214
5121 5215
5122 5216
5123 5217
5124 5218
5125 5219
5126 5220
5127 5221
5128 5222
5129 5223
5130 5224
5131 5225
5132 5226
5133 5227
5134 5228
5135 5229
5136 5230
5137 5231
5138 5232
5139 5233
5140 5234
5141 5235
5142 5236
5143 5237
5144 5238
5145 5239
5146 5240
5147 5241
5148 5242
5149 5243
5150 5244
5151 5245
5152 5246
5153 5247
5154 5248
5155 5249
5156 5250
5157 5251
5158 5252
5159 5253
5160 5254
5161 5255
5162 5256
5163 5257
5164 5258
5165 5259
5166 5260
5167 5261
5168 5262
5169 5263
5170 5264
5171 5265
5172 5266
5173 5267
5174 5268
5175 5269
5176 5270
5177 5271
5178 5272
5179 5273
5180 5274
5181 5275
5182 5276
5183 5277
5184 5278
5185 5279
5186 5280
5187 5281
5188 5282
5189 5283
5190 5284
5191 5285
5192 5286
5193 5287
5194 5288
5195 5289
5196 5290
5197 5291
5198 5292
5199 5293
5200 5294
5201 5295
5202 5296
5203 5297
5204 5298
5205 5299
5206 5300
5207 5301
5208 5302
5209 5303
5210 5304
5211 5305
5212 5306
5213 5307
5214 5308
5215 5309
5216 5310
5217 5311
5218 5312
5219 5313
5220 5314
5221 5315
5222 5316
5223 5317
5224 5318
5225 5319
5226 5320
5227 5321
5228 5322
5229 5323
5230 5324
5231 5325
5232 5326
5233 5327
5234 5328
5235 5329
5236 5330
5237 5331
5238 5332
5239 5333
5240 5334
5241 5335
5242 5336
5243 5337
5244 5338
5245 5339
5246 5340
5247 5341
5248 5342
5249 5343
5250 5344
5251 5345
5252 5346
5253 5347
5254 5348
5255 5349
5256 5350
5257 5351
5258 5352
5259 5353
5260 5354
5261 5355
5262 5356
5263 5357
5264 5358
5265 5359
5266 5360
5267 5361
5268 5362
5269 5363
5270 5364
5271 5365
5272 5366
5273 5367
5274 5368
5275 5369
5276 5370
5277 5371
5278 5372
5279 5373
5280 5374
5281 5375
5282 5376
5283 5377
5284 5378
5285 5379
5286 5380
5287 5381
5288 5382
5289 5383
5290 5384
5291 5385
5292 5386
5293 5387
5294 5388
5295 5389
5296 5390
5297 5391
5298 5392
5299 5393
5300 5394
5301 5395
5302 5396
5303 5397
5304 5398
5305 5399
5306 5400
5307 5401
5308 5402
5309 5403
5310 5404
5311 5405
5312 5406
5313 5407
5314 5408
5315 5409
5316 5410
5317 5411
5318 5412
5319 5413
5320 5414
5321 5415
5322 5416
5323 5417
5324 5418
5325 5419
5326 5420
5327 5421
5328 5422
5329 5423
5330 5424
5331 5425
5332 5426
5333 5427
5334 5428
5335 5429
5336 5430
5337 5431
5338 5432
5339 5433
5340 5434
5341 5435
5342 5436
5343 5437
5344 5438
5345 5439
5346 5440
5347 5441
5348 5442
5349 5443
5350 5444
5351 5445
5352 5446
5353 5447
5354 5448
5355 5449
5356 5450
5357 5451
5358 5452
5359 5453
5360 5454
5361 5455
5362 5456
5363 5457
5364 5458
5365 5459
5366 5460
5367 5461
5368 5462
5369 5463
5370 5464
5371 5465
5372 5466
5373 5467
5374 5468
5375 5469
5376 5470
5377 5471
5378 5472
5379 5473
5380 5474
5381 5475
5382 5476
5383 5477
5384 5478
5385 5479
5386 5480
5387 5481
5388 5482
5389 5483
5390 5484
5391 5485
5392 5486
5393 5487
5394 5488
5395 5489
5396 5490
5397 5491
5398 5492
5399 5493
5400 5494
5401 5495
5402 5496
5403 5497
5404 5498
5405 5499
5406 5500
5407 5501
5408 5502
5409 5503
5410 5504
5411 5505
5412 5506
5413 5507
5414 5508
5415 5509
5416 5510
5417 5511
5418 5512
5419 5513
5420 5514
5421 5515
5422 5516
5423 5517
5424 5518
5425 5519
5426 5520
5427 5521
5428 5522
5429 5523
5430 5524
5431 5525
5432 5526
5433 5527
5434 5528
5435 5529
5436 5530
5437 5531
5438 5532
5439 5533
5440 5534
5441 5535
5442 5536
5443 5537
5444 5538
5445 5539
5446 5540
5447 5541
5448 5542
5449 5543
5450 5544
5451 5545
5452 5546
5453 5547
5454 5548
5455 5549
5456 5550
5457 5551
5458 5552
5459 5553
5460 5554
5461 5555
5462 5556
5463 5557
5464 5558
5465 5559
5466 5560
5467 5561
5468 5562
5469 5563
5470 5564
5471 5565
5472 5566
5473 5567
5474 5568
5475 5569
5476 5570
5477 5571
5478 5572
5479 5573
5480 5574
5481 5575
5482 5576
5483 5577
5484 5578
5485 5579
5486 5580
5487 5581
5488 5582
5489 5583
5490 5584
5491 5585
5492 5586
5493 5587
5494 5588
5495 5589
5496 5590
5497 5591
5498 5592
5499 5593
5500 5594
5501 5595
5502 5596
5503 5597
5504 5598
5505 5599
5506 5600
5507 5601
5508 5602
5509 5603
5510 5604
5511 5605
5512 5606
5513 5607
5514 5608
5515 5609
5516 5610
5517 5611
5518 5612
5519 5613
5520 5614
5521 5615
5522 5616
5523 5617
5524 5618
5525 5619
5526 5620
5527 5621
5528 5622
5529 5623
5530 5624
5531 5625
5532 5626
5533 5627
5534 5628
5535 5629
5536 5630
5537 5631
5538 5632
5539 5633
5540 5634
5541 5635
5542 5636
5543 5637
5544 5638
5545 5639
5546 5640
5547 5641
5548 5642
5549 5643
5550 5644
5551 5645
5552 5646
5553 5647
5554 5648
5555 5649
5556 5650
5557 5651
5558 5652
5559 5653
5560 5654
5561 5655
5562 5656
5563 5657
5564 5658
5565 5659
5566 5660
5567 5661
5568 5662
5569 5663
5570 5664
5571 5665
5572 5666
5573 5667
5574 5668
5575 5669
5576 5670
5577 5671
5578 5672
5579 5673
5580 5674
5581 5675
5582 5676
5583 5677
5584 5678
5585 5679
5586 5680
5587 5681
5588 5682
5589 5683
5590 5684
5591 5685
5592 5686
5593 5687
5594 5688
5595 5689
5596 5690
5597 5691
5598 5692
5599 5693
5600 5694
5601 5695
5602 5696
5603 5697
5604 5698
5605 5699
5606 5700
5607 5701
5608 5702
5609 5703
5610 5704
5611 5705
5612 5706
5613 5707
5614 5708
5615 5709
5616 5710
5617 5711
5618 5712
5619 5713
5620 5714
5621 5715
5622 5716
5623 5717
5624 5718
5625 5719
5626 5720
5627 5721
5628 5722
5629 5723
5630 5724
5631 5725
5632 5726
5633 5727
5634 5728
5635 5729
5636 5730
5637 5731
5638 5732
5639 5733
5640 5734
5641 5735
5642 5736
5643 5737
5644 5738
5645 5739
5646 5740
5647 5741
5648 5742
5649 5743
5650 5744
5651 5745
5652 5746
5653 5747
5654 5748
5655 5749
5656 5750
5657 5751
5658 5752
5659 5753
5660 5754
5661 5755
5662 5756
5663 5757
5664 5758
5665 5759
5666 5760
5667 5761
5668 5762
5669 5763
5670 5764
5671 5765
5672 5766
5673 5767
5674 5768
5675 5769
5676 5770
5677 5771
5678 5772
5679 5773
5680 5774
5681 5775
5682 5776
5683 5777
5684 5778
5685 5779
5686 5780
5687 5781
5688 5782
5689 5783
5690 5784
5691 5785
5692 5786
5693 5787
5694 5788
5695 5789
5696 5790
5697 5791
5698 5792
5699 5793
5700 5794
5701 5795
5702 5796
5703 5797
5704 5798
5705 5799
5706 5800
5707 5801
5708 5802
5709 5803
5710 5804
5711 5805
5712 5806
5713 5807
5714 5808
5715 5809
5716 5810
5717 5811
5718 5812
5719 5813
5720 5814
5721 5815
5722 5816
5723 5817
5724 5818
5725 5819
5726 5820
5727 5821
5728 5822
5729 5823
5730 5824
5731 5825
5732 5826
5733 5827
5734 5828
5735 5829
5736 5830
5737 5831
5738 5832
5739 5833
5740 5834
5741 5835
5742 5836
5743 5837
5744 5838
5745 5839
5746 5840
5747 5841
5748 5842
5749 5843
5750 5844
5751 5845
5752 5846
5753 5847
5754 5848
5755 5849
5756 5850
5757 5851
5758 5852
5759 5853
5760 5854
5761 5855
5762 5856
5763 5857
5764 5858
5765 5859
5766 5860
5767 5861
5768 5862
5769 5863
5770 5864
5771 5865
5772 5866
5773 5867
5774 5868
5775 5869
5776 5870
5777 5871
5778 5872
5779 5873
5780 5874
5781 5875
5782 5876
5783 5877
5784 5878
5785 5879
5786 5880
5787 5881
5788 5882
5789 5883
5790 5884
5791 5885
5792 5886
5793 5887
5794 5888
5795 5889
5796 5890
5797 5891
5798 5892
5799 5893
5800 5894
5801 5895
5802 5896
5803 5897
5804 5898
5805 5899
5806 5900
5807 5901
5808 5902
5809 5903
5810 5904
5811 5905
5812 5906
5813 5907
5814 5908
5815 5909
5816 5910
5817 5911
5818 5912
5819 5913
5820 5914
5821 5915
5822 5916
5823 5917
5824 5918
5825 5919
5826 5920
5827 5921
5828 5922
5829 5923
5830 5924
5831 5925
5832 5926
5833 5927
5834 5928
5835 5929
5836 5930
5837 5931
5838 5932
5839 5933
5840 5934
5841 5935
5842 5936
5843 5937
5844 5938
5845 5939
5846 5940
5847 5941
5848 5942
5849 5943
5850 5944
5851 5945
5852 5946
5853 5947
5854 5948
5855 5949
5856 5950
5857 5951
5858 5952
5859 5953
5860 5954
5861 5955
5862 5956
5863 5957
5864 5958
5865 5959
5866 5960
5867 5961
5868 5962
5869 5963
5870 5964
5871 5965
5872 5966
5873 5967
5874 5968
5875 5969
5876 5970
5877 5971
5878 5972
5879 5973
5880 5974
5881 5975
