18457
18456
18455
18454
18453
18452
18451
18450
18449
18448
18447
18446
18444
18443
18442
18441
18440
18439
18438
18437
18436
18435
18433
18432
18431
18430
18427
18426
18425
18423
18422
18421
18420
18419
18417
18416
18415
18414
18413
18410
18408
18407
18406
18405
18404
18403
18402
18400
18399
18398
18397
18395
18394
18393
18392
18391
18389
18388
18387
18386
18385
18384
18382
18381
18379
18378
18377
18375
18374
18373
18372
18369
18368
18367
18365
18363
18362
18360
18359
18358
18357
18356
18355
18354
18353
18352
18351
18350
18349
18348
18347
18346
18345
18343
18342
18341
18340
18338
18337
18336
18335
18334
18333
18332
18331
18330
18327
18326
18325
18323
18322
18321
18319
18318
18317
18315
18314
18312
18311
18310
18309
18308
18307
18306
18305
18304
18303
18301
18299
18298
18297
18296
18295
18294
18293
18292
18289
18288
18286
18285
18284
18283
18281
18279
18278
18277
18275
18274
18273
18272
18271
18270
18269
18268
18267
18266
18265
18263
18262
18259
18258
18257
18256
18254
18253
18252
18251
18250
18248
18247
18245
18243
18241
18239
18237
18235
18234
18233
18232
18228
18227
18226
18225
18224
18223
18222
18221
18220
18219
18218
18216
18214
18211
18210
18208
18207
18206
18205
18201
18199
18198
18197
18196
18194
18193
18192
18191
18190
18188
18187
18186
18182
18181
18180
18178
18177
18176
18175
18174
18173
18172
18171
18170
18169
18168
18167
18166
18164
18161
18160
18159
18158
18157
18156
18155
18154
18153
18152
18149
18147
18146
18134
18133
18130
18128
18127
18126
18125
18123
18121
18120
18116
18115
18112
18104
18103
18102
18101
18100
18099
18098
18092
18091
18089
18085
18084
18083
18082
18076
18075
18073
18071
18070
18069
18068
18067
18066
18065
18054
18053
18049
18048
18047
18046
18043
18042
18041
18040
18039
18038
18037
18036
18035
18034
18033
18032
18031
18030
18029
18028
18026
18024
18023
18022
18021
18019
18017
18015
18014
18013
18012
18009
18008
18007
18006
18004
18003
18002
18000
17998
17996
17994
17993
17989
17988
17986
17985
17984
17983
17982
17981
17980
17975
17974
17973
17972
17971
17966
17963
17961
17958
17957
17953
17952
17949
17948
17947
17943
17942
17941
17937
17934
17930
17929
17928
17927
17926
17925
17922
17921
17920
17919
17918
17917
17914
17913
17909
17907
17906
17904
17903
17901
17900
17897
17895
17894
17893
17890
17887
17884
17883
17881
17878
17875
17874
17873
17872
17867
17866
17863
17862
17861
17860
17859
17858
17856
17854
17853
17851
17850
17848
17846
17845
17844
17842
17841
17840
17839
17837
17833
17830
17829
17828
17827
17826
17816
17815
17793
17792
17790
17789
17788
17787
17786
17785
17783
17774
17773
17766
17764
17760
17757
17755
17753
17750
17749
17748
17746
17745
17741
17737
17736
17735
17723
17720
17718
17716
17715
17710
17708
17704
17702
17701
17700
17693
17690
17688
17682
17681
17679
17677
17674
17673
17670
17669
17667
17665
17663
17661
17660
17658
17657
17656
17655
17647
17646
17642
17640
17639
17638
17637
17636
17635
17633
17632
17631
17629
17627
17626
17625
17624
17623
17621
17618
17617
17615
17614
17613
17611
17610
17609
17608
17607
17606
17605
17604
17603
17602
17600
17599
17598
17597
17596
17595
17594
17593
17592
17591
17590
17589
17588
17587
17586
17585
17584
17583
17582
17581
17580
17579
17578
17577
17576
17575
17573
17572
17571
17570
17569
17568
17567
17566
17565
17563
17562
17561
17556
17555
17554
17553
17552
17551
17550
17549
17548
17547
17546
17545
17544
17543
17542
17541
17540
17539
17533
17532
17531
17530
17529
17528
17527
17526
17525
17524
17523
17522
17521
17520
17519
17518
17516
17515
17514
17513
17512
17511
17510
17509
17508
17507
17506
17505
17504
17503
17502
17501
17496
17495
17491
17480
17472
17466
17455
17451
17445
17440
17438
17411
17409
17401
17400
17399
17398
17396
17395
17392
17389
17388
17379
17378
17376
17360
17350
17340
17335
17334
17333
17332
17330
17323
17319
17318
17317
17292
17287
17281
17276
17261
17257
17255
17249
17248
17239
17233
17232
17230
17229
17207
17202
17198
17196
17175
17163
17155
17153
17148
17145
17143
17141
17140
17136
17133
17131
17130
17128
17125
17123
17120
17085
17084
17081
17068
17067
17059
17058
17039
17038
17036
17035
17029
17028
17014
16996
16984
16971
16970
16969
16968
16967
16966
16965
16963
16962
16956
16954
16953
16946
16908
16905
16878
16871
16869
16861
16857
16848
16847
16844
16842
16811
16809
16798
16795
16785
16776
16775
16774
16769
16766
16764
16763
16761
16755
16754
16752
16751
16746
16744
16742
16725
16713
16668
16639
16634
16629
16627
16626
16622
16616
16610
16600
16579
16570
16567
16555
16554
16553
16544
16542
16537
16533
16531
16529
16528
16527
16524
16523
16522
16512
16509
16506
16503
16502
16499
16498
16495
16494
16493
16492
16486
16481
16476
16471
16469
16465
16463
16457
16451
16439
16422
16392
16384
16383
16380
16372
16371
16359
16352
16348
16345
16341
16339
16337
16333
16331
16329
16327
16325
16323
16321
16319
16315
16313
16311
16308
16305
16302
16299
16296
16293
16290
16288
16286
16284
16282
16280
16278
16276
16274
16267
16266
16258
16256
16254
16250
16245
16232
16228
16225
16222
16219
16216
16214
16212
16211
16207
16205
16203
16199
16197
16195
16193
16189
16185
16182
16175
16171
16167
16164
16160
16159
16157
16155
16153
16151
16149
16147
16145
16143
16140
16139
16136
16134
16132
16129
16128
16124
16122
16119
16118
16116
16114
16112
16108
16106
16104
16102
16098
16096
16092
16090
16086
16084
16082
16078
16076
16075
16071
16069
16068
16064
16062
16060
16059
16055
16049
16045
16041
16037
16035
16032
16031
16029
16013
16011
16009
16003
16001
15999
15997
15995
15993
15991
15989
15987
15985
15983
15981
15979
15977
15975
15973
15971
15969
15967
15965
15963
15957
15955
15953
15951
15949
15947
15943
15941
15939
15937
15935
15933
15931
15929
15927
15925
15923
15920
15919
15916
15915
15911
15909
15907
15905
15902
15900
15897
15895
15894
15893
15892
15888
15886
15882
15878
15874
15872
15870
15868
15866
15864
15862
15860
15858
15854
15853
15849
15845
15843
15841
15839
15837
15835
15833
15832
15829
15827
15824
15823
15821
15818
15817
15815
15814
15811
15810
15804
15802
15798
15779
15777
15775
15773
15771
15765
15763
15761
15759
15757
15755
15753
15751
15748
15747
15740
15739
15735
15733
15731
15727
15725
15723
15719
15717
15713
15711
15709
15707
15703
15701
15699
15697
15695
15693
15690
15689
15687
15677
15675
15673
15671
15669
15663
15659
15655
15646
15642
15639
15638
15625
15619
15616
15613
15607
15606
15600
15595
15588
15586
15581
15579
15574
15568
15558
15553
15547
15541
15536
15533
15530
15525
15520
15510
15505
15503
15501
15497
15493
15491
15488
15486
15480
15473
15467
15464
15463
15461
15459
15455
15450
15438
15435
15426
15424
15422
15420
15416
15407
15398
15396
15393
15392
15388
15385
15384
15380
15372
15369
15364
15360
15356
15352
15344
15342
15340
15338
15336
15334
15332
15330
15328
15326
15324
15322
15318
15312
15310
15306
15302
15299
15293
15288
15286
15285
15279
15276
15270
15266
15262
15256
15238
15226
15224
15218
15212
15208
15200
15195
15191
15183
15171
15159
15157
15153
15116
15115
15113
15111
15105
15101
15089
15085
15058
15054
15052
15046
15039
15034
15026
15023
15020
15018
15016
15015
15011
15007
15004
14997
14994
14990
14987
14985
14981
14977
14964
14960
14956
14954
14952
14948
14942
14940
14932
14929
14925
14923
14921
14918
14916
14910
14908
14904
14903
14902
14901
14892
14890
14887
14879
14876
14874
14868
14867
14864
14862
14857
14853
14851
14847
14843
14836
14825
14824
14823
14817
14815
14806
14800
14798
14793
14791
14788
14787
14776
14773
14772
14767
14764
14758
14754
14751
14749
14745
14741
14738
14736
14729
14726
14721
14715
14713
14711
14709
14707
14703
14702
14700
14697
14695
14694
14690
14688
14684
14681
14680
14676
14675
14671
14670
14669
14668
14667
14666
14662
14660
14658
14654
14647
14646
14645
14642
14631
14628
14623
14617
14614
14609
14606
14604
14602
14600
14593
14592
14587
14585
14583
14582
14581
14579
14578
14577
14574
14572
14571
14568
14566
14564
14562
14556
14554
14552
14550
14542
14535
14516
14509
14505
14503
14501
14484
14483
14479
14477
14472
14470
14468
14461
14456
14451
14436
14353
14350
14345
14343
14337
14335
14333
14331
14329
14326
14323
14321
14319
14314
14312
14310
14308
14307
14305
14303
14301
14299
14297
14295
14293
14291
14288
14283
14281
14277
14275
14273
14268
14264
14262
14260
14258
14256
14254
14247
14243
14239
14234
14230
14222
14218
14216
14207
14205
14203
14197
14193
14176
14175
14172
14165
14159
14155
14154
14153
14152
14151
14146
14145
14138
14136
14134
14132
14130
14128
14126
14122
14121
14120
14118
14117
14115
14113
14111
14110
14109
14103
14095
14092
14090
14085
14082
14080
14078
14076
14074
14072
14070
14068
14066
14064
14062
14053
14050
14049
14047
14045
14041
14039
14035
14029
14027
14025
14024
14015
14014
14013
14011
14006
14005
14002
14000
13999
13992
13990
13988
13986
13982
13980
13978
13974
13953
13951
13948
13941
13940
13939
13933
13930
13929
13926
13925
13921
13919
13914
13912
13909
13908
13906
13905
13903
13901
13897
13892
13890
13888
13886
13882
13880
13876
13874
13870
13868
13866
13864
13860
13858
13854
13852
13850
13848
13847
13845
13843
13841
13839
13835
13833
13829
13823
13821
13819
13817
13815
13813
13811
13809
13807
13805
13803
13801
13799
13789
13787
13781
13779
13777
13775
13768
13767
13766
13764
13762
13761
13760
13759
13758
13756
13754
13736
13733
13732
13724
13723
13721
13713
13711
13709
13707
13701
13699
13697
13695
13693
13691
13688
13686
13684
13682
13678
13676
13670
13668
13666
13664
13660
13635
13634
13629
13628
13626
13607
13606
13600
13598
13596
13594
13592
13590
13588
13586
13584
13582
13581
13579
13577
13576
13574
13572
13570
13566
13562
13560
13558
13556
13554
13550
13546
13540
13538
13536
13532
13530
13528
13526
13522
13520
13518
13514
13512
13492
13490
13487
13481
13476
13475
13470
13466
13464
13460
13457
13451
13448
13445
13441
13439
13437
13436
13435
13433
13431
13430
13428
13426
13424
13420
13419
13418
13412
13410
13409
13403
13402
13396
13395
13392
13389
13388
13382
13380
13378
13377
13376
13374
13372
13371
13368
13365
13363
13362
13361
13360
13356
13355
13354
13353
13349
13347
13345
13343
13342
13338
13335
13334
13332
13331
13329
13328
13326
13325
13323
13319
13314
13312
13311
13309
13308
13307
13306
13305
13304
13303
13299
13297
13296
13295
13293
13292
13291
13290
13289
13287
13285
13283
13281
13279
13277
13275
13272
13267
13266
13264
13253
13248
13238
13236
13234
13232
13229
13226
13224
13222
13216
13214
13212
13210
13206
13203
13200
13191
13188
13182
13180
13172
13169
13166
13164
13163
13161
13160
13158
13153
13152
13148
13146
13144
13142
13138
13137
13135
13133
13132
13130
13128
13127
13125
13122
13120
13116
13114
13112
13108
13099
13098
13097
13095
13094
13093
13092
13091
13090
13089
13088
13087
13086
13085
13084
13083
13082
13081
13080
13079
13078
13077
13076
13075
13074
13073
13072
13071
13070
13069
13068
13067
13066
13065
13064
13063
13062
13056
13054
13044
13036
13035
12958
12957
12954
12952
12948
12947
12945
12944
12943
12942
12941
12940
12938
12937
12936
12927
12925
12922
12921
12918
12916
12912
12910
12906
12905
12904
12903
12900
12899
12898
12897
12894
12893
12892
12891
12888
12887
12886
12885
12882
12881
12880
12879
12873
12870
12869
12854
12853
12852
12849
12846
12845
12844
12843
12841
12840
12839
12838
12837
12836
12835
12834
12833
12832
12831
12830
12829
12826
12825
12824
12823
12822
12821
12817
12816
12814
12811
12808
12807
12802
12801
12798
12797
12796
12795
12794
12793
12790
12789
12788
12787
12785
12783
12782
12781
12780
12778
12777
12775
12774
12773
12771
12770
12769
12768
12766
12765
12764
12763
12762
12761
12760
12759
12758
12757
12756
12755
12754
12753
12752
12751
12749
12748
12747
12746
12745
12744
12743
12739
12738
12737
12736
12735
12734
12733
12732
12731
12730
12729
12728
12725
12722
12720
12719
12718
12717
12716
12715
12714
12713
12712
12711
12710
12708
12707
12706
12704
12703
12702
12701
12700
12698
12697
12694
12693
12692
12691
12690
12689
12688
12687
12686
12685
12684
12683
12681
12680
12678
12677
12660
12659
12658
12657
12656
12654
12653
12651
12650
12649
12648
12647
12646
12644
12643
12642
12641
12640
12639
12638
12637
12636
12635
12634
12633
12632
12631
12630
12629
12628
12627
12626
12625
12624
12623
12621
12620
12619
12618
12617
12616
12615
12614
12613
12612
12610
12607
12605
12602
12601
12600
12599
12597
12596
12595
12594
12592
12591
12590
12589
12587
12586
12585
12583
12582
12581
12580
12579
12578
12577
12575
12573
12572
12571
12569
12568
12567
12566
12565
12563
12562
12561
12560
12559
12556
12555
12552
12551
12550
12548
12545
12544
12542
12541
12540
12538
12537
12536
12535
12534
12533
12532
12531
12530
12529
12528
12527
12526
12524
12523
12522
12521
12520
12519
12516
12514
12513
12511
12510
12509
12508
12507
12506
12505
12503
12502
12501
12500
12499
12498
12497
12496
12493
12488
12468
12467
12466
12465
12464
12463
12462
12460
12459
12458
12457
12456
12455
12454
12453
12452
12451
12450
12449
12448
12447
12445
12444
12443
12442
12441
12440
12439
12438
12437
12431
12430
12428
12427
12426
12421
12418
12417
12416
12415
12414
12413
12412
12411
12410
12409
12408
12407
12406
12405
12404
12403
12402
12401
12400
12399
12398
12397
12396
12395
12394
12388
12387
12385
12383
12382
12379
12378
12375
12372
12371
12369
12363
12362
12361
12360
12358
12357
12356
12355
12354
12353
12352
12351
12350
12349
12348
12347
12346
12345
12344
12343
12342
12341
12340
12339
12338
12337
12336
12335
12334
12333
12332
12331
12330
12329
12328
12327
12326
12325
12324
12323
12322
12320
12319
12318
12317
12316
12315
12314
12313
12312
12311
12310
12309
12308
12307
12306
12305
12304
12303
12301
12300
12299
12298
12297
12296
12295
12294
12293
12292
12291
12290
12289
12288
12287
12286
12285
12284
12283
12282
12281
12280
12279
12278
12277
12276
12275
12274
12273
12199
12198
12197
12196
12195
12194
12193
12192
12191
12190
12189
12187
12186
12185
12183
12182
12181
12180
12179
12178
12177
12176
12175
12174
12173
12172
12171
12169
12168
12167
12166
12165
12164
12163
12162
12161
12160
12159
12158
12157
12156
12155
12154
12153
12152
12151
12150
12149
12148
12147
12146
12145
12144
12143
12142
12138
12137
12135
12134
12133
12132
12131
12130
12129
12128
12127
12126
12125
12124
12123
12122
12121
12120
12119
12118
12117
12115
12114
12113
12112
12111
12110
12109
12108
12107
12106
12105
12104
12099
12098
12097
12095
12094
12093
12092
12091
12089
12088
12087
12084
12082
12081
12078
12077
12076
12075
12074
12073
12072
12071
12070
12069
12068
12066
12065
12064
12063
12062
12060
12059
12058
12057
12056
12055
12054
12049
12048
12047
12046
12045
12044
12043
12042
12041
12038
12037
12036
12035
12034
12033
12032
12030
12029
12028
12026
12019
12017
12015
12014
12013
12012
12011
12010
12008
12006
12005
12004
12002
12001
12000
11999
11998
11997
11996
11995
11993
11992
11990
11987
11985
11983
11982
11981
11980
11979
11978
11977
11976
11975
11974
11973
11972
11971
11970
11969
11967
11966
11965
11964
11963
11962
11961
11960
11959
11958
11957
11956
11955
11954
11953
11951
11950
11948
11946
11945
11944
11941
11939
11938
11937
11936
11935
11934
11933
11932
11931
11930
11928
11927
11926
11925
11924
11923
11922
11920
11919
11917
11916
11915
11913
11912
11910
11907
11905
11904
11903
11902
11900
11898
11897
11896
11895
11894
11893
11892
11891
11889
11888
11887
11886
11884
11883
11881
11879
11877
11876
11874
11873
11872
11871
11870
11869
11868
11867
11865
11864
11863
11862
11860
11859
11858
11857
11856
11855
11854
11853
11852
11851
11850
11849
11848
11847
11846
11845
11844
11843
11842
11841
11840
11839
11838
11837
11836
11835
11834
11833
11832
11830
11829
11828
11827
11826
11825
11824
11823
11821
11819
11818
11817
11816
11815
11812
11810
11809
11807
11806
11805
11804
11802
11801
11800
11798
11797
11796
11795
11794
11793
11791
11790
11789
11788
11787
11786
11785
11784
11783
11782
11781
11780
11779
11778
11777
11775
11774
11773
11772
11771
11770
11769
11768
11767
11765
11763
11762
11760
11759
11758
11756
11755
11753
11752
11750
11748
11747
11745
11744
11743
11742
11741
11740
11739
11738
11737
11736
11735
11734
11733
11732
11731
11730
11728
11727
11726
11725
11724
11723
11722
11721
11720
11718
11717
11716
11715
11714
11713
11712
11711
11710
11709
11708
11707
11706
11705
11704
11703
11702
11701
11700
11699
11698
11697
11696
11695
11694
11693
11692
11691
11690
11689
11688
11686
11685
11684
11683
11682
11681
11680
11678
11677
11676
11674
11672
11671
11669
11668
11667
11666
11665
11663
11662
11660
11659
11658
11657
11656
11655
11654
11653
11652
11651
11650
11649
11648
11647
11646
11644
11643
11642
11641
11640
11639
11638
11637
11636
11635
11634
11632
11631
11629
11627
11626
11625
11623
11622
11621
11620
11619
11618
11617
11616
11615
11614
11612
11611
11610
11609
11607
11606
11605
11603
11602
11600
11599
11598
11597
11596
11595
11594
11592
11591
11589
11588
11587
11586
11585
11583
11582
11578
11577
11575
11574
11573
11571
11569
11568
11567
11566
11565
11564
11563
11561
11559
11556
11555
11553
11552
11551
11550
11548
11547
11546
11544
11542
11541
11540
11538
11537
11536
11535
11534
11533
11532
11531
11530
11529
11528
11527
11526
11525
11524
11521
11520
11519
11518
11517
11515
11514
11513
11512
11511
11509
11508
11507
11506
11505
11504
11503
11502
11501
11500
11499
11498
11497
11496
11495
11494
11493
11492
11491
11490
11489
11488
11487
11486
11484
11480
11479
11477
11476
11475
11474
11473
11472
11471
11470
11469
11467
11466
11463
11462
11461
11460
11459
11457
11456
11455
11454
11452
11451
11449
11447
11445
11444
11443
11442
11441
11440
11439
11438
11437
11436
11435
11434
11433
11431
11430
11429
11428
11427
11426
11425
11424
11423
11421
11420
11419
11418
11417
11416
11415
11414
11413
11412
11411
11410
11409
11408
11407
11406
11405
11404
11403
11402
11401
11400
11399
11398
11397
11396
11395
11394
11393
11392
11391
11390
11389
11388
11387
11386
11385
11384
11383
11382
11381
11380
11379
11378
11377
11376
11375
11374
11373
11372
11371
11370
11369
11368
11367
11366
11365
11364
11363
11362
11361
11360
11359
11358
11357
11356
11355
11353
11351
11350
11349
11348
11347
11346
11345
11344
11343
11341
11340
11339
11338
11337
11336
11335
11334
11333
11332
11331
11330
11329
11328
11327
11326
11325
11324
11323
11322
11321
11320
11319
11318
11317
11316
11315
11314
11312
11311
11309
11308
11307
11306
11305
11304
11303
11302
11301
11300
11299
11298
11297
11296
11295
11294
11293
11292
11291
11290
11289
11288
11287
11285
11284
11283
11282
11281
11280
11279
11278
11277
11276
11275
11274
11273
11272
11268
11265
11264
11263
11259
11258
11257
11255
11254
11252
11250
11249
11247
11245
11244
11243
11242
11241
11239
11238
11237
11236
11235
11233
11229
11228
11226
11225
11223
11222
11221
11220
11218
11216
11215
11212
11209
11207
11206
11202
11201
11200
11199
11198
11196
11195
11194
11193
11192
11191
11190
11189
11188
11187
11186
11184
11183
11181
11180
11178
11177
11176
11175
11174
11173
11163
11162
11161
11160
11159
11158
11157
11156
11155
11154
11152
11151
11111
11110
11109
11108
11107
11106
11105
11104
11103
11102
11101
11100
11099
11098
11097
11096
11095
11094
11093
11092
11091
11090
11089
11088
11087
11086
11085
11084
11083
11082
11081
11080
11079
11078
11077
11076
11032
11031
11030
11028
11027
11026
11025
11024
11023
11021
11019
11017
11016
11014
11013
11011
11010
11009
11008
11007
11006
11005
11004
11001
11000
10999
10998
10996
10995
10994
10992
10991
10990
10989
10987
10986
10983
10981
10980
10979
10978
10977
10976
10974
10973
10972
10971
10970
10969
10968
10967
10965
10963
10962
10961
10960
10959
10958
10957
10956
10955
10954
10951
10950
10949
10947
10946
10945
10944
10943
10942
10941
10940
10939
10938
10937
10936
10935
10934
10933
10931
10930
10927
10925
10924
10923
10922
10920
10919
10915
10913
10912
10911
10910
10909
10906
10905
10904
10903
10902
10901
10900
10899
10898
10897
10896
10894
10893
10892
10891
10890
10889
10888
10887
10886
10885
10884
10882
10880
10879
10878
10877
10876
10875
10874
10873
10871
10870
10869
10868
10867
10866
10865
10863
10862
10859
10858
10857
10856
10855
10852
10851
10850
10849
10848
10847
10846
10845
10844
10843
10842
10841
10840
10839
10838
10837
10836
10835
10834
10833
10832
10830
10829
10826
10824
10822
10821
10820
10819
10817
10815
10813
10812
10811
10810
10809
10808
10807
10805
10803
10802
10801
10800
10799
10798
10795
10794
10793
10792
10790
10789
10788
10787
10786
10785
10784
10783
10782
10781
10780
10779
10778
10776
10775
10773
10771
10770
10768
10767
10766
10764
10763
10762
10761
10760
10759
10758
10756
10755
10754
10753
10751
10750
10748
10747
10746
10745
10743
10742
10741
10740
10738
10737
10736
10735
10734
10733
10731
10730
10729
10728
10727
10726
10725
10723
10722
10721
10720
10719
10718
10717
10714
10712
10711
10710
10709
10707
10706
10705
10704
10703
10702
10701
10700
10699
10698
10697
10696
10695
10694
10693
10692
10691
10690
10689
10686
10685
10684
10683
10682
10681
10680
10679
10678
10677
10676
10675
10673
10672
10671
10670
10669
10668
10667
10666
10665
10664
10663
10662
10661
10660
10659
10658
10657
10656
10655
10654
10653
10652
10651
10650
10649
10648
10647
10646
10645
10644
10643
10642
10641
10640
10639
10638
10637
10636
10633
10632
10631
10630
10629
10628
10627
10626
10625
10624
10623
10622
10621
10620
10619
10618
10617
10616
10615
10614
10613
10612
10611
10610
10608
10607
10606
10604
10603
10602
10601
10600
10596
10593
10592
10590
10589
10586
10585
10584
10583
10582
10581
10580
10579
10578
10576
10575
10574
10573
10572
10571
10570
10569
10568
10567
10566
10565
10564
10563
10562
10561
10560
10559
10558
10557
10556
10555
10554
10553
10552
10551
10550
10545
10544
10543
10542
10541
10540
10477
10476
10475
10474
10473
10472
10471
10470
10469
10468
10467
10466
10465
10464
10463
10462
10461
10460
10459
10458
10457
10456
10455
10454
10453
10452
10451
10450
10449
10448
10447
10446
10445
10444
10443
10442
10440
10439
10438
10437
10435
10434
10433
10432
10430
10429
10428
10427
10426
10425
10424
10423
10422
10421
10420
10419
10418
10417
10416
10415
10414
10413
10412
10411
10410
10409
10408
10407
10406
10405
10404
10403
10402
10401
10392
10391
10390
10389
10388
10386
10385
10384
10383
10382
10381
10380
10379
10378
10377
10376
10375
10374
10373
10371
10370
10369
10368
10367
10366
10365
10364
10363
10362
10361
10360
10359
10358
10357
10356
10355
10353
10352
10348
10347
10345
10344
10343
10342
10341
10340
10339
10338
10337
10336
10334
10333
10332
10321
10320
10319
10318
10317
10316
10315
10314
10307
10305
10299
10298
10285
10284
10283
10280
10279
10277
10276
10275
10273
10272
10269
10268
10267
10266
10265
10264
10263
10258
10257
10255
10254
10252
10251
10250
10249
10248
10247
10246
10245
10243
10242
10241
10240
10239
10238
10237
10236
10235
10234
10233
10232
10229
10228
10227
10226
10225
10224
10223
10222
10221
10219
10218
10217
10216
10215
10214
10213
10212
10211
10210
10209
10208
10207
10206
10205
10204
10203
10202
10201
10200
10199
10198
10197
10195
10194
10193
10192
10191
10190
10189
10188
10187
10186
10185
10184
10183
10182
10181
10180
10179
10178
10177
10176
10175
10174
10173
10172
10171
10170
10169
10168
10167
10166
10165
10164
10163
10162
10161
10160
10159
10158
10157
10156
10155
10154
10153
10152
10151
10150
10149
10148
10147
10146
10145
10144
10143
10142
10141
10140
10139
10138
10137
10136
10135
10134
10133
10132
10131
10130
10129
10128
10127
10126
10125
10124
10123
10122
10121
10120
10119
10118
10117
10116
10115
10114
10113
10112
10111
10110
10108
10107
10106
10105
10104
10103
10102
10101
10100
10099
10098
10095
10094
10093
10092
10091
10090
10089
10088
10087
10086
10085
10084
10083
10082
10081
10079
10078
10077
10075
10073
10072
10071
10069
10068
10067
10066
10065
10064
10063
10062
10061
10060
10059
10058
10056
10055
10054
10053
10052
10051
10049
10048
10047
10046
10045
10044
10043
10042
10041
10040
10039
10038
10037
10036
10035
10033
10032
10031
10030
10029
10027
10026
10025
10024
10023
10022
10021
10020
10018
10017
10016
10015
10014
10013
10012
10011
10010
10009
10007
10006
10004
10003
10002
10001
10000
9999
9998
9997
9996
9995
9994
9993
9992
9991
9990
9989
9988
9987
9986
9985
9984
9983
9982
9981
9980
9979
9978
9977
9976
9975
9974
9973
9972
9971
9970
9968
9967
9966
9965
9963
9962
9961
9960
9959
9958
9957
9954
9953
9952
9951
9950
9949
9948
9947
9946
9945
9944
9943
9942
9941
9940
9939
9938
9937
9936
9935
9934
9933
9932
9931
9930
9929
9928
9926
9925
9924
9923
9922
9921
9920
9919
9918
9916
9915
9914
9913
9912
9911
9910
9909
9908
9907
9906
9905
9904
9903
9902
9901
9900
9899
9898
9897
9896
9895
9894
9893
9892
9891
9890
9889
9888
9887
9886
9885
9884
9883
9882
9881
9880
9879
9878
9877
9876
9875
9874
9873
9872
9870
9869
9868
9867
9866
9865
9864
9863
9862
9861
9860
9859
9858
9857
9856
9855
9854
9853
9852
9851
9850
9849
9848
9847
9846
9845
9844
9843
9842
9841
9840
9839
9838
9837
9836
9835
9834
9833
9832
9831
9830
9829
9828
9827
9826
9825
9824
9823
9822
9821
9820
9818
9817
9816
9815
9814
9813
9812
9811
9810
9809
9808
9807
9806
9805
9804
9803
9802
9801
9800
9799
9798
9797
9796
9795
9794
9793
9792
9791
9790
9789
9788
9787
9786
9785
9784
9783
9782
9781
9780
9779
9778
9777
9776
9775
9774
9773
9772
9771
9770
9769
9768
9767
9766
9765
9764
9763
9762
9761
9760
9759
9758
9757
9756
9755
9754
9753
9752
9751
9750
9749
9748
9747
9746
9745
9744
9743
9742
9741
9740
9739
9738
9737
9736
9735
9734
9733
9732
9731
9730
9729
9728
9727
9726
9725
9724
9723
9722
9721
9720
9719
9718
9717
9716
9715
9714
9713
9712
9711
9710
9709
9708
9707
9706
9705
9704
9703
9702
9701
9700
9699
9698
9697
9696
9695
9694
9693
9692
9691
9690
9689
9688
9687
9686
9685
9684
9683
9682
9681
9680
9679
9678
9677
9676
9675
9673
9672
9671
9670
9669
9668
9667
9666
9665
9664
9663
9662
9661
9660
9659
9658
9657
9656
9655
9654
9653
9652
9651
9650
9649
9648
9647
9645
9644
9643
9642
9641
9640
9639
9638
9635
9634
9633
9632
9631
9630
9629
9628
9627
9626
9625
9624
9623
9622
9621
9620
9618
9617
9616
9615
9614
9613
9612
9611
9610
9609
9608
9607
9606
9605
9604
9603
9602
9601
9600
9599
9598
9597
9596
9595
9594
9593
9592
9591
9590
9589
9588
9587
9586
9585
9584
9583
9582
9581
9580
9579
9578
9577
9576
9575
9574
9573
9572
9571
9570
9569
9568
9567
9564
9563
9562
9561
9558
9557
9556
9555
9554
9552
9551
9550
9549
9548
9547
9545
9544
9543
9542
9541
9540
9539
9538
9537
9536
9534
9532
9530
9529
9528
9527
9526
9525
9524
9523
9522
9521
9520
9519
9518
9517
9516
9515
9514
9513
9512
9510
9509
9508
9506
9504
9503
9502
9501
9500
9499
9498
9497
9496
9495
9494
9493
9492
9491
9490
9489
9487
9486
9485
9484
9483
9482
9481
9480
9479
9478
9477
9476
9475
9474
9473
9472
9471
9470
9469
9468
9467
9466
9465
9464
9463
9462
9461
9460
9459
9458
9457
9456
9455
9454
9453
9452
9451
9450
9449
9448
9447
9446
9445
9444
9442
9440
9433
9432
9431
9429
9427
9425
9423
9401
9397
9395
9394
9393
9389
9388
9387
9386
9385
9376
9371
9370
9369
9361
9353
9351
9345
9344
9328
9320
9318
9317
9316
9315
9314
9313
9312
9311
9310
9309
9308
9307
9306
9305
9304
9303
9302
9301
9300
9299
9298
9297
9296
9295
9294
9293
9292
9291
9290
9289
9288
9287
9286
9285
9284
9283
9282
9281
9280
9279
9278
9277
9276
9275
9273
9271
9269
9267
9265
9263
9261
9259
9257
9255
9253
9251
9249
9247
9245
9243
9241
9239
9237
9235
9233
9231
9229
9227
9225
9223
9221
9219
9217
9215
9213
9211
9209
9207
9205
9203
9201
9199
9197
9195
9193
9191
9189
9187
9185
9183
9181
9179
9177
9175
9173
9171
9169
9167
9165
9163
9161
9159
9157
9155
9153
9151
9149
9147
9145
9143
9141
9139
9137
9135
9133
9131
9129
9127
9125
9123
9121
9119
9117
9115
9113
9111
9109
9107
9105
9103
9101
9099
9097
9095
9093
9091
9089
9087
9085
9083
9081
9079
9077
9073
9071
9069
9065
9061
9059
9041
9035
9031
9029
9027
9023
9015
9013
9003
8986
8984
8975
8972
8964
8961
8960
8952
8948
8944
8940
8937
8936
8932
8930
8926
8920
8918
8916
8914
8910
8908
8906
8896
8894
8892
8890
8888
8886
8884
8882
8880
8878
8876
8874
8870
8865
8861
8856
8852
8847
8845
8844
8841
8838
8836
8835
8834
8833
8832
8830
8826
8824
8822
8820
8806
8804
8800
8796
8794
8792
8790
8786
8784
8778
8776
8773
8768
8763
8761
8759
8755
8751
8749
8747
8743
8739
8735
8731
8727
8725
8721
8715
8711
8705
8701
8699
8697
8692
8686
8683
8681
8673
8663
8661
8657
8647
8641
8635
8633
8631
8626
8622
8621
8620
8614
8607
8602
8600
8592
8591
8588
8586
8584
8583
8579
8558
8555
8549
8545
8538
8532
8524
8522
8516
8510
8508
8506
8500
8497
8493
8491
8489
8478
8476
8472
8471
8470
8469
8460
8458
8447
8436
8432
8430
8425
8421
8415
8411
8404
8399
8397
8393
8392
8391
8385
8383
8374
8368
8366
8361
8359
8356
8355
8348
8341
8340
8332
8326
8322
8317
8313
8309
8306
8304
8297
8294
8291
8289
8285
8283
8258
8256
8254
8252
8249
8248
8244
8243
8241
8240
8239
8238
8237
8236
8235
8234
8230
8228
8215
8213
8210
8205
8201
8200
8199
8191
8185
8182
8177
8174
8172
8170
8161
8153
8151
8149
8147
8146
8140
8139
8136
8134
8132
8130
8128
8122
8118
8116
8114
8108
8103
8101
8099
8098
8097
8095
8094
8087
8084
8077
8075
8073
8071
8069
8052
8051
8047
8045
8040
8038
8036
8035
8032
8030
8029
8026
8024
8019
8015
8004
7921
7919
7918
7911
7909
7905
7903
7897
7894
7891
7889
7887
7884
7882
7880
7878
7876
7875
7873
7871
7869
7867
7865
7863
7861
7859
7857
7856
7851
7849
7845
7836
7834
7832
7830
7828
7826
7824
7820
7818
7815
7812
7802
7798
7792
7790
7786
7784
7773
7771
7765
7761
7744
7743
7740
7738
7737
7735
7733
7730
7723
7722
7720
7719
7714
7713
7706
7702
7700
7698
7694
7690
7686
7685
7681
7679
7678
7677
7671
7663
7660
7658
7650
7648
7644
7642
7640
7638
7632
7630
7625
7621
7620
7618
7615
7613
7611
7609
7607
7605
7603
7601
7599
7597
7595
7593
7592
7583
7582
7581
7580
7578
7576
7575
7574
7572
7570
7569
7568
7566
7560
7558
7556
7554
7552
7550
7548
7546
7544
7542
7530
7527
7521
7516
7509
7508
7507
7505
7501
7498
7497
7494
7493
7489
7487
7482
7481
7480
7477
7476
7474
7473
7463
7458
7456
7454
7452
7450
7446
7444
7442
7440
7438
7436
7434
7430
7428
7426
7422
7420
7418
7416
7415
7413
7411
7405
7403
7401
7399
7397
7395
7393
7391
7387
7385
7383
7381
7379
7377
7375
7373
7369
7367
7365
7363
7361
7357
7355
7353
7351
7345
7343
7339
7337
7336
7335
7334
7333
7332
7331
7330
7329
7328
7327
7326
7324
7304
7301
7300
7298
7292
7291
7282
7281
7279
7277
7275
7273
7271
7269
7267
7265
7263
7259
7256
7250
7248
7244
7242
7240
7236
7232
7230
7228
7203
7202
7197
7196
7179
7175
7174
7172
7170
7166
7158
7156
7152
7149
7142
7140
7132
7130
7128
7124
7122
7120
7118
7114
7112
7110
7108
7104
7100
7098
7096
7094
7090
7086
7082
7076
7071
7063
7050
7044
7043
7038
7034
7028
7022
7019
7016
7013
7007
7005
7004
7003
7001
6999
6996
6994
6993
6992
6988
6987
6980
6978
6977
6970
6967
6964
6963
6960
6959
6957
6956
6955
6954
6950
6949
6948
6946
6945
6944
6942
6939
6933
6931
6929
6928
6926
6924
6923
6922
6921
6915
6913
6911
6906
6902
6896
6894
6893
6891
6889
6887
6885
6883
6882
6880
6879
6877
6876
6875
6874
6873
6872
6871
6867
6864
6863
6861
6859
6858
6857
6855
6853
6849
6847
6845
6843
6840
6839
6836
6809
6806
6804
6802
6800
6794
6786
6780
6778
6774
6771
6768
6765
6759
6756
6753
6750
6748
6744
6743
6740
6737
6734
6731
6728
6721
6716
6714
6712
6706
6705
6703
6701
6700
6695
6693
6691
6690
6688
6684
6682
6680
6678
6673
6670
6669
6668
6667
6666
6665
6663
6661
6660
6659
6658
6657
6656
6655
6654
6653
6652
6651
6650
6649
6648
6647
6646
6645
6644
6643
6642
6641
6640
6639
6638
6637
6636
6635
6634
6633
6632
6631
6630
6624
6622
6604
6603
6530
6526
6525
6522
6516
6515
6514
6512
6510
6509
6508
6503
6501
6500
6498
6497
6496
6495
6494
6493
6492
6490
6489
6488
6487
6486
6485
6484
6483
6482
6481
6479
6478
6476
6475
6474
6473
6472
6470
6469
6468
6466
6465
6464
6463
6462
6461
6460
6459
6458
6457
6456
6455
6454
6453
6451
6450
6449
6447
6441
6438
6437
6434
6424
6422
6421
6420
6419
6418
6417
6416
6415
6414
6413
6412
6411
6410
6409
6408
6407
6406
6405
6404
6403
6402
6393
6392
6391
6390
6389
6388
6387
6385
6384
6383
6382
6381
6380
6379
6378
6377
6376
6375
6374
6373
6372
6371
6370
6368
6366
6365
6364
6362
6361
6360
6359
6358
6356
6355
6354
6353
6351
6350
6349
6348
6347
6346
6345
6344
6343
6342
6341
6340
6338
6337
6336
6335
6334
6333
6332
6331
6330
6329
6328
6327
6326
6325
6320
6318
6317
6316
6315
6313
6312
6311
6310
6309
6308
6307
6306
6305
6304
6303
6302
6301
6300
6299
6298
6293
6292
6291
6290
6287
6286
6285
6284
6283
6282
6281
6280
6279
6278
6277
6275
6273
6272
6271
6270
6267
6266
6265
6264
6261
6260
6259
6255
6254
6253
6250
6249
6248
6247
6246
6245
6244
6243
6242
6241
6240
6239
6237
6236
6234
6232
6231
6230
6229
6227
6223
6222
6221
6220
6219
6218
6217
6216
6215
6214
6213
6212
6211
6210
6208
6207
6206
6205
6204
6202
6201
6200
6199
6198
6197
6195
6194
6193
6192
6191
6189
6188
6187
6185
6184
6183
6182
6180
6179
6178
6177
6176
6175
6174
6173
6172
6171
6170
6169
6168
6167
6166
6165
6164
6161
6159
6158
6157
6156
6155
6154
6153
6152
6151
6149
6148
6147
6146
6145
6144
6143
6142
6141
6140
6139
6138
6137
6136
6135
6134
6133
6132
6131
6129
6128
6127
6125
6124
6123
6122
6121
6120
6119
6118
6117
6116
6114
6113
6112
6111
6110
6109
6108
6107
6105
6104
6103
6102
6101
6100
6099
6098
6096
6095
6094
6093
6092
6090
6089
6088
6087
6086
6085
6084
6083
6082
6081
6080
6079
6078
6077
6076
6075
6074
6073
6072
6071
6070
6069
6068
6067
6066
6064
6063
6062
6061
6060
6059
6057
6056
6055
6054
6053
6052
6051
6050
6049
6047
6046
6045
6044
6043
6042
6041
6040
6038
6037
6035
6033
6032
6030
6029
6028
6027
6026
6025
6024
6023
6022
6021
6019
6018
6017
6016
6015
6014
6013
6012
6011
6010
6009
6008
6007
6006
6004
6003
6002
6001
6000
5998
5997
5996
5995
5994
5993
5992
5991
5989
5987
5986
5983
5982
5981
5979
5978
5977
5975
5974
5973
5972
5970
5969
5968
5967
5966
5965
5964
5962
5961
5959
5957
5956
5955
5954
5953
5952
5950
5949
5948
5945
5944
5943
5942
5941
5940
5939
5938
5937
5936
5935
5934
5932
5931
5930
5929
5927
5926
5925
5924
5923
5922
5921
5920
5918
5917
5916
5914
5913
5910
5909
5908
5907
5906
5905
5904
5903
5902
5901
5900
5899
5898
5896
5895
5894
5893
5892
5890
5889
5888
5887
5886
5885
5884
5883
5881
5880
5879
5877
5876
5875
5874
5873
5871
5870
5869
5868
5867
5866
5865
5864
5863
5861
5860
5859
5858
5857
5855
5854
5852
5851
5850
5849
5848
5846
5845
5843
5842
5840
5836
5834
5833
5832
5830
5828
5826
5825
5821
5820
5819
5818
5817
5816
5812
5808
5807
5806
5804
5802
5801
5800
5798
5796
5795
5794
5793
5792
5791
5790
5789
5788
5787
5786
5785
5784
5783
5782
5781
5780
5779
5778
5776
5774
5773
5772
5770
5769
5768
5767
5766
5763
5761
5760
5759
5757
5756
5755
5754
5752
5751
5750
5748
5747
5746
5745
5744
5743
5742
5741
5740
5738
5737
5736
5735
5734
5733
5732
5731
5730
5729
5727
5725
5723
5722
5721
5720
5717
5716
5715
5714
5713
5712
5710
5709
5708
5707
5706
5705
5704
5703
5702
5701
5699
5698
5697
5696
5695
5692
5691
5690
5689
5688
5687
5686
5685
5683
5682
5681
5680
5679
5678
5677
5676
5675
5673
5672
5671
5670
5669
5666
5663
5662
5661
5660
5659
5656
5655
5653
5651
5650
5649
5648
5647
5646
5645
5644
5643
5642
5641
5640
5615
5613
5611
5610
5609
5608
5607
5606
5604
5603
5601
5600
5599
5598
5597
5596
5595
5594
5593
5592
5591
5590
5589
5588
5586
5585
5584
5583
5582
5581
5579
5578
5577
5576
5575
5574
5573
5572
5571
5569
5567
5566
5565
5563
5562
5561
5560
5559
5558
5557
5556
5555
5554
5553
5544
5539
5526
5525
5524
5523
5522
5521
5520
5519
5518
5517
5515
5513
5512
5511
5510
5509
5508
5507
5505
5502
5498
5497
5496
5495
5493
5490
5489
5488
5486
5485
5484
5482
5481
5479
5478
5476
5475
5474
5473
5472
5471
5470
5469
5468
5467
5465
5462
5461
5460
5459
5458
5457
5456
5455
5454
5453
5451
5450
5449
5448
5446
5442
5440
5439
5438
5437
5436
5435
5434
5433
5432
5429
5428
5427
5425
5424
5423
5422
5421
5420
5419
5418
5417
5416
5415
5414
5413
5412
5411
5410
5409
5408
5407
5406
5405
5403
5402
5400
5399
5398
5397
5396
5394
5393
5390
5389
5388
5387
5386
5385
5382
5381
5380
5375
5370
5368
5367
5358
5357
5356
5354
5349
5348
5347
5346
5341
5340
5339
5338
5337
5336
5335
5334
5333
5332
5330
5329
5328
5327
5326
5325
5324
5323
5322
5321
5320
5319
5317
5316
5308
5307
5306
5304
5302
5301
5300
5299
5298
5297
5296
5295
5294
5293
5291
5290
5289
5288
5287
5285
5284
5283
5281
5280
5279
5278
5277
5276
5275
5273
5272
5271
5270
5269
5268
5267
5266
5265
5264
5263
5262
5261
5260
5259
5258
5257
5256
5255
5253
5252
5251
5250
5249
5248
5247
5246
5245
5244
5242
5241
5240
5239
5238
5236
5235
5229
5224
5223
5222
5221
5220
5219
5218
5217
5216
5215
5214
5213
5212
5210
5209
5208
5205
5204
5203
5202
5201
5200
5197
5196
5190
5188
5187
5186
5185
5184
5183
5182
5181
5179
5178
5177
5176
5175
5174
5173
5172
5171
5170
5167
5165
5164
5163
5161
5160
5158
5156
5154
5151
5150
5144
5143
5142
5141
5134
5133
5132
5131
5130
5129
5128
5127
5126
5124
5123
5122
5121
5120
5119
5117
5116
5115
5113
5112
5111
5110
5109
5108
5107
5106
5105
5104
5103
5102
5101
5100
5099
5098
5097
5096
5094
5093
5092
5091
5090
5089
5088
5087
5086
5085
5084
5083
5082
5081
5080
5079
5078
5077
5076
5075
5074
5072
5071
5069
5068
5067
5066
5065
5064
5063
5062
5061
5060
5059
5058
5057
5056
5055
5054
5053
5052
5051
5050
5049
5048
5047
5046
5045
5044
5043
5039
5038
5037
5036
5035
5034
5033
5032
5031
5030
5029
5028
5027
5026
5025
5024
5023
5022
5021
5020
5019
5017
5016
5014
5012
5011
5010
5009
5008
5005
5004
5003
5002
5001
5000
4999
4998
4997
4996
4995
4993
4992
4991
4990
4989
4988
4986
4984
4983
4982
4981
4980
4979
4978
4977
4976
4975
4974
4973
4972
4970
4969
4968
4967
4966
4965
4963
4961
4959
4957
4955
4953
4951
4949
4947
4945
4943
4941
4940
4939
4930
4929
4928
4927
4926
4925
4923
4922
4921
4920
4919
4918
4916
4914
4913
4912
4911
4910
4909
4908
4906
4905
4904
4903
4902
4901
4900
4899
4898
4897
4896
4895
4892
4891
4890
4889
4888
4887
4886
4882
4881
4880
4876
4875
4874
4869
4868
4867
4859
4855
4853
4851
4833
4829
4827
4822
4820
4812
4808
4801
4786
4700
4699
4695
4691
4687
4685
4681
4679
4676
4673
4671
4669
4666
4664
4662
4660
4658
4657
4655
4653
4651
17500
4647
17498
4645
17494
4641
17492
4639
17486
4633
17484
4631
17482
4629
17478
4625
17476
4623
17471
4618
17469
4616
17467
4614
17465
4612
17463
4610
17461
4608
17457
4604
17453
4600
17450
4597
4594
17446
4593
17442
4589
4584
17433
4580
17427
4574
17421
4568
17419
4566
17410
4557
17408
4555
17406
4553
17390
4537
17375
4522
17373
4520
17372
4519
17370
4517
17368
4515
17367
4514
17365
4512
17362
4509
17358
4505
17357
4504
17356
4503
17355
4502
17354
4501
17349
4496
4495
17341
4488
17339
4486
17337
4484
17331
4478
17329
4476
17327
4474
17325
4472
17324
4471
17321
4468
17320
4467
17316
4463
17314
4461
17313
4460
17312
4459
17306
4453
17298
4445
17295
4442
17293
4440
17288
4435
17285
4432
17283
4430
17279
4426
17277
4424
17275
4422
17273
4420
17271
4418
17269
4416
4414
17265
4412
17260
4407
17256
4403
17252
4399
4397
4393
17244
4391
17242
4389
17240
4387
17238
4385
4383
17234
4381
17228
4375
17227
4374
17218
4365
17217
4364
17216
4363
17215
4362
17214
4361
17213
4360
17211
4358
17210
4357
17209
4356
17208
4355
17205
4352
17204
4351
17203
4350
17201
4348
17195
4342
17193
4340
17191
4338
17189
4336
17187
4334
17185
4332
17183
4330
17181
4328
17179
4326
4324
17165
4312
17162
4309
17156
4303
17154
4301
17151
4298
17144
4291
17142
4289
17139
4286
17132
4279
17122
4269
17117
4264
17116
4263
17112
4259
4258
4256
17108
4255
17106
4253
4251
17100
4247
17098
4245
17095
4242
17093
4240
17091
4238
4237
17089
4236
4234
4230
4226
17077
4224
17073
4220
4218
4216
4212
17063
4210
4204
4202
4198
4197
4195
17046
4193
4187
4179
17030
4177
4171
17022
4169
17020
4167
17018
4165
17016
4163
17012
4159
17010
4157
17008
4155
17006
4153
17004
4151
17002
4149
17000
4147
16998
4145
16994
4141
16992
4139
16990
4137
16988
4135
16986
4133
16982
4129
16980
4127
16978
4125
16974
4121
16972
4119
16961
4108
16960
4107
16959
4106
16958
4105
16957
4104
16939
4086
16936
4083
16935
4082
16933
4080
16927
4074
4073
4071
4064
16916
4063
4061
4059
4057
16906
4053
16902
4049
16900
4047
16898
4045
4043
4041
4038
16889
4036
16887
4034
16885
4032
16881
4028
16879
4026
4024
16875
4022
16873
4020
16867
4014
16865
4012
16863
4010
16838
3985
16837
3984
16832
3979
16831
3978
16829
3976
16814
3961
16810
3957
16807
3954
16805
3952
16803
3950
16801
3948
16799
3946
3944
16793
3940
3938
16789
3936
16787
3934
16784
3931
16782
3929
16780
3927
16777
3924
16773
3920
16771
3918
16765
3912
3906
16757
3904
16753
3900
16749
3896
16747
3894
16745
3892
16743
3890
16741
3888
16739
3886
16735
3882
16733
3880
3878
3876
3874
16723
3870
3868
3864
16715
3862
16711
3858
3856
16706
3853
16698
3845
3842
3840
16691
3838
16690
3837
3836
16687
3834
3832
3831
3826
16678
3825
16673
3820
16669
3816
16667
3814
16663
3810
3807
3804
3801
3798
16648
3795
16644
3791
3789
16640
3787
16636
3783
16633
3780
16631
3778
16623
3770
16621
3768
16615
3762
16612
3759
3753
3752
16602
3749
16601
3748
16599
3746
16598
3745
3742
3741
3739
16591
3738
16590
3737
16589
3736
16585
3732
3731
16583
3730
16581
3728
16580
3727
16577
3724
16575
3722
16574
3721
16571
3718
16568
3715
16566
3713
16565
3712
16564
3711
16563
3710
16561
3708
16559
3706
16558
3705
16557
3704
16556
3703
16552
3699
3697
16548
3695
16546
3693
16545
3692
16541
3688
16540
3687
16538
3685
16536
3683
16535
3682
16534
3681
16532
3679
16526
3673
16520
3667
16518
3665
16517
3664
16515
3662
16514
3661
16511
3658
16510
3657
16508
3655
16507
3654
16500
3647
16496
3643
16490
3637
16488
3635
16484
3631
16482
3629
16480
3627
16478
3625
16477
3624
16475
3622
16474
3621
16472
3619
16470
3617
16468
3615
3614
16456
3603
16454
3601
3591
16441
3588
16437
3584
3582
3579
16429
3576
16427
3574
16425
3572
16421
3568
16419
3566
16417
3564
16415
3562
16413
3560
16412
3559
16409
3556
16407
3554
16406
3553
16403
3550
3547
3544
16394
3541
16391
3538
16388
3535
16385
3532
16381
3528
16379
3526
3525
16375
3522
16369
3516
16367
3514
16366
3513
16364
3511
3510
16361
3508
16358
3505
16356
3503
16355
3502
16351
3498
16349
3496
16347
3494
16340
3487
16338
3485
16336
3483
16330
3477
16328
3475
16326
3473
16304
3451
16303
3450
16301
3448
16300
3447
16298
3445
16297
3444
16295
3442
16294
3441
16292
3439
16291
3438
16289
3436
16287
3434
16285
3432
16283
3430
3428
16279
3426
16277
3424
16275
3422
16273
3420
16272
3419
16271
3418
16270
3417
16269
3416
16268
3415
16265
3412
16259
3406
16257
3404
16247
3394
16239
3386
16238
3385
16165
3312
16161
3308
16150
3297
16148
3295
16146
3293
16144
3291
16141
3288
16138
3285
3282
16133
3280
16131
3278
16130
3277
16127
3274
16126
3273
3272
16123
3270
16121
3268
16120
3267
3264
16115
3262
16113
3260
16111
3258
16109
3256
3254
16105
3252
16103
3250
16101
3248
16099
3246
16097
3244
16095
3242
16093
3240
16091
3238
3236
16087
3234
16085
3232
16083
3230
16073
3220
16072
3219
16057
3204
16056
3203
16054
3201
16053
3200
16052
3199
3198
16050
3197
16048
3195
16047
3194
16046
3193
16044
3191
16043
3190
16040
3187
16038
3185
16036
3183
16034
3181
16033
3180
16030
3177
16028
3175
16027
3174
16026
3173
16025
3172
16024
3171
16023
3170
16022
3169
16020
3167
16019
3166
16017
3164
16016
3163
16015
3162
16014
3161
16012
3159
16010
3157
16008
3155
16006
3153
16005
3152
16004
3151
16002
3149
16000
3147
15998
3145
15996
3143
15994
3141
15992
3139
15990
3137
15988
3135
15986
3133
15984
3131
15982
3129
15980
3127
15978
3125
15976
3123
15974
3121
15972
3119
15970
3117
15968
3115
15966
3113
15964
3111
15962
3109
15960
3107
15959
3106
15958
3105
15956
3103
15954
3101
15952
3099
15950
3097
15948
3095
15946
3093
15945
3092
15944
3091
3089
15940
3087
15938
3085
15936
3083
15934
3081
15932
3079
15930
3077
15928
3075
15926
3073
15924
3071
15922
3069
15921
3068
15918
3065
15917
3064
15914
3061
15913
3060
15912
3059
15910
3057
15908
3055
15906
3053
15904
3051
15903
3050
15901
3048
15899
3046
3045
15896
3043
15891
3038
15890
3037
15889
3036
15887
3034
15885
3032
15884
3031
15883
3030
15881
3028
15880
3027
15879
3026
15877
3024
15876
3023
15875
3022
15873
3020
15871
3018
15869
3016
15867
3014
15865
3012
15863
3010
15861
3008
15859
3006
15857
3004
15856
3003
15855
3002
15852
2999
15851
2998
15850
2997
15848
2995
15847
2994
15846
2993
15844
2991
15842
2989
15840
2987
15838
2985
15836
2983
2981
15831
2978
15830
2977
15828
2975
15826
2973
15825
2972
15822
2969
15820
2967
15819
2966
15816
2963
15813
2960
2959
15809
2956
15808
2955
15807
2954
15806
2953
15805
2952
15803
2950
2948
15800
2947
15799
2946
15797
2944
15796
2943
15795
2942
15794
2941
15793
2940
15791
2938
2937
2936
15788
2935
2934
2933
15784
2931
15783
2930
2929
15780
2927
2925
15776
2923
15774
2921
15772
2919
2917
15768
2915
15766
2913
15764
2911
15762
2909
2907
15758
2905
15756
2903
2901
15752
2899
2897
15749
2896
15746
2893
2892
15744
2891
15742
2889
15741
2888
15738
2885
15737
2884
15734
2881
15732
2879
2877
15729
2876
15726
2873
2871
15722
2869
15720
2867
15718
2865
2863
15714
2861
15712
2859
2857
15708
2855
2853
15704
2851
15702
2849
2847
15698
2845
15696
2843
15694
2841
15692
2839
15691
2838
15688
2835
2833
15685
2832
15684
2831
15683
2830
15682
2829
15681
2828
15678
2825
15676
2823
15674
2821
2819
15670
2817
15668
2815
15667
2814
15666
2813
2811
15662
2809
15661
2808
15660
2807
15658
2805
15657
2804
15656
2803
15654
2801
15653
2800
15652
2799
15651
2798
15649
2796
15648
2795
15647
2794
2792
2791
15643
2790
15641
2788
15640
2787
2784
15636
2783
15635
2782
15633
2780
15632
2779
15630
2777
15629
2776
15628
2775
2774
15626
2773
15624
2771
2770
15621
2768
15620
2767
15618
2765
15617
2764
15615
2762
15614
2761
15612
2759
15611
2758
15610
2757
15609
2756
15608
2755
15605
2752
15604
2751
2749
15601
2748
15599
2746
15598
2745
15597
2744
15596
2743
15594
2741
2739
2738
15590
2737
15589
2736
15587
2734
15585
2732
15584
2731
15583
2730
15582
2729
15580
2727
2725
15576
2723
15575
2722
15573
2720
2718
2717
15569
2716
15567
2714
15566
2713
2712
15564
2711
15563
2710
15562
2709
15561
2708
2707
2706
15557
2704
15556
2703
2702
15552
2699
15551
2698
15550
2697
2696
15548
2695
2693
15545
2692
15544
2691
2690
15542
2689
2687
15539
2686
15538
2685
15537
2684
2682
15534
2681
15532
2679
15531
2678
15529
2676
15528
2675
15527
2674
15526
2673
15524
2671
15522
2669
15521
2668
15519
2666
2665
15517
2664
2663
2662
15514
2661
15513
2660
15512
2659
15511
2658
15509
2656
15508
2655
9075
2654
15506
2653
15504
2651
2649
15500
2647
9067
2646
15498
2645
15496
2643
9063
15495
2642
2641
15492
2639
9057
15489
2636
9055
15487
2634
9053
2632
9051
15483
2630
9049
2628
9047
2626
9045
15477
2624
9043
15475
2622
9039
15471
2618
9037
2616
9033
15465
2612
9025
15457
2604
9021
15453
2600
9019
15451
2598
9017
2596
15444
2591
15442
2589
2583
15434
2581
15432
2579
15430
2577
8982
15414
2561
8980
15412
2559
2557
8976
15408
2555
8974
15406
2553
8970
15402
2549
8968
15400
2547
8962
2541
15390
2537
8954
2533
8950
2529
8946
2525
15374
2521
8934
15366
2513
8933
15365
2512
8931
2510
8929
15361
2508
8927
2506
8925
15357
2504
8923
2502
8921
15353
2500
8919
2498
8901
15333
2480
8897
15329
2476
15327
2474
8889
15321
2468
8879
2458
8872
2451
8868
15300
2447
8866
15298
2445
8864
2443
8862
15294
2441
8860
2439
8858
2437
2430
8843
15275
2422
8839
2418
8831
15263
2410
8829
2408
2406
8825
15257
2404
15231
2378
8793
15225
2372
8791
2370
8772
2351
8771
15203
2350
8769
2348
8767
2346
2344
8757
2336
2332
8746
2325
8744
2323
8742
15174
2321
8741
15173
2320
8737
15169
2316
8733
15165
2312
8729
2308
8723
2302
8719
2298
8717
15149
2296
8713
2292
2288
8703
2282
2274
8693
2272
8691
2270
2268
2266
2264
8677
15109
2256
8675
15107
2254
8671
15103
2250
8668
15100
2247
8660
15092
2239
8655
15087
2234
8652
15084
2231
8651
15083
2230
2228
8646
2225
8640
2219
8629
2208
8625
15057
2204
8619
15051
2198
8616
15048
2195
8613
15045
2192
8610
15042
2189
8606
15038
2185
8604
15036
2183
15033
2180
8598
15030
2177
8596
2175
8595
15027
2174
8593
2172
8590
15022
2169
8589
15021
2168
8585
15017
2164
8577
15009
2156
8574
15006
2153
15000
2147
8567
14999
2146
8564
14996
2143
8563
14995
2142
8561
14993
2140
8560
14992
2139
8557
14989
2136
8556
14988
2135
8554
14986
2133
8552
14984
2131
8551
14983
2130
8547
14979
2126
2125
8543
14975
2122
8542
14974
2121
14971
2118
2116
8536
14968
2115
8533
14965
2112
8530
14962
2109
2106
8526
14958
2105
8525
14957
2104
8523
14955
2102
8521
14953
2100
14951
2098
14950
2097
8514
14946
2093
8512
14944
2091
8507
14939
2086
8503
14935
2082
8502
14934
2081
8499
14931
2078
8498
14930
2077
2075
8494
14926
2073
2069
14920
2067
8482
14914
2061
8480
14912
2059
14911
2058
14909
2056
14906
2053
14905
2052
8468
2047
8464
14896
2043
8462
2041
8461
14893
2040
14889
2036
14888
2035
8454
14886
2033
8452
14884
2031
8450
14882
2029
14880
2027
14878
2025
14872
2019
8439
2018
14870
2017
8437
14869
2016
8434
14866
2013
14865
2012
8431
2010
14861
2008
8418
14850
1997
14848
1995
8413
14845
1992
8406
14838
1985
8403
14835
1982
8401
1980
8394
14826
1973
8389
1968
8387
14819
1966
8381
14813
1960
8379
14811
1958
8377
14809
1956
8375
14807
1954
8371
14803
1950
8369
14801
1948
8365
1944
8362
14794
1941
8353
14785
1932
8350
1929
8347
14779
1926
8345
1924
8343
14775
1922
8337
14769
1916
8334
14766
1913
14763
1910
14761
1908
8328
14760
1907
8325
1904
8323
14755
1902
8321
1900
8320
1899
14750
1897
8311
14743
1890
8307
14739
1886
8303
14735
1882
8302
14734
1881
8300
14732
1879
8298
14730
1877
8295
14727
1874
8293
14725
1872
8292
14724
1871
8290
14722
1869
8288
14720
1867
14705
1852
14699
1846
14698
1845
14696
1843
14693
1840
14692
1839
8259
14691
1838
8257
14689
1836
8255
14687
1834
8253
14685
1832
8251
14683
1830
8250
14682
1829
8247
14679
1826
8246
14678
1825
8245
1824
8242
14674
1821
8233
14665
1812
8232
14664
1811
8231
14663
1810
14661
1808
14659
1806
14653
1800
8219
14651
1798
14641
1788
8127
14559
1706
8123
1702
8119
14551
1698
8117
14549
1696
8113
14545
1692
1690
8109
1688
8107
1686
1685
8105
1684
8102
1681
8100
1679
8096
1675
8092
1671
8091
1670
8089
1668
8088
1667
8086
14518
1665
8085
14517
1664
8083
14515
1662
4864
8082
1661
8081
14513
1660
1659
8079
1658
4860
8078
14510
1657
8076
1655
4856
8074
1653
4854
8072
1651
4852
8070
1649
4850
8068
14500
1647
4849
8067
14499
1646
4848
8066
14498
1645
4847
8065
14497
1644
8064
14496
1643
4845
8063
14495
1642
4844
1641
4843
14493
1640
4842
14492
1639
4841
14491
1638
8058
14490
1637
8057
14489
1636
4838
8056
14488
1635
4837
8055
14487
1634
4836
8054
14486
1633
8053
1632
4832
1629
8049
1628
4830
14480
1627
4828
8046
14478
1625
4826
8044
14476
1623
4816
8034
14466
1613
4813
8031
14463
1610
8022
14454
1601
4803
8021
1600
4800
8018
14450
1597
4799
8017
14449
1596
4798
8016
1595
4796
8014
14446
1593
4795
8013
14445
1592
4794
8012
1591
8011
14443
1590
4792
14442
1589
4791
8009
14441
1588
4790
8008
14440
1587
4789
1586
4788
8006
14438
1585
4787
8005
14437
1584
4785
8003
14435
1582
14434
1581
4783
8001
14433
1580
4782
8000
14432
1579
7999
14431
1578
7998
14430
1577
7997
14429
1576
4778
7996
1575
14427
1574
4776
7994
14426
1573
7993
1572
7992
14424
1571
4773
7991
1570
4772
7990
14422
1569
4771
7989
14421
1568
4770
7988
14420
1567
4769
7987
14419
1566
4768
7986
14418
1565
4767
14417
1564
4766
7984
1563
4765
7983
14415
1562
4764
7982
14414
1561
4763
7981
14413
1560
4762
7980
14412
1559
4761
7979
14411
1558
4760
7978
14410
1557
4759
7977
14409
1556
7976
1555
4757
7975
14407
1554
4756
7974
1553
4755
7973
14405
1552
4754
7972
1551
4753
7971
14403
1550
4752
7970
14402
1549
7969
14401
1548
7968
14400
1547
4749
7967
1546
4748
7966
14398
1545
14397
1544
4746
7964
1543
4745
7963
14395
1542
4744
14394
1541
4743
7961
14393
1540
4742
7960
14392
1539
4741
7959
1538
4740
7958
1537
4739
7957
14389
1536
4738
7956
14388
1535
7955
14387
1534
4736
7954
14386
1533
7953
14385
1532
7952
14384
1531
7951
1530
4732
7950
14382
1529
7949
14381
1528
7948
14380
1527
4729
7947
14379
1526
4728
7946
14378
1525
14377
1524
4726
7944
14376
1523
4725
7943
14375
1522
4724
7942
14374
1521
4723
14373
1520
1519
4721
7939
1518
4720
1517
14369
1516
4718
14368
1515
1514
14366
1513
4715
14365
1512
14364
1511
4713
14363
1510
4712
7930
14362
1509
4711
14361
1508
14360
1507
7927
14359
1506
14358
1505
4707
7925
14357
1504
4706
1503
4705
14355
1502
4704
14354
1501
7920
14352
1499
4698
7916
14348
1495
4697
7915
14347
1494
4696
7914
14346
1493
4694
7912
14344
1491
4692
7910
1489
4690
1487
4689
14339
1486
4688
7906
14338
1485
4686
7904
14336
1483
4684
7902
1481
4682
7900
14332
1479
4680
7898
14330
1477
4678
7896
14328
1475
4677
14327
1474
4675
14325
1472
7892
1471
4672
7890
14322
1469
4670
7888
1467
4668
7886
14318
1465
7885
1464
4665
7883
14315
1462
4663
7881
1460
4661
7879
1458
4659
7877
14309
1456
4650
7868
1447
7860
14292
1439
17490
4637
14287
1434
17488
4635
7853
14285
1432
17487
4634
7852
14284
1431
17481
4628
1425
17475
4622
7840
14272
1419
17470
4617
7835
1414
7831
14263
1410
17464
4611
1408
17460
4607
14257
1404
17454
4601
1398
7816
14248
1395
17448
4595
1392
14242
1389
17441
4588
7806
14238
1385
17439
4586
7804
1383
4583
7801
14233
1380
4582
7800
1379
4578
7796
1375
4577
7795
14227
1374
17428
4575
14225
1372
17426
4573
7791
14223
1370
17424
4571
7789
14221
1368
17420
4567
7785
1364
17418
4565
14215
1362
17412
4559
7777
14209
1356
7774
14206
1353
17403
4550
7768
14200
1347
4549
7767
14199
1346
1343
14195
1342
7760
1339
7757
14189
1336
17391
4538
1335
14186
1333
7753
14185
1332
17387
4534
7752
14184
1331
17386
4533
7751
1330
17382
4529
7747
1326
17381
4528
7746
14178
1325
17380
4527
7745
14177
1324
17377
4524
7742
1321
7741
14173
1320
17374
4521
7739
1318
17371
4518
7736
1315
17363
4510
14160
1307
17361
4508
7726
14158
1305
7725
14157
1304
7718
14150
1297
17347
4494
7712
14144
1291
17345
4492
7710
14142
1289
17343
4490
7708
14140
1287
17342
4489
7707
14139
1286
17338
4485
14135
1282
14131
1278
7697
14129
1276
17328
4475
7693
14125
1272
17326
4473
7691
1270
14116
1263
7682
14114
1261
7680
14112
1259
17311
4458
7676
14108
1255
17309
4456
7674
14106
1253
17308
4455
7673
14105
1252
17307
4454
7672
14104
1251
17305
4452
7670
14102
1249
17304
4451
7669
14101
1248
17303
4450
7668
14100
1247
17299
4446
7664
14096
1243
17297
4444
7662
14094
1241
17296
4443
7661
14093
1240
7657
14089
1236
17291
4438
7656
14088
1235
17290
4437
7655
14087
1234
17289
4436
7654
14086
1233
7652
14084
1231
4421
7639
14071
1218
17272
4419
1216
4415
7633
14065
1212
4413
7631
14063
1210
4411
7629
14061
1208
17251
4398
7616
14048
1195
17241
4388
7606
14038
1185
7594
14026
1173
17226
4373
7591
14023
1170
17224
4371
7589
14021
1168
17222
4369
7587
14019
1166
17220
4367
7585
14017
1164
17212
4359
14009
1156
17206
4353
1150
17200
4347
13997
1144
17197
4344
7562
13994
1141
17194
4341
13991
1138
17188
4335
13985
1132
17182
4329
13979
1126
17180
4327
7545
13977
1124
4325
1122
17176
4323
13973
1120
7540
13972
1119
17172
4319
1116
17169
4316
7534
13966
1113
17166
4313
1110
17164
4311
13961
1108
7528
1107
17161
4308
7526
13958
1105
17160
4307
13957
1104
4305
13955
1102
7520
13952
1099
7518
13950
1097
17152
4299
1096
13945
1092
17146
4293
13943
1090
17138
4285
7503
13935
1082
4284
13934
1081
17135
4282
7500
1079
7495
1074
7492
13924
1071
7490
13922
1069
13920
1067
7485
1064
17114
4261
7479
13911
1058
4257
7475
13907
1054
17105
4252
7470
1049
17102
4249
7467
13899
1046
17101
4248
7466
13898
1045
17099
4246
7464
1043
17097
4244
7462
1041
2637
17096
4243
13893
1040
4241
7459
13891
1038
17092
4239
7457
13889
1036
15482
2629
4235
7453
13885
1032
4233
1030
15478
2625
7449
1028
2623
17082
4229
13879
1026
7445
13877
1024
2619
17078
4225
7443
13875
1022
15470
2617
17076
4223
7441
13873
1020
15468
2615
17074
4221
7439
1018
15466
2613
4219
7437
13869
1016
4217
7435
13867
1014
15462
2609
7433
13865
1012
2607
17066
4213
7431
13863
1010
15458
2605
17064
4211
7429
13861
1008
15456
2603
7427
13859
1006
17056
4203
7421
1000
4201
7419
13851
998
8997
2576
7400
979
898
16952
4099
7317
13749
896
16948
4095
7313
13745
892
8909
15341
2488
4094
7312
13744
891
7311
890
8907
15339
2486
16945
4092
13742
889
4091
7309
13741
888
8905
15337
2484
16943
4090
7308
13740
887
16942
4089
13739
886
8903
15335
2482
16941
4088
7306
13738
885
16940
4087
7305
13737
884
16938
4085
7303
13735
882
8899
15331
2478
16937
4084
7302
13734
881
4079
7297
13729
876
8893
15325
2472
16931
4078
7296
875
4077
7295
874
8891
15323
2470
16929
4076
7294
13726
873
4075
7293
13725
872
8887
15319
2466
4072
7290
13722
869
8885
2464
4070
7288
867
16922
4069
7287
13719
866
8883
15315
2462
4068
13718
865
16920
4067
7285
13717
864
8881
15313
2460
16919
4066
7284
13716
863
16918
4065
7283
862
8877
2456
16915
4062
7280
13712
859
8875
15307
2454
16913
4060
7278
13710
857
8873
15305
2452
16911
4058
7276
13708
855
8871
2450
16909
4056
7274
13706
853
8869
15301
2448
16907
4054
7272
851
7270
13702
849
16903
4050
7268
13700
847
15295
2442
16901
4048
7266
13698
845
16899
4046
7264
13696
843
15291
2438
7262
13694
841
8857
2436
4042
7260
13692
839
8855
2434
4040
7258
837
16892
4039
7257
836
16890
4037
7255
834
8850
15282
2429
16888
4035
7253
13685
832
15280
2427
16886
4033
13683
830
8846
2425
4031
7249
828
16882
4029
7247
13679
826
8842
2421
16880
4027
13677
824
7235
13667
814
8828
15260
2407
16866
4013
7231
13663
810
8819
2398
13654
801
8818
15250
2397
4003
7221
13653
800
16854
4001
7219
13651
798
8815
2394
4000
7218
13650
797
8814
15246
2393
16852
3999
7217
13649
796
8813
15245
2392
3998
7216
13648
795
8812
15244
2391
7215
13647
794
8811
15243
2390
3996
7214
13646
793
8810
2389
7213
13645
792
13644
791
8808
2387
3993
7211
13643
790
8807
15239
2386
3992
7210
13642
789
7209
13641
788
8805
2384
16843
3990
7208
13640
787
7207
13639
786
15235
2382
7206
13638
785
3987
13637
784
2380
16839
3986
7204
13636
783
8798
15230
2377
16836
3983
7201
13633
780
2376
3982
7200
13632
779
3981
7199
13631
778
15227
2374
16833
3980
7198
13630
777
16830
3977
7195
13627
774
16828
3975
7193
13625
772
8789
2368
16827
3974
7192
13624
771
2367
16826
3973
7191
13623
770
16824
3971
13621
768
3969
7187
13619
766
8782
15214
2361
16820
3967
7185
13617
764
16818
3965
7183
13615
762
3963
13613
760
8774
2353
3959
7177
13609
756
16806
3953
7171
750
2345
3951
748
8762
2341
3947
7165
13597
744
8756
2335
16794
3941
13591
738
8750
15182
2329
16788
3935
7153
13585
732
8740
15172
2319
3925
7143
13575
722
8738
2317
7141
13573
720
8734
15166
2313
16772
3919
7137
716
8728
15160
2307
7131
13563
710
8726
2305
7129
13561
708
8722
15154
2301
16760
3907
7125
13557
704
8720
2299
7123
13555
702
3903
7121
13553
700
2293
13549
696
8710
2289
16748
3895
7113
692
8708
2287
13543
690
8706
2285
688
8704
2283
13539
686
8700
15132
2279
16738
3885
7103
682
16737
3884
681
8694
2273
3879
7097
13529
676
16730
3877
7095
13527
674
8690
15122
2269
16728
3875
7093
672
3869
7087
666
8682
15114
2261
16720
3867
7085
664
8678
15110
2257
3863
7081
13513
660
8676
15108
2255
3861
7079
13511
658
4656
7874
14306
1453
8674
2253
16712
3859
7077
656
4654
7872
14304
1451
8672
15104
2251
16710
3857
7075
654
7870
14302
1449
2249
16708
3855
7073
652
8667
2246
3852
649
17499
4646
7864
14296
1443
8664
2243
16702
3849
7067
646
16701
3848
7066
645
17497
4644
7862
1441
8662
2241
16700
3847
644
16699
3846
643
8659
2238
16697
3844
641
17493
4640
7858
14290
1437
8658
2237
16696
3843
640
8656
15088
2235
16694
3841
13491
638
17489
4636
14286
1433
8654
15086
2233
16692
3839
13489
636
17485
4632
14282
1429
8650
15082
2229
3835
13485
632
17483
4630
14280
1427
8648
2227
3833
7051
13483
630
8645
2224
16683
3830
7048
13480
627
17479
4626
14276
1423
8644
2223
3829
7047
626
8643
2222
3828
7046
13478
625
17477
4624
7842
14274
1421
8642
2221
16680
3827
7045
624
17474
4621
7839
14271
1418
8639
2218
16677
3824
7042
13474
621
17473
4620
7838
14270
1417
8638
2217
3823
13473
620
7837
14269
1416
8637
2216
16675
3822
7040
13472
619
8636
2215
16674
3821
7039
13471
618
8634
2213
3819
7037
13469
616
17468
4615
7833
14265
1412
16671
3818
7036
615
8632
15064
2211
16670
3817
7035
13467
614
8630
2209
13465
612
8628
15060
2207
16666
3813
610
17462
4609
7827
14259
1406
8627
15059
2206
3812
7030
13462
609
16664
3811
7029
608
8624
15056
2203
16662
3809
7027
13459
606
8618
15050
2197
16656
3803
600
4579
7797
14229
1376
8597
15029
2176
16635
3782
7000
13432
579
17359
4506
7724
1303
3709
506
17351
4498
7716
14148
1295
6919
13351
498
17344
4491
7709
14141
1288
8509
14941
2088
16547
3694
6912
13344
491
6909
13341
488
14137
1284
8505
14937
2084
16543
3690
13340
487
8504
14936
2083
13339
486
7695
14127
1274
8495
14927
2074
6898
13330
477
8492
14924
2071
16530
3677
13327
474
6892
13324
471
17322
4469
7687
14119
1266
8487
14919
2066
16525
3672
6890
13322
469
8485
2064
6888
13320
467
8483
14915
2062
16521
3668
6886
13318
465
14913
2060
16519
3666
6884
13316
463
16516
3663
6881
460
17310
4457
7675
14107
1254
14907
2054
16513
3660
6878
13310
457
17302
4449
7667
14099
1246
8467
14899
2046
16505
3652
6870
13302
449
17301
4448
7666
14098
1245
16504
3651
6869
13301
448
17300
4447
7665
14097
1244
8465
14897
2044
6868
13300
447
8463
14895
2042
16501
3648
6866
13298
445
17294
4441
7659
14091
1238
8459
2038
16497
3644
6862
13294
441
14885
2032
16491
3638
6856
13288
435
17286
4433
14083
1230
14883
2030
16489
3636
6854
13286
433
17284
4431
7649
1228
8449
14881
2028
16487
3634
13284
431
17282
4429
7647
14079
1226
16485
3632
6850
13282
429
17280
4427
14077
1224
8445
14877
2024
16483
3630
13280
427
17278
4425
7643
14075
1222
8443
14875
2022
13278
425
1220
8441
14873
2020
16479
3626
6844
13276
423
17270
4417
7635
14067
1214
16473
3620
6838
13270
417
14060
1207
8428
14860
2007
16466
3613
410
4401
14051
1198
13254
401
16453
3600
397
7614
14046
1193
14846
1993
16452
3599
396
7612
14044
1191
14844
1991
16450
3597
6815
13247
394
16449
3596
6814
13246
393
4392
7610
14042
1189
8410
14842
1989
16448
3595
13245
392
14841
1988
16447
3594
391
17243
4390
7608
1187
8408
14840
1987
16446
3593
6811
390
8407
14839
1986
16445
3592
6810
389
14837
1984
16443
3590
6808
387
7598
14030
1177
8398
1977
16436
3583
13233
380
17159
4306
7524
13956
1103
8324
14756
1903
16362
3509
6727
13159
306
8716
2295
13551
698
16357
3504
6722
13154
301
8316
14748
1895
16354
3501
6719
13151
298
17149
4296
7514
13946
1093
8314
14746
1893
6717
13149
296
7510
13942
1089
8310
14742
1889
6713
13145
292
8308
14740
1887
16346
3493
13143
290
7506
13938
1085
16344
3491
6709
13141
288
8702
2281
16740
3887
684
8305
14737
1884
16343
3490
6708
13140
287
16342
3489
6707
13139
286
8696
2275
16734
3881
7099
13531
678
17134
4281
7499
13931
1078
8299
14731
1878
6702
13134
281
16332
3479
6697
13129
276
2267
3873
7091
13523
670
17126
4273
7491
13923
1070
6694
273
3871
7089
13521
668
6692
13124
271
17121
4268
13918
1065
1865
16324
3471
6689
268
3866
7084
13516
663
17119
4266
7484
13916
1063
1863
3469
6687
13119
266
8680
15112
2259
16718
3865
7083
13515
662
4265
7483
13915
1062
265
14714
1861
16320
3467
6685
13117
264
8280
14712
1859
3465
6683
13115
262
17113
4260
1057
14710
1857
16316
3463
6681
13113
260
1855
16314
3461
6679
258
8274
14706
1853
16312
3459
6677
13109
256
3854
7072
13504
651
4254
13904
1051
14704
1851
16310
3457
6675
254
16309
3456
6674
253
4648
7866
14298
1445
8666
2245
16704
3851
7069
13501
648
14701
1848
16307
3454
6672
251
8665
15097
2244
3850
7068
13500
647
17103
4250
13900
1047
3453
6671
250
8615
15047
2194
16653
3800
7018
13450
597
8218
14650
1797
13053
200
8216
14648
1795
6619
13051
198
8612
15044
2191
3797
7015
13447
594
16253
3400
6618
13050
197
8611
15043
2190
16649
3796
7014
13446
593
9011
2590
4196
7414
13846
993
16252
3399
6617
13049
196
16251
3398
6616
13048
195
17444
4591
7809
14241
1388
8609
15041
2188
16647
3794
7012
13444
591
9009
15441
2588
17047
4194
7412
13844
991
8212
1791
13047
194
17443
4590
14240
1387
8608
15040
2187
3793
7011
13443
590
8211
14643
1790
16249
3396
6614
13046
193
3792
7010
13442
589
9007
15439
2586
17045
4192
7410
13842
989
16248
3395
6613
13045
192
8605
15037
2184
7008
13440
587
9005
15437
2584
7408
13840
987
8208
14640
1787
3393
6611
13043
190
7604
14036
1183
16442
3589
6807
386
8207
1786
6610
13042
189
7803
14235
1382
2182
7006
13438
585
7406
985
8206
14638
1785
16244
3391
6609
13041
188
17237
4384
7602
14034
1181
16440
3587
6805
13237
384
16243
3390
6608
13040
187
9001
2580
7404
983
14636
1783
16242
3389
6607
13039
186
7600
1179
16438
3585
6803
13235
382
14635
1782
16241
3388
6606
13038
185
4581
7799
14231
1378
8599
15031
2178
16637
3784
7002
13434
581
8999
15431
2578
7402
981
1781
3387
6605
13037
184
17231
4378
7596
14028
1175
1975
16434
3581
6799
13231
378
16237
3384
6602
181
8395
14827
1974
16433
3580
6798
13230
377
8995
2574
4180
7398
13830
977
14630
1777
16236
3383
6601
13033
180
4576
7794
1373
16632
3779
6997
576
14629
1776
16235
3382
6600
13032
179
3578
6796
13228
375
8993
15425
2572
4178
7396
13828
975
16234
3381
6599
13031
178
16430
3577
6795
13227
374
3777
13427
574
8195
14627
1774
16233
3380
6598
13030
177
8991
15423
2570
7394
973
8194
14626
1773
6597
13029
176
8787
15219
2366
16825
3972
7190
13622
769
17225
4372
7590
14022
1169
8390
14822
1969
16428
3575
6793
13225
372
8193
14625
1772
16231
3378
6596
13028
175
8989
15421
2568
4174
7392
13824
971
8192
14624
1771
16230
3377
6595
174
2364
16823
3970
13620
767
4370
7588
14020
1167
8388
14820
1967
16426
3573
13223
370
17423
4570
7788
14220
1367
6991
13423
570
16229
3376
6594
13026
173
17422
4569
14219
1366
8587
15019
2166
6990
13422
569
8987
15419
2566
17025
4172
7390
13822
969
8190
14622
1769
6593
172
15215
2362
3968
13618
765
17221
4368
7586
14018
1165
8386
14818
1965
16424
3571
6789
13221
368
3771
13421
568
8189
14621
1768
16227
3374
6592
171
8985
15417
2564
17023
4170
7388
13820
967
8188
14620
1767
16226
3373
6591
13023
170
8781
15213
2360
3966
7184
13616
763
17219
4366
7584
14016
1163
8384
14816
1963
6787
366
8187
14619
1766
6590
169
8983
15415
2562
17021
4168
7386
13818
965
8186
14618
1765
16224
3371
6589
13021
168
8779
2358
3964
7182
761
8382
1961
3567
6785
364
4564
1361
8582
15014
2161
16620
3767
13417
564
16223
3370
6588
13020
167
17416
4563
7781
14213
1360
8581
15013
2160
16619
3766
6984
13416
563
8981
15413
2560
17019
4166
7384
13816
963
8184
14616
1763
6587
13019
166
8777
15209
2356
16815
3962
7180
759
8380
14812
1959
16418
3565
13215
362
17415
4562
1359
8580
15012
2159
16618
3765
13415
562
8183
14615
1762
3368
6586
13018
165
17414
4561
7779
1358
16617
3764
13414
561
8979
15411
2558
17017
4164
7382
13814
961
16220
3367
6585
13017
164
8775
2354
3960
7178
13610
757
14810
1957
16416
3563
13213
360
17413
4560
1357
15010
2157
6981
13413
560
14613
1760
6584
13016
163
8977
2556
17015
4162
13812
959
14612
1759
16218
3365
6583
13015
162
7176
13608
755
8376
14808
1955
16414
3561
6779
358
14208
1355
8576
15008
2155
3761
6979
13411
558
14611
1758
16217
3364
6582
13014
161
17013
4160
7378
13810
957
8178
14610
1757
6581
13013
160
16215
3362
6580
13012
159
8770
15202
2349
3955
7173
13605
752
8373
14805
1952
16411
3558
13208
355
8573
15005
2152
6976
13408
555
8973
15405
2552
17011
4158
13808
955
8176
1755
6579
13011
158
8372
14804
1951
3557
6775
13207
354
17407
4554
7772
14204
1351
6975
13407
554
8175
14607
1754
16213
3360
6578
13010
157
8571
15003
2150
3756
6974
13406
553
15403
2550
17009
4156
7374
953
6577
156
8370
14802
1949
16408
3555
6773
13205
352
17405
4552
7770
1349
8570
15002
2149
16608
3755
13405
552
8173
14605
1752
6576
13008
155
17404
4551
7769
1348
8569
15001
2148
6972
13404
551
8969
2548
17007
4154
7372
13804
951
16210
3357
6575
13007
154
14603
1750
16209
3356
6574
13006
153
15196
2343
16802
3949
7167
13599
746
8367
14799
1946
16405
3552
6770
349
15399
2546
17005
4152
7370
13802
949
16208
3355
6573
13005
152
16404
3551
13201
348
7766
14198
1345
8566
2145
16604
3751
6969
13401
548
8169
14601
1748
151
16603
3750
6968
547
8965
15397
2544
17003
4150
7368
13800
947
16206
3353
13003
150
17199
4346
7564
13996
1143
8364
14796
1943
16402
3549
6767
13199
346
8167
14599
1746
6570
13002
149
8760
2339
7163
13595
742
7563
13995
1142
8363
14795
1942
16401
3548
6766
13198
345
8963
15395
2542
17001
4148
945
8166
1745
16204
3351
6569
13001
148
17397
4544
7762
14194
1341
6965
13397
544
8165
14597
1744
6568
13000
147
15190
2337
16796
3943
7161
740
13993
1140
16399
3546
6764
13196
343
16999
4146
7364
943
8164
14596
1743
16202
3349
6567
12999
146
8360
14792
1939
16398
3545
6763
13195
342
8163
14595
1742
16201
3348
6566
12998
145
17394
4541
7759
14191
1338
14991
2138
16597
3744
13394
541
8959
2538
16997
4144
941
8162
14594
1741
16200
3347
6565
12997
144
8358
14790
1937
16396
3543
6761
13193
340
17393
4540
1337
3743
6961
540
12996
143
8754
15186
2333
16792
3939
7157
13589
736
17192
4339
7557
13989
1136
8357
14789
1936
16395
3542
6760
13192
339
16995
4142
7360
13792
939
16198
3345
6563
12995
142
1738
6562
12994
141
2331
3937
7155
734
17190
4337
13987
1134
3540
6758
13190
337
3740
6958
537
15387
2534
16993
4140
7358
937
8158
14590
1737
16196
3343
6561
12993
140
8354
14786
1933
6757
336
8157
1736
6560
12992
139
4138
7356
935
8156
14588
1735
16194
3341
6559
12991
138
8352
14784
1931
16390
3537
6755
13187
334
6558
12990
137
8748
15180
2327
16786
3933
7151
730
17186
4333
7551
13983
1130
8351
14783
1930
16389
3536
6754
13186
333
8951
2530
16989
4136
933
8154
14586
1733
16192
3339
6557
12989
136
17385
4532
7750
14182
1329
8550
14982
2129
3735
6953
532
16191
3338
12988
135
17184
4331
13981
1128
8349
14781
1928
16387
3534
6752
13184
331
17384
4531
7749
14181
1328
16587
3734
6952
13384
531
8949
15381
2528
16987
4134
7352
931
8152
14584
1731
3337
12987
134
8745
15177
2324
16783
3930
7148
13580
727
16386
3533
6751
13183
330
17383
4530
7748
14180
1327
8548
14980
2127
16586
3733
6951
530
6554
12986
133
8947
15379
2526
16985
4132
929
16188
3335
12985
132
16781
3928
7146
13578
725
8346
14778
1925
6749
13181
328
16187
3334
6552
131
8945
2524
16983
4130
7348
13780
927
8148
14580
1727
16186
3333
6551
12983
130
16382
3529
6747
326
8544
2123
16582
3729
6947
13379
526
6550
12982
129
8943
15375
2522
16981
4128
7346
925
16184
3331
128
8342
14774
1921
324
16183
3330
6548
127
8941
2520
16979
4126
923
14576
1723
6547
126
2119
16578
3725
13375
522
14575
1722
16181
3328
6546
125
8736
2315
13571
718
17174
4321
7539
13971
1118
8339
14771
1918
16377
3524
6742
13174
321
8939
2518
16977
4124
7342
921
16180
3327
6545
124
17173
4320
7538
13970
1117
8338
14770
1917
16376
3523
6741
13173
320
16576
3723
6941
13373
520
8938
2517
16976
4123
7341
920
8141
14573
1720
6544
12976
123
8840
2419
7243
13675
822
4825
8043
14475
1622
16081
3228
6446
25
16975
4122
7340
13772
919
16178
3325
6543
12975
122
4824
8042
14474
1621
16080
3227
6445
24
17171
4318
7536
13968
1115
8336
14768
1915
16374
3521
6739
13171
318
16177
3324
6542
12974
121
16876
4023
7241
13673
820
4823
8041
14473
1620
16079
3226
12876
23
8732
2311
16770
3917
13567
714
17170
4317
1114
16373
3520
6738
13170
317
8535
14967
2114
16573
3720
6938
13370
517
8935
15367
2514
16973
4120
7338
13770
917
8138
14570
1717
16176
3323
6541
12973
120
17364
4511
7729
14161
1308
14961
2108
6932
13364
511
16170
3317
6535
114
16070
3217
6435
12867
14
8129
14561
1708
6532
111
16166
3313
6531
110
2601
4207
7425
13857
1004
14657
1804
16263
3410
6628
13060
207
13260
407
4810
8028
14460
1607
3213
6431
12863
10
17157
4304
7522
13954
1101
16360
3507
304
16560
3707
6925
504
8125
1704
12960
107
17449
4596
7814
14246
1393
3799
7017
13449
596
15446
2593
4199
7417
13849
996
8217
1796
16255
3402
6620
13052
199
14849
1996
16455
3602
13252
399
8817
15249
2396
16855
4002
7220
799
4802
8020
14452
1599
16058
3205
2
17346
4493
7711
14143
1290
8511
14943
2090
16549
3696
13346
493
8911
15343
2490
16949
4096
13746
893
16152
3299
6517
12949
96
15130
2277
3883
7101
13533
680
8301
14733
1880
6704
13136
283
17336
4483
14133
1280
8501
14933
2080
3686
6904
13336
483
8104
1683
16142
3289
12939
86
4021
13671
818
4821
8039
14471
1618
16077
3224
6442
12874
21
8730
15162
2309
16768
3915
13565
712
17168
4315
7533
1112
14765
1912
13168
315
16174
3321
6539
118
17167
4314
7532
1111
6735
13167
314
6935
13367
514
8135
14567
1714
16173
3320
6538
117
16872
4019
7237
13669
816
4819
8037
14469
1616
6440
19
17366
4513
1310
2110
16569
3716
6934
13366
513
16172
3319
6537
116
17369
4516
7734
14166
1313
8534
14966
2113
16572
3719
13369
516
8137
1716
6540
12972
119
6443
12875
22
16074
3221
6439
18
8330
14762
1909
16368
3515
6733
13165
312
8133
14565
1712
6536
115
8131
14563
1710
16169
3316
6534
113
8724
2303
16762
3909
7127
13559
706
14759
1906
3512
6730
13162
309
16168
3315
6533
112
16868
4015
7233
13665
812
4815
8033
14465
1612
6436
12868
15
17458
4605
14255
1402
8623
15055
2202
16661
3808
13458
605
16264
3411
6629
13061
208
7626
1205
8426
14858
2005
16464
3611
6829
13261
408
16864
4011
7229
13661
808
16067
3214
6432
12864
11
6529
12961
108
7496
13928
1075
8296
14728
1875
16334
3481
6699
278
16934
4081
13731
878
16137
3284
6502
81
17456
4603
7821
14253
1400
3806
7024
603
14656
1803
16262
3409
6627
13059
206
17259
4406
1203
14856
2003
16462
3609
6827
13259
406
16862
4009
7227
13659
806
4809
8027
14459
1606
16065
3212
6430
12862
9
16162
3309
6527
12959
106
4409
14059
1206
8427
14859
2006
13262
409
6433
12
16459
3606
13256
403
8821
2400
7224
13656
803
6427
6
900
14553
1700
6524
12956
103
17452
4599
14249
1396
8617
15049
2196
3802
13452
599
14652
1799
13055
202
8420
14852
1999
16458
3605
13255
402
4005
7223
802
8023
14455
1602
16061
3208
6426
12858
5
17352
4499
7717
14149
1296
8517
14949
2096
6920
13352
499
8917
2496
16955
4102
7320
899
16158
3305
6523
12955
102
16658
3805
7023
602
15452
2599
7423
13855
1002
8223
1802
3408
6626
13058
205
17258
4405
7623
14055
1202
8423
14855
2002
13258
405
8823
15255
2402
7226
805
6429
12861
8
8513
14945
2092
16551
3698
6916
13348
495
15345
2492
16951
4098
7316
895
16154
3301
6519
12951
98
2291
16750
3897
7115
694
17150
4297
7515
13947
1094
8315
14747
1894
16353
3500
13150
297
7715
14147
1294
14947
2094
13350
497
8915
2494
7318
13750
897
16156
3303
6521
12953
100
17147
4294
7512
13944
1091
8312
14744
1891
16350
3497
6715
13147
294
16950
4097
7315
13747
894
8115
14547
1694
6518
97
16260
3407
13057
204
14854
2001
16460
3607
404
4007
7225
13657
804
4807
8025
1604
3210
6428
12860
7
