0
1
2
3
4
5
18292
6
7
18293
18294
8
9
10
11
12
13
14968
14
15
14966
16
17
18
19
20
21
22
23
13464
24
25
26
13407
28
13401
30
13366
32
13364
34
13305
36
13304
38
13303
40
13302
42
13301
44
13300
46
13299
48
13298
50
13297
52
13296
54
13294
56
13293
58
13292
60
61
13171
63
13170
65
13169
67
13168
69
13167
71
13166
73
13154
75
13148
77
13147
79
80
81
82
83
84
85
86
87
88
13072
90
13071
92
93
94
95
96
97
98
99
100
101
102
103
104
105
106
107
108
109
110
14999
111
112
113
114
115
116
15001
117
118
119
120
121
122
15003
123
124
125
126
127
128
15005
129
130
131
132
133
134
15007
135
136
137
138
139
140
15009
141
142
143
144
145
146
15011
147
148
149
150
151
152
15013
153
154
155
156
157
158
15015
159
160
161
162
163
164
15017
165
166
167
168
169
170
15019
171
172
173
174
175
176
15021
177
178
179
180
181
182
183
184
185
186
187
188
189
190
191
192
193
194
12185
195
196
197
198
199
200
201
202
203
204
14888
205
206
14896
207
208
209
12059
12056
210
211
11982
214
11979
217
218
11945
221
11941
224
225
11897
228
11895
231
11851
234
11849
237
11806
240
11805
243
244
11726
247
11715
250
251
252
253
254
255
256
257
258
259
260
261
262
263
264
265
266
267
268
269
270
271
272
273
274
275
276
277
278
279
280
281
282
283
284
285
286
287
288
289
290
291
292
293
294
295
296
297
298
12307
299
12311
300
301
302
303
304
305
306
307
308
309
310
311
312
313
314
315
316
317
318
319
320
321
322
323
324
325
326
327
328
329
330
331
332
333
334
335
336
337
338
339
340
341
342
343
344
345
346
347
348
349
350
351
352
353
354
355
356
357
358
359
360
361
362
363
364
365
366
367
368
369
370
371
372
373
374
375
376
377
378
379
380
381
382
383
384
385
386
387
388
389
390
391
392
11666
393
394
12414
395
396
397
399
398
400
401
402
14275
403
404
405
406
407
18435
408
409
410
431
411
412
413
414
415
416
417
418
419
420
421
422
423
424
425
426
427
428
429
430
432
433
434
435
436
437
438
439
440
441
442
443
444
445
446
447
448
449
450
451
452
453
454
455
456
457
458
459
460
461
462
463
464
465
466
467
468
469
470
471
472
473
474
475
476
477
478
479
480
481
482
483
484
485
486
487
488
489
490
491
492
493
494
495
496
497
498
499
500
501
502
503
504
505
506
507
508
509
510
511
512
513
514
515
516
517
518
519
520
521
522
523
524
525
526
527
528
529
530
531
532
533
534
535
536
537
538
539
540
541
542
543
544
545
546
547
548
549
550
551
552
553
554
555
556
557
558
559
560
16500
561
562
563
564
565
566
567
568
569
570
571
572
573
574
575
576
577
578
579
580
581
582
583
584
585
586
587
588
589
590
591
592
593
595
594
596
597
598
599
601
600
602
604
15615
603
605
606
607
608
611
609
610
613
612
614
617
615
616
618
619
620
623
621
622
624
625
628
626
627
629
630
631
632
633
634
635
636
637
638
639
640
641
18419
16548
642
16585
643
644
16549
645
16580
646
647
648
649
650
651
652
653
654
655
656
657
658
659
660
661
662
663
664
665
666
667
668
669
670
9690
671
672
673
674
9687
675
676
677
678
679
680
681
682
683
684
685
686
687
688
689
690
691
692
693
694
695
696
697
698
699
700
701
702
703
704
705
706
707
708
709
710
711
712
713
714
715
716
717
718
719
720
721
722
723
724
725
726
727
728
729
730
731
732
733
734
735
736
737
738
739
740
741
742
743
744
745
746
747
748
749
750
751
752
753
754
755
17045
756
8936
757
758
759
760
761
762
763
764
765
766
767
768
769
770
771
772
773
774
775
776
777
778
8494
779
780
781
782
783
784
785
786
787
788
791
789
790
792
793
794
795
796
797
798
8514
799
800
801
8522
802
803
8411
804
805
806
807
808
809
810
811
812
813
814
815
816
817
818
819
820
821
822
823
824
825
826
827
828
829
830
831
832
833
834
13092
835
13074
13046
8829
836
837
838
839
840
841
842
843
844
845
846
847
848
849
850
851
852
853
854
855
856
857
858
859
860
861
862
863
864
8516
865
866
8517
869
867
868
871
872
873
8525
874
875
8526
878
876
877
879
8530
880
881
882
883
884
885
886
887
888
889
890
891
892
893
894
895
896
897
898
899
900
8452
8443
8480
8434
8482
8430
8476
8478
8449
8423
8410
8489
8401
8491
8397
8485
917
8413
8533
919
920
921
922
923
924
925
926
927
928
929
930
931
932
933
934
935
936
937
938
939
940
941
942
943
944
945
946
947
948
949
950
951
952
953
954
955
956
957
958
959
960
961
962
963
964
965
966
967
968
969
970
971
972
973
974
975
976
977
978
979
980
981
982
983
984
985
986
987
988
989
990
991
992
993
13290
994
13080
13073
8672
995
996
997
998
999
1000
1001
1002
1003
1004
1005
1006
1007
1008
1009
1010
1011
1012
13215
1013
1014
1015
1016
1017
1018
1019
1020
1021
1022
1023
1024
1025
1026
1027
1028
1029
1030
1031
1032
1033
1034
1035
1036
1037
1038
1039
13081
13079
1040
1041
13238
1042
1043
1044
1045
1046
1047
1048
13213
13065
1049
1050
1051
1052
1053
1054
1055
1056
11747
7287
1057
1058
1059
1060
1061
7278
1062
1063
1064
7262
1065
1066
1067
1068
1069
7218
1070
7207
1071
1072
1073
7279
1074
1075
1076
1077
1078
1079
9716
1080
1081
1082
1083
1084
1085
1086
1087
1088
1089
1090
1118
1091
1092
10185
1093
1094
1095
1096
1097
1098
1099
1100
1101
1102
1103
8972
1104
1105
1106
1107
1108
1109
1110
1111
1112
10561
1116
1113
1114
1115
1117
18436
18375
1119
1120
1121
1122
1123
1124
1125
1126
13258
1127
1128
1129
1130
1131
1132
1133
1134
13360
1136
1137
1138
13256
1139
13261
1142
13260
1144
16535
1145
1146
7620
1147
1148
1149
1150
1151
6946
1152
1153
1154
1155
1156
1157
1158
7648
1159
1160
1161
1162
1163
1164
18440
1165
1166
1167
1168
1170
1169
1171
1172
1173
1174
1175
1176
1177
1178
1179
1180
1181
1182
1183
10146
1184
1185
1186
1187
1188
1189
10631
1191
10957
1192
1193
1194
1195
1196
1197
1198
1199
1200
1201
1202
1203
1204
1205
1206
1207
1208
1209
1210
1211
10474
10616
1212
1214
1215
1216
1217
1218
1219
1220
1221
1222
11656
1223
1224
1225
1226
1227
1228
1229
1230
1231
1232
1233
1234
11154
1235
1236
1237
1238
1239
1240
1241
1242
1243
1244
1245
1246
1247
1248
17046
1249
1250
1251
17122
1252
17123
7798
1253
1254
1255
1256
1257
1258
1259
1260
1261
1262
1263
1264
1265
1266
1267
1268
1269
1270
1271
1272
1273
1274
1275
1276
1277
1278
1279
1280
1281
1282
1283
1284
1285
11956
1286
1287
1288
1289
1290
1291
1292
1293
1294
5852
1295
1296
1297
1298
1299
1300
1301
6087
1302
6099
1303
11912
5854
1304
1305
1306
1307
1308
1309
1310
1311
1312
1313
1314
1315
1316
1317
1318
1319
11594
1320
5766
1321
1322
1323
1324
17102
7672
1325
1326
1327
1328
1329
1330
18441
1331
16537
1332
1333
11620
1334
1335
1336
1337
1338
1339
1341
1342
1343
1344
1345
1346
1347
1348
1349
10473
1350
1351
1352
1353
1354
1355
1356
1357
16552
1358
16541
1359
1360
1361
1362
1363
1364
1365
1366
1367
1368
9748
1369
1370
1371
1372
8973
1373
1374
1375
5640
1376
1377
1378
1379
1380
1381
1382
1383
10886
1384
1385
1386
1387
1388
1389
18398
1391
1392
1393
1394
1395
1396
1397
1398
9689
1399
1400
1401
1402
9738
1403
1404
1405
1406
1407
1408
10888
1409
1410
1411
1412
1413
1414
1415
1416
1417
1418
1419
1420
1421
1422
1423
1424
1425
1426
1427
1428
1429
1430
1431
1432
1433
1434
5306
1435
1436
1437
1438
1439
1440
1441
1442
1443
1444
1445
1446
1447
9702
1448
1449
1450
1451
11995
1452
1453
1454
1455
1456
10194
1458
1459
1460
1461
1462
1463
1464
1465
1466
1467
1468
1469
12004
1471
12013
1472
1473
1474
1475
1476
1477
9693
1478
1479
9734
1480
1481
1482
1483
1484
13434
1485
1486
1487
1488
1489
1490
1491
1492
1493
1494
1506
1495
1496
1497
10834
1498
1499
1500
1501
1502
1503
7082
1504
9808
1507
5405
1508
5611
1509
1510
1511
1512
1513
1514
1515
1516
1517
1518
1519
1520
1521
1522
1523
1524
1525
1526
1527
1528
1529
1530
1531
1532
1533
1534
1535
1536
1537
1538
1539
1540
1541
1542
1543
1544
1545
1546
1547
1548
1549
1550
1551
1552
1553
1554
1555
1561
1556
5521
1557
1558
1559
1560
1562
1563
1564
1565
1566
1567
1568
1569
1570
1571
1572
1573
1574
1575
1576
1577
1578
1579
6631
1580
1581
1582
1583
1584
1585
1586
1587
1588
1589
1590
1591
1592
1593
1594
1595
1596
1597
1598
1599
1600
1601
1602
1603
1604
1605
1606
1607
1608
1609
5490
1610
5143
1611
1612
1613
1614
1615
1616
1617
5433
5229
8167
1618
1619
1620
1621
1622
1637
1623
1624
5796
1625
1626
5776
1627
1628
1629
7414
1630
1631
1632
1633
1635
1636
1638
1639
1640
1641
8000
1643
1642
1644
1645
1647
1648
1649
1650
1651
1652
1653
1654
1655
1656
1657
1658
10748
1659
1660
1661
1662
1663
1664
1665
1666
1667
1668
1669
1670
1671
5608
1672
1673
1674
5099
1675
1676
1677
1678
1679
1680
1681
1682
1683
10054
1684
1685
1686
10923
1687
1688
1689
1690
10890
1691
1692
1693
1694
9712
1695
1696
1697
1698
10915
1699
1700
9697
1701
1702
1703
1704
9755
1705
1706
1707
1708
9692
1709
1710
1711
1712
18437
1713
1714
1715
1716
1717
1718
1719
1720
1721
1722
1723
1724
1725
1726
5038
1727
1728
1729
1730
1731
1732
1733
1734
1735
10053
1736
1737
1738
1739
1740
1741
1742
1743
1744
11546
1745
1746
1747
1748
1749
1750
1751
1752
1753
1754
5033
1755
1756
9765
1757
9556
1758
1759
1760
1761
1762
1763
1764
1765
1766
1768
5774
1767
1769
1770
1771
6114
1772
1773
1774
1775
1776
1777
1778
1779
1780
1781
1782
1783
1784
1785
6713
1786
1787
1788
1789
1790
1791
1792
1793
1794
16543
1796
9551
1795
1797
1798
1799
1800
1801
1802
1803
1804
1805
1806
1807
1808
1809
1810
1811
1812
17155
1813
8064
1814
1815
17143
1816
8066
1817
1818
17153
1819
8065
1820
1821
17146
1822
8063
1823
1824
1825
17144
1826
1827
1828
1829
1830
1831
1832
1833
1834
1835
1836
1837
1838
9841
1839
1840
1841
1842
1843
1844
1845
1846
1847
1848
1849
1850
1851
1852
1853
10961
1854
1855
10962
1856
1857
10912
1858
1859
1860
1861
10904
1862
1863
1864
1865
1866
1867
1868
1869
1870
1871
1872
1873
1874
18295
1875
6133
1876
1877
1878
1879
1890
8083
1880
1881
7482
1882
1883
1884
1885
5238
1886
1887
1888
1889
1891
10670
1892
1893
1894
9557
1895
1896
1897
1898
5241
1899
1900
1901
9888
1902
1903
1904
1905
10647
1916
9510
1906
1907
7408
1908
1909
1910
1911
5244
1912
1913
1914
1915
1917
1918
1919
1920
1921
8675
1922
1923
1924
1925
1926
1927
1928
1929
1930
10041
1931
1932
10184
1933
1934
1935
1936
1937
1938
1939
1940
1941
1942
9911
1944
9858
1945
1946
1947
1948
1949
1950
12089
1951
12070
1952
1953
1954
14844
1955
14849
1956
1957
1958
1959
1960
1961
1962
1963
10887
1964
1965
1966
7826
1967
1968
1969
1970
1971
1972
1973
1974
7698
1975
1976
1977
1978
1979
1980
9932
1981
1982
1983
1984
1985
1986
1987
1988
1989
1990
1991
1992
1993
1994
1995
1996
9449
1997
1998
1999
2000
2001
9847
2002
2003
2004
2005
9475
2006
2007
2008
2009
2010
9481
2011
2012
2013
2014
2015
2016
2017
9822
2018
18372
18373
2019
10186
2020
2021
2022
2023
2024
2025
4678
2027
2028
2030
2029
6622
2031
2032
2033
2034
2035
2036
2037
2038
2039
2041
2040
7483
2042
2043
2044
2045
2046
2047
4676
2049
2050
2052
2051
2053
2054
2055
2056
2057
5144
2058
2059
2060
2061
2062
2063
2064
2065
4662
5102
8818
2066
2067
2068
2069
2070
2071
2072
8836
2073
2074
2075
2076
2077
5769
2078
2083
2080
2081
2082
2084
2085
2086
2087
2088
2089
2090
2091
2092
10942
2093
2094
2095
2096
2097
2098
2099
2100
2101
2102
2103
2104
9842
2105
2106
2107
2108
2109
2110
2111
2122
8082
2112
2113
7493
2114
2115
2116
2117
6131
2118
2119
2120
2121
2123
2124
2125
9768
2126
2127
2128
2129
5239
2130
9558
2131
2132
2133
2134
2135
2139
2136
2137
2138
2140
2141
2142
9951
2143
2144
2145
2156
9509
2146
2147
7466
2148
2149
2150
2151
2152
2153
2154
2155
2157
2158
2159
2160
2161
2162
2163
2164
2165
2166
2167
2178
8970
2168
2169
2170
10691
2171
2172
2173
9536
2174
2175
2176
2177
2179
2180
2181
2182
2183
10669
2184
2185
2186
2187
11462
9828
2188
2189
2190
2191
9825
2192
2193
2194
9827
2195
2196
2197
2198
9843
2199
9465
2200
2201
2202
2203
2204
9892
9924
2206
2207
2208
2209
2210
2211
2212
2213
2214
2215
2216
2217
2219
4582
2218
2220
2221
2222
2223
2224
2225
2226
5025
2227
2228
4918
2229
2230
4882
2231
2232
4819
7422
2233
9878
2234
2235
2236
2237
9830
2238
2239
2240
2241
2242
2243
2244
2245
5026
2246
2247
5020
2249
2250
2251
7733
2252
2253
2254
2255
6128
2256
2257
2258
2259
2260
2261
2262
2263
2264
2265
2266
5069
2267
10760
2268
2269
2270
2271
2272
5586
2273
2274
2275
10016
2276
2277
9875
10018
2278
2279
9486
2280
2281
2282
4501
2283
10020
2284
2285
2286
2287
2288
2289
2290
2291
2292
2293
2294
2295
9925
2296
4630
2297
2298
2299
9874
2301
2302
2303
2304
2305
2306
2307
2308
2309
2310
2311
2312
2313
2314
2315
2316
2317
5021
2318
2319
2320
2321
5024
2322
5031
2323
2324
2325
2326
2327
2328
2329
4903
2330
2331
2332
2333
2334
2335
2336
2337
2338
2339
9826
2340
2341
2342
2343
2344
2345
2346
2347
2348
2349
2350
2351
2352
2353
9520
2354
2355
2356
2357
2358
2359
2360
2361
2362
2363
2364
2365
4773
2366
2367
2368
2369
2370
2371
2372
8891
8890
2374
5413
2375
2376
9497
5407
2377
2378
2379
2380
5468
2381
2382
9752
2383
2384
2385
2386
2387
2388
11573
2389
2390
2391
2392
2393
2394
2395
2396
2397
2398
2399
2400
9696
2401
8981
2402
2403
2404
2405
2406
2407
2408
10626
7750
2410
2411
14822
2412
14835
2413
2414
2415
2416
2417
2418
2419
4565
2420
9984
2421
2422
2423
9887
2424
2425
2426
2427
6694
2428
2429
9850
2430
9824
2431
4488
2432
2433
2434
2435
2436
2437
4996
2438
2439
2440
2441
2442
2443
2444
2445
2446
2447
2448
11529
2449
2450
2451
2452
2453
2454
9705
2455
2456
2457
2458
2459
2460
9446
9733
2462
8931
2463
2464
2465
2466
2467
2468
5057
2469
2470
8881
2471
2472
9688
5432
2474
9700
2475
2476
2477
2478
9677
2479
2480
2481
2482
2483
2484
2485
2486
5338
2487
2488
2489
2490
2491
2492
2493
2494
10925
2495
2496
6953
2497
2498
2499
2500
2501
2502
2503
2504
2505
2506
8887
2507
2508
2509
2510
5130
5127
2512
2513
2514
4461
2515
2516
2517
2518
6692
2519
2520
9945
2521
2522
2523
9962
2524
2525
4688
2526
2527
2528
2529
2530
4689
2531
2532
2533
2534
5322
2535
2536
2537
2538
5785
2539
2540
2541
9683
9469
2542
2544
2545
2546
2547
2548
2549
2550
2551
2552
2557
2553
2554
2555
2560
2556
10745
2558
2559
8823
2561
2562
2563
2564
9686
10121
2566
9639
2567
2568
2569
2570
2571
2572
10148
2573
2574
2575
2576
2577
2578
2579
2580
2581
2582
2583
2584
2585
2586
2587
4791
2588
2589
2590
2591
2592
2593
9944
2594
2595
2596
2597
2598
2599
2600
2601
2602
2603
9849
2604
2605
2606
2607
9974
2608
2609
10613
2610
2611
10190
2612
2617
2613
2614
2615
2621
2616
2618
2619
5213
2620
4978
2622
2623
4490
2624
7882
2625
2626
7741
2627
7723
2628
9985
2629
2630
2631
2632
9979
2633
2634
2635
10051
2636
5332
9786
2637
2638
2639
2640
4566
2641
2642
2643
7745
2645
9981
9821
2646
2647
7725
2648
2649
2650
2651
2652
4790
2653
2654
2655
2656
2657
2658
2659
2660
2661
2662
2663
2664
9904
6194
2665
2666
2667
2668
2669
2670
2671
2672
2673
4726
2674
2675
2676
2677
2678
2679
10022
2680
9471
2681
2682
2683
2684
9495
2685
8934
2686
2687
2691
2688
2689
2690
2692
2693
10032
2694
2695
2696
2697
2698
2699
2700
2701
2702
2703
2704
2705
2706
2707
10746
2708
2709
2710
2711
2712
11511
2713
2714
2715
2716
2717
2718
2719
13451
2720
2721
2722
2723
2724
2725
2726
2727
2728
2729
2731
2730
2732
2733
2734
2735
2736
14906
2737
2738
2739
2740
2741
2742
2743
14912
12137
14913
2745
2746
2747
2748
2749
5396
2750
2751
2752
2753
2754
12128
2755
2756
2757
2758
2759
2760
2761
2762
5358
2763
2764
2765
2766
2767
2768
2769
13445
2770
2771
2772
2773
2774
4244
2775
2776
2777
2778
2779
4241
2780
2781
2782
5705
2783
2784
2785
2786
2787
2788
2789
2790
11505
2791
2792
2793
2794
11504
2795
2796
10042
2797
2798
2799
4235
2800
2801
2802
8911
2803
2804
2805
2806
9802
8923
2807
2808
2809
9976
9750
2811
2812
2813
5380
2814
5381
5009
6107
2815
2816
2817
2818
5086
2819
8882
2821
2822
2823
2824
2825
2826
2827
2828
2829
2830
2831
2832
2833
2834
2835
2836
2837
2838
9929
2839
2840
2841
2842
2843
2844
2845
2846
2847
2848
2849
2850
2851
2852
2853
9931
2855
9698
2856
2857
9744
2858
9980
2859
9742
2861
9791
2862
2863
9972
2865
9736
2866
2867
2868
9918
2869
2870
2871
9682
2872
2873
2874
2875
2876
2877
9732
2878
2879
9483
2880
2881
5050
2882
2883
2884
5032
2885
2886
5002
2887
9810
2888
2889
7479
2890
5000
2891
9783
10181
7475
2892
2893
5356
2894
4998
2895
2896
2897
9751
2898
2899
9756
2900
2901
2902
2903
2904
2905
9694
2906
2907
2908
2909
2910
2911
9590
2912
2913
9743
2914
2915
9581
2916
2917
2918
2919
9711
2920
10124
2921
2922
2923
2924
2925
9678
2926
2927
2928
2929
9616
2930
2931
4657
2932
2933
2934
2935
2937
2936
2938
2939
2940
2941
2942
2943
2944
2945
2946
2947
2948
2949
2950
2951
2952
2953
2954
2955
2956
2957
2958
7875
2959
5334
5337
2960
2961
2962
2963
2964
2965
2966
4724
2967
10011
2968
2969
2970
2971
5097
2972
2973
2974
2975
2976
2977
2978
2979
9895
2980
2981
9754
2982
2983
5053
2985
9855
2986
2987
2988
2989
9795
2990
2991
5440
2992
2993
2994
2995
10058
2996
4597
2997
2998
4622
2999
4593
3001
9846
3002
3003
3004
3005
3006
3007
9685
3008
3009
3010
3011
3012
3013
3014
9757
3015
5200
3016
3017
6313
3018
10944
3019
3020
5448
7101
3022
3023
4621
3024
3025
3026
3027
3028
5163
3029
3030
3031
3032
9851
3033
3034
3035
10750
3036
3037
3038
3039
3040
12095
3041
12078
3042
3043
3044
3045
3046
10119
3047
9699
3048
3049
3050
3051
3052
9928
3053
3054
3055
3056
3057
3058
3059
3060
3061
3062
3063
8905
3064
3065
3066
3067
3068
3069
9684
3070
3071
3072
3073
8930
3074
3075
3076
3077
4315
3078
3079
3080
3081
3082
3083
5389
5388
3085
9813
3086
3087
8888
3088
3089
3090
3091
3092
3093
9453
3094
3095
3096
9853
3097
3098
3099
3100
3101
9866
3103
3104
11635
3105
3106
3107
9763
3108
3109
3110
3111
3112
3113
3114
3115
9473
3116
3117
5023
3118
3119
3120
3121
3122
3123
3124
3125
8983
3127
9717
3128
3129
3130
9739
3131
3132
3133
3134
3135
9704
3136
3137
9920
3139
10151
3140
3141
3142
3143
5123
3144
3145
5340
3146
5181
3147
3148
3149
7877
3150
3151
3152
9472
3153
5438
3155
9727
3156
3157
5173
3158
3159
3160
3161
3162
3163
3164
3165
3166
3167
3168
3169
9670
3170
3171
10111
3172
3173
10169
3174
10624
3175
10115
3177
10628
3178
3179
3180
3181
3182
10630
3183
3184
3185
10122
10162
3186
3187
3188
3189
3190
3191
3192
3193
9615
9585
3194
3195
3196
3197
3198
3199
9613
3200
3201
9740
3202
3203
9638
9671
3204
10625
3205
3206
3207
9583
9612
3208
3209
3210
3211
3212
3213
3214
3215
3216
3217
3218
4618
3219
3220
3221
3222
3223
3224
3225
4476
3226
3227
3228
3229
3230
3231
9940
3232
3233
3234
3235
3236
3237
3238
9857
3239
3240
3241
3242
3243
3244
9479
3245
3246
3247
6949
3248
3249
3250
9452
3251
3252
3253
3254
9801
3255
3256
9653
3257
3258
3259
3260
9793
3261
3262
3263
4083
3264
3265
3266
10183
3267
3268
3269
3270
4080
3271
3272
3273
3274
4088
3275
3276
3948
3277
3278
3279
3280
8980
3281
3282
3283
3284
4107
3285
3287
3288
3289
3290
3291
3292
3293
3294
3295
9781
3296
3297
3298
3299
3300
3301
9800
3302
3303
3304
3305
8892
3306
9806
3307
3308
3309
5326
3310
3311
3312
3313
6703
3314
10065
9787
9767
3315
3316
3317
6704
3318
8907
3319
3320
3321
6702
3322
9770
9784
3323
3324
3325
5055
3327
9905
3328
3329
3330
3331
3332
3333
3334
3335
3336
4889
3337
3338
3339
10093
3340
10629
3341
3342
3343
3344
3345
9547
3346
3347
3348
3349
5109
3350
3351
3352
3353
7086
3354
3355
3356
3357
3358
10161
3359
3360
3361
3362
3363
3364
3365
4335
3366
3367
3368
7757
3369
3370
3371
4043
3372
3373
3374
3375
3376
3377
3378
3379
9499
5600
3380
3381
3382
3383
3384
3385
3386
3387
3388
3389
3390
3391
3392
10617
3393
3394
3395
3396
3397
3398
3399
3400
3401
3402
3403
3404
3405
3406
3407
3408
3409
3410
3411
10623
3412
3413
3414
3415
10179
3416
3417
3418
3419
9654
3420
3421
3422
3423
3424
3425
3426
3427
3428
3429
3430
4284
3431
3432
4634
3433
3434
3435
3436
3437
3438
3439
3440
11540
3441
3442
3443
11565
3444
3445
3446
11568
3447
3448
3449
7878
3766
3450
11532
3451
3452
3453
3454
3455
11643
3456
3457
3458
3459
3460
3461
3462
3463
9474
3464
9798
3465
3466
3467
9790
3468
3469
3470
3471
3472
3473
3474
3475
3476
3477
3478
3479
3480
3481
3482
3483
3484
3485
3486
3487
3488
18012
3489
16918
6972
3490
3491
3492
3493
3494
16929
3495
3496
3497
3498
3500
3499
3501
3502
3503
3504
9655
3505
9661
3506
3507
3508
3509
3510
9656
3511
9657
3512
9673
3513
3514
3515
10176
3516
10627
3517
3518
3519
3520
3521
3522
10165
3523
10173
3524
10622
3525
3526
3527
3528
3529
3530
3531
10156
3532
3533
3534
10163
3535
3536
3537
3538
3540
3539
3542
3541
3843
3543
3688
3544
3545
3546
3547
3579
3548
3549
3550
3551
3552
3603
3553
3728
3554
3555
4092
3556
3607
3608
3558
3559
3560
3561
3562
3563
3564
3565
3566
3567
3568
3569
3570
3571
3572
3573
9663
3574
9658
3575
3576
3577
3578
3580
3601
3581
3582
3583
3585
3584
3586
3588
3589
3590
3591
3592
3593
3594
3595
3596
3598
3599
3600
3602
3605
3609
3611
3613
3614
3615
3616
3617
3618
3619
3620
3621
3622
3624
3625
3626
3627
3727
3629
3631
3632
9886
3634
3635
3636
3637
9889
3638
9669
3641
7876
3642
3643
3644
3645
3647
9835
3648
3649
9665
3651
3652
3662
3653
3654
3655
3663
3656
3788
3657
3658
3664
3660
3661
3665
3666
3667
3668
9741
9772
3669
3670
9610
3671
3672
3673
9769
3674
9903
3675
3676
3677
3678
9845
6458
3679
10168
3680
3681
10110
3682
3683
3684
3685
3686
4706
3687
3689
3690
3691
3692
3693
3694
3695
3696
9617
3697
3698
9914
3699
3700
3701
3702
3846
3703
3704
3707
3708
3709
3710
3711
7505
3713
5003
3715
3716
3717
3718
3719
3720
3721
3722
3723
3724
3725
3726
6199
3729
3730
3731
3732
3733
3734
3735
3736
3737
3783
3738
3739
3740
3741
3742
3743
3744
3746
3748
3749
3750
3751
3752
3753
3754
3755
3756
3757
9632
3759
9635
3761
3762
10075
10175
3764
5037
3765
3767
5435
3768
3769
8925
3770
4820
3771
3772
3773
9563
3775
3776
3777
3778
3779
3780
3781
10592
3782
9934
3784
4841
3786
3787
3790
4045
3791
9815
3792
9930
3793
3794
3795
9883
3796
3797
3798
3799
5597
3800
3801
3802
3803
3804
3805
3806
3807
3808
3809
3810
3811
3812
3813
9785
3814
3815
3816
6699
3817
9512
3818
3819
3820
3821
3822
3823
3824
4411
3825
8085
3826
3827
3828
10063
4065
3829
3830
9988
3831
3832
3833
8974
3834
3835
4503
3836
3837
3838
4654
3839
3840
3841
3842
3844
3845
3847
3848
3849
3850
3851
3852
3853
3855
3856
3857
3936
3858
3859
3860
4084
3861
3862
3863
3864
4333
3865
3866
3867
3868
3869
3870
3871
4655
3873
3874
3875
3876
3877
4332
3878
3945
3880
4337
3881
4046
3883
4073
3884
3885
3886
4420
3887
3888
4078
3889
3890
3891
3892
3893
3894
4140
3895
3896
3898
9823
3899
9773
3900
3901
10182
3902
3903
3904
3907
3908
3909
8985
3912
3913
3914
9487
3915
3916
3917
3918
3919
3920
3921
3922
3923
3924
4886
3925
3926
3927
3928
3929
3930
3931
3932
3933
3934
3935
5082
4129
3937
4130
3938
3939
3940
3941
3942
3943
3944
4725
4026
3946
3947
3949
3950
3952
3953
3954
3955
3956
3957
4999
3958
9746
3959
4997
3960
3961
5001
3962
9451
3963
3964
4767
3965
6293
5328
3966
3967
6707
3968
3969
3970
4686
3971
3972
3973
3974
9856
4149
5512
3975
3976
9554
4192
3977
9941
3978
3979
3980
3981
3982
4604
4605
3983
3984
8824
3985
3986
3987
3988
3989
3990
3991
3992
3993
3994
3995
3996
3997
10100
3999
4000
4001
4002
4003
10112
4006
4007
9666
4008
4009
4010
10621
4011
4012
4013
4201
4014
4015
10147
5393
4018
4019
4020
4021
4022
5054
7883
4023
9703
10889
4024
4826
9916
4027
9713
9829
4028
9715
5204
4029
4030
4031
4032
4033
4034
4035
4036
4037
4038
4039
4040
4838
4048
4049
4050
9986
4052
8081
4053
4054
9502
4055
7746
4056
4057
4108
4058
5165
4059
8857
4060
8861
4061
4062
9724
4063
4064
9868
6695
4066
4067
4068
4069
4070
9532
4071
4072
4074
4075
4076
10037
4077
4079
4085
4086
4453
8886
4852
4087
4090
4091
6307
4093
5128
4094
4095
4096
5197
4097
4098
8846
4099
4100
5325
4754
4101
5794
7796
4102
4103
4299
4504
4104
5762
4105
4106
4110
4112
4113
4114
9706
10160
4116
4117
4118
4119
5129
4120
4121
8003
5080
4123
6189
5453
9466
4220
4126
4127
4128
4131
4132
4133
4134
4135
4136
4137
4355
4138
4139
4141
4142
9723
5005
4144
4145
4146
6153
6220
4147
4148
4150
7504
4151
4152
4153
4828
4155
9503
4156
4157
5595
4158
4159
4160
4161
4162
4163
4164
4165
4166
4167
4168
4169
4170
5096
4171
4172
4493
4173
4174
9991
5262
4176
4177
4178
7918
4180
4181
4182
4183
9735
4184
11087
4186
9695
9873
9890
9484
4187
4188
9587
4189
9584
4190
4191
4193
4194
4195
9519
4885
4196
4197
4198
4199
4827
4202
4203
9848
9987
4204
4205
9909
4206
4207
9977
4208
4209
4210
4211
9691
4212
4213
4214
4215
4216
4217
4909
4218
9869
4219
5048
4221
9530
4222
4223
4224
4225
6129
9796
4226
4228
4229
4230
10440
4232
4233
4234
4236
7916
4237
4238
4239
4240
4242
4260
4243
4245
13443
4246
14908
4247
14909
4248
4249
4250
4251
4252
14903
4253
4254
4255
4256
4257
14911
4258
4259
6554
4261
4262
6364
4265
4263
4264
4266
4267
4268
4271
4273
9764
4275
8984
4279
9812
4281
5068
4282
4283
4285
4286
4287
4288
4289
4291
4292
4294
9780
4295
4752
4297
4298
9805
9550
4300
4301
5060
4302
4303
4304
4305
4306
4307
4308
4309
4310
4311
4312
4313
4314
4316
5516
4317
4318
4319
4320
4321
4322
4323
4628
4486
4324
4325
5257
4326
4633
4327
4328
4329
4330
4331
4336
4334
4338
4339
4341
4342
4343
4344
4345
4346
4347
4809
4348
4349
4350
5058
4351
6308
4352
4353
9737
4354
4356
4357
16946
4358
4359
4360
4361
4912
4362
4363
4364
5323
4365
10945
4366
4367
4368
4369
4370
4916
4371
4372
4373
4374
9891
4375
4376
9950
5585
4378
4379
4380
9774
4381
7790
4382
4721
4607
4383
17104
4384
4385
4386
4387
4388
4389
6195
4390
9516
4391
17113
4392
17124
4393
9630
9580
9524
4396
10685
4397
9865
5368
4399
14827
4400
5035
4401
4402
4403
4405
4406
4407
4408
4409
4410
4412
4413
4414
4415
4416
4417
4418
4419
4421
4422
4423
6606
4424
4425
4426
4427
4428
4429
4430
4431
4432
4433
4434
4467
4435
13609
4436
4437
4438
4439
4440
4441
9816
4442
5784
9493
4443
14359
4444
4445
4446
4447
10006
4448
5252
4449
4450
10681
5411
4451
4452
7129
4454
4455
4456
4457
4458
4459
4460
4463
16827
4464
4465
4466
4468
17448
4469
4470
4471
18359
4472
4473
18442
16825
16824
4474
16826
4475
9618
10416
4477
4478
4480
4481
4482
4483
4484
4485
9861
4491
4492
4494
8865
8879
4495
4496
4497
4498
9893
4664
4499
5571
4502
4505
4506
4507
4508
4509
4510
4511
17148
4512
17141
4513
4514
4515
4516
4517
4518
4519
4520
4521
4522
4523
4524
4525
4526
4527
4528
4529
4530
4531
4532
4533
4534
4535
4536
4537
4538
4539
4540
4541
6100
4542
4543
4544
6104
4545
4546
7406
4547
4548
4549
4550
6096
4551
4552
4553
4554
4555
4556
4557
16961
4558
4559
4560
4561
11420
7888
4562
4563
5036
4564
4567
4568
8910
8915
4569
9900
6108
4570
4571
4572
11534
4573
13613
4574
4575
7097
4576
4577
4881
6483
4578
5782
7886
4579
5518
4580
4581
5201
10651
5022
4583
13762
4584
4585
13944
4586
4587
4588
4589
4590
4591
4592
4594
4595
4596
4598
4599
4602
4603
4623
4608
4609
4610
4611
4612
4613
4614
4615
13469
4616
4617
10315
4619
4620
4624
5242
4625
9993
9997
4629
4631
4632
4636
4637
4638
4639
4640
13582
4641
10317
4642
4643
4644
13598
4645
8889
4646
4647
4648
4649
4650
4652
4653
4658
4660
6701
4659
5423
5348
4663
13659
4665
4668
4669
5236
4670
4671
4674
4675
4677
10578
5126
5087
4679
6407
4680
4681
4682
6575
4683
4684
18403
4685
13698
4687
4690
4691
6576
4693
4694
4695
4696
4697
6332
4698
6582
4699
9660
4701
4702
9906
4704
4705
4707
4708
4711
4713
4714
4716
4718
9957
4723
4727
17010
4729
4730
4731
4732
4733
4734
17166
4735
4736
4737
4738
6371
4739
4740
4741
4742
4743
4744
4745
9722
4746
10410
4748
13982
4749
4750
4753
18386
4755
4756
17103
4788
4757
13579
4758
16950
4759
13707
4760
4761
4762
4763
4888
4765
6502
4766
4768
4771
4770
4769
6392
6409
4774
6573
4775
6579
4776
4778
4779
4780
6574
6578
4781
4782
6372
6373
4783
5093
4784
5092
4785
6577
4786
4787
4789
6565
4792
6591
4793
4794
4795
4796
6592
6408
4800
4801
6412
4802
4803
6411
6419
6420
4807
6387
6388
4808
9939
4815
4810
6391
4811
6389
4812
6390
6413
4813
4814
4816
4817
4818
9876
4821
10098
4822
9968
9907
4823
5793
5789
9933
4829
16985
4830
4831
4832
4833
4834
6524
4835
13933
4836
4837
4839
4842
4843
4844
16948
4845
4846
4847
4848
5406
4849
9758
4850
4851
4854
8883
4855
4856
4857
6416
4858
6414
6417
4866
4867
4868
4869
6580
6586
4870
6581
6585
4874
4875
6584
4876
4877
6588
4879
6583
4880
16555
4883
4884
9897
4890
14059
4891
4892
16963
4893
13979
4894
4895
4896
4897
11578
5217
4898
7720
4899
11537
4900
5184
4901
4902
4904
4905
4906
9522
4908
4910
4913
9994
4914
4917
4919
14855
4920
8067
4921
17145
4922
8044
4923
4924
4925
4926
17142
4967
4927
4928
17126
4929
4930
17154
17156
4931
4983
4932
6227
4933
17152
4934
4963
4981
4935
4936
17147
4937
5260
4938
4939
17151
4941
4940
4942
4943
6222
6230
4944
4945
4946
4947
4948
17150
4949
17157
4950
4951
5132
4952
4953
4954
8961
4955
5119
6221
4956
4957
4958
17149
8028
4959
4960
4984
4961
17140
4962
4982
4964
4965
18457
4966
4968
5131
5134
4969
6223
8017
4970
4971
4972
5604
4973
4974
4975
4976
8024
4977
4979
4980
7881
9779
4986
4988
4989
6110
4991
4992
4993
9998
4995
5004
5006
5007
5008
5010
5011
5012
5013
5014
14851
5015
5016
9491
5017
9492
5018
5027
14867
5028
5029
5030
5034
11503
6196
5039
5040
18347
5041
5042
5043
5044
16986
16987
16996
5045
5046
5047
5049
5051
5052
5056
5059
5061
5062
18439
6950
5063
5064
6127
5066
10152
9467
5067
5070
5071
18350
5072
13721
5073
5074
14041
14042
5075
5076
5077
5078
10963
5079
5081
5083
5084
5085
5088
5089
6374
6376
5090
5091
17106
6607
5094
9880
6314
13164
5100
5101
13070
5103
11634
9811
7431
9814
5105
5106
5107
5111
14078
5112
5113
5114
5115
5792
5116
5120
5121
5122
5124
10960
8038
8035
5133
5135
6541
5136
5137
5138
5139
5140
5141
5142
5145
6653
5146
6892
5147
6869
5148
10458
5149
5150
9725
5151
5152
9601
5153
10114
10079
5154
10140
5155
5156
5157
5159
5160
5161
5164
10919
5166
13447
13448
5320
5167
5168
13709
5169
18357
5170
5171
5172
5174
11542
5175
5176
5177
5178
5179
5180
5182
5183
5185
5186
14745
5187
9854
5188
5190
6652
5191
6651
6668
5192
6890
6919
5193
6891
6906
5195
5196
5199
5202
7425
5205
5207
5208
5209
5210
5211
5212
5214
5215
11514
7718
5216
10442
5218
5219
5220
8847
5221
5222
5223
5224
6649
6680
5225
5226
6889
5609
5228
6650
5519
5231
6888
5233
11091
5234
5235
5237
9877
5240
5243
5307
5245
5246
5247
5248
5249
13411
5250
10582
7752
10581
5251
5253
5254
5255
5256
8885
6315
5258
5259
8020
5261
5263
5264
13980
13985
5265
14853
5266
5267
5268
5269
5270
5271
5272
5273
5274
5275
5277
5278
5276
5279
5280
5281
5283
5287
5285
5288
5289
5290
5291
5293
5295
12003
5296
5297
5298
5299
5300
5301
5302
5303
5304
14856
5305
5308
5309
6883
5311
6641
5313
6880
5315
5316
5317
5318
10937
5319
5321
5324
5327
7427
5331
5333
5335
5336
9747
5594
5339
5341
6646
5343
6885
5345
11085
5346
5347
5349
6637
5351
6877
5353
5354
5355
13444
13133
5357
6634
5360
6879
5362
6636
5364
6878
5366
5367
5369
5370
6632
5372
6872
5374
5375
6633
5377
6870
5379
5382
5398
9761
5384
5390
5385
5386
5387
18397
5391
18381
5392
5394
9450
5397
5399
5400
5401
10064
5403
5404
10014
5409
5410
5408
5412
5414
5415
5416
5417
5418
5419
16957
16967
16989
5420
5421
18405
5422
5467
5424
5425
5426
5427
5428
5429
5430
18399
5431
5434
5436
5437
5441
5484
5442
5443
6080
6003
5444
5445
5446
5447
5449
5450
5451
5454
5455
5456
5457
5458
5459
5460
13172
5462
5463
5464
5525
5465
5466
5469
17190
5470
5471
5472
17191
5473
5474
5475
14741
5476
5477
5478
5479
5905
5480
5481
5482
5483
5485
5486
5487
5488
5491
5492
5493
5494
5615
5495
5496
5497
5498
5499
5500
18387
5501
5502
5503
5504
5607
5505
18382
5506
5507
10352
10353
5508
17174
17340
5509
5510
5511
5515
5520
5522
5523
5524
6627
5526
6654
6630
6635
6638
6639
5536
6644
6643
6645
5539
6642
6681
6647
6648
5551
5552
5553
5554
5555
17427
5556
17173
17345
5557
5558
5559
5560
5873
5561
5562
5563
5564
5565
5566
14744
5567
5568
5569
5570
5572
5573
5574
5575
5576
10145
5577
5578
9948
8982
5579
9582
5580
5581
5582
5708
16854
5583
5695
5584
5587
5588
5589
5590
5591
5592
5593
5596
5599
5601
7449
5602
10338
5603
5605
5606
5610
5612
5613
5614
6873
6871
6876
6874
6875
6881
6884
6882
6886
6887
5641
5642
5643
5644
5645
5646
5647
5648
5649
10336
10340
5650
5651
5652
5653
5654
5655
5656
5657
5658
5659
5660
5661
5690
5662
5663
5664
5665
5666
5667
5668
5669
5670
5671
5673
5674
5675
5676
5678
5681
5680
5683
5682
5684
5686
5687
5689
5691
5692
5699
5696
5706
5707
5697
5698
5700
5702
5704
5701
5703
16959
5709
5710
18325
5711
14152
14153
5712
5713
5714
5715
5716
14104
14120
5717
5718
5719
5720
5721
5722
5723
5724
5725
6280
5726
5727
6255
5728
5729
14117
5730
5731
5732
5733
5734
5735
5736
14110
5737
5738
14107
5739
5740
5741
5742
5743
5744
5745
5746
14151
5748
5749
14101
5750
5751
5752
13729
5753
5754
13459
5755
14100
5756
5757
5758
14099
5759
5760
5761
5763
10444
5765
5767
5768
5771
5772
5773
5775
5777
5778
5780
5783
5786
5787
5790
7089
5788
5791
16741
16610
16601
5795
5797
5798
5799
5800
5801
5802
5803
5804
11928
5805
5914
5806
5807
5808
5809
5810
5811
5972
5953
5812
5937
5813
5941
6019
5814
5815
5816
5817
5818
5819
5820
5821
5822
5823
5824
5825
5826
5827
5828
5829
5848
5849
5830
5831
5832
5833
5834
5835
11990
5836
5837
5838
5986
5839
5840
5841
5842
5843
5869
5866
5844
5845
5846
5847
5850
5851
5853
5855
5871
5870
5856
5857
5858
5981
6072
5859
5860
5861
5862
11951
5864
5907
5863
5865
5867
5868
6098
5872
5874
5875
5876
5877
5878
6055
5888
5880
5881
5883
6062
5882
5884
5885
6063
5886
5887
5889
5890
5891
5892
5893
5894
5895
5896
5897
5898
5899
5900
5901
5902
5903
5904
5906
5908
5909
5910
5911
6059
5912
5913
5915
5917
5916
5918
11920
5919
5920
5921
5922
5923
5924
5925
5926
5927
5930
5928
5929
5931
5932
5933
5934
5935
5936
5938
5939
5940
5942
5943
5944
5945
5946
5947
5949
5950
6011
5951
5952
5954
6026
5955
5956
5957
5958
5959
5961
5962
5960
5963
5964
5965
5966
5967
5968
5969
5970
5971
5973
5974
5975
6076
5976
5977
5978
5979
5982
5983
5984
5985
5987
5988
5989
5990
5991
5992
5993
5994
5995
5997
5996
6002
5998
5999
6000
6001
6004
6005
6006
6009
6007
11963
6008
6010
6012
6042
6013
6014
6015
6016
6017
6018
6020
6021
6022
6023
11977
6024
11938
6025
6051
6027
6064
6028
6029
6030
6031
6032
6033
6034
6035
6073
6037
6103
6038
6039
6040
6041
6043
6084
6045
6046
6047
6048
11841
6049
6050
6052
6079
6053
6054
6056
6057
6058
6060
6061
6065
6067
6066
6068
6069
6070
6071
6074
6075
6077
6078
6081
6082
6083
6085
11959
6086
6088
6089
6090
6091
6092
6093
6094
6095
6097
6101
6102
6604
6105
6360
6106
9523
6109
6112
6113
6115
6116
6117
6118
6119
6120
6121
8086
6122
6123
8693
6124
7760
6125
7767
6126
6130
13435
13158
13161
6132
17047
6134
6135
6136
7450
6187
6137
7452
6138
6141
6139
18404
6140
6142
6143
7754
6144
6145
6146
6147
6148
6149
6198
6267
6151
10017
6154
6155
6156
6158
6159
6160
17084
6161
6162
6163
6164
6165
6166
6167
6168
6169
6170
6171
6173
6172
6174
6175
17086
6176
6177
6178
6179
6180
6181
6182
18374
6183
6184
6185
10550
6186
6188
8692
6190
6191
13599
6192
7095
6193
6197
10931
9839
6200
6201
17120
6202
17131
6203
6204
16913
6205
16973
6206
6207
6208
6209
6210
18388
6211
6214
6212
6934
6213
6238
6215
6216
6217
6218
6219
8959
8056
8962
6226
8052
6229
6228
6231
6232
10940
10939
6233
6234
6235
6236
6237
6239
6240
6241
6242
6243
6244
6245
6246
6247
6248
6249
6250
16931
6251
6252
6253
6254
6256
18013
6272
6257
17058
16740
6259
6260
6261
6262
6263
6264
6265
6266
6268
6269
6270
6271
6273
6274
6275
6276
6277
17059
6278
6279
6281
6282
6283
6284
6285
6286
6287
6288
6481
6289
6290
6508
6291
6526
6345
6296
6297
6298
6299
6300
6301
6302
6303
6304
6305
6306
6309
6310
6311
6312
6316
6317
6318
6529
6320
6321
6322
6323
6324
11520
6325
10653
6327
6328
6329
6511
6522
6330
6521
6331
6340
6333
6334
6335
6336
6343
6337
6338
6339
6341
6342
17136
6344
17133
6346
6347
6349
17093
6350
6351
17135
6353
6354
6355
6356
17130
17139
6359
6418
6362
6365
6366
6367
6368
6369
6370
6375
6377
6378
6380
6379
6381
6382
6383
6384
17134
17138
6385
6393
6394
6395
6435
6438
6398
6403
6404
6405
6415
6421
6422
6423
6424
6425
6426
6427
6428
6430
6429
6431
6433
6432
6434
6436
6437
6439
6440
17132
6441
6442
6443
6444
6449
6445
6450
6446
6447
16937
6451
6452
6453
6454
6455
6456
7726
6459
6460
6461
6462
6463
6464
17075
6465
6466
7441
6467
6468
6469
6470
16635
6474
6472
6473
6475
6476
6477
6478
6479
6480
6482
6485
6484
6487
6486
6488
6489
6490
6491
6492
6493
17081
17082
6494
17076
18410
6495
6496
6497
6498
6499
6500
6501
6503
6504
6505
6506
6507
6509
6510
6512
6513
6514
17115
17116
6515
6516
6518
6517
6519
6520
6523
17114
6525
6528
6530
6531
6532
6533
6535
6536
6537
6543
6538
6548
6539
6545
6540
6542
6546
6544
6547
6552
6549
6550
7073
6558
6556
6590
6560
6559
6561
6562
17117
17119
6563
6567
6568
6569
6572
6589
6587
6593
6594
6595
6596
6597
6598
6599
6600
6601
6602
6603
6605
6608
6609
6616
6610
6611
6612
6614
6615
6617
6618
6619
6620
8088
6621
10135
6623
6624
6625
10103
9561
10402
6626
6628
6629
6640
6655
6656
6657
6658
6659
6660
6661
6662
7797
6663
6664
6665
6666
6667
6684
6669
6670
6671
6672
6673
6674
6675
6676
6677
6678
6679
6682
6683
6685
6686
6687
6688
7304
6689
6690
6958
6691
6696
6697
6700
6705
7885
6708
6710
6711
8965
6712
6714
6715
6716
6717
6718
6719
6722
6723
6734
6724
6725
6727
6726
6728
6729
6730
6731
6732
6733
6735
6736
6737
6740
6738
6739
6742
6743
6744
6745
6747
6746
6749
6750
6794
6752
6753
6754
6755
6799
6757
6756
6758
6759
6761
6762
6763
6764
6765
6766
6767
6768
6769
6771
6772
6773
6814
6811
6774
6775
6776
6777
6778
6779
6790
6805
6785
6786
6787
6788
6789
6791
6793
6796
6797
6804
6801
6802
6806
6809
6807
6808
6810
6815
6813
6816
6817
6818
6819
6820
6821
6822
6823
6824
6825
6826
6827
6828
6829
6830
6831
6832
6838
6834
6835
6836
6837
6839
6840
6841
6842
6843
6844
6845
6846
6847
6848
8935
6849
6851
6852
6854
6855
6856
6857
6859
6860
7374
6861
6862
6863
6864
6865
6866
6867
6868
6893
6894
6895
6896
6897
6898
6899
6900
6901
6902
6903
6904
6905
6968
6969
16922
6907
6908
6909
6910
6911
6912
6913
7714
6914
6915
6916
6917
6918
6920
6921
16919
6922
6923
6924
9701
10891
6925
6926
6927
16780
6928
6930
6932
6936
6937
6938
17068
17071
6939
18385
6941
6942
6943
6961
6944
7751
6945
6947
6948
6951
6952
6954
6959
6955
6956
6957
6960
6963
6964
6965
6966
6967
6970
6973
6974
7037
6975
6979
6980
6981
6982
6983
6985
6984
6986
6987
17101
6988
6989
8939
6990
6991
6993
6994
6995
6996
6997
6998
6999
7000
7001
7002
7003
7004
7005
7006
7007
7008
8938
7036
7010
7011
7013
7014
7015
7016
7017
7018
7019
7021
7022
7023
7024
16905
7026
7027
7028
7034
7035
7040
7041
7042
7043
7044
7045
7046
7047
7048
7049
7050
7052
7053
7054
7055
7056
7057
7058
7059
7060
7063
7062
7066
7064
16899
7067
7069
16900
7068
7070
7072
16885
7071
7074
7076
7077
7079
7081
7083
7084
10933
7090
7091
7092
7093
7094
7096
7098
7099
7100
7125
7102
7103
7104
7105
7305
7127
7106
7107
11738
7108
7300
7109
11736
7110
7111
7113
7112
7329
7114
7115
7116
7117
7316
7118
7119
7120
7121
7122
7123
7124
7394
7126
7128
7130
7131
7132
7227
7133
7134
7242
7135
7136
7137
7213
7138
7139
7140
7141
7142
7143
7144
7145
7146
7167
7147
7148
7149
7150
7151
7221
11778
7152
7153
7154
7155
7156
7157
7158
7159
7160
7161
7162
7163
7164
7165
7232
7177
7166
7168
7223
7169
7170
7171
7172
7173
7230
7249
7275
7174
7175
7269
7176
7197
7178
7179
7180
7181
7182
7183
7184
7185
7186
7187
7188
7189
7191
7236
7190
7192
7193
7194
7198
7199
7195
7196
7200
7201
7264
7206
7202
7203
7204
7205
7208
7271
7210
7211
7212
7265
7215
7216
7217
7219
7220
7224
7225
7226
7228
7231
7229
7233
11748
7235
7237
7238
7239
7248
11790
7240
7241
11781
7243
7244
7245
7268
7247
7250
7251
7273
7252
7253
7255
7256
7257
7258
11770
7259
7260
7261
7263
7266
11759
7267
7270
7272
7274
7276
7277
7281
7280
7282
7392
7283
7284
7285
7286
11731
7288
7295
7400
7289
7290
7291
7292
7318
7293
7294
7296
7297
7298
7299
7301
7302
7303
7306
7307
7328
7335
7308
7309
7402
7310
7311
7312
7313
7314
7315
7317
7319
7320
7321
7322
7323
7324
7326
7396
7325
7336
7327
7330
7331
7332
7333
7334
7337
7338
7339
7340
7341
7342
7343
7344
7345
7346
7347
7348
7349
7350
7351
7353
7352
7354
7355
7381
7356
7357
7358
7359
11737
7360
7361
7362
7385
7363
7364
7365
7366
7367
7368
7369
7370
7371
7372
7373
7375
7376
7378
7377
7379
7380
7382
7384
7383
11689
7386
7387
7388
11686
7389
7390
7391
7395
7393
7397
7398
7399
7401
7403
7404
7405
7407
7409
7410
7412
7413
7415
7416
7417
7418
11582
7419
7420
7722
7421
7423
9728
7424
7426
7430
10555
10556
7429
7433
7434
7435
7437
7438
7440
7442
7443
7445
7446
7453
7454
8789
7455
7456
16631
7457
7458
7459
7462
7464
13088
7467
7468
7469
7470
7471
7472
7473
10829
10066
9527
7474
7476
7477
10047
7480
8102
7481
7484
7485
10149
7486
7894
7487
7488
7489
7490
7491
7492
7494
8786
7495
7496
7497
7498
11110
11076
7499
7500
7719
7501
7502
7506
7507
7508
7511
7510
7513
7514
7517
7516
7519
7520
7523
7522
7525
7526
7527
7528
7531
7532
7535
7534
7536
7538
7539
7540
7543
7544
7547
7546
7549
7550
7553
7552
7555
7556
7559
7558
7561
7562
7563
7564
7566
7568
7571
7570
7572
7574
7575
7576
7579
7613
7580
7581
7597
7582
7583
7584
7601
7585
7593
7586
7587
7588
7605
7589
7590
7591
17099
7592
7594
7595
7596
7598
7599
7600
7602
7603
7629
7604
7606
7607
7608
7609
7610
7611
7612
7649
7614
7615
7647
7655
7664
7616
17097
7618
7617
7619
7621
17096
7622
7623
7625
7624
7626
7627
7632
7628
7630
7631
7633
7634
17100
7635
7636
7637
7638
7639
17095
7640
7641
7642
7665
8053
17098
7644
7645
7667
7646
7650
7651
7661
7652
7670
7653
7654
7656
7658
7660
7662
8054
10603
7674
7675
7676
7678
7679
7680
7681
7682
7702
7707
7684
7685
7701
7687
7688
7689
7693
7690
7691
7692
7694
7696
7697
7700
7706
7704
7705
7708
7709
7711
7712
7715
7716
7717
10046
7724
9447
7727
7728
7729
7730
7731
7788
7738
10414
10419
7734
7736
7737
7739
9967
9760
7742
7743
7744
7747
7749
7753
7758
13061
13064
13068
7759
13089
7761
7762
7849
7763
7764
7765
7766
7768
8104
7769
7770
7771
7772
7773
7774
7873
7775
8105
7776
7777
7778
7779
7781
7780
7782
7785
7784
7786
13384
7789
7791
7794
7891
7795
7799
7800
7801
7803
7804
7805
7819
7831
7818
7808
7809
7810
7811
7812
7824
7833
7814
7815
7816
7817
7820
7822
7823
7825
7828
7829
7832
7834
7836
7837
8015
7838
7840
7841
7862
7863
7842
8154
7844
7845
7846
7847
7848
13083
13084
7850
7851
8686
7852
13120
13394
7853
7855
7856
13076
13289
7857
8734
7858
13075
7859
7860
7861
7864
7865
7866
7867
7868
7869
8735
7870
7871
7872
7874
11421
11423
7890
13222
8183
7892
7893
13355
7895
13367
7896
7898
7897
7899
7900
7901
7902
7953
7903
7904
13369
7905
7906
7907
7908
7909
7910
7911
7912
7913
7915
7914
7919
7920
7921
7922
7923
7924
7925
7926
13322
7927
7928
7929
7930
13312
7931
7932
13370
8771
7933
7934
7955
7935
7936
7937
7938
7939
7940
7941
7942
7943
13252
7944
7945
13341
7946
7947
7951
13332
7948
13339
7949
7950
7982
7952
7954
13368
7956
7957
7958
7959
7960
7961
7977
7962
13329
7963
13328
7964
8680
7965
7967
7968
7969
7970
13318
13319
7971
7972
7973
7974
7975
7976
7978
7979
7980
7981
7983
7984
7993
7986
7987
7988
7990
7991
7989
7994
7995
7996
7998
8001
8004
8006
8007
8009
8011
8039
8013
8014
8016
8043
8025
8027
8029
8030
8031
8034
8040
8041
8042
8045
8046
8047
8048
8050
8051
8055
8057
8058
8073
8074
8075
8076
8078
8079
8080
8084
8087
8089
8141
8090
8091
13042
8092
13134
8093
8094
8095
8096
8097
8740
8098
8099
8100
8101
8103
8106
8107
8108
8109
8110
8111
8112
8113
8114
8137
8138
8115
13141
8116
8117
13142
8118
8119
8120
8121
8122
8123
8124
8126
8127
8128
8129
8130
8131
8132
8133
8134
8135
8136
13137
13138
13140
8751
8139
8140
8671
8674
8146
8147
8163
8165
8148
8149
8151
8164
8152
8153
8155
8156
8157
13077
8159
8160
8161
8169
8170
8171
13247
8172
13338
13335
8173
8174
13316
8175
13246
13245
8739
8176
8177
8178
8784
8677
8179
8180
8181
8182
8184
8185
8186
8190
8187
8188
13233
8189
8191
8192
8193
8194
8195
8196
8197
8198
8199
8200
8201
8202
8203
8204
8589
8205
8624
8206
8207
8208
8209
8210
8407
8211
8212
8213
8390
8214
8215
8216
8217
8218
8219
8567
8220
8221
8570
8222
8223
8224
8225
8580
8226
8227
8228
8512
8229
8944
8230
8231
8384
8232
8233
8234
8235
8236
8237
8238
8239
8240
8241
8242
8243
8244
8245
8246
8247
8248
8249
8250
8251
8252
8253
8379
8254
8255
8256
8257
8258
8357
8259
8394
8260
8398
8261
8408
8262
8263
8421
8264
8427
8265
8266
8441
8267
8447
8268
8450
8269
8274
8627
8283
8431
8577
8288
8289
8305
8290
8432
8291
8292
8293
8294
8302
8295
8296
8297
8378
8298
8299
8630
8300
8301
8303
8368
8304
8306
8307
8308
8459
8309
8310
8311
8312
8313
8314
8315
8316
8317
8318
8319
8320
8321
8322
8537
8440
8324
8323
8326
8325
8327
8328
8330
8621
8331
8332
8333
17053
8334
8335
8337
8564
8492
8336
8338
8339
17054
8340
8341
8342
8343
8643
8346
8347
8348
8350
8349
8352
8351
8353
8354
8355
8645
8356
8358
8510
8359
8361
8362
8363
8364
17049
8365
8366
8367
8626
8370
8371
8372
8373
8374
8375
8377
8380
8381
17048
8382
8383
8385
8386
8387
18415
8498
8388
8389
8391
8392
8393
8395
8399
8402
8403
8534
8404
8535
8405
8414
8415
8416
8417
8418
8419
8420
8424
8425
8428
8435
8436
8536
8437
8439
8444
8445
8506
8453
8454
8456
8457
8460
8461
8462
8463
8464
8465
8466
8467
16706
8601
8468
8469
8470
8471
8472
8585
8473
8582
8474
8483
8487
8493
8495
8497
8499
8500
8501
8502
8503
8504
8507
8509
8508
8511
8513
8521
8523
8531
8532
8538
8543
8544
8545
8546
8547
8549
8548
8550
8552
8553
8554
8556
8557
8558
8559
8560
8561
8562
8565
8625
8568
8572
8573
8575
8576
8579
8581
8584
8587
8588
8590
8591
8592
8593
8595
8596
8597
8598
8599
8602
8604
8603
8605
8607
8606
8608
8609
8610
8611
8613
8614
8615
8616
8617
8619
8622
8631
8632
8633
8634
8635
8636
8637
16711
8638
8639
8640
8641
8642
8664
8644
8646
8648
8649
8650
8651
8652
8653
8654
8655
8656
8657
8658
8659
8660
8661
8662
8663
8665
8666
8667
8673
8676
8678
8679
8681
13054
13066
13082
8690
8682
8683
8722
8684
13078
8685
13108
8687
8688
8689
8691
8832
8694
8695
8697
8804
13403
8696
8698
8699
13405
8703
8700
8701
13396
8702
8704
8720
8705
8706
8707
8708
8709
8710
8711
13287
8820
8712
8713
8714
8715
8716
13288
8717
8718
8724
8728
8729
8719
8721
8727
13086
8726
8723
8725
8730
8731
8733
13117
13115
8770
8736
8737
8738
8741
8742
8743
8744
8745
8746
8747
8748
8749
8752
8753
8754
8756
8755
8757
8758
8759
8764
8767
8769
8810
8772
8773
8774
8775
8776
8777
8778
8780
8808
8781
8782
8785
8787
8796
8790
8791
8795
8833
8797
8800
8801
8802
8805
13093
8806
8807
8809
8811
8812
8814
8815
8817
8819
8821
8822
13214
8826
8827
8828
8830
8831
8834
8835
8838
8839
8840
10909
8841
9831
8842
8843
8850
8845
8848
8849
8851
8852
9838
8854
8855
8856
10893
10958
8862
8864
10899
9478
8868
8979
10900
9477
9476
8869
8870
8875
8872
8874
8876
8880
9913
8893
11506
11507
8894
8895
8896
8897
8898
8899
9771
8900
11588
8901
8902
11508
9788
8903
11501
8908
8912
8913
8914
8916
8917
8918
8919
8921
8920
8922
8924
9803
8928
8932
8933
8937
17105
8940
16554
8942
8947
8943
8945
8946
8950
8948
8949
8957
8968
8969
10684
8971
8976
8977
8978
8986
8987
9593
8988
8989
11324
8991
8992
8993
9606
8994
8995
11323
8996
8997
9607
9277
8999
9000
9001
9604
9003
10143
9004
9005
9600
9007
11332
9009
9598
9011
11334
9013
9595
9015
10133
9016
9017
9605
9018
9019
9300
9020
9021
10452
9022
9023
9313
10446
9025
10132
9027
9304
9029
9292
9030
9031
9309
9295
9033
10447
9035
9290
9036
10118
9037
10459
9039
9282
9041
10454
9042
9043
9293
9044
9045
10451
9046
9047
9310
9049
9301
9050
9051
9291
9052
11100
9053
9055
9294
9057
11096
9058
10455
9059
9061
11101
9062
9063
11389
9065
11093
9066
9067
9306
9068
9069
11090
9071
9312
9073
11088
9074
9075
9315
9077
11098
10445
9079
9081
11094
9083
11336
9085
10136
9087
9088
11293
9089
9091
11307
9092
9093
10131
9095
11339
9097
10134
9099
11322
9101
11382
9103
11289
9105
10141
9107
11300
10137
9109
11357
9111
9112
10120
9113
9115
11340
9116
9117
9603
9118
9119
11384
9121
9122
9123
9314
9124
9125
9591
9127
11321
9128
9129
9599
9130
9131
11285
9132
9133
9586
9135
11337
9137
9597
9138
9139
11331
9141
9592
9142
9143
11318
9144
9145
9594
9147
11325
9588
9149
9596
9151
9296
9152
9153
9602
9155
9283
10125
9157
10460
9159
9289
9160
9161
9299
9163
9164
9165
10117
9166
9167
9305
9168
9169
9170
9171
9297
9172
9173
10453
9174
9175
9281
9177
10443
9178
9179
9288
9181
10450
9182
9183
9303
9185
9287
9186
9187
11097
9188
9189
10448
9190
9191
9284
9193
10130
9194
9195
9308
9196
9197
11089
9198
9199
9200
9589
11092
9201
10456
9203
11103
9205
9207
9280
9208
11095
9209
9211
9286
9213
9745
9214
9215
9311
9217
11376
9219
9302
11102
9221
9223
9225
11099
9226
9227
9298
9228
9229
11345
9231
10138
9232
9233
11335
9307
9235
9236
11302
9237
9239
11277
10126
9241
9243
11279
9245
9247
10127
9249
10129
9250
11377
9251
9253
11338
9285
9255
11291
9257
11320
11278
9259
9261
10142
9262
11294
9263
9265
10123
10128
9267
9269
11295
9271
10139
10449
9273
11319
9275
9276
9278
10144
9279
9316
9317
9318
9319
9320
9321
9322
9323
11395
9325
9326
11396
9328
9329
11403
11386
9332
11358
9333
11414
9336
11381
9337
9338
11400
9340
11399
9342
9343
9344
9345
9346
9347
9348
9350
9351
9352
9353
11388
9356
11410
11275
11409
9361
9362
9363
9364
11343
11412
11405
11394
9367
9368
9369
9370
10544
9371
9372
9373
9374
9375
10371
9376
9377
9378
9379
9380
11362
9381
11402
9382
11401
9384
9458
10401
9385
9386
9387
9388
9389
9390
11397
9392
10615
11174
9393
9394
9395
9396
9397
11370
11392
11393
11407
9401
11373
11391
11406
11390
11288
11353
11383
11341
9409
9410
11408
11416
11398
11327
9415
11417
9419
9420
11365
11415
9422
9423
9424
9425
9426
9427
9569
9428
10462
9429
9430
9431
9432
10470
9433
11083
10466
9435
9436
9437
11667
9438
9442
9439
9440
9441
9443
11654
9623
9444
10392
9445
9448
9454
9455
9456
9457
10439
10095
9721
9459
9762
9642
10426
11077
9460
9461
9463
9470
9480
9482
10646
9489
9490
9494
9498
9496
9501
9504
9958
9508
9514
9513
9506
9511
9517
9518
9521
9539
9525
9526
9528
9529
9533
9534
9537
9538
9541
9542
9543
9545
10404
9917
9549
9552
9910
9555
11518
9645
9567
9560
9562
9564
9898
9708
9565
9566
9568
9570
9574
9709
9571
9710
9572
9573
9575
9576
10407
9577
9578
9579
9619
10420
9620
9621
9622
9624
9625
9626
9627
10000
9628
9629
9633
9634
10044
9729
9730
9637
9640
9726
9641
9643
9647
9644
9648
9649
9650
9651
9652
9659
9672
10649
10619
9674
9676
11642
9680
9679
9681
9707
9714
10061
10055
9946
9719
9718
9720
9749
9753
9844
10620
9759
10021
9775
9776
9777
9778
9782
11494
9789
9794
9807
9809
11418
9818
9832
9833
9834
9961
9837
10025
9852
9859
9862
9863
9867
9959
9879
9881
9884
9885
9894
10023
9919
9937
9938
9966
9949
9952
9953
10012
9960
9963
9965
9970
9973
9975
9983
9989
9995
9999
10003
10001
10188
11660
10189
10004
10007
10008
10010
10024
10028
10029
10031
10035
10036
10038
10040
10049
10052
10067
10068
10193
10552
10069
10072
10071
10073
10074
10422
10077
10083
10078
10080
10081
10150
10082
10432
10084
10085
10086
10089
10087
10423
10424
10088
10090
10094
10099
10101
10102
10116
10153
10154
10155
10158
10159
10174
10177
10178
10187
10191
10195
10196
10197
10198
10199
10200
10201
14659
14674
10202
10203
10204
10205
10206
10207
10208
10209
10210
10211
10213
10212
10214
10215
10216
10217
10218
10219
14547
10220
10221
10222
10223
10224
10225
10226
18365
10227
18360
10228
14498
10229
14478
10230
10231
10232
10233
10234
10235
10236
10237
10238
10239
10240
10241
13430
10242
10243
10244
10247
10245
10246
10248
10249
13811
10250
10251
10252
10253
10254
10255
10256
14264
14282
10257
10258
14023
10259
14272
10260
10261
10262
14260
10263
10264
10265
10266
10267
10268
10269
10270
14125
10271
10272
10273
10274
10275
10276
10277
10278
10279
10280
14102
10281
10282
10283
10284
10285
10286
10287
14014
10288
13977
10289
10290
17195
17206
10291
10292
13942
13946
10293
10294
10295
13759
10296
10297
10298
10299
10300
10301
10302
13591
10303
10304
10305
10306
10307
10308
13708
10309
10310
10311
10312
10313
10314
10316
10318
10319
10320
10321
10322
10323
13693
10324
10325
10326
13610
13667
10327
10328
10329
10330
10331
13588
10332
10333
10334
10335
10337
10339
10341
13516
10342
10343
13473
10344
10345
10346
10347
10348
10349
10350
10351
10354
10355
10364
10356
10357
10358
10359
10360
10361
10366
10362
10363
10365
10367
10368
10369
10370
10372
10373
10374
10375
10376
10377
10378
10380
10379
10381
10382
10383
10384
10385
10477
10386
11161
13028
12413
10389
10390
10391
10403
10405
10584
10406
10408
10409
10412
10411
10413
10415
10417
10418
11424
10421
10427
10425
10428
10429
10430
10431
10433
10434
10435
10437
10457
11252
10461
10463
10464
10465
10467
11663
10468
10469
10471
10472
10475
10476
10499
10618
10539
10540
10541
10542
10543
10545
10549
10551
10553
10557
10558
10559
10560
10562
10563
10564
10565
11469
10566
10567
10568
10569
10570
10571
10572
10573
10664
10574
10576
10575
10585
10586
10589
10590
10593
10594
11517
10596
18092
10600
10601
10602
10604
10605
10606
10607
16622
10608
11187
12556
10610
12319
10611
10612
10614
10632
10633
10634
10635
10636
10637
10638
10640
10639
10641
10642
10643
10644
10645
10648
10650
10652
10656
10658
10659
10660
10661
10662
10663
10665
10666
10667
10668
10671
10672
10673
10674
10676
10675
10978
10677
10678
10679
10680
10682
10683
11018
10686
10865
10692
10689
10690
11006
10693
10694
10695
10696
10700
10697
10698
10763
10699
10701
10764
10702
10703
10704
10706
10837
10709
16776
16789
10710
10711
10712
10713
10714
10734
10717
10773
10772
10719
10720
10721
10722
10871
10870
10723
10729
10724
10725
10728
10727
10733
10735
10736
10738
10740
10741
10743
10747
10749
10751
10752
10753
10754
10755
10762
10758
10775
10759
10761
10765
10766
12651
10770
10771
10811
10776
10777
10780
10778
10779
10781
10800
10782
10785
10783
10786
11449
10784
10787
10788
10789
10790
10792
10793
10794
10795
10805
10797
10798
10799
10803
10807
10808
10810
10812
16748
10813
10814
10971
10819
10987
10821
10822
12582
10824
10826
10833
12394
10832
10835
10836
10838
10839
10840
10841
10842
10843
10844
10849
10846
10850
10852
10851
11491
10857
10856
10858
10859
10860
10862
10863
10864
16616
16746
10866
16750
10867
10869
10873
10874
10875
10876
10877
10879
10880
10882
12577
10885
10892
10894
10897
10901
10903
10905
10911
12382
12385
10929
10934
10935
12371
10938
10941
10943
10946
16785
16784
10947
10949
10950
10956
10959
16788
10964
10965
10966
10968
10969
10970
10972
10973
10991
10974
10976
10977
10979
10980
10981
16793
16794
10983
10986
10989
10994
10998
10999
11000
11009
11001
11013
11003
11026
11004
11025
11005
11007
11008
11014
11016
11019
11021
11023
11024
11028
11030
11159
11160
11031
11032
11033
11075
11216
11079
11080
11081
11082
11251
11086
11104
11212
11107
11108
11109
11111
11621
11140
16545
11152
11155
12308
11156
11157
11177
11158
11162
11173
11176
11179
11180
11181
11250
11183
11185
11186
11188
11189
11190
11191
11205
11192
11217
11193
11194
11195
11239
11196
11249
11237
11198
11199
11200
11201
11265
11202
11203
11204
11206
11207
11411
11209
11219
11227
11228
11404
11231
11240
11243
11244
11245
11247
11254
11255
11256
11257
11259
11274
11276
11280
11281
11282
11284
11286
11385
11290
11292
11296
11297
11298
11299
11301
11303
11304
11305
11347
11308
11309
11310
11311
11312
11314
11375
11315
11316
11317
11326
11328
11329
11330
11333
11346
11350
11359
11363
11364
11368
11379
11426
11427
11428
11429
11431
11440
11430
11432
11433
11434
11435
11436
11437
11438
11473
11443
16623
11444
11447
11451
11452
11455
11454
11456
11459
11460
11461
11475
11463
11465
11466
11467
11470
11472
11476
11477
11479
11480
11486
11483
11484
11487
11490
11493
11495
11498
11499
11500
11509
11512
11515
11516
11519
11522
13474
11523
12310
11525
11526
12316
11527
11528
11530
11531
11535
11536
11544
11547
11548
11550
11552
11555
11556
11558
11559
12304
11563
11564
11567
11572
12306
11574
11579
11583
11585
11606
12363
12357
11589
11591
11592
11596
11597
11599
11600
11602
11607
11609
11810
11610
11611
11613
11614
12314
11616
11617
12358
11622
11623
11624
16757
11625
11628
11629
11631
11636
16745
16619
11637
11638
11639
11640
11641
11644
11646
16754
11648
11650
11651
11652
11665
11655
11658
11659
11661
12320
11664
11669
11670
11671
11672
11674
11673
11676
11678
11680
11681
11682
11683
11684
11685
11687
11688
11741
11690
11691
11692
11693
11694
11695
11696
11698
11699
11700
11701
11702
11703
11706
11705
11707
11708
11709
11713
11710
11711
11714
11717
11716
11718
12323
11720
11721
12535
11723
11724
11725
12347
11727
11728
11730
12509
11733
11734
11742
11743
11744
11745
11752
11750
11751
11820
11821
11753
11755
11756
11758
11768
11762
11763
11767
11766
11765
11769
11771
11772
11773
11779
11775
11780
11776
11777
11782
11783
11785
11818
11787
11796
11789
11876
11791
11792
11793
11794
11795
12337
11797
11798
11799
12527
11800
12526
11802
12339
11804
11807
11809
12524
11812
12522
11815
11816
11817
11819
11822
11823
11824
11825
11826
11827
11828
11830
11834
11832
11833
11843
11836
11837
11838
11839
11840
11842
11844
11845
11846
11847
12327
11850
11852
11853
11854
11855
12329
11856
12514
11858
11862
11863
11881
11864
11865
11869
11866
11867
11868
11870
11871
11874
11877
11878
11887
11886
11883
11894
11888
11889
11890
11891
11892
11893
12331
11896
12521
11898
12520
11901
12333
11903
11902
11904
12451
11910
11913
11915
11916
11917
11919
11925
11923
11922
11924
11926
11930
11932
11931
11933
11935
11936
11939
11942
11953
11944
11946
11947
11948
11949
12530
11955
11957
11958
11960
11967
11965
11966
11980
11969
11971
11972
11973
11981
11974
12341
11978
11983
12541
11985
12343
11987
12529
12528
11993
11992
11996
11997
11998
11999
12000
12001
13114
13387
12006
12005
14166
12007
13389
12010
12009
12011
12012
12014
12015
12016
14870
12017
12018
12019
14852
14859
12021
14879
12023
12024
14880
12026
12027
12028
12029
12030
12031
12032
12033
14884
12034
12035
12036
12037
12038
12039
12040
12041
12042
12043
12046
12044
12045
12047
12057
12048
12061
12051
12052
12053
12058
14885
12062
12064
12065
12066
12067
12068
12069
12076
12071
15089
12091
12072
12082
12073
12092
12077
12079
12088
12444
12083
12084
14887
12093
12097
12094
12096
12104
12107
12108
12109
14899
12110
12111
15088
12112
12113
12114
12115
12116
12121
12135
12117
12118
12119
12120
14914
12122
12123
12124
14405
12125
12126
12127
14907
12129
12130
12131
12132
12133
12134
12136
16864
12141
12142
12143
12144
12145
12160
12146
12147
12148
14921
12150
12149
12151
12161
12152
12153
12158
12154
12155
12156
12157
12856
12159
12162
12163
12164
12165
12166
12167
12168
12169
12170
12171
12172
12173
12174
12175
14807
12176
12177
12178
14711
12179
12180
14662
12181
12182
14748
12183
12186
12187
12188
12189
12190
12191
12192
12193
12197
12194
12198
12195
12196
12199
12285
12275
12272
12284
12273
12274
12276
12277
12278
12279
12280
12281
12282
12283
12286
12288
12287
12289
12290
12291
12292
12294
12293
12296
12295
12297
12298
12299
12300
14920
12301
12303
12305
12309
12312
12313
12315
12317
12550
12321
12322
12324
12325
12381
12513
12380
12330
12518
12332
12334
12335
12377
12338
12340
12372
12344
12345
12346
12349
12536
12350
12351
12352
12353
16766
12354
16941
12355
12576
12361
12362
12370
12395
12410
12411
12416
12417
12418
12419
12420
12421
14881
15621
12422
12423
12424
12425
16113
12426
12427
12428
12429
12430
12431
12432
12433
15777
12434
12435
12436
12437
12438
12439
12440
12441
12442
12443
12445
12448
12449
12450
12452
12453
12454
12455
12456
12457
12458
12459
12460
12461
12462
12463
12464
12465
13380
12466
12467
12468
12493
12494
12495
12496
12497
12499
12500
12501
12502
12503
12505
12506
12507
12508
12539
12540
12544
12545
13953
12546
12547
16608
12555
12559
12566
12569
12579
12581
12583
12585
12586
12587
16777
12588
12590
12591
12592
12593
12594
12596
12597
12599
12600
12601
12603
12604
12605
12606
12607
12608
12609
12610
12611
13528
12612
12613
12614
12615
12616
12617
12618
12619
12620
12621
12622
12623
12624
12625
12626
12627
12628
12629
12630
12631
12632
12633
12634
12635
12636
12637
12638
12639
12640
12641
12642
12643
12644
12645
12646
12647
12648
12649
12653
12654
12655
12656
12657
12658
12659
12660
12677
13199
12678
12679
12680
12681
12683
12684
12685
12686
12687
12688
12689
12690
12691
12692
12693
12694
12696
12697
12698
12699
12700
12701
12702
12703
12704
12706
12707
12708
12710
12711
12712
12713
12714
12715
12716
12717
12718
12719
12720
12722
12725
12728
12729
16730
12730
12731
16726
12733
16702
12734
12735
12736
12737
12738
16865
12739
16902
12740
12741
12742
16909
12743
16884
16704
12745
16897
12747
12748
16907
12749
16734
12750
12751
12752
12753
12754
12755
12756
12757
12758
12759
12760
12761
12762
12763
12764
17275
12765
18128
12766
13515
12767
17277
12768
18126
12769
13513
12770
12772
12773
12776
12775
12779
12778
12780
12781
12784
12783
12785
12787
12788
12791
12792
12793
12794
12795
12796
12799
12800
12801
12804
12805
12806
12807
12808
12811
12812
12815
12816
12819
12820
13514
12823
13476
12824
12827
12826
13540
12829
12830
12831
12832
12833
12834
12835
12836
12837
12838
12839
12840
12841
12842
12843
12844
12847
12846
12848
12849
16591
12850
12851
12852
12853
12854
12858
12860
12861
12862
12863
12864
12867
12868
12869
12872
12873
12874
12875
12876
13381
12879
12880
12883
12882
12885
13219
12886
12889
12890
13033
12891
12892
12895
12896
12897
12898
12901
12900
12903
12904
12905
12908
12909
12910
12911
12912
12915
12916
12917
12918
12921
12922
12924
16698
12926
16699
15087
12931
15085
15084
12934
12935
12936
12963
12937
12938
12939
12967
12964
12942
12943
12944
12945
12946
12970
12948
12949
12950
12978
12979
12953
12954
12955
12956
12957
13023
12958
13026
12959
12974
12960
12975
12982
12983
12984
12985
12986
13446
12987
12988
12989
12990
12991
12992
14509
14259
12993
12994
12995
16852
12996
12997
12998
12999
14902
13000
13001
14221
13002
13003
13004
14904
13005
13006
14329
13007
13008
13009
14905
13010
13011
13012
13013
13014
13015
13016
13017
13018
13019
13020
13021
13029
13030
13031
13060
13032
13034
13058
13035
13036
13125
13037
13038
13051
13410
13039
13040
13041
13128
13045
13049
13043
13044
13047
13048
13052
13409
13050
13053
13055
13056
13057
13059
13063
13408
13062
13067
13122
13069
13085
13087
13090
13091
13320
13253
13342
13255
13094
13096
13097
13098
13136
13139
13109
13145
13111
13113
13116
13118
13119
13124
13132
13135
13144
13143
13151
13152
13155
13203
13201
13159
13160
13163
13212
13439
13440
13173
13174
13179
13181
13441
13182
13183
13184
13206
13186
13188
13190
13191
13193
13195
13196
13200
13210
13217
13220
13221
13223
13224
13225
13226
13227
13228
13235
13229
13230
13234
13236
13231
13232
13237
13243
13248
13254
13257
13259
13276
13266
13267
13268
13269
13270
13272
13285
13286
13274
13311
13275
13277
13278
13279
13280
13281
13282
13283
13284
13306
13307
13309
13308
13331
13374
13310
13313
13314
13373
13327
13323
13324
13371
13330
13333
13334
13340
13336
13344
13345
13347
13349
13348
13350
14883
13375
13351
13362
13354
13356
13357
13363
13372
13376
13377
13378
13379
13395
13397
13412
13413
14176
13415
13416
14175
13418
14163
13420
13421
13422
13423
13424
13425
13426
13427
13428
14177
13432
13433
13436
13437
13438
13442
13449
13450
13452
14910
13457
13458
17217
13460
13461
13462
13465
13466
13467
13468
13470
13471
13475
13546
13551
13472
13477
13557
13478
13480
13481
13483
13485
13487
13489
13556
13491
13492
13493
17218
17674
13497
13500
13502
13511
13504
13506
13507
13508
13509
13510
13512
13517
13518
13520
13521
15082
17215
15083
13530
13524
13531
13526
13527
13532
13533
13536
13538
13539
17214
13541
13542
13543
17660
13549
17216
13555
13558
13559
13560
13561
13562
13563
13564
13565
13566
13567
13568
13569
13570
13572
13668
13571
13573
13574
13575
13576
13577
13578
13580
13581
13584
13583
13585
13586
13940
13587
13589
13590
13592
13593
13594
13595
13596
13597
13600
13608
13602
13603
13605
13858
16955
13604
13606
13607
13611
13650
13612
13614
13615
13616
13617
13618
13619
13620
13621
13622
13623
13624
13625
13626
13627
13628
15936
13629
13630
15888
13631
13632
13633
13634
15886
13635
15883
13636
13637
15877
13638
13639
13640
13641
13642
13643
15891
13644
13645
13646
13647
13648
15826
13649
15832
15846
13651
13652
13653
13654
13656
13655
13657
13660
13671
13658
13661
13662
13663
13875
13664
13665
13669
13666
13670
13672
13673
13674
13675
13696
17012
13676
13677
13678
13679
13680
13681
13682
13683
13684
13685
13686
13688
13690
13691
13697
13692
13694
15833
13695
13699
13700
13701
13702
13703
13723
13704
13705
13706
13710
13711
13713
13712
13813
13822
13714
16975
13715
13716
13717
13718
13719
13720
13722
13724
13725
13726
13814
13727
13728
13731
13732
13733
13734
13735
13736
13737
13738
13739
13740
13741
13742
13743
13744
13745
13746
17305
13747
13748
17564
13749
13750
13751
13752
15545
13753
13754
13755
13756
13757
13779
13758
13854
13760
13761
13818
13923
13763
13764
13821
13766
13767
13768
13769
13770
13771
13772
13820
13774
14886
13775
13776
13777
13778
13805
13780
13781
13782
13784
13785
13786
13787
13823
13788
16976
17028
16520
13794
13796
16980
13797
17030
13799
13800
13801
13802
13803
13804
13806
13807
13808
13809
13810
13812
13816
13817
13819
18019
13824
13825
13848
13826
13827
13828
13829
13830
13831
13832
13833
13834
13835
13836
13837
13838
13839
13840
13841
13842
13849
17313
13843
13844
13845
18297
13846
13847
13850
13851
13852
13853
13855
13856
13857
13859
13860
13861
13862
13863
13864
15901
13865
13866
13868
13867
13869
14900
13871
13874
16990
13872
13877
16993
13873
13876
13878
13879
13880
13881
13882
13883
13884
13892
13885
13909
13886
13888
18006
13890
13891
13893
13901
13904
13894
13895
13900
13896
13905
13897
15892
13898
16399
13899
13902
13903
13906
13907
13908
13910
13911
13912
13913
13914
13915
13916
13917
13918
13919
13920
13921
13922
13924
13926
13925
13927
13928
13930
13931
13932
13934
13935
13938
13939
13941
13943
13945
13948
13947
13968
13949
13950
13951
13952
13954
13955
15502
13956
15666
13957
13958
13961
13960
16508
13962
18147
13963
14077
13964
13966
13965
13971
13969
13972
13974
13999
13975
14015
13976
13978
13981
13983
13984
13986
14016
13987
13988
13989
13990
13991
13992
13993
13994
13995
13996
13998
14000
14020
14001
16999
14002
14003
14017
14004
14006
17162
14009
14011
14013
14018
14019
14021
14022
14024
14025
14026
14027
14028
14029
14030
14031
14033
14035
14038
14034
14036
14037
14039
14040
14043
14044
14045
14046
14047
14048
14049
14053
14051
14055
14052
16968
14060
14079
14056
14064
14076
18159
14058
14061
17208
14063
14065
14066
14080
14067
14068
14069
17231
14070
17222
14071
14074
15697
14072
14073
14075
14081
14082
14083
14084
14085
14086
14087
14088
14089
14090
14091
14092
14093
14094
14095
14096
14097
14098
14103
14105
14106
14108
14109
14111
14112
14113
14114
14115
14116
14118
14119
14121
14122
14147
18152
14123
14124
14126
15980
14127
14128
14129
15691
14130
15692
14131
15693
14132
14133
15695
14134
15696
14135
15699
14136
15702
14137
15701
14138
14139
14141
14140
14143
14142
14144
14146
18417
14145
14148
14149
14154
14159
14161
14165
14178
14179
14180
14183
14184
14185
14186
14188
14190
14204
14192
14193
14194
14195
14196
14197
14198
14223
14201
14199
14200
14202
14203
14205
15757
14206
14207
14209
14208
14220
14212
14213
14215
14217
14222
14219
14253
14224
14225
14226
18348
14227
14258
14228
14229
14230
14231
18362
14232
14233
14234
14235
14236
14237
14238
14239
14240
14241
14242
14244
14245
14246
14247
14248
14249
14255
14250
14257
14252
14256
14862
14254
14261
14262
14263
14265
14266
14267
14268
18349
14269
14273
14274
14276
14277
14278
14279
14280
14291
14281
14283
18352
14284
14285
14286
14287
14288
14290
14293
14292
14294
14295
14296
14297
14298
14299
14301
15039
14302
14303
14304
14305
14306
14328
14308
18353
18369
14309
14310
14311
14312
14314
14326
14318
14320
14321
14322
14323
18356
14325
14330
14331
14332
14333
14334
14335
14995
14336
14996
14337
14338
14339
14343
14340
14344
14345
14342
14364
14347
14348
14349
14350
14373
14351
14352
14353
14354
14355
14357
14380
14358
14360
14361
14362
14363
14365
18358
14366
14367
14368
14369
14370
14371
14379
14374
14375
14376
14377
14378
14381
14382
14383
14384
14385
14992
14386
14387
14388
14394
14393
14389
14390
14391
14392
14395
14397
14398
14401
14402
14400
14403
14404
14408
14410
14409
14412
14419
14413
14414
14415
14426
14416
14421
14417
14420
14418
14427
14422
14423
14428
14430
14429
14431
14432
14434
14452
14433
14435
14436
14437
14438
14441
14440
14442
14443
14444
14446
14445
14447
14448
14449
14450
14451
14454
14455
14453
14456
14457
14460
14983
14458
14984
14459
14461
14462
14463
14465
14464
14466
14477
14468
14469
14470
14471
14474
14472
14475
14473
14479
14482
14480
14481
14483
14490
14491
14484
14485
14486
14487
14496
14488
14489
14492
14493
14495
14494
14500
14501
14502
14503
14505
14504
14506
14507
14508
14510
14511
14512
14513
14514
14516
14549
14517
14518
14519
14573
14561
14559
14533
14534
14535
14536
14574
14541
14542
14563
14543
14565
14545
14546
14550
14551
14554
14556
14557
14564
14566
14568
14567
14569
14570
14571
14572
14575
14576
14577
14578
14579
14580
14581
14583
14585
14584
14586
14587
14589
14590
14591
14592
14593
14594
14595
14596
14597
14599
14598
14600
14601
14602
14603
14604
14606
14605
14607
14609
14610
14611
14614
14612
14615
14616
14617
14618
14619
14625
14620
14622
14621
14623
14626
14628
14629
14631
14632
14633
14634
14635
14652
14636
14637
14638
14639
14640
14641
14645
14642
14643
14644
14646
14647
14648
14649
14650
14653
14654
14655
14656
14657
14658
14666
14660
14661
14663
14665
14681
14664
14667
14669
14670
14672
14673
14714
14675
14676
14677
14678
14679
14689
14680
14682
14683
14684
14685
14687
14688
14690
14691
14802
14693
14695
14694
14696
14697
14698
14699
14700
14701
14702
14703
14704
14705
14706
14707
14708
14709
14712
14713
14715
14717
14719
14720
14721
14722
14724
14723
14725
14726
14727
14728
14729
14730
14731
14734
14732
14735
14736
14737
14738
14739
14740
14742
14743
14746
14747
14749
14751
14750
14753
14754
14755
14756
14757
14758
14760
14761
14762
14764
14765
14766
14767
14768
14769
14770
14772
14771
14774
14776
14775
14779
14778
14781
14782
14783
14784
14786
14787
14788
14789
14790
14791
14793
14794
14795
14796
14797
14798
15422
15424
14800
14801
14803
14805
14804
14806
14808
14810
14811
14813
14814
14816
14817
14819
14820
14826
14823
14824
14828
14829
14830
14831
14832
14833
14848
16569
14843
14845
14850
14854
14857
14858
14860
14861
15423
15425
14865
14866
18392
14868
14869
14871
14872
14873
18406
14874
14875
14876
14877
14878
14889
14890
14892
14893
14894
14897
14901
14922
14923
14924
14925
14926
14927
14928
14929
14930
14976
14931
14932
14933
14934
14935
14936
14937
14938
14939
14940
14941
14971
14943
14944
14945
14947
14948
14949
14951
14952
14953
14955
14956
14957
14959
14960
14961
15034
14963
14964
14969
14972
14973
14975
14978
14985
14986
14987
14988
14990
14989
14991
14993
14994
14997
14998
15000
15002
15004
15006
15008
15010
15012
15014
15016
15018
15020
15022
15023
15024
15025
15026
15027
15028
15029
15033
15030
15032
15035
15036
15037
15038
15040
15041
15045
15042
15114
15044
15046
15047
15048
15049
15050
15756
15052
15053
15057
15055
15054
15116
15449
15802
15059
15061
15063
15064
15065
15066
15067
15068
15069
15070
15071
15072
15073
15074
15075
15076
15077
15078
15079
15080
15081
15092
15094
15097
15099
15100
15104
15105
15106
15107
15108
15489
15352
15120
15122
15353
15130
15132
15431
15149
15150
15154
15153
15155
15159
15160
15161
15166
15165
15167
15171
15172
15173
15175
15176
15177
15178
15179
15180
15181
15182
15183
15184
15185
15186
15187
15191
15190
15192
15196
15195
15200
15202
15203
15205
15206
15207
15210
15211
15212
15213
15214
15215
15216
15218
15219
15220
15221
15222
15223
15224
15226
15227
15230
15231
15232
15234
15235
15236
15237
15238
15242
15243
15244
15245
15246
15248
15249
15250
15251
15252
15253
15254
15255
15256
15257
15258
15259
15260
15261
15262
15264
15265
15266
15268
15269
15270
15271
15272
15273
15274
15275
15276
15277
15278
15279
15280
15698
15281
15282
15283
15285
15286
15287
15288
15289
15290
15291
15292
15294
15295
15296
15297
15808
15299
15300
15301
15302
15303
15304
15807
15784
15307
15310
15313
15312
15315
15318
15319
15321
15324
15325
15326
15329
15330
15331
15333
15335
15336
15338
15340
15341
15343
15345
15354
15355
15358
15359
15360
15362
15363
15365
15367
15368
15369
15370
15371
15372
15373
15374
15375
15377
15378
15379
15380
15381
15382
15384
15385
15668
15669
15388
15390
15391
15392
15393
15394
15395
15396
16305
15397
15398
15399
15401
15402
15403
15405
15407
15408
15409
15410
15411
15412
15413
15414
15415
15416
15417
15418
15419
15420
15421
15426
15427
15429
15430
16005
15432
15433
15434
15435
15436
15437
15438
15439
16253
15440
15441
15442
15445
15451
15534
15453
15454
15532
15456
15457
15458
15459
15460
15461
15462
15463
15464
15465
15466
15467
15468
15470
15526
15473
15475
15478
15477
15479
15480
15482
15484
15486
15487
15491
15492
15495
15493
15496
15498
16105
15499
15503
15504
15505
15506
15508
15509
15510
15511
15512
15763
15514
15515
15517
15520
15519
15521
15522
15528
15529
15535
15536
15537
15539
15540
15541
15542
15543
15544
15546
15547
15548
15549
15550
15551
15552
15555
15557
15554
15556
15559
15560
15561
15562
15565
15566
15567
15568
15571
15572
15573
15574
15575
15576
15577
15578
15579
15580
15581
15582
15583
15584
15585
15586
15587
15588
15589
16531
15595
15594
15596
15597
15598
15599
15600
15601
16521
15603
16511
15605
15606
15607
15612
15609
15610
15611
15613
15614
15616
15617
15618
16507
15620
15800
15622
15625
15624
15626
15628
15629
15630
16524
15632
15633
15634
15635
15637
15638
15639
15640
15641
15642
15643
15647
15648
15646
15649
15650
15651
15652
15653
15654
15655
15656
15657
15659
15660
15661
15662
15663
15665
15671
15672
15673
15674
15675
15676
15677
15678
15679
15681
15682
15683
15684
15685
16529
16956
15687
15688
15689
15690
15694
15700
17927
15704
15705
15706
15707
15708
15709
15710
15712
15713
15714
15715
15716
15718
15719
15722
15720
15721
15723
15726
15727
15728
15731
15732
15733
15734
15735
15737
15738
15739
15741
15742
15743
15746
15747
15748
15749
15751
15752
15753
15754
15758
15759
17002
15761
15764
16427
15765
15766
15767
15768
15769
15770
15771
15772
15773
15775
15776
15779
15780
15781
15782
15783
15785
15787
15788
15789
15791
15792
15793
15794
15795
15796
15797
15798
15799
15801
15804
15809
16490
15810
15811
15812
15813
15814
16447
15815
15816
15817
15818
16344
15819
15820
15821
15822
15823
15825
15827
15828
15829
15830
15831
15834
15835
15836
16255
15837
15838
15839
15840
15841
15842
15843
15844
15845
15847
15848
15849
15850
15851
15852
15853
15854
15855
15856
15857
15859
15860
15861
16525
16298
15862
15863
15864
15865
15866
15867
15868
15869
15870
15871
15872
15873
15874
15875
15876
15878
15879
15880
15881
15882
15884
15885
15887
15889
15890
15893
15894
15895
15896
15897
15898
15900
15902
15903
15904
16364
15905
15906
15907
15908
15909
15910
15911
15912
15913
15914
15917
15918
15916
15919
15920
16392
15921
15922
15923
15924
15927
15928
15926
15929
15930
15931
15932
15933
15934
16173
15935
15937
15938
15939
15941
15940
15942
15944
15945
15946
15948
15949
15950
15951
15952
15953
15956
15957
15955
15958
15959
15960
15961
15962
15963
15964
16150
15966
15967
15968
15969
15970
15971
15972
15973
15974
15975
15976
15977
15978
15979
15981
15982
15983
15984
15985
15986
15987
15988
15989
15990
15991
15993
16958
17201
15992
15994
15995
15996
15997
15998
15999
16000
16001
16029
16002
16497
16003
16004
16006
16009
16007
16008
16010
16011
16012
16013
16014
16016
16015
16017
16018
16019
16020
16022
16021
16023
16024
16025
16026
16028
16030
16034
16031
16032
16037
16033
16035
16036
16039
16040
16041
16042
16045
16043
16044
16046
16047
16048
16049
16050
16051
16052
16055
16053
16054
16056
16057
16058
16059
16060
16061
16062
16063
16064
16065
16066
16067
16068
16069
16070
16071
16072
16073
16074
16075
16077
16076
16078
16079
16080
16081
16082
16083
16084
16527
16085
16086
16087
16088
16089
16090
16091
16092
16093
16094
16095
16096
16380
16097
16100
16102
16098
16099
16101
16103
16104
16106
16107
16108
16111
16110
16112
16114
16115
16116
16117
16119
16118
16120
16121
16122
16530
16124
16125
16126
16127
16128
16129
16389
16130
16131
16132
16133
16134
16135
16136
16140
16137
16138
16139
16142
16143
16144
16145
16147
16148
16149
16151
16156
16152
16154
16153
16157
16155
16160
16161
16159
16162
16163
16164
16165
16167
16169
16168
16170
16171
16175
16174
16176
16178
16180
16179
16181
16182
16183
16185
16184
16188
16186
16187
16189
16191
16192
16193
16194
16195
16196
16197
16198
16199
16201
16200
16202
16205
16207
16203
16204
16206
16208
16209
16210
16211
16212
16213
16215
16216
16217
16218
16219
16220
16221
16224
16223
16225
16226
16227
16228
16229
16232
16230
16231
16233
16234
16235
16236
16237
16238
16239
16241
16242
16243
16246
16249
16244
16245
16247
16251
16250
16252
16254
16256
16257
16258
16259
16261
16262
16263
16267
16269
16264
16265
16266
16270
16272
16268
16271
16273
16274
16276
16277
16278
16280
16281
16282
16283
16284
16285
17539
16288
16289
16498
16290
16291
16292
16295
16293
16296
16297
16300
16301
16303
16302
16526
16307
16308
16310
16313
16311
16314
16312
16317
16315
16318
16321
16316
16319
16323
16320
16322
16325
16326
16327
16328
16329
16330
16331
17845
16333
16334
16335
16336
16337
16338
16339
16340
16341
16342
16343
16345
16346
16347
16348
16350
16349
16351
16820
16354
16355
16357
16358
16359
16360
16361
16362
16363
16366
16365
16368
16369
16370
16371
16372
16373
16374
16375
16376
16377
16379
16382
16383
16384
16385
16386
16387
16388
16391
16394
16393
16395
16396
16404
16397
16400
16401
16402
16403
16405
16409
16407
16410
16408
16411
16415
16412
16413
16414
16418
16416
16417
16420
16419
16423
16421
16422
16424
16425
16426
16428
16429
16431
16432
16434
16433
16435
16437
16438
16439
16444
16440
16441
16442
16443
16449
16446
16448
16450
16452
16453
16454
16456
16458
16457
16461
16460
16462
16463
16464
16465
16466
17331
16467
16468
16469
16470
16471
16472
16473
16474
16475
16476
16477
16480
16481
16482
16483
16484
16485
16486
17538
16488
16489
16492
16493
16495
16496
16528
16499
16501
16502
16503
16506
16509
16510
16512
16513
16516
16518
16522
18193
16523
16532
16533
16534
16536
16829
16539
16542
16546
16547
16550
16551
16553
16556
16557
16558
16559
16560
16561
16760
16562
16563
16586
16565
16567
16566
16568
16570
16574
16571
16575
16572
16573
16576
16600
16597
16581
16582
16583
16584
16589
16592
16602
16603
16604
16611
16612
16613
16615
16617
16627
16625
16626
16628
16629
16632
16633
16634
16636
16637
16638
16639
16640
16642
16643
16645
16646
16650
16675
16653
16656
16680
16655
16658
16662
16664
16665
16666
16669
16667
16668
16670
16671
16683
16687
16690
16692
16694
18400
16696
18377
16697
16709
16710
16712
16713
16715
16718
16720
16723
16725
16728
16733
16761
16735
17056
16737
16738
16742
16763
16743
16744
16751
18384
16758
16767
16764
16765
16773
16770
16774
18389
16778
18391
17067
17074
16790
18395
16795
16796
16797
16798
16801
16799
16800
16802
16806
16804
16805
16807
16810
17160
18308
16812
18333
16813
17025
16814
16815
17159
16816
17008
18337
16817
17038
16818
17179
16819
16821
16978
16822
16823
16828
16830
18354
16831
16832
16833
16835
16837
16838
16872
16839
16842
16843
16844
16846
18443
17211
17212
18425
16848
16849
16988
18304
16850
16851
16855
16859
16858
16860
16862
16866
16867
16868
16871
16873
16876
16877
16880
16881
16882
16887
16889
16903
16906
16920
17121
16930
16932
16935
16938
16942
18186
18187
16949
16951
16952
16953
16954
16960
16962
16964
16965
16966
16969
17220
16970
16971
16972
16974
17279
16977
16979
16981
16982
16983
16984
16991
16992
16994
16995
17196
16997
16998
17000
17001
17003
17004
17005
17006
17007
17187
17009
17011
17232
17234
17013
17550
17014
17428
17436
17015
17016
17017
17018
17019
17181
17020
17021
17022
17023
17024
17026
17638
17027
17029
17031
17032
17516
18298
17034
17035
17036
17037
17039
18351
18345
17060
17061
17063
17077
17078
17085
17089
17092
17107
17125
17158
17161
17163
17164
17593
17165
17167
17168
17169
17170
17172
17171
17175
17176
17178
17180
17182
17183
17184
17185
17186
17188
17189
17192
17193
17194
17197
17198
17199
17200
17202
17203
17204
17205
17207
17209
17210
17213
17221
17219
17223
17224
17226
17225
17228
17230
17233
17235
17236
17238
17239
17240
17241
17433
17242
17243
18134
17244
17245
17273
17248
17249
17250
17679
17251
17252
17255
17437
17438
17257
17434
17665
17260
17261
17265
17271
17429
17269
17270
17272
17276
17341
17278
17280
17281
17544
17282
17283
17284
17285
17286
17287
17288
17289
17873
17290
17291
17292
17293
17294
17295
17419
17296
17421
17297
17298
17299
17300
17301
17302
17303
17304
17306
17317
17307
17308
17309
17310
17311
17312
17314
17315
17316
17318
17319
17320
17321
17322
17323
17324
17325
17326
17327
17328
17329
17330
17332
17333
17334
17335
17352
17336
17337
17338
17339
17342
17670
17343
17344
17669
17346
17347
17682
17348
18116
18125
17349
17350
17351
17353
17354
17442
17355
17356
17357
17358
17359
17360
17361
17362
17363
17364
17545
17365
17366
17367
17368
17369
17370
17371
17372
17373
17374
17375
17376
17378
17379
17377
17380
17381
17382
17384
17385
17383
17386
17387
17388
17389
17390
17391
17392
17393
17394
17395
17397
17396
17398
17399
17402
17400
17401
17403
17404
17405
17406
17407
17408
17409
17410
17411
17412
17415
17413
17416
17414
17417
17418
17420
17426
17422
17423
17424
17425
17430
17431
17432
17439
17440
17441
17443
17444
17445
17446
17447
17449
17450
17452
17451
17453
17454
17455
17456
17457
17458
17459
17460
17461
17462
17463
17465
17464
17466
17467
17468
17469
17470
17471
17579
17472
17474
17473
17475
17476
17477
17478
17479
17480
17481
17483
17484
17549
17485
17486
17487
17488
17489
17490
17491
17492
17494
17493
17495
17496
17497
17498
17499
17500
17501
17502
17503
17504
17505
17506
17507
17509
17508
17510
17511
17512
17513
17514
17515
17517
17518
17519
17520
17521
17522
17523
17531
17910
17524
17525
17641
17528
17529
17530
17541
17542
17543
17546
17547
17548
17551
17552
17865
17553
17554
17555
17556
17559
17560
17561
17562
17563
17565
17566
17567
17568
17569
17570
17571
17572
17573
17980
17574
17575
17576
17577
17578
17580
17581
17582
17583
17584
17585
17586
17588
17761
17589
17590
17591
17592
17594
17595
17596
17597
17598
17599
17600
17601
17602
17603
17604
17605
17606
17607
17608
17609
17610
17611
17612
17613
17614
17615
17616
17617
17618
17619
17620
17621
17842
17623
17625
17626
17627
17628
17629
17630
17635
17631
17632
17633
17634
17636
17637
17639
17640
17642
17644
17647
17650
17655
17657
17661
17663
17664
18130
17667
18233
18232
17672
17673
17677
18133
18091
17681
18127
17785
17689
17850
17690
17691
17692
17693
17700
17701
17704
18002
17705
17707
17708
17709
17710
17712
17713
17851
17714
17715
17717
17721
17718
17719
17722
17723
17725
17729
17731
17736
17734
18256
17740
17741
17743
18089
17746
17747
17751
17749
17753
17755
18036
17757
17762
18286
17766
17773
17774
17780
17827
17781
17858
17784
17786
17787
17788
17792
17794
17810
17812
17937
17813
17815
17819
17821
17823
17824
17828
17826
17833
17834
17837
17838
17839
17840
17848
17854
17853
17855
17862
17860
17861
17863
17864
17867
17870
17883
18456
17874
17875
17877
17878
17879
17881
17885
17887
17889
17890
17891
17892
17893
17894
17895
17897
17899
17901
17902
17905
17908
17912
17909
17914
17916
17917
17919
17918
18037
17921
17922
18153
17924
17928
17933
17934
17939
17941
17942
17943
17946
17947
17948
17952
17958
17960
17961
17962
17964
17965
17966
17972
17973
18053
18041
17981
17982
17983
17984
17985
17986
17987
17989
17993
17994
18076
17996
17997
17999
18000
18003
18004
18007
18008
18009
18014
18015
18021
18024
18025
18026
18027
18029
18030
18032
18038
18039
18040
18042
18044
18047
18049
18064
18066
18175
18176
18068
18073
18082
18083
18224
18084
18085
18115
18099
18100
18098
18112
18143
18148
18150
18149
18151
18154
18155
18156
18157
18158
18160
18161
18166
18168
18169
18171
18182
18195
18196
18204
18197
18206
18199
18200
18201
18205
18208
18210
18211
18214
18218
18219
18290
18220
18225
18226
18240
18241
18243
18244
18299
18251
18253
18252
18283
18296
18301
18302
18303
18305
18306
18307
18309
18310
18311
18312
18444
18319
18322
18326
18334
18336
18421
18355
18393
18407
18416
18422
18423
18426
18428
18447
18452
18454
