0
1
2
3
4
5
6
8972
7
8
9
10
11
11030
12
15561
13
14
15
16
17
18
19
20
21
22
23
24
25
26
27
28
29
30
31
32
33
34
35
36
7017
37
38
39
40
41
42
43
44
45
46
47
48
49
50
51
52
53
54
55
56
57
58
59
60
61
62
63
64
10033
65
66
67
68
9950
69
70
71
72
73
74
75
76
77
78
79
80
81
82
83
84
85
668
86
7349
88
89
90
91
92
93
94
95
96
97
98
99
100
101
102
103
104
6197
106
107
108
109
110
111
112
113
114
115
116
117
426
119
118
120
121
122
123
124
125
126
127
128
129
130
131
132
133
134
2163
135
136
137
138
139
13291
140
141
142
143
144
145
146
147
148
149
150
151
152
153
154
155
13152
156
157
158
5333
159
160
161
13140
162
163
164
165
166
14536
167
168
14333
170
171
172
173
174
14574
175
176
177
178
179
2650
180
7807
181
14602
182
183
184
185
186
187
188
189
190
191
192
193
194
195
14637
196
14639
197
198
199
200
201
202
203
7517
204
205
206
207
208
209
210
211
212
213
214
215
216
217
218
219
220
221
222
223
224
225
226
227
228
229
230
231
232
233
234
235
236
10684
237
238
239
240
241
242
243
244
245
3578
246
247
248
249
250
251
9641
252
253
254
255
256
257
258
259
260
261
262
263
264
265
266
267
5217
268
269
270
271
272
273
10178
274
275
276
277
278
279
280
281
10123
282
283
284
285
286
287
288
289
290
291
292
293
294
295
296
1193
297
298
299
300
301
302
303
304
305
306
307
314
308
309
310
311
312
313
15673
315
316
317
318
319
320
321
322
323
324
12038
325
326
327
328
329
330
331
332
333
334
335
336
337
338
339
340
341
342
343
344
345
346
347
348
349
350
351
352
353
354
12239
355
356
357
358
359
360
361
362
12420
364
365
366
367
368
15972
369
370
371
372
373
374
375
376
377
378
379
380
381
382
1434
383
384
385
12496
386
387
388
389
390
391
392
393
394
395
396
397
398
13341
399
400
401
402
403
404
5464
13093
405
406
407
408
409
410
411
412
413
13716
414
415
416
16300
417
418
13810
419
420
421
422
423
424
425
427
428
429
430
431
432
433
434
435
436
437
438
439
440
441
442
443
444
445
446
447
448
449
450
6050
14079
451
452
453
6078
454
455
456
457
458
1870
459
460
461
1865
1873
463
464
465
466
467
1789
468
469
470
471
472
473
474
475
6261
476
477
478
479
480
481
482
6199
484
485
486
487
488
489
6335
490
491
1969
1973
493
494
495
496
497
498
499
500
501
502
503
504
506
505
507
6915
508
2152
510
511
512
513
514
515
516
517
518
519
520
521
522
523
524
525
526
527
528
529
530
531
532
533
5556
534
535
536
537
538
539
542
541
543
544
545
546
547
548
549
550
14383
551
552
7150
553
2303
554
555
556
557
558
559
560
561
7101
562
563
7111
564
565
566
567
568
569
570
571
572
573
575
576
577
579
580
581
582
583
584
7379
585
586
587
588
589
590
591
592
14359
593
594
595
596
597
598
599
600
7188
601
602
603
604
605
606
2339
607
608
609
610
611
612
613
614
615
616
617
618
619
620
621
622
623
624
625
626
627
12752
628
12817
629
630
631
632
633
634
635
636
12783
637
638
639
640
641
642
12761
643
644
645
646
647
648
649
650
651
652
653
654
655
656
657
9918
658
659
660
661
662
663
665
664
666
667
669
671
670
672
673
674
675
677
678
679
680
681
682
683
684
685
686
687
688
689
699
690
691
692
693
694
6994
6997
695
696
697
7028
698
700
701
7676
702
703
704
705
706
707
708
709
710
2517
2516
711
712
713
714
715
716
717
7399
718
14459
719
720
7413
721
722
723
724
725
726
727
728
729
730
731
732
733
734
735
736
7541
737
738
739
740
741
742
8034
743
8029
744
745
746
747
748
749
750
8168
751
752
753
754
755
8130
756
757
758
759
760
761
762
763
2790
764
765
766
767
768
769
770
771
772
773
774
775
776
777
778
779
780
781
782
783
784
787
785
786
788
789
790
8387
791
792
793
794
795
796
797
798
799
800
801
3272
802
3271
803
804
805
806
807
808
809
3046
810
9060
811
812
813
814
815
816
817
818
819
8643
820
821
822
823
824
825
8851
826
827
828
829
830
831
832
842
833
834
835
836
837
838
8684
839
840
841
843
844
8747
846
847
848
849
850
851
852
8771
853
3124
854
8770
855
856
857
858
859
860
861
862
863
864
865
866
867
868
869
870
871
872
873
874
875
876
8900
877
878
14893
879
880
881
882
8911
883
884
885
886
887
888
889
890
891
893
892
894
895
3180
896
897
898
899
900
901
902
903
904
8984
905
906
907
908
909
910
911
912
913
914
915
916
917
918
919
920
921
922
3383
923
924
925
9307
926
9290
927
928
929
930
931
932
933
934
935
936
3202
937
938
939
940
941
942
10759
943
944
945
946
947
948
949
10766
950
951
952
953
954
955
9412
956
3471
957
958
959
960
961
962
963
9414
964
9416
966
967
968
969
970
971
972
973
974
975
976
977
978
979
980
981
982
983
984
985
10668
986
987
988
989
990
991
992
993
994
995
996
997
998
999
1000
1001
1002
1003
1004
1005
1007
1006
1008
1009
1010
1011
1012
1013
1014
9138
1015
9231
1016
1017
1018
9727
1019
1020
1021
1022
1023
1024
1025
1026
1028
1027
1029
9759
1030
1031
1032
1033
1034
3672
1035
1036
1037
1038
1039
1040
1041
1042
1043
1044
1045
1046
1047
1048
9654
1050
1051
1052
1053
1054
1055
1056
1057
1058
1059
1060
1061
1062
1063
1064
1065
1066
1067
1068
10124
1069
1070
1071
1072
1073
1074
10221
1075
10224
1076
1077
1078
1079
1080
1081
1082
1083
11931
1084
10281
1085
1086
1087
1088
1089
1090
1091
1092
1093
1094
1095
1096
1097
1098
1099
1100
1101
1102
1103
1104
1105
1106
1107
1108
1109
15382
1110
1111
1112
1113
1114
1115
1116
1117
1118
1119
1120
1121
1122
10465
1123
1124
1125
1126
1127
1128
15346
1129
1130
10456
1131
1132
1133
1134
4055
1135
1136
1137
15404
1138
1139
1140
1141
1142
1143
1144
1145
1146
1147
1148
1149
1150
10667
1151
1152
1153
1154
1155
1156
1157
1158
1160
1159
1161
1162
1163
1164
1165
1166
1167
1168
4212
1169
1170
10872
1171
1172
1173
1174
1175
1176
10782
1177
10801
1178
1179
1180
1181
1182
1183
1184
1185
1186
1187
1188
11270
1189
1190
1191
1192
1194
1195
1196
1197
1198
1199
11010
1200
1201
1202
1203
1204
1205
1206
1207
1208
1209
1210
1211
1212
4370
1213
1214
11102
1215
1216
1217
1218
1219
1220
11088
1221
10422
1222
1223
1224
1225
1226
11130
1227
1228
11215
1229
1230
1231
1232
1233
11135
1234
11134
1237
1238
1239
1240
1241
11223
1242
1243
1244
1245
1246
1247
1249
1248
1250
1251
1252
1253
1254
1255
1256
1257
1258
1259
1260
1261
1262
1263
1264
1265
1266
1267
1268
1269
1270
1271
1272
1273
11467
1274
1275
1276
1277
11415
1278
1279
1280
1281
1282
1283
1284
1285
11573
4608
1287
11569
1288
1289
1290
1291
1292
1293
4604
4605
1294
1295
1296
1297
1298
1299
1300
1301
1302
1303
1304
11765
1305
1306
1308
1307
11766
1309
1310
11167
11168
1312
1314
1315
1316
1317
1318
1319
1320
11784
1321
1322
1323
1324
1325
1326
1327
1328
1329
1330
1331
1332
1333
1334
1335
1336
1337
1338
1339
1340
1341
1342
1343
12581
1344
1346
1345
1347
11980
1348
1349
1351
1352
1353
1354
1355
11918
1356
1357
1358
1359
1360
1361
1362
1363
1364
1365
1366
1367
1368
1369
1370
1371
1372
1373
1374
1375
1376
1377
1378
1379
1380
1381
12280
1382
1383
1384
1385
1386
1387
12249
1388
1389
1390
1391
1392
1393
1394
12340
1395
1396
1397
1398
1399
1400
1401
1402
1403
1404
1405
1406
1407
1408
1409
1410
1411
1412
1413
1414
1415
5066
1416
5078
1417
1418
1419
1420
1421
1422
1423
1424
1425
1426
1427
1428
1429
1430
1431
1432
1433
1435
1436
1437
1438
1439
1440
1441
1442
1443
1445
1446
1447
1448
1449
1450
1451
1452
1453
1454
1455
1456
1457
1458
1459
1460
1461
1462
1463
1464
1465
5106
1466
1467
1468
1469
1470
1471
1472
1473
1474
1475
1476
1477
1478
1479
12669
1480
1482
1483
1484
1485
1486
1487
1488
1494
1489
1490
1491
1492
1493
1495
1496
12909
1497
1498
1499
1500
1501
1502
1503
5419
1504
1505
1506
1507
1508
1509
5420
1510
1511
1512
1514
1515
1516
1517
1518
1519
13012
1520
13013
1521
5428
1522
1523
1524
1525
1526
1527
1528
1529
1530
1531
1532
1533
1534
1535
1536
1537
1538
1539
13722
1540
1541
5786
1542
1544
1545
1546
1547
1548
1549
1550
1551
1552
1553
1554
1555
1556
1557
1558
1559
1560
1561
13237
1562
1563
1564
1565
1566
1567
1568
1569
1570
1571
1572
1573
1574
1575
13381
13340
1577
1578
1579
1580
5679
1581
1582
13461
1583
1584
1585
1586
1587
1588
1589
1590
1591
1592
1593
1594
1595
5685
1596
1597
1598
1599
1600
1601
1602
1603
1604
1605
1606
1607
1608
1609
1610
1611
1612
1613
1614
1615
1616
1618
1619
1617
1620
1621
1623
1624
1625
1626
1627
1628
1629
1630
1631
1632
1633
1634
1635
1636
1637
16304
1638
13760
1640
1641
1642
1643
1644
1645
1646
1647
1648
16321
1649
1650
1651
1652
1653
1654
1655
1656
1657
1658
1659
1660
1661
1662
1663
1664
1665
1666
1667
1668
1669
1670
1671
1673
5867
1672
1675
14008
1676
1677
1678
1679
1680
14006
1681
14005
1682
1683
14022
1685
1686
1687
1688
1689
1690
1693
1692
1694
1695
14044
1696
1697
1699
1700
1701
1702
1703
1704
5971
1705
1709
1706
5969
1707
1708
1710
1711
1712
1927
1929
1714
1715
1716
1717
1718
1719
1720
1732
1721
1722
1723
1724
1725
1737
1726
1727
1728
1729
1742
1731
1733
1734
5945
1735
1738
1739
1740
1741
1743
1744
1745
6027
1748
1747
1749
1750
1751
6047
6048
1752
1753
1754
1755
1756
1757
1758
1759
1764
1760
6052
1761
1762
1763
1765
1767
1768
1770
1771
1772
1773
1774
1801
1775
1776
1777
1778
1779
1780
1781
1782
1783
1784
1785
1786
1787
1788
1790
1791
14114
1792
14116
1793
1794
1795
1796
1797
1799
1800
1802
1803
1804
6105
1805
1806
6072
1807
1808
1809
1810
1811
1812
1813
1814
1815
1816
1817
1818
1819
1820
1821
1822
1833
1823
1824
1825
1826
1827
1828
1829
1830
1831
1832
1834
1835
1836
1837
1838
1839
1840
1841
1842
1843
1844
1845
1846
1847
1848
1849
1850
1851
1852
6133
6134
1853
1854
1855
1856
1857
1858
1859
1860
1861
1862
6203
1863
1864
1866
1867
1868
6259
1869
1871
6201
1874
1875
1876
1877
1878
1879
1880
1881
1882
1883
1884
1885
6353
1886
1888
1887
1889
14172
1890
6356
1891
1892
1893
1894
1895
1896
1897
1898
1900
1901
1902
6364
1903
1904
1905
1906
6371
14183
1907
1908
1909
1911
1910
6008
1912
1933
6009
1913
1915
1916
1917
1918
1919
1920
1921
1922
1923
1928
1924
1925
5977
1926
1931
1932
1934
1935
1936
1937
1938
5987
1939
1940
1941
1942
1943
1944
1945
1946
1947
1948
1949
1950
1951
1952
1953
6553
1954
1955
1957
1956
1958
1959
1960
1961
1962
1963
1964
1965
1966
6478
1967
1968
1970
1971
6482
14220
1972
1974
1975
1976
6344
1977
1978
1979
1980
1981
1982
1983
1984
6498
1985
1986
1987
1988
1989
1990
1991
1992
1993
1994
1995
1996
1997
1998
1999
2000
6512
2001
2002
2003
6542
6551
14251
2005
2006
2007
2008
2009
2010
2011
2012
2013
2014
2015
2016
2017
2018
2019
6580
2021
2022
2023
2024
2025
2026
2027
2028
2029
2030
6610
2031
2032
2033
2034
2035
2036
2037
2038
2039
2044
2040
2041
2042
2043
2045
2049
2046
2047
2048
6620
2050
2051
2052
2053
5590
2054
2055
2056
2057
2058
2059
2060
2061
2062
2063
2064
2065
2070
2066
2068
2069
2071
2072
2073
2074
2075
6656
2076
2077
2078
2079
2080
2081
2082
2083
2084
2085
2086
6921
2087
6920
2088
2089
2090
2091
2092
2093
2094
14290
2095
2096
2097
2098
2099
2105
2100
2101
2104
2102
2103
6690
2107
2108
2109
2110
2111
2112
2113
2114
2115
2116
2117
2118
2119
2120
2121
2122
2123
2124
2125
2126
2127
2128
13177
2129
2130
2131
2132
2133
2134
2135
2136
2137
2138
2139
2140
2141
2142
2143
6878
2144
2145
2146
2147
2148
2149
14313
2150
6941
2151
2153
6947
2154
2156
2157
2158
2159
2561
6942
2161
2162
2164
2165
2166
2167
2168
2169
2170
6290
2171
2172
2173
2174
2175
2176
2177
2178
2179
2180
14235
2182
2183
2184
2185
2186
2187
2188
2189
2190
6306
6323
2191
2192
2193
2194
6325
6328
2198
2199
2197
2202
2200
2201
2204
2203
2205
2206
14320
6295
2208
2209
2210
14369
2211
2212
2246
2213
2214
2215
2216
2217
2218
2219
2220
2221
2222
2223
7090
2225
2226
2227
2228
2229
2230
2231
2232
7086
2233
7081
7087
2234
2235
2239
2236
2237
2238
2240
2242
2241
2243
2244
2247
7097
2248
2249
7094
2251
2250
2252
2253
2254
2255
2256
2257
2259
2260
2261
2262
2263
2264
2266
2265
2267
6860
2268
2269
2270
7110
7109
2271
2272
2273
2274
2275
2276
2277
2278
2279
6811
2280
2281
7117
2282
2283
14376
2284
2285
2286
2287
2288
2289
2290
2291
2292
2293
2294
2295
2296
2297
2298
2299
7131
2300
7132
2301
2302
2304
2305
2306
14378
2307
7138
2308
2309
2310
2311
2312
2313
7145
2314
2315
2316
2317
2318
7156
2320
2321
2322
2323
2324
2325
2326
2327
2328
2329
2330
2331
2333
7179
2335
2336
2337
2338
2340
2341
2342
2343
2344
2345
2346
2347
2348
2349
2350
2351
2352
2353
2354
2355
7268
2356
2357
2358
2359
2360
2361
2362
7273
2363
2364
2365
2366
2367
2368
2369
2370
2371
2372
2373
2374
2375
2376
2377
2378
2379
2380
2381
2382
10040
2383
2385
2384
2386
7292
2387
2388
3861
2389
2390
12758
3864
2391
2392
2394
7262
2393
2395
7290
2397
2398
2399
3836
2401
2402
2403
2404
2405
7291
2406
2407
7289
2408
2410
2411
2412
7207
2413
2414
7217
2415
2416
7211
2418
2419
3775
2420
2421
7322
2422
2423
2424
2425
2426
2427
2428
2429
7364
2430
2432
2431
2433
2434
2435
2437
2436
2438
2439
7173
2440
2441
2442
2443
2444
2445
2446
2447
14363
7383
2449
2450
2451
2452
2453
2458
2454
2455
2459
2456
2457
2460
7369
2461
7375
2462
2463
2464
2465
2466
7361
2468
3754
2469
7362
2471
2472
2473
2474
2475
2476
2477
2478
2479
2480
7347
2482
2483
2484
2485
2486
2487
2488
2489
2490
7631
2491
2492
2493
2494
2495
7606
2496
2497
7636
2498
2499
2500
2501
2502
2503
7669
2504
2505
2506
2507
2508
7658
2509
2510
2511
2512
2513
2514
2515
7649
2519
7007
2521
2520
2522
2523
2524
2525
2526
2527
2528
7387
2529
2530
2531
7409
2533
2534
2535
2536
2537
2538
2539
2540
2541
2542
2543
2544
2545
2546
2547
2548
2549
2550
2551
2552
2553
2554
2569
2555
2556
2557
2558
2559
2560
2562
2563
2564
2565
2566
7696
2567
2568
2570
2571
2572
2573
2574
2575
2576
7713
2577
2578
14561
2579
7717
2580
2581
2582
2583
2584
2596
2585
2586
7681
2587
2588
2590
7667
2589
14547
2591
14551
2593
2594
2597
2598
2599
2600
2601
2602
2603
7812
2604
2605
2606
2607
2608
2609
2610
2612
2613
2614
6116
2615
7739
2616
2617
2618
2619
2620
2621
7838
2622
2623
2624
2625
2626
2627
2628
2630
2629
2631
2632
2635
2640
2634
2637
6125
2638
6108
2641
2642
2643
2644
7827
2645
2646
2647
2648
2649
2651
2652
2655
2653
2654
2656
2657
14591
2659
2660
2661
2662
2663
2664
2665
2666
2667
2668
2669
2670
2671
2672
2673
2674
2675
2676
2677
2678
2679
2680
2681
2682
2684
7791
2683
7821
2685
2686
2687
2688
2689
2690
2691
2692
2693
2694
2695
2698
2697
2699
2700
2701
2702
2703
2704
7550
2705
2706
2707
2708
2709
2710
2711
2712
2713
2714
2715
2716
7992
2717
2718
2719
2720
2721
2722
2723
2724
2725
2727
2726
2728
2729
2730
2731
2732
2733
2735
2734
2736
2737
2738
2739
2740
2746
2741
7965
8044
2742
2743
2744
2745
2747
2748
2749
2750
2752
2751
2753
2754
2755
2759
2756
2757
2758
8178
2760
2761
2762
2763
8181
2764
8092
8169
2766
2767
2768
2769
2980
2770
2771
2772
2773
2774
2775
2776
8090
2778
2779
2780
14711
2781
8295
2782
2783
2784
2785
2792
14671
2787
2788
2789
2791
2793
2794
2795
2796
2797
2798
2799
2800
8218
8219
2804
2802
2803
2805
2806
2807
7538
2808
2810
2809
2811
2813
2812
2814
2815
2816
2817
2818
2819
2820
2821
2822
14486
2823
2826
7468
2825
2827
2828
2829
2830
2831
2832
2833
2834
2835
2836
2837
2838
2839
2840
8240
8266
2841
2842
2843
2844
2845
2846
2847
2848
2849
2850
2851
2852
2853
2854
2855
2856
2857
2858
2859
2860
2863
2861
2862
2864
2866
2865
14684
2867
2868
2870
2871
2872
2873
2874
2875
2876
2878
2877
2879
8249
2880
2881
2882
14705
2883
2884
2885
2886
2887
2888
2889
2890
2891
2892
2893
2894
9848
2895
2896
2897
2898
2899
2900
2901
2902
2903
2904
2905
2906
2907
2908
2909
2910
2911
9755
8363
2912
2913
2914
2915
2916
2917
2918
2919
2920
2921
2922
2923
2926
2925
2927
2928
8324
8330
2929
2930
2931
2932
2933
2934
2935
2953
2936
2937
2938
2939
2940
2941
8322
2942
2944
2943
2945
2946
8427
2947
2948
8479
2949
8519
2950
2951
2952
2954
2955
2956
14719
2957
2959
2958
2960
8296
2961
2962
2963
2965
2966
2967
2968
2969
2970
8134
2971
2972
2973
8166
14652
2974
8164
2975
2977
2978
2979
2981
8100
2982
2983
2984
2985
2986
8530
2987
2988
2989
2990
2991
2992
2993
2996
2994
8529
2995
8523
2998
8541
14778
2999
3000
3001
3002
3003
3004
8517
3006
3007
3008
8554
3009
3010
8470
3011
3012
8469
3013
3014
3015
3016
8543
3017
3018
8551
3019
3020
3021
3022
3023
3024
3025
8457
3027
3028
3029
3030
3031
3032
3033
3034
3035
8624
3036
3037
3038
3039
3040
3041
3042
3043
3044
8451
3047
3048
3049
3050
3051
3052
3053
3260
3054
3055
3058
9063
3056
3057
3060
3059
3061
3062
3063
3064
3065
3066
3067
3068
3069
3070
3071
8676
3072
3073
9032
3074
3075
3076
3077
3078
8630
3079
3080
3081
3082
3083
8644
8645
14789
3085
3086
3087
8592
3088
3089
3090
3091
3092
3093
3094
3095
3096
3097
3098
3099
3100
3101
3102
3103
3105
3104
3106
3107
8748
3108
3109
3110
3111
3112
3113
8753
3114
3115
3116
3117
3118
3119
3120
8787
3121
3122
3123
3125
3126
3129
3128
3130
3131
3132
3133
3134
3135
3136
3137
3138
3139
3141
3142
3143
3144
3145
3146
3147
3148
3149
8892
3150
3151
3152
3153
3154
8876
3155
3156
3157
8866
3158
3159
3160
3161
3162
3163
3164
3165
3246
3166
3167
3168
3169
3170
3171
3172
3173
3174
3175
14928
3176
3177
3178
3185
3179
3181
3182
3183
3184
3186
3187
3189
3190
3191
3192
3193
8919
3194
14892
3195
3196
3197
3198
14903
14904
3199
3200
3201
3203
9276
3204
3206
3207
3208
3213
3209
3210
3211
3212
3214
3216
3215
3217
3218
3219
3220
3221
3222
3223
9250
3224
3225
3226
9251
3228
3229
3230
3231
3232
3233
3234
3235
3236
3237
3238
9224
3241
9222
3240
3242
3346
3243
3244
3245
3247
3248
3249
8975
8974
3251
3252
3255
3253
3254
9010
3256
3257
9018
3258
9046
3259
3261
3267
3262
9040
3263
3264
3265
3266
3268
3269
3270
3273
3274
9002
3275
3276
3277
3278
9087
3279
3280
3281
3282
3283
3284
3285
3286
3287
3288
3289
3290
3292
3291
3293
3295
3294
3296
3297
3298
3299
3300
14967
3301
3302
14970
3303
3304
9128
3305
3306
3307
3308
3309
3310
3311
3312
3313
3314
3315
3316
3320
3317
9692
3318
3319
3321
3322
3323
3324
3325
3531
3326
3327
3328
3329
3330
3331
3332
3333
3334
3335
3336
3337
3338
3339
3340
15110
3341
3342
3343
3344
3345
3347
3348
3349
14998
3350
3351
3352
3354
3356
3355
3357
3358
3359
3360
3361
3362
9134
3363
3364
3365
3366
3367
3368
3377
3369
3370
14996
3371
14999
3373
3374
3375
9254
3378
3379
3380
3381
3382
3384
3385
9310
3386
3387
3388
3389
3394
3390
3403
3397
3391
3392
3393
3395
3396
3399
3398
3400
3401
3402
3404
3405
3406
3407
3408
3409
3410
15021
3411
3412
3413
3414
3415
9382
3416
3417
3418
3419
3420
3421
3422
3423
3424
3425
9337
3426
3427
3428
3429
3430
3431
3432
3433
3434
3435
3436
9372
3437
3438
3439
3440
3441
3442
3483
3443
3485
3444
3445
3446
3447
3448
3478
3482
3449
3450
3451
3452
15060
15069
3453
3454
3455
3456
3457
3458
3459
3460
3461
3462
3463
3464
3465
3466
3467
9405
3469
3470
10765
3473
3474
15088
3475
3476
9403
3477
9401
3479
3480
3481
3484
3486
3487
3488
3489
9436
15096
3490
3491
3492
3493
3494
3495
3496
3497
3498
3499
3500
3501
3503
3504
3505
3506
3507
9474
3508
3509
3510
3511
9468
9471
3512
3513
3514
3515
3516
3517
3518
3519
3532
3520
3521
3522
3523
9429
3524
3525
15095
15098
3526
3527
3528
3529
3530
3533
3534
3535
3536
3537
3538
3539
3540
3541
3542
3543
3544
3545
3546
3547
3548
3549
3550
3551
3552
3553
3554
3555
3557
3558
3559
3560
3561
3562
3563
3564
3565
3566
3567
3568
3569
3570
3572
3571
3573
3574
9559
3580
3577
3576
3583
3579
3581
3582
3584
3585
3586
3587
3588
3589
3590
3591
3592
3593
3594
3597
3595
3596
9631
3599
3598
3600
3601
3602
3603
3604
3605
3606
3607
3608
3609
3610
3611
3612
3613
3614
3615
3616
3617
3619
3618
3620
3621
3622
3623
3624
3625
3626
3627
3628
3629
3630
3631
3632
3633
3634
3635
3636
3637
3638
3639
3640
3641
3642
3643
3644
3645
3646
3647
3648
3649
3650
3651
3652
3653
3654
3655
3656
3657
15187
3658
3659
3660
3661
3662
3663
9740
9741
3664
3665
3666
3667
3668
3669
9716
3670
3671
9765
3673
3674
3675
3676
3677
9767
3679
3680
3682
3681
9797
3683
3684
3685
3686
3687
3688
3689
3690
3691
3692
3693
3694
9656
3695
3696
3697
3698
9663
9657
3699
3700
3701
3702
3703
3704
3705
15157
9814
3707
3708
3709
3710
3711
3712
3713
3714
3804
3715
3716
3717
3718
3719
3720
9957
9958
3722
3723
9959
9961
3724
3725
3726
3727
3728
3729
3730
3731
9960
3732
3734
3735
3736
3737
3738
9862
3739
3740
3741
3742
3743
3744
3745
9902
3746
3748
3747
3749
9890
9889
3750
3751
3752
3753
3755
3756
7356
15228
3757
3758
3759
3760
3761
3762
3763
7351
7457
3764
3765
3767
3766
3768
7335
7334
3769
3770
3771
3772
3774
3776
3777
3778
3779
3780
10032
3781
3782
3783
10028
3784
3785
3786
3787
7293
3789
3790
3791
3792
10031
3793
3794
3795
3796
9985
3797
9979
3798
3799
3800
3801
3802
3803
3805
3806
3808
3807
3809
3810
15146
3813
3812
3814
4079
3815
4081
3817
3818
3820
3819
10007
3821
3823
3824
3825
3826
3827
10022
3828
3829
3830
3831
3832
10026
3833
3834
3835
3837
3838
3840
3841
3842
3843
3844
3845
3846
10169
3847
3848
3849
3850
3867
3851
3852
3854
3853
3855
3856
3857
3858
3860
3862
3863
3866
3868
10059
3869
3870
10174
3871
3872
3873
3874
3875
3876
3877
3878
10161
3879
3880
3881
3882
3883
3884
3885
3886
3887
3888
3908
3889
3890
3891
3892
3893
3894
3895
3896
3897
3902
3898
10154
3899
3900
10148
3901
10308
3903
3904
3905
3906
3907
3909
3910
3911
3912
3913
3914
3915
12720
3916
3917
3918
3919
3920
3921
12729
3922
12736
3923
3924
3925
3926
3927
3928
10237
3929
3930
3931
3932
3933
3934
3935
3936
3937
3938
3939
3940
3941
3942
3943
3944
3945
3946
3947
3948
3949
3950
3951
3952
3953
3954
11973
3955
3956
3957
10243
10244
3958
3959
3960
3961
3962
10239
3963
3965
3964
3966
3967
3968
3969
3970
3971
3972
3973
3974
3975
3976
3977
10252
3978
3979
3980
3981
3982
3983
3984
10196
10200
3986
15305
3987
15306
3988
3989
3990
3991
3992
3993
3994
10297
3995
3996
3997
3998
10350
3999
4000
4001
4002
4003
4004
4005
4006
4007
4008
4009
10255
4010
4011
4012
4013
4014
10259
4015
10258
4017
4018
4019
4020
4021
10256
4022
4023
4024
4025
4026
4027
4028
4029
4030
4031
4032
4033
4034
4035
4036
10372
4037
4038
10366
4039
4040
4041
4042
4043
4044
4045
4046
10414
4048
4050
4049
4051
4052
4053
4054
4056
4057
4058
4059
4060
4061
4062
4063
4064
4065
4066
4067
4068
4069
4070
4071
10137
4072
4073
4074
4075
4076
10117
4077
4078
4082
4083
10560
4084
4085
10099
4086
4087
4088
4089
4090
4091
4092
4093
4094
4095
4096
4097
4098
4099
4100
4101
4102
4103
4104
4105
4106
4107
4108
4109
4110
4111
4112
4113
4114
4115
4116
10622
4117
4118
4119
4120
4121
10621
4122
4123
4124
4125
4126
4127
4128
4129
4130
10484
4131
4132
4133
4134
4135
4136
4137
4138
4139
4140
4141
4142
4143
4154
4144
4145
4146
4147
4148
4149
4150
4151
4152
4153
4155
4156
4157
4158
4160
4161
4162
10688
4163
4164
4165
4166
4167
4168
4169
4170
4171
4172
4173
4174
4175
4176
4177
4178
4179
4181
4180
4182
4183
4184
4185
10696
4186
4187
4188
4189
4190
4191
4192
10749
4193
4194
4195
4196
4197
10742
4198
4199
10741
4200
4201
4202
4203
4204
4205
15483
4206
4207
10746
4208
4209
4210
4211
10794
4213
4214
10788
4216
4217
4218
4219
4220
4221
4222
4223
4224
4225
4226
4227
4228
4229
4230
4231
10814
4232
4233
4234
4235
4236
4237
4238
4239
4240
4241
4242
4243
10689
4244
4245
4247
4246
4248
4249
4250
4251
4252
4253
4254
4255
4256
10941
4257
4258
4259
4260
4261
4262
4263
4264
4265
4266
4267
10953
4268
10952
4269
4270
4272
4271
4273
4274
4275
4276
10901
4277
4278
4279
4280
10908
4281
4282
4283
4284
4285
4286
4287
4288
4289
4290
4291
4292
4293
4294
4295
4296
4297
4298
4299
4300
4301
10968
4306
4302
4303
10971
4307
4308
4309
4310
4312
4313
10969
4314
4315
4316
11005
4317
4318
4319
4320
4321
4322
4323
4324
4325
4326
4328
15552
4327
4329
4330
4331
11004
4332
11049
4333
4334
4335
4336
4357
4337
4338
4339
11047
4340
4341
4342
4343
4344
4345
4346
10824
4347
4348
4349
4350
4353
4352
4354
4355
4356
4358
4359
4360
4361
4362
4363
4365
4364
4366
4367
4368
4369
4371
4373
4375
4374
4376
4377
4378
4379
4380
4381
4382
4383
4384
4385
4386
4387
4388
4389
4390
4391
4392
4393
11105
4394
11149
4397
4398
4399
4400
11769
4401
11793
4402
4403
4404
4405
4406
4407
4408
4409
4410
4411
4412
4413
4414
11162
4415
4416
4417
4420
4419
4421
11164
4422
11169
11181
4424
4425
4426
4427
4430
4429
4431
4432
4433
4434
4435
4436
4437
4438
4439
4441
4455
4440
4442
4443
11238
4444
4445
11242
4447
10983
10980
4449
4450
4451
4452
4453
4454
4456
4457
4458
4459
11218
4460
4461
4463
4464
4465
4466
4467
4468
4469
4470
11279
4471
10914
4472
4473
4474
4475
4476
4477
4478
4479
4480
15683
4481
4482
4483
4484
4485
4486
4487
4488
4489
4490
4491
4492
4493
4494
4497
4495
4496
11352
4499
4498
4500
4501
11381
4503
4504
4505
4506
4507
4508
4509
4511
15671
4510
4512
11418
4513
4514
4515
4516
4517
4518
4521
4519
4520
4522
4523
4524
4525
4526
4527
4528
4529
4530
4531
4532
4533
4534
4535
4536
4538
4537
4539
11453
4540
11445
4541
4542
4544
4545
4546
4547
4548
4549
4553
4550
4551
4552
4554
4555
4557
4556
4558
4559
4560
4561
4562
4563
4564
4565
4566
4567
4568
4569
4570
11607
4571
4572
4573
4574
4575
4576
4582
4577
4578
4579
4585
4584
4580
4581
4583
4586
4587
11571
4588
4590
4591
4592
4593
4594
4595
4596
4600
4597
11548
4598
4599
4601
4602
4603
15723
4606
4609
4610
4611
4612
4613
4614
4615
4616
4617
11574
4618
4619
4621
4620
4622
4623
4624
4625
11609
4626
4627
11629
11606
4628
4629
4630
4631
4633
4634
4635
4636
4637
4638
4639
4640
4641
4642
11526
4643
4644
4645
4646
4647
4648
4649
4650
4656
4651
4652
4881
4882
4653
4654
4655
15737
4658
4659
4660
4668
4661
4662
4676
4663
4664
11656
4665
4666
11694
11673
15745
4667
4669
4670
4671
4672
4673
12069
4674
4675
4677
4678
4679
11713
4680
4681
4682
4683
4684
4685
11740
4686
4688
4689
4690
4691
4692
4693
4694
4695
4696
4697
4698
4700
4699
4701
4702
4703
4704
4706
4705
4707
4708
4709
4710
4711
4712
4714
11794
4716
4717
4718
15774
4719
4720
4721
4722
4724
4723
4725
4737
4726
11817
11822
4728
4729
4730
4731
4732
4733
11800
4734
4735
4736
4738
4741
4739
4740
4742
4743
4744
4745
4746
4747
4748
4749
4750
4751
11908
11921
4752
4753
4754
4755
4756
4757
4758
4759
4760
4761
4762
4763
4764
4765
15788
4766
4767
4768
4769
4770
4771
11922
4772
4773
4774
4775
4776
4777
4778
4779
15898
4780
4781
4783
4782
4784
4785
12020
12024
4786
4787
4788
4789
12034
4790
4791
4792
4793
4794
4795
4796
4797
4799
4800
4801
4802
4803
4804
11981
4806
4807
4808
4809
4810
4811
4812
4813
4814
4815
4817
4816
4818
4819
4820
4821
4822
4823
4824
4826
4825
4827
4828
4829
11984
4830
4831
4832
4833
4834
4835
4836
12580
4837
4838
4839
4840
4841
4842
4843
4844
4845
4846
12203
4847
4848
15903
4849
4850
4851
4852
4853
4854
12019
4855
4856
4857
4858
4859
4860
4861
4862
4863
4864
4865
4866
4867
12023
4868
4869
4870
4871
4872
4873
12030
12028
4874
4875
4876
4877
4878
4879
4880
4883
4885
4884
4886
15862
15858
4888
4889
4890
4891
4892
4893
4894
4895
4896
4899
4897
4898
4900
4901
4903
4902
4904
4905
4906
4907
12186
4908
4909
4910
4911
12162
4912
4913
4915
4914
4916
4917
4918
4919
4920
4921
12173
4922
4923
4924
4925
4926
4927
4928
4929
4930
12210
4932
4933
12199
4934
4935
4936
4937
4938
4939
4940
4941
12205
4942
4943
4944
4945
12589
4946
4947
4948
4949
4950
4951
4952
5035
4953
4954
4956
4955
4957
4958
4959
4960
4961
4962
4963
4964
4965
4966
4967
4968
4969
4970
12285
4971
4972
12290
4973
4975
4974
4976
12169
4977
4978
4980
4979
4981
4982
4983
4984
15934
4985
4986
4987
4988
4989
4990
4991
4992
4993
4994
12304
12284
4995
4996
4997
4998
4999
5000
5001
5002
5004
5003
5005
5010
5006
5007
5008
5009
5011
5012
5013
5014
5015
5016
5017
5025
12359
5018
5020
5019
12438
5021
5022
5024
12363
5026
12366
12364
5027
5028
5029
5030
5031
5032
5033
5034
5037
5038
12452
5039
5040
5041
5042
5043
12480
5044
5045
5046
5047
5048
12454
5049
5050
5051
5052
5053
5054
5055
5056
5057
5058
5059
5060
12453
5061
5062
5063
5064
5065
5067
5068
5069
5070
5071
5072
12995
5073
5074
5075
5076
5077
5079
5080
5081
5082
5083
5084
5763
5085
5086
5087
12996
5089
5088
5091
5092
5093
5094
5095
5096
12969
5097
16117
5098
5099
5100
5101
5102
5103
5104
12477
5105
5107
5108
5109
5110
5111
5112
5113
5114
12458
5115
5116
5117
12491
5118
12455
12492
5120
12488
5121
5122
5123
5124
5125
5126
5127
5128
5129
5130
5131
5132
5133
5134
5135
5136
12602
5137
5138
5139
5156
12538
5140
5141
5142
5143
15997
5144
15999
5145
5146
12565
5148
5149
5150
5151
5152
5153
5154
5155
5157
12516
5158
5159
5160
5161
5162
5163
5164
12644
5165
5166
5167
16019
5168
5169
5170
5171
5172
5173
5174
5175
5176
5177
5178
5179
5180
5182
5183
5184
5185
5186
5187
5188
5189
5190
5191
5192
5193
5205
5195
5196
5197
5198
5199
12675
5200
12950
5201
5203
5204
5206
12661
5207
12672
5208
5209
5210
5211
5213
5212
5214
5215
5216
5218
5219
5220
5221
5222
5223
5224
5225
5226
5227
5228
5229
5231
5230
5232
5236
5233
12750
5234
5235
5245
5237
5238
5239
5240
5241
5242
5243
5244
5246
5247
5248
5249
5250
5251
5252
12844
5253
5254
5255
5256
12850
16083
5257
5259
5258
5260
5261
5262
5263
5264
5265
12804
5266
5267
12808
5268
5269
5270
5271
5272
5273
5274
5275
5276
5279
12807
5278
5280
5281
5282
5283
5284
5285
5286
5287
16030
5288
5289
5290
5291
5292
5293
5294
5295
5296
5297
5298
5299
5300
12838
5301
5302
5303
5304
5305
5306
5307
5308
5309
5310
5311
5312
16078
16079
12846
16082
5315
5316
5317
5318
5337
12889
5319
5320
5321
5322
5323
5324
5325
5326
5327
12859
5328
5329
12860
5330
5331
5334
5332
5335
5338
5336
5339
5342
5340
5343
5344
5352
5345
5346
12891
5347
5348
12896
5349
5350
5351
5353
5354
5355
5356
5357
5358
5359
5360
5361
12935
5362
5363
5364
16107
12938
5365
5366
5367
5368
5369
5370
5371
5372
5373
5375
5376
5377
5378
5379
12835
5380
5381
5382
5383
5384
5385
5386
5387
5388
5389
5390
5391
5392
5393
5394
5395
5396
5397
5398
5399
5400
5401
5402
5403
5404
5405
5406
5407
5408
5409
5410
5411
5412
5414
5413
5415
5416
5417
12978
5422
5424
12939
5421
5423
5425
5426
12930
5429
5430
5431
5432
13024
5433
5434
5435
5436
5437
5438
5439
5440
5441
5442
5443
5448
5444
5471
5445
5473
5447
5449
13043
5450
5451
5452
5453
5454
5455
5456
5457
5458
5459
5460
5461
5669
5462
5463
5465
5466
5467
5468
5469
5470
5472
5474
5475
5476
5477
5478
5480
5479
5481
5482
5483
5484
5486
5485
5487
5488
5489
13094
5490
5491
5492
5494
16145
5495
5534
5496
5497
5498
13081
5499
5500
5501
5502
5503
13114
5504
5505
5506
5508
5507
5509
5510
5511
5512
5513
5514
5515
5516
5519
5517
5518
5520
5521
5522
5523
5524
5525
5526
5527
13221
5528
5530
13158
5531
5532
5533
5535
5537
5538
5539
5540
5541
5542
5544
5543
5545
5546
13059
5547
5549
5548
5550
5551
5552
13236
5553
5554
5555
5557
16164
5558
5559
13240
5560
5561
5562
5563
5564
13248
5565
5566
5567
5575
5581
5569
5570
5571
5572
5573
5574
5576
16166
5577
5578
5579
16170
13244
5582
5583
5584
5585
5586
5587
13251
5588
5589
5591
5592
5593
5594
5595
5596
5597
5598
13302
5602
5600
5601
5603
5605
5604
13306
5607
5608
5609
5610
5611
5612
5613
5614
5615
5616
5617
5618
5619
5620
13333
5621
5622
5623
5624
5625
5626
5627
5628
13422
5629
5630
5631
5632
5633
5634
5636
5635
5637
5638
5639
5640
5641
5642
5643
5644
5645
5646
5647
5648
5649
13423
5650
5651
5652
5653
5654
5655
5656
5657
5658
5659
5660
5661
5662
5663
13414
5664
5665
5666
5668
5670
5671
5672
5673
5674
5675
5676
5677
5678
5680
13457
5681
5682
5683
5684
5686
5687
5688
5689
5690
5691
5692
5693
5694
5696
5695
5697
5698
5699
13478
5700
5701
5702
5703
5704
5705
5706
13492
13491
5707
5708
5902
5709
5710
5711
5712
5713
5714
5715
5716
5717
16256
5718
5719
5720
5721
5722
5723
13569
5724
5725
5726
5728
13527
5727
13528
5730
5731
5732
5733
5734
16260
5735
5736
5740
5737
5738
5745
5739
5741
5742
5743
5744
5746
13629
5747
5748
5749
5751
5750
5752
5753
13624
5754
5755
5756
5757
5758
13634
5759
5760
5769
5771
5762
13008
5764
5765
5766
5767
5768
5770
5772
5773
5774
5775
5776
5777
5778
5779
5780
5781
5783
5782
5784
12448
5785
5787
5788
5789
5790
5791
5792
5794
5793
5799
5795
5796
5797
5798
5800
5801
5802
5803
5804
5805
5806
5807
5808
5809
5810
5811
5812
5813
13757
5814
5815
5816
5823
5817
5818
13831
5819
5820
5821
5822
5824
5825
5826
5827
5828
5829
5830
5831
5832
5833
13819
5834
5835
5836
5837
13798
5838
5839
5840
5841
13794
5842
5843
5844
5845
5846
5847
5848
5849
5850
5851
13875
5853
5854
5855
5856
5857
5858
5859
5860
5861
13904
5862
16348
5863
13873
5864
5865
5866
5868
5869
5870
5871
13932
5872
5873
5874
5875
5876
5877
5878
5879
5880
5882
5883
14012
5884
5885
5886
5887
5889
5888
5890
5891
5892
5893
13977
16369
5894
5895
5896
5897
5898
5899
5900
5901
5903
5904
5905
5906
13505
5907
5908
5910
5909
5911
5912
13988
5913
5914
5915
5916
5917
13994
5918
5919
5920
5921
5922
5923
5924
5925
5926
5927
5928
5929
14024
5930
5931
5932
5933
5934
5935
5936
5937
5938
5939
5940
5941
5948
5942
5943
5944
5946
5947
5949
5950
5951
5952
5956
5953
5954
5955
5957
5958
5959
5960
5961
5962
5963
5964
5966
5967
5968
5970
5972
5973
5974
5978
5982
5979
5980
5981
5983
5984
5985
5986
5988
5989
14046
14047
5990
5991
5992
5993
5994
5995
5996
5997
6017
5998
6028
5999
6000
6011
6001
6002
6003
6004
6005
6007
6010
6012
6016
6178
6013
6014
6015
6018
6019
6021
6023
6022
6024
6025
6026
6029
6030
6031
6032
6033
6034
6036
6035
6037
6038
14048
6039
6040
6041
6043
6044
6045
6046
6049
6051
6053
6054
6055
6056
6057
6058
6059
6060
6061
6062
6063
6164
6066
6065
6067
6070
6069
6071
6074
6075
6076
6081
6079
6080
6082
6106
6085
6086
6087
6091
6090
6089
6093
6094
6095
6096
6097
14106
6098
6099
6102
14107
6101
6103
14110
6107
6109
6111
6110
6112
6113
6114
6122
6117
6115
6118
6121
6123
6124
6126
6129
6130
6131
6132
6136
6135
6138
6139
14131
6141
6142
6143
6144
6155
6146
6149
6154
6148
6150
6151
6152
6156
6158
6159
6160
6169
6167
6162
6163
14068
14071
6166
6168
6170
6171
6172
6174
6180
6173
6175
14122
6176
6179
6181
6182
6191
6187
6188
6186
6189
6192
6193
6194
14162
6195
6247
6198
6200
6202
6204
6205
6206
6208
14133
6209
6210
6211
6212
6213
6214
6215
6217
6218
6219
6220
6234
6221
6222
6223
6254
6224
6248
6225
6229
14136
6226
6227
6228
6231
6232
6230
6233
6235
6236
6237
6238
6239
6240
6241
6242
6243
6244
6245
6246
6249
6250
6274
6251
6275
6253
6255
6257
6258
6262
6263
6264
6291
6265
6266
6267
6268
6269
6270
6271
6272
7699
6273
14147
14146
6276
6277
6278
6280
6281
6282
6283
6286
6284
6287
6288
6292
6293
6294
6296
6298
6301
6297
14155
14324
14322
6303
6308
6304
6307
6309
6310
6311
6312
6313
14166
6314
6315
6316
14168
14171
6317
6318
6319
14230
6320
6321
6322
6326
6327
14323
6329
6330
6499
6332
6333
6334
6487
6336
6337
6339
6340
6341
6342
6345
6346
6347
6348
6349
6350
6351
6352
6354
6355
6383
6357
6358
6359
6360
6362
14173
6366
6367
6373
6368
6369
14184
6374
6375
6376
6378
6377
6379
6380
14185
6382
6384
6385
6386
6387
6388
6389
6390
6391
6392
6393
6394
6395
6396
6397
14212
6398
6399
6400
6449
6401
6426
6403
6404
6405
6407
6409
6410
6411
6412
6413
6414
6415
6416
6417
6418
6419
6420
6421
6422
6423
6424
6425
6427
6428
6434
6429
6431
14216
6432
6433
6435
6436
6437
6438
6439
6440
6441
6442
6443
6444
6446
6447
6448
6450
14217
6451
6452
6454
6463
6460
6455
6456
6457
6483
6459
6461
6467
14218
6462
6464
6465
6466
6468
6469
6470
6471
6472
6473
6474
6475
6554
6476
6502
6480
6481
6484
6488
6489
6490
6491
6492
6493
6494
6496
6495
6500
6501
6504
6503
6505
6506
6507
6508
6509
6518
6511
6513
14252
6514
6516
6515
6517
6519
6520
6521
6522
14250
14253
14242
6524
6525
6527
6526
6528
6529
6530
6531
6532
6534
6533
6888
6536
6538
6537
6539
6540
6541
6543
6544
14284
6545
6546
6547
6548
6550
6560
6577
6552
6555
6557
6556
6558
6559
6561
6562
6563
6568
6569
6576
6565
6566
13350
6567
6570
6571
6579
6572
6575
6581
6582
6583
6584
6585
6586
6588
14257
6590
6589
6591
6592
6593
6594
6598
6595
6596
6597
6599
6600
6602
6603
6604
6605
6606
6607
6608
6609
6611
6613
6615
6617
6614
6616
6618
6619
6621
6622
6628
6629
6626
6627
6654
6630
6631
6632
6633
6635
6636
6638
6639
6640
13273
6641
6642
6643
6644
6651
6645
6646
6647
6648
14272
6649
6652
6653
6655
6657
6658
6660
14279
6659
6661
6663
6662
6665
6664
6666
6674
6667
6668
6671
6673
6672
6676
6677
6679
6680
6681
6682
14283
6683
14286
6685
6686
6688
6687
6689
6691
6694
6692
6693
6695
6696
6697
6698
6701
6699
6702
6703
6723
6704
6705
6715
6706
6882
6707
6708
6709
6710
6711
6712
6713
6771
6714
6716
6717
6718
6719
6784
6720
6721
6722
6724
6725
6726
6727
6728
6729
6734
6730
6732
6733
6735
6736
6739
6737
6738
6740
6741
6742
6743
6746
6767
6745
6747
6748
6749
6762
6750
6751
6752
6753
6755
6754
6756
6761
6757
6758
6759
6760
6763
14298
6764
6765
6768
6769
6770
6772
6773
6774
6775
6829
6776
6777
6780
6778
6779
6781
6782
6783
6790
6785
6787
6788
6789
6791
6792
6793
6795
6796
6797
6798
6799
6800
6801
6802
6803
6804
6806
6805
6807
6808
6809
6810
6812
14308
6813
6814
6832
6815
6816
6817
6819
6827
6818
6820
6821
6822
6823
14309
6824
6825
6826
6828
6830
6835
6833
6834
6836
6848
6837
6840
6839
6841
6842
6843
6844
6845
6881
6846
6847
6850
6851
6853
6855
6854
6856
6858
6859
6862
6863
6864
6865
6866
6867
6870
6868
6869
6871
6872
6883
6884
6873
14317
6875
6876
6877
6879
6885
6886
6887
6890
6889
6891
6892
6893
6894
6895
6897
6898
6899
6900
6908
6901
6902
6903
6904
6906
6907
6909
6910
6911
6912
6913
6914
6916
6917
14318
6929
6919
6924
6925
6926
6927
6928
6935
6930
6932
6931
6933
6936
6934
6937
6939
6940
6944
14316
14315
6949
6952
6984
6951
6953
6964
6985
6955
6957
6956
6958
6959
6990
6960
6961
6962
6963
6965
6966
6967
6968
6969
6970
6971
14337
6972
6974
6973
6975
6976
6977
6982
6978
6979
7089
14371
6980
6981
6986
6988
6991
14341
6992
6993
6995
6996
6999
7000
7002
7003
7006
7004
7005
7008
7009
7010
7011
7012
7013
7014
7015
7016
7019
7020
7018
7022
7023
7024
7030
7026
7031
14355
7032
7035
7033
14354
7036
7037
7038
7050
7043
7040
7041
7042
7044
7045
7046
7047
14361
14362
7052
7051
7053
7054
7055
7056
7195
7057
7059
7058
7060
7061
7062
7070
7063
7064
7196
7069
7066
7067
7073
7071
7072
7074
7075
7076
7077
7078
7079
7080
7082
7083
7085
7088
7091
7092
7098
7095
7096
7103
7106
7100
7193
7102
7181
7104
7180
7107
7108
7112
7114
7116
7118
7123
7121
7134
7124
7125
7126
14382
14384
7128
7129
7130
14381
7135
7137
7139
7140
7141
7142
7164
7143
7144
7146
7147
7148
7149
7151
7152
7153
7154
14386
7157
7169
7158
7159
7160
7161
7162
7163
7165
7166
7167
7170
7171
7174
7175
7177
7176
7178
7182
7184
7185
7187
7189
7190
7192
14364
7194
7197
7198
7199
7204
7200
14395
7201
7202
7203
7205
7206
7208
7209
7210
7212
7213
7214
7215
7321
14402
7216
7218
7221
7220
7222
7223
7224
7232
7225
7226
7227
7228
7229
7230
7231
7233
7234
7236
7238
7239
7240
7241
7243
14415
7244
7245
7246
7247
7249
7251
7250
7258
7252
14416
7254
7255
7256
7257
7259
7260
7261
7263
14427
7265
7266
7270
7271
7274
7275
7276
7277
7279
7280
7281
7282
7283
7284
7285
7286
7287
14428
7288
7294
7295
7296
7297
7298
7299
7304
7300
7301
7302
7303
14429
7305
7308
7307
7309
7310
14430
7317
7311
7313
7314
7315
7316
7318
7320
7323
7324
7326
14434
7327
7328
7329
7331
7330
7332
14435
7337
14436
7340
7339
7341
7342
7343
7344
7345
7346
7350
7352
7354
7355
9892
9895
7358
7359
14441
7363
14443
7365
7366
7367
7368
7370
14440
7391
7371
14442
7372
7373
7377
7374
7378
7380
7385
7384
7386
7389
7392
7393
7394
7395
7396
7397
7398
7400
14455
7401
7402
7403
7404
7407
7405
7419
7408
7418
7416
7411
7412
7414
7415
7421
7422
7424
7428
7425
7426
7427
7431
7429
7430
7432
7433
7434
7435
7436
14464
7437
7438
7439
7440
7441
7443
7442
7444
7445
7447
7448
7449
7450
7451
7452
7453
9887
7454
7455
14467
14468
7458
7459
7460
7462
7461
7463
7464
7465
7466
7467
7469
7470
7471
7472
7473
7474
15223
7475
7477
7476
7481
7482
7483
7478
7479
7480
7484
7485
7486
7487
7488
14473
7491
7492
7493
7494
7495
7623
7498
14480
7497
7499
7500
7501
7502
7503
7505
7504
7506
14487
7507
7508
7509
7551
7511
7512
7513
7514
14488
7519
7516
7518
7520
7522
14491
7523
7524
7525
7526
7534
7528
7529
7530
7531
7533
14493
7552
7535
7537
7539
7542
7543
7544
7545
7546
7547
7555
7548
7556
7554
14496
7557
7558
7559
7614
7560
7561
7564
7562
7563
14500
7565
7566
7567
7568
7571
7569
7570
7573
7574
7575
7576
7578
7579
7580
7581
7582
7583
7584
7585
7586
7595
7588
7589
7591
7592
7593
7594
7596
7598
7597
7599
7600
7601
7602
7603
14512
7604
14514
7605
7607
7608
7609
7611
7610
7622
14518
7612
7615
7616
7617
7618
7619
7620
7621
7625
14519
7624
7626
7627
7628
7629
7630
7632
7633
7634
14521
7635
7637
7638
7639
7640
7644
7642
7643
7645
7647
7646
7648
7650
7651
7656
7654
7653
7655
7663
7657
7659
7660
7661
7662
7665
7666
7668
7670
7671
14527
7673
7674
7675
7677
7679
7680
7685
7682
7684
7686
7687
7688
7689
7690
7691
7692
7693
7694
7697
7698
7700
7701
7702
7703
7704
7705
7711
7706
7707
7708
14555
7709
7710
7712
7714
7715
7716
7718
7720
7721
7722
7723
7724
7725
7726
7727
7729
7728
7730
7731
7752
7732
7734
7735
14139
14140
7736
7738
7740
7741
7742
7743
7744
7745
7746
7747
7748
14560
7749
7750
7826
7751
7753
7754
7755
7756
7757
7758
7759
7760
7761
7763
7772
7762
7764
7765
7766
7767
7768
7769
7770
7773
7774
7776
7778
7779
7780
7781
7782
7783
7784
7785
7786
7787
7789
7790
7822
7792
7793
7796
7795
7797
7798
7799
7801
7800
7805
7802
7803
7804
7975
7806
7808
7809
14585
7810
7811
7813
7814
14587
7816
7823
7817
7819
7818
7824
7839
7828
7829
7830
7831
7833
7832
7834
7835
7836
7837
7840
7842
14596
14595
7844
7845
7846
7847
7848
7850
7849
7851
7854
7852
14098
7853
14103
14599
7855
7856
7859
7858
7860
7861
7862
7863
7864
7865
7881
7866
7867
7868
7869
7870
7875
7871
7872
7873
7874
14605
7876
7877
14607
14606
14609
7880
7879
7886
7884
7883
7885
14093
7887
7888
7890
7900
7891
7892
7893
7894
7895
7896
7897
7899
14611
7901
7902
7903
7904
7905
7906
7911
7907
7908
7909
7925
7913
7910
7912
7915
7916
7917
7918
7919
7920
7921
7954
7922
7923
7924
7926
7927
7928
7929
7930
7931
7932
7933
7934
7935
7936
7937
7938
7961
7939
7940
7941
7956
7942
7943
7944
7945
7946
7947
7948
7949
7963
7951
7952
7955
7953
7957
7959
7958
7962
7964
14644
7967
7968
7969
7970
7971
7972
7973
7974
7976
7977
7978
7979
7980
7981
7982
7983
7986
8002
7985
14633
7988
7987
7989
7990
7991
7993
7994
7995
8000
7999
7996
14634
7997
7998
8003
8004
8006
8007
8009
8008
8010
8011
8012
8015
8013
8014
8016
8017
8030
8018
8019
14640
8021
8028
8023
8024
8193
8025
8026
8027
8033
8035
8036
8037
8038
8053
8039
8043
8042
8045
8047
8048
8049
8050
8052
8054
8055
8057
8056
8058
8059
8060
8061
8062
8064
8065
8066
8067
8068
8069
8070
8071
8072
8073
8074
8075
8094
8076
8077
8078
8080
8081
8082
8083
8084
8085
8184
8086
8088
8089
8091
8095
8123
8101
8097
8098
8099
8102
8103
8105
8106
8107
8108
8109
8110
8533
8111
8534
8112
14646
8113
8114
8115
8116
8117
8118
8122
14647
8125
8119
8120
8121
8124
8133
8128
8126
8127
8131
8135
8136
8137
8143
8138
8140
8141
8500
8142
8144
8145
8146
8147
8148
8149
8150
8152
8151
8153
8154
8155
8156
8157
8158
8160
8162
8163
8167
8170
8171
8172
8174
8173
8203
8175
8176
14673
8177
8179
14654
8182
8186
8187
8188
14675
8189
8199
8190
8194
8195
8196
8198
8201
8197
8200
8204
8205
14677
8206
8207
8208
8209
8210
8211
8247
8212
8213
8214
8215
8216
8217
8220
8222
8223
14686
8224
8225
8226
8230
8229
8244
8233
8228
8231
8234
8232
8235
8236
8239
8237
8238
8241
14690
8242
14699
8243
8246
8248
8250
8251
8252
8253
8254
8255
8256
8257
8258
8260
8261
8262
8263
8264
8265
8267
8269
8268
8270
8271
8356
8272
8273
8274
8275
8276
8277
8278
8279
8280
8281
8353
8282
8283
8284
8285
8286
8287
8288
8289
8290
8291
8293
8294
8297
8300
8301
8302
8303
8304
8499
8305
8306
8308
8307
8309
8310
8311
8312
14712
8313
8314
8315
8489
8317
8323
8319
8320
8321
8325
8326
8327
14728
14713
8328
14723
8329
8331
8332
8333
8334
14715
14708
8336
14709
14710
8338
8339
8340
8341
8345
8342
14714
8343
8344
14725
8346
8347
8348
8349
8350
8351
8352
8354
8355
8357
8358
9757
8359
8360
8361
8362
14731
8364
8365
8368
8371
8367
8366
8369
8372
8373
8385
8374
8375
8376
8381
8378
8379
8380
8382
8383
8384
14732
8388
8389
8390
8391
8392
8397
8393
8394
8395
8396
8398
8399
8402
8400
8401
8403
8404
8405
8406
8407
8410
8408
8409
8411
8412
8413
9069
8414
8415
8416
8417
8418
8424
8419
8420
8421
14720
8422
8423
8426
8428
8482
8429
8430
8431
8432
8435
8434
8436
8438
8439
14760
8437
8440
8442
8443
8444
8445
8446
8447
8448
8449
8450
8452
8453
8454
8455
8458
8456
8459
8463
8460
8461
8462
8465
8466
8468
8471
8476
8473
8474
8475
8556
8477
8478
8480
8483
8484
8491
8485
8487
8514
8513
8490
8492
8493
8494
8495
8496
8497
8498
8501
8507
8506
8502
8509
8504
8505
8508
8510
8525
8511
8512
8516
8518
8520
8522
8526
14779
8528
8531
8532
8535
8537
8538
8540
8546
8545
8547
8548
8564
8549
8550
8553
8555
8558
8557
8559
8560
8601
8561
8563
8565
8566
8567
8578
8568
8569
8570
8571
8572
8573
8581
14781
8574
8575
8576
8577
8579
8582
8583
8584
8585
8586
8587
8588
8589
8590
8593
8595
8594
8597
14784
14785
8596
8598
8599
8603
8600
8604
8608
8605
8606
8607
8609
8612
8614
8613
8615
14763
8617
8618
8619
8620
8621
8622
8626
8623
8625
9054
8627
8628
8629
8631
8632
8633
8675
8634
8635
8636
8637
8638
8639
8640
8641
8642
8646
8648
8649
8650
8651
8652
8653
8654
8655
8656
8657
8658
8659
8660
8661
8663
8662
8720
8664
8665
8666
8667
8668
8669
8670
8671
8672
8673
14809
14811
8677
8678
8679
8853
8680
8681
8683
8685
8686
8854
8688
8689
8690
8691
8692
8693
8694
8695
8696
8697
8698
8699
8700
8701
8702
8703
8704
8705
14831
8706
8724
14832
8707
8709
8714
8708
8710
8712
8713
8716
8717
8718
8721
8722
8729
8723
8726
8725
8727
8728
8730
8731
8732
8735
8733
8734
8739
8736
8737
14833
8740
8741
8743
8744
8745
8746
14834
8749
8750
8751
8752
8761
8754
8762
8755
8756
8757
8758
14844
14849
8759
8763
8766
8767
8779
8769
8773
8774
8775
8776
8777
8778
8780
8781
8782
8783
8784
8785
8786
8788
8789
8790
8791
14845
14857
8792
8793
8795
8794
8796
8798
8800
14855
8801
8802
8803
14866
8806
8805
8807
14862
8809
14867
8810
8811
8812
8814
14859
8815
8816
8817
8818
8819
8820
8835
8821
8824
8822
8823
14869
8825
14861
8826
8827
8828
8829
8830
8831
8832
8840
8834
8837
8836
14870
8838
8839
8841
8842
8843
8844
8845
8846
8847
8848
14848
8852
8855
8856
8858
8857
8859
8860
8862
14873
8863
8864
8865
8867
8868
8869
8870
8871
8872
8873
8874
14875
8875
8879
8877
8878
8880
8881
8882
8883
8896
8884
8885
8886
8887
8888
8889
8890
8920
8891
8893
8894
8895
8897
8899
8902
8903
8904
8905
8906
8908
8909
8907
8910
8913
8912
8915
8921
8924
8923
8925
8926
8969
8970
8927
8928
8929
8930
8935
8931
8932
8971
8934
8936
8937
14895
8938
14897
8940
8941
8943
8944
8945
8946
8947
8948
8949
8950
8951
8952
8953
8954
8955
8956
8957
8958
8959
8960
8961
8962
8964
8963
8965
8968
8966
8967
8976
8981
8977
8978
8979
8982
8980
9244
8983
9008
8986
8988
8987
8989
8992
8993
8994
8995
8996
8997
8998
8999
9000
9001
9003
14927
9006
14947
9004
9005
9007
9011
9012
9013
9014
9015
9016
9017
14932
9020
14936
9022
9023
9024
9026
9025
9027
9028
9030
9033
9035
9034
9036
9037
9038
9047
9039
9041
9042
9043
9044
9048
9049
9050
9051
9053
9056
9057
9058
9059
9061
9062
9064
9065
9066
9067
9068
9070
9072
9071
9073
9074
9075
9076
9077
9078
9079
9080
9081
9082
14749
14943
9083
14746
9084
9085
9086
9089
9091
9090
9092
9093
9094
14948
9095
9096
9098
9118
9097
9099
9102
9103
9100
9105
9101
9104
9108
9114
9107
9115
9109
9110
9111
9112
9113
9116
9119
9122
9121
9123
9124
9233
9125
9238
9126
9127
9129
9130
9131
9133
9135
9136
14951
9137
9139
9140
9141
14961
9142
14956
9143
9144
9145
9146
9147
9148
9149
9153
9150
9151
15179
9155
9154
9156
9163
9157
9158
9159
9160
9161
9162
9165
9164
9166
9167
9169
9170
9173
9171
9174
9172
9175
9176
9177
9537
9178
9179
9206
9180
9182
9181
9183
9184
9185
9187
9188
9195
9189
9190
9191
9192
9194
9196
9197
9198
9199
9200
9201
9202
9203
9204
9205
9207
9208
9211
9209
14985
14994
9210
9212
9213
9509
14993
9214
9215
9217
9216
9218
9219
9220
9225
9226
9227
9230
9240
9228
9232
9234
9235
9237
9241
9245
9242
14918
14919
9263
14915
9247
9249
9246
9252
9253
9255
9266
9256
9257
9258
9262
9259
9261
15016
9260
9264
15014
9265
9287
9267
9268
15002
9269
15015
9270
9271
9272
15020
9273
14908
9275
9277
9279
9280
9281
9283
9282
9284
9285
9286
15007
9288
9293
9292
9294
9295
9296
9305
9299
9300
9301
9302
9303
9304
9306
9308
9309
9311
9312
9314
9315
9316
9317
9318
9319
9320
9321
9322
9323
9325
9326
9332
9327
9328
15041
9330
9333
9334
9336
9338
9335
9339
9340
9341
9342
9346
9343
9344
9345
9347
9348
9349
9350
9351
9352
9353
9438
9354
9357
9443
9355
9356
9358
9359
9360
9432
9361
9362
9363
15051
15053
9364
9365
9366
9367
9368
9370
9377
9373
9375
9376
9379
9381
9383
9384
9385
9386
9387
9396
9388
9392
9395
9389
9391
9393
15078
9409
9397
9398
9402
9404
9406
9407
9410
15087
9411
9413
15090
9417
9418
9419
9420
9422
9421
9424
9425
10757
9426
15092
9428
9427
9430
9431
9433
9434
9435
9439
9440
9441
15056
9442
9445
9444
9446
9447
9448
9455
9449
9450
15100
9453
9454
9456
9457
9458
9459
9460
15102
9461
9462
9463
9464
9465
9466
9469
9470
9472
9473
9475
9476
9477
10711
9478
9481
9480
9482
9483
9484
9485
9486
9487
9488
9489
9490
9491
9492
9493
15105
9494
9495
9496
9498
9500
9502
9503
9504
9505
9512
9508
9510
9515
9511
9513
9514
9516
9518
9517
9519
9520
9521
9524
9522
9531
9525
9526
9527
9528
9529
9533
9538
9532
9534
9536
9539
9540
9541
9542
15112
9543
9544
9545
9546
9547
9549
9548
15113
9550
9551
9552
9553
15116
9554
9555
9556
9557
9558
9561
15118
9563
9564
9582
9565
9566
9567
9570
9569
9571
9572
9573
9583
9574
9575
9576
10610
9577
9578
9579
9580
9581
9584
15124
9585
9586
15120
9587
9588
9590
9591
9592
9593
9594
9595
9596
9597
9599
9601
9600
9602
9603
9651
9604
9605
9606
9607
9608
9610
9609
9611
9615
9612
9613
9614
9616
9617
9618
9619
9620
9621
9622
9623
9624
9625
9626
9627
9628
9629
9630
9632
9633
10563
9634
9637
9636
9638
9639
9640
9642
9646
9643
9645
9647
9648
9649
9650
9659
9658
9660
9661
9662
9664
9665
9669
15151
9667
15152
15159
9670
9671
9672
15160
9673
9674
9678
9676
9677
9679
9681
9686
9682
9683
9685
9687
9688
9689
9691
9690
9693
9694
9695
9696
9697
9700
9698
9699
9701
15181
9702
9703
9705
9704
9706
9707
9710
9709
9711
9712
9714
9718
9715
9719
9720
9722
9721
9723
9724
9725
9726
9728
9730
9731
9732
15196
9733
9734
9735
9736
9753
9737
9738
9739
9752
9743
9744
15194
15197
9746
9747
9758
9748
9749
9750
9756
9760
9762
9763
9766
9773
9769
9771
9772
9774
9776
9777
9788
9778
9779
9780
9781
9782
9783
9784
9790
9785
9805
9786
9787
9789
9791
9843
9792
9794
9796
9798
9800
9801
9802
9804
9806
15162
9809
9808
9811
9810
9818
9812
9813
9815
9817
9819
9820
9821
15202
9822
9823
9824
9825
9826
9827
9831
9828
9829
15203
9832
9833
9834
9835
9837
9838
9836
9839
9841
9844
9845
9846
9847
9849
9850
9851
9852
9853
9854
14703
9855
9856
9857
9860
9858
9859
9878
9861
15213
9864
9865
9871
9866
9867
9868
9869
9897
9870
9872
15215
9873
9874
9875
9877
9876
9879
9880
9881
9882
9884
9883
9885
9886
9888
9893
9894
9898
9899
9900
9901
9903
9904
9906
9907
9909
9908
9910
9911
9912
9913
15205
15206
9914
9915
15204
9917
9930
9921
15233
9923
9924
9926
9925
9927
9928
9934
9929
9931
9932
9933
9935
9936
9937
9941
9938
9939
9940
9942
9944
9943
9945
15239
9946
9947
9948
9951
9949
9952
9954
9978
9962
9963
9969
9965
9966
9967
9968
15155
9972
9971
9973
9974
9976
9980
9981
9982
9983
9984
9986
9988
9987
9989
9990
9991
9992
9994
9995
9996
9997
15143
9999
10000
10001
10002
10003
10004
10005
15242
10006
10008
10009
10010
10011
10012
10013
10014
10015
10016
10017
10018
10019
10025
10020
10021
10023
10024
10027
10029
10034
10035
10037
10077
10038
10075
10039
10042
10043
10044
10045
10046
10047
10048
10049
10050
10051
10170
10052
10053
10055
10054
10056
10058
15295
10060
10061
10062
10063
10078
10076
15259
10064
10065
10066
15266
10067
10068
10070
10074
15262
10071
10072
10073
10079
10080
10081
10082
10094
10083
10093
10084
10088
15276
10085
10086
10087
10095
15268
10089
10090
10091
15258
10092
10096
10097
15252
10103
10100
10109
10113
10101
10102
10104
10105
10523
10106
10107
15287
10108
10110
10114
10111
10112
10116
10118
10119
15271
10120
10121
10122
10125
10126
10128
10129
10133
10131
10132
10134
10135
10138
10136
10139
10140
10141
10142
10143
10144
10147
10145
10149
10193
10150
10151
10152
10153
10156
10155
10157
10158
10159
10160
10162
10163
10166
10165
10167
10171
12732
10172
10175
10176
10177
10179
10180
16048
10182
10183
10184
10185
10186
10187
10188
10189
10190
10192
10194
10191
10195
10197
10198
10199
15303
10201
10202
10203
10204
10205
10206
10207
10209
10212
10211
10213
10214
10216
10217
10218
12721
10219
10220
15321
10223
10225
10227
10226
15320
10228
10229
10230
10250
10253
10232
10233
10241
10234
10235
10236
10238
10242
10245
10246
10247
10248
15326
15322
10254
10260
10261
10262
10263
10264
10266
10265
10267
10268
10269
10270
11940
10271
10272
10273
10275
10274
10276
10277
10278
10279
10282
10283
15332
10284
10285
10286
10287
10288
10289
10290
10293
10298
10292
10295
10296
10300
10301
10302
15329
10303
10304
10306
10307
10312
10313
10309
10310
10311
10314
10315
10316
10317
10318
10319
10320
10321
10322
10323
10324
10325
15340
10326
10327
10347
10329
10330
10331
10332
10333
10335
10339
10336
10337
10338
10340
10341
10342
10343
10344
10454
10455
10345
10346
10348
10349
10355
10351
10352
15352
10353
10356
10357
10358
15348
10359
10361
10360
10362
10363
10364
10365
10367
10368
10369
10379
10371
10373
10374
10375
10376
10377
10378
15356
10381
15358
15363
10382
10383
10384
10385
10386
10387
10389
10388
10391
10390
10402
10393
10394
10395
10396
10397
10398
10399
10400
10446
10428
10401
10403
10405
15349
10404
10411
10407
10408
10452
10409
10410
10412
10413
10415
10416
10417
10418
10419
15380
10420
10423
10424
10425
10426
10427
10429
10430
15391
10431
10433
10432
10435
10434
10437
10436
15394
10438
10439
15396
10440
10442
10450
10441
10443
10445
10447
10448
10451
10457
15397
10458
10459
10460
15411
10497
10462
10464
10466
10467
10468
10469
10470
10494
10471
10472
10479
10473
10474
10475
10476
10478
10480
10481
10492
10483
10485
10583
10584
10486
10487
10488
10490
10489
10491
10493
10495
10496
10499
10498
10501
10500
10502
10503
10504
10505
10506
15415
10507
10508
10509
10510
10511
10512
10513
10514
10515
10516
10517
10518
10527
10519
10521
10522
10525
15289
15418
15421
10526
10528
10529
10530
10532
10542
10531
10537
10533
10535
10536
15410
10538
10541
10543
10547
10577
10545
10546
10548
10549
10550
10551
10552
10558
10553
10554
10555
10557
10561
10564
10565
10566
10568
10569
10570
10571
10572
10573
10574
10575
10578
10576
10579
10580
10582
10586
10585
10587
15434
10588
10589
10590
10591
10592
10593
15435
10594
10595
10596
10598
10597
10599
10600
10602
10605
10603
10606
10607
10613
10609
10611
10612
10614
10630
15126
10618
10616
15125
10619
10712
10620
10623
10624
10625
10626
10636
10627
10631
10628
10665
10629
10632
10633
10634
10635
10639
15408
15449
10642
10641
10643
10644
10645
10646
10647
15403
10648
10649
10651
10652
10650
10653
10654
10655
11029
10656
10657
10659
10660
10662
10670
10663
10664
10666
10669
10671
10672
10673
10675
10676
10674
10677
10707
10678
10680
10681
10683
10682
10685
10686
10823
10687
10690
10691
10692
10694
10695
10697
15476
15477
10698
10699
10700
10701
15470
10702
10703
10704
10705
10706
10708
10709
10713
10714
10715
10716
10717
15467
10718
10720
10721
10725
10722
10723
10727
10728
10748
10729
10730
10731
10732
10733
10734
15473
10735
10736
10737
10738
10739
10810
10813
10743
10780
10744
10750
10751
10752
15091
10753
10755
10760
10767
10762
10778
10764
10769
10770
10771
10772
10773
10774
10775
10776
10777
10781
10783
10784
15496
10786
10787
10789
15485
10790
10791
10792
10793
10795
10796
10797
10798
15497
10800
10802
10803
10804
10805
10806
10807
10808
10816
10809
10811
10812
10815
10817
10821
15460
10818
10819
15463
10825
10826
10827
10828
10829
15512
15513
10830
10831
10832
10834
10833
10835
10836
10840
10839
10837
10841
15511
10842
10844
10845
10848
10846
10847
10849
10850
10853
10851
10852
10854
10855
10856
10857
10858
10859
10860
10867
10861
10862
10865
10866
10875
10868
10889
10870
10869
10871
10873
10874
10876
10877
10881
10887
10880
10879
10883
10882
10884
10885
10886
10888
10890
10891
15521
10892
10893
10894
10895
10896
10897
10898
10899
10900
15525
10902
10903
10907
10909
10910
10911
10912
11284
10913
10915
10916
10918
10917
10919
10920
10921
10922
10929
10923
10925
10926
10927
10928
10930
15539
15528
10932
10933
10934
10935
10936
10937
10938
10965
10945
10940
10942
10943
10944
10947
10946
15514
15516
10948
10954
10949
10950
10956
10957
15517
15518
10959
10960
10961
10966
10962
10963
10964
10967
10970
10972
10973
10974
10975
10984
10977
10978
10981
10982
15548
10985
10986
11233
10987
10988
10989
10990
10991
10995
10992
10993
10994
10996
10997
10998
10999
11098
15566
11000
11001
11002
11006
11007
11008
11009
11011
11012
11013
11014
11015
11016
11017
11028
11018
11019
11020
11021
11022
11023
11024
11025
11027
11032
11033
11034
11035
11036
11037
11038
11039
11053
11040
11041
11042
15564
11044
11046
15553
11050
11051
11052
11054
11055
11056
11057
11058
11059
11060
11061
11062
11063
11064
11065
11067
11068
11069
11070
11072
11071
11073
11077
11080
11075
11081
11076
11078
11079
11082
11084
11086
11087
15393
15395
11089
11091
11092
11093
11094
11095
11099
11101
11113
11112
11106
11107
11108
11109
11110
11111
11114
11115
11116
11117
11118
11119
11120
11121
11122
11123
11125
11126
11229
11230
11127
11128
11129
11131
11132
11133
11136
11137
11139
11150
11138
15580
11140
11141
15581
11142
11143
11144
11145
11146
11147
11148
11151
11152
11153
11154
11155
11156
11157
11795
11158
11159
11161
11179
11165
15590
11166
11170
11171
11172
11177
11173
11174
11175
11176
11180
11182
15593
11183
11184
11185
11186
11187
11191
11188
11189
11190
15592
11192
11193
11197
11196
11199
11200
11201
11202
11204
11203
11205
11206
11207
11208
11209
11210
11211
15605
11213
15604
11216
11217
11219
11220
11222
11221
11224
11226
11245
11228
11227
11231
15607
15608
11234
11235
11236
11237
11239
11240
11243
11241
11247
15611
11244
11246
11249
11260
11250
11251
11252
11266
11253
11255
11254
11257
11258
11259
11261
11263
11264
15616
11265
11267
11268
11269
11271
11273
11274
15540
11275
11276
11277
15619
11278
11280
11281
11282
11283
11285
11286
11287
11289
11288
11290
11291
15629
11292
11293
11297
11294
11296
11302
11301
15628
11299
11300
11303
11306
11304
11307
11305
11308
11320
11309
11310
11311
11312
11313
11315
11314
11316
11317
11318
11319
11361
11321
11322
11323
11324
11326
11339
11325
15632
11327
11328
11329
11331
11330
11332
11333
11334
11335
11340
11336
11337
11338
11342
11343
11345
11346
11344
11347
11348
11349
11350
11351
11353
11354
11356
11357
11359
11360
11362
11364
11365
11366
15617
11367
11368
11369
11370
11375
11371
11372
15663
15664
11374
11377
11378
11379
11380
11382
11383
11384
11385
15599
11386
11387
11388
11389
11390
11391
11392
15674
11395
11394
11396
11397
11398
11399
11400
11495
11401
11402
11403
11404
11417
11447
11405
11406
11407
11408
11414
11410
11412
11491
11419
11421
11422
11423
11424
15675
15676
11425
11427
11431
11430
11429
11432
11433
11434
11435
15691
11436
15688
11438
11439
11443
15692
11440
11441
15693
11446
11448
11449
11450
11451
11452
11454
11455
11456
11457
11458
15695
11459
11460
11461
11474
11475
11463
11464
11465
11469
11466
11468
11473
11470
11471
11472
15700
11477
11487
11479
11480
11481
11482
11483
11484
15710
11485
11486
11488
11489
15704
11492
11493
11494
11496
11497
11498
11506
15715
11500
11501
11502
11503
11504
11505
11507
11508
11509
15707
11510
11511
11512
11513
11514
15701
11515
11516
11518
11517
11519
11520
11521
15717
11522
11524
11525
11527
11528
11530
11531
11532
11578
11575
11533
11534
11535
11536
11538
11545
11537
11539
11543
11540
11541
11542
11549
11550
11551
11552
11553
11560
11556
11557
11555
11558
11559
11561
11562
11564
11565
11566
11568
11570
11577
11579
11580
11581
11582
11583
11744
11743
11584
11585
11588
11586
11587
11589
11591
11593
11594
11595
11596
11601
11598
11599
11604
11603
11600
11605
15728
11610
11611
11612
11614
11613
11615
11616
11621
11617
11623
11618
11631
11619
11620
11622
11624
11626
11627
11628
11630
11632
11633
11635
11644
11637
11636
11639
11638
11640
11645
11641
11642
11646
11648
11649
11651
11695
11650
15730
15731
11652
11697
15736
11653
11654
11657
11658
11664
11659
11660
11662
11661
11663
11666
11667
11668
11675
11669
11670
11671
11672
11674
12107
11676
11677
11678
11679
11680
11681
11682
11683
15738
11684
11690
11686
11687
15733
11688
11691
11692
11698
11699
11700
11701
15751
11702
11704
11703
11705
11706
11707
11709
15756
11708
15762
11710
11711
15754
11712
11714
11715
11716
11717
11718
11719
11721
11720
11722
11725
11723
11724
11726
11727
11728
11733
11729
11731
11730
11732
11734
11735
11878
11736
11737
11738
11739
11741
11742
11745
11748
11746
11747
11749
11750
11753
11751
11752
11754
11755
11757
11758
11759
11761
11762
11763
11764
15591
11767
11768
15769
11770
11772
11771
11773
11775
11776
11777
11778
11780
11782
11783
11785
15795
11786
11787
11788
11792
11789
11790
15588
11796
11797
15584
15586
11798
11799
11802
11801
11803
11804
11806
11807
11808
11809
11810
11811
11812
11813
11814
11815
11816
11818
11819
11820
11823
11821
11824
11825
11826
11827
11828
15771
11829
15773
11830
11831
11832
11836
11833
11834
11835
11837
11838
11839
11840
11841
11842
11843
11844
11845
11935
11847
11848
11849
11850
11851
11852
11853
11855
11854
11856
11860
11859
11861
11862
11863
11864
11865
11870
11866
11867
11868
11869
11873
11872
11874
11875
11876
11877
11880
11882
11883
11884
11885
15793
11887
11888
11890
11891
11892
11893
11894
11895
11896
11897
11898
11899
11900
12053
11901
11904
11905
11915
11907
11909
11910
11911
11912
11946
11913
11914
11917
11919
11923
11924
11925
11926
15811
11927
11929
11933
11930
11932
11937
11934
11936
11942
11941
11944
11975
11945
11948
11947
11949
11950
11951
11952
11955
11954
11956
12000
11957
12004
11958
11959
11960
11961
11962
15827
11963
11964
11965
11966
11967
11968
11969
11970
11972
11974
11976
11978
11979
15832
11983
12575
11985
11986
11996
11997
11988
11989
11990
11991
11992
12013
11993
11994
11995
11998
11999
12001
12002
12005
12009
12008
12011
12007
15843
12017
12012
12014
12015
12016
12018
12021
12040
15847
12025
12191
12026
12084
12032
12033
12037
12036
15845
12039
12043
12046
12042
12044
15851
12047
12048
12050
12051
12052
12054
15807
12055
12056
12057
12058
12059
15855
12061
12062
12063
12064
12065
12066
12067
12068
12070
15860
12071
12072
12073
12074
12075
12076
12077
12079
12078
12080
12081
12082
15849
12085
12087
12086
12088
15848
12089
12091
12093
12092
12094
12095
12096
12097
15865
12098
12099
12100
15868
12101
12102
12103
15744
12105
12106
12108
12109
12110
12111
12112
12113
12114
12115
12116
12117
12118
12119
12120
12121
12157
12135
12122
12123
12124
12125
12126
12127
15877
12128
12131
12129
12130
12132
12133
12138
12137
12134
12144
12139
15880
12141
12142
12143
12145
12148
12149
12151
12152
12154
12158
15881
12156
12159
12160
15882
12161
15886
12163
12167
12164
12166
12168
12170
12171
12174
12175
12177
12176
12178
15885
12179
12180
12181
12183
12182
12184
12185
15890
12189
12188
12190
12192
12193
12194
12201
12195
12196
12198
12197
12208
12209
12206
12561
15912
12207
12211
12213
12214
12215
12216
12268
12218
12219
12220
12221
12223
12224
12226
12225
12227
12228
12233
12229
12230
12231
12232
12234
12235
12236
12237
12407
12238
12241
12242
12243
12244
15960
12245
12246
12247
15919
12248
15914
15916
15917
12251
12253
12252
12254
12255
12256
12257
12258
12259
12260
12261
12262
12271
12263
12264
12265
12266
12267
12273
12278
12269
12270
15925
12275
12279
12276
12281
12282
15938
12283
12286
12287
12288
12289
12291
12294
12293
12295
12296
12297
12298
12301
12378
12300
12302
12303
12305
12331
12306
12307
12335
12314
12309
12310
12312
12313
12315
12318
12317
12319
12320
12321
12323
12324
13851
13854
12326
12327
12328
12329
12337
12336
12332
15946
12339
12341
12342
12343
12344
12345
12346
12349
12347
12348
12350
12351
12352
12353
12355
12356
12358
13828
12361
12367
12368
12369
12370
12372
12373
12374
12375
12376
12377
15947
12379
12381
15942
12382
15943
12383
12384
12385
12386
12394
15956
12387
12388
12389
12390
12395
12396
12391
12392
12398
12399
12400
12401
12402
12403
12404
15913
12406
12408
12409
15962
12431
12411
12412
12413
12414
12415
12416
12417
12418
12421
12451
12423
12424
12425
12427
12428
12430
12432
12434
12435
12436
12437
15954
12439
12441
12440
12442
12446
12443
12444
12447
12449
12456
12459
12463
12466
12460
15974
12467
12461
12464
15973
12470
12471
12472
13007
12473
12476
12478
12503
12479
12481
12482
15984
12483
12484
12485
12486
12487
12489
15968
12493
12494
12495
12497
12498
12499
12543
12542
12501
12502
12504
15990
12505
12506
12659
12509
12508
12510
12511
12512
12513
12514
12515
12517
12518
12519
12520
12521
12522
12524
12525
12526
12528
12529
12527
12530
12531
12532
12534
12533
12535
12549
12536
12574
12537
12539
12541
12544
12545
15991
12546
12547
12548
12550
12551
12552
12553
12560
12554
12555
12556
12557
12562
12559
12566
12568
16000
12567
16001
12571
12570
12573
12576
12593
12577
12609
12579
12582
12583
12584
16008
16005
12585
12586
12590
12591
12592
12594
12595
12599
12596
12600
12601
12603
12610
12604
12619
12605
12606
12613
12612
12616
12614
12615
12650
12617
12629
12618
12621
12622
12627
12624
16011
12625
12626
12628
12630
12637
12631
12632
12633
12635
12636
12639
12640
12641
12643
16017
12646
12647
12651
12648
12652
12653
12655
12657
12658
12667
12660
12662
12663
16028
12951
12702
12670
12671
12673
12674
16029
12677
12678
12679
12681
12686
12680
12683
12684
12685
12687
12688
12689
12690
12692
12694
12693
12695
16036
12696
12697
12698
12723
12700
16023
12701
12703
12706
12705
12707
16040
12708
12709
12710
12711
12712
12713
12714
12715
16024
16025
12716
16016
12718
12722
12725
12724
12726
12727
16045
12728
12730
12733
12735
12737
12740
12738
12739
12742
12741
12749
16056
12744
12745
12746
12747
12748
12751
12753
12754
12755
12756
12757
12760
12762
12763
12764
12765
12766
12768
12771
12772
12773
12774
12775
12776
12818
12777
12778
12779
12780
12782
12781
12784
12785
12786
12787
12789
12788
12790
12791
12792
12795
12796
12797
12798
12799
12847
12800
12801
12803
12805
12809
12810
12811
12813
12815
16063
16064
12820
12821
12822
12825
12824
12826
12828
12830
12829
12831
12832
12833
12929
12836
12837
12839
12840
12841
12845
12851
12852
12854
12855
12856
12857
12861
12864
12863
12866
12867
12868
12878
12870
12869
12871
12872
12873
12874
12879
12875
12876
12886
12881
12882
16085
12883
12884
14305
12885
12887
12892
12893
12894
12895
12897
12904
12899
12900
12901
12902
12908
12931
12903
12905
12911
12913
16097
12914
12915
12917
12918
12920
12921
12922
12923
12924
13001
12925
12926
12927
12928
12932
12936
12937
12940
12957
12941
12942
12944
12949
12945
12946
16109
16070
12948
12952
12953
12954
12956
16108
12959
12960
12961
12964
12962
12963
16103
12965
12966
12968
12967
12970
12971
12972
12973
12974
16121
12975
12976
12977
12982
12979
12980
12981
12984
16114
12985
12986
12988
12987
12989
12990
12991
12992
12993
12994
12997
12998
12999
13000
13002
13004
13005
13009
13010
13011
13015
16124
13016
13022
13052
13021
13026
13025
13030
13027
13028
13651
13031
13032
13034
13035
13036
13033
13037
13039
13040
13041
13042
13044
13045
13046
13047
16138
13048
16137
13049
13050
13051
13053
13054
13055
13056
13060
13061
13062
13063
13065
13066
13067
13068
13069
13076
13071
13072
13074
13075
13228
13077
13079
13078
13080
13082
13083
13086
13085
13087
16143
13088
13089
16144
13090
13091
13092
13095
13096
13098
13099
13100
13101
13102
13107
16147
13103
13104
13105
13106
13108
13110
13111
13112
13113
13115
13116
16089
13117
13118
13120
13123
13124
13125
13126
13127
13128
13129
13130
13131
13132
13139
13136
13133
13134
13160
13137
13135
13144
13161
13143
13141
16151
13145
13148
13149
13150
13156
13151
13155
16088
13162
13163
13164
13165
13166
13167
13173
13168
13169
13170
13171
13172
13175
13179
13180
13176
13182
13181
13183
14297
13184
13185
13186
13187
13190
13189
13191
13261
13192
16158
13193
13195
13194
13196
13197
13198
13199
13200
13207
13210
13201
13202
13203
13204
16160
13206
13211
16153
13212
13213
13214
13215
16154
13216
13217
13220
13224
13225
13226
13222
13223
13253
13227
16161
13229
13231
13232
13239
13233
16202
13234
13235
13241
13242
13243
13245
13247
13250
13254
13257
13255
13256
13258
13266
13259
13260
13262
16179
13263
13264
13265
13267
13268
13269
13270
13271
13272
13274
13275
13276
13277
14273
13280
13278
13279
13281
13283
13284
13285
16182
13286
13287
13288
13289
13295
13300
13290
13292
13296
13297
13298
13299
13301
13303
13304
13305
13307
13309
13308
13310
13311
13323
13312
13315
13313
13319
13314
13316
13317
13318
13320
13322
13324
13325
13327
13326
13328
13329
13330
13331
13332
13334
13336
16195
13337
13339
13342
16197
13343
13344
13345
13346
13347
13348
13352
13356
13353
13354
13355
13357
13358
13361
13359
13360
13362
13363
13364
13365
13366
13367
13368
13369
13372
13371
13458
13374
13375
13376
13377
13379
13380
13382
13384
13385
13386
13387
13389
13388
13390
13391
13392
13395
13393
13394
13396
13398
13401
16142
13402
13403
13413
13404
13405
13406
13407
13408
13409
13410
13424
13429
16203
13412
13415
13416
13417
13418
13419
13444
13421
13426
13425
13427
16207
13428
13430
13431
16141
13432
13434
13433
13600
13440
13436
13437
13441
13438
13439
13442
13446
13447
13449
13448
13450
13451
13471
13470
13452
13453
13460
13454
13455
13459
13462
13463
13464
13465
13466
13467
13468
13469
13472
13477
13473
13474
13486
13487
13479
13480
13481
13482
13483
13484
13485
13488
13489
13493
13494
13495
16222
13496
13497
13498
13500
13499
13501
13502
13503
13504
13506
13507
13508
13510
13509
13513
16232
13511
13512
13516
13514
13517
13518
13520
13533
13521
13522
13523
13524
13525
13595
16219
13529
13530
13531
13534
13535
13536
13538
13539
13541
13542
13543
13544
13545
13546
13547
13548
13549
13550
16237
16238
13551
13553
13552
13554
13555
13556
13557
13558
13559
13560
13561
13562
13563
13564
13565
13566
13567
13568
13570
13571
13572
13577
13573
16211
13574
16213
13586
13575
13576
16265
13578
13581
13580
13582
13583
13584
13587
13588
13589
13591
13590
13592
13593
16266
13594
13596
13597
13605
13601
13610
13603
16216
13604
13606
16218
13607
13608
13611
16212
13613
13614
13615
13616
13617
13618
13619
13620
13621
13622
13625
13627
13626
13630
13631
13632
13633
13648
13635
13636
13637
13638
13639
13641
13640
13642
13643
13646
13644
16278
13647
13650
13652
13653
13666
16127
13655
13656
13657
13658
13659
16128
13660
13661
13662
13663
13664
13675
13667
13668
13674
13669
13670
13671
13672
13693
15979
13673
13676
13677
13679
16125
16279
13680
13681
13682
13683
13712
13684
13699
16289
13685
13686
13687
13688
13689
13690
13691
13692
13694
13695
13697
13698
13701
13702
13704
13703
13705
13706
13707
13708
13709
13710
13714
16292
16297
13715
13718
13717
13719
13720
13721
13723
13724
13725
13727
16295
13728
13729
13730
13731
16275
13732
13734
13733
13735
13736
13737
13746
13738
13740
13741
13742
13743
16272
13744
13745
16273
13748
13749
13750
16253
13752
13754
13755
13758
16246
13759
13761
13762
13763
13764
13765
13766
13767
13768
13769
13770
13771
13772
13773
13781
13793
13774
13775
13776
13777
16319
13807
13779
13780
13782
13783
13784
13785
13786
13787
13788
13789
13790
13791
13792
13795
13796
13797
13799
13800
13801
16315
13802
13803
13805
13804
13806
13809
13811
13812
13813
13814
13815
13817
13818
13824
13826
13825
13832
13821
13833
13822
13836
13823
13827
13830
13834
13835
16327
13837
13839
13838
13840
13841
13842
13845
13843
13886
13844
13846
13848
16338
13849
13859
13853
13855
13856
15945
13857
13858
13861
13860
13867
13862
13863
13864
13865
13866
13868
13870
13874
13872
13871
13876
13877
13878
13879
13880
13881
13883
13882
13887
13891
13884
13889
13890
13892
13893
13894
13895
13896
13900
13897
13898
13899
13901
13902
13903
16345
16344
13905
13907
13908
13909
13911
13910
13916
13924
13912
13913
13917
13918
13919
13920
13922
16351
14016
13923
13925
13926
13927
13934
13935
13930
13928
13929
13936
13937
13938
13939
16357
13943
13942
13944
13945
13952
13964
13947
13948
13949
13950
16247
13951
13953
13955
13957
16244
13958
13961
13962
13980
13965
13966
16354
13968
13969
16356
13971
13973
13972
13974
13975
13978
13979
13981
13982
13983
13984
13985
13986
13987
13989
13991
13993
13992
13997
13995
13996
13999
13998
14000
14001
14002
14007
14003
14004
14019
14023
14011
14013
14015
14014
14017
14018
14020
14025
14026
14027
14030
14029
14028
14031
14032
14033
14034
14036
14037
14035
14040
14041
14049
14050
14053
14054
14055
14056
14057
14058
14059
14060
14061
14062
14063
14065
14066
14067
14069
14074
14073
14083
14084
14085
14086
14087
14088
14089
14090
14094
14092
14095
14096
14097
14099
14100
14101
14102
14104
14108
14109
14111
14112
14113
14115
14117
14119
14121
14123
14124
14127
14130
14132
14137
14142
14148
14151
14537
14150
14152
14153
14156
14157
14158
14159
14160
14164
14165
14170
14179
14174
14175
14176
14178
14186
14187
14188
14192
14189
14190
14193
14194
14195
14196
14197
14198
14199
14200
14201
14203
14204
14205
14206
14207
14208
14209
14211
14214
14215
14222
14223
14224
14225
14227
14228
14229
14231
14233
14236
14239
14237
14238
14240
14241
14243
14246
14289
14249
14254
14258
14260
14264
14267
14265
14266
14268
14269
14276
14270
14271
14277
14281
14287
14291
14292
14293
14295
14299
14301
14300
14307
14310
14311
14319
14330
14327
14328
14331
14334
14335
14336
14338
14342
14340
14343
14346
14347
14348
14349
14351
14352
14356
14357
14365
14367
14372
14374
14380
14387
14389
14391
14394
14398
14396
14399
14400
14401
14403
14444
14405
14406
14410
14407
14408
14411
14412
14417
14418
14419
14420
14422
14423
14424
14432
14438
14447
14446
14451
14452
14449
14453
14450
14458
14460
14462
14463
14474
14465
14466
14469
14470
14471
14472
14476
14477
14478
14481
14483
14482
14484
14485
14490
14494
14497
14501
14502
14503
14505
14507
14510
14511
14513
14515
14516
14517
14520
14522
14523
14524
14526
14528
14529
14530
14531
14532
14533
14534
14541
14542
14538
14539
14540
14543
14550
14552
14545
14549
14559
14553
14554
14563
14562
14564
14565
14567
14569
14570
14571
14572
14576
14577
14581
14578
14582
14583
14584
14586
14588
14589
14590
14593
14597
14608
14601
14603
14614
14613
14616
14619
14623
14620
14621
14627
14628
14631
14638
14642
14648
14649
14650
14653
14657
14658
14659
14660
14661
14662
14665
14666
14667
14668
14669
14679
14681
14682
14694
14683
14687
14688
14691
14696
14697
14698
14706
14716
14721
14729
14733
14735
14736
14737
14740
14738
14741
14744
14747
14751
14755
14753
14754
14756
14757
14761
14766
14765
14767
14769
14771
14772
14773
14776
14782
14786
14787
14790
14791
14793
14795
14794
14796
14797
14799
14800
14802
14803
14804
14806
14807
14808
14814
14816
14812
14817
14818
14819
14820
14823
14821
14826
14836
14837
14827
14828
14829
14838
14840
14842
14843
14851
14860
14863
14864
14871
14872
14877
14878
14879
14881
14882
14883
14885
14886
14887
14889
14896
14898
14899
14900
14912
14901
14902
14905
14906
14909
14911
14913
14921
14922
14924
14930
14929
14935
14939
14941
14944
14945
14949
14952
14954
14955
14957
14959
14982
14983
14962
14963
14966
14965
14968
14969
14971
14974
14973
14976
14978
14979
14980
14986
14988
14989
14990
14991
14995
15000
15003
15009
15004
15005
15010
15011
15012
15017
15022
15023
15024
15026
15027
15029
15030
15031
15032
15033
15034
15036
15038
15039
15040
15043
15047
15044
15045
15046
15052
15054
15055
15058
15057
15064
15062
15065
15080
15081
15070
15072
15074
15075
15076
15079
15083
15086
15084
15094
15099
15103
15109
15114
15115
15122
15127
15130
15132
15129
15131
15133
15134
15135
15136
15137
15139
15145
15142
15244
15148
15149
15150
15153
15154
15161
15164
15165
15166
15167
15168
15169
15170
15171
15172
15173
15175
15190
15183
15186
15189
15191
15192
15200
15201
15207
15231
15209
15216
15218
15219
15220
15221
15222
15224
15226
15229
15234
15235
15236
15246
15250
15248
15254
15255
15275
15260
15263
15264
15269
15270
15272
15285
15277
15278
15279
15280
15281
15283
15291
15297
15299
15301
15302
15328
15309
15310
15313
15312
15317
15316
15318
15324
15837
15325
15333
15334
15336
15339
15342
15345
15353
15357
15359
15361
15360
15362
15364
15369
15365
15366
15367
15370
15374
15383
15372
15375
15377
15778
15385
15387
15388
15389
15399
15409
15402
15405
15406
15414
15417
15419
15424
15422
15423
15426
15428
15431
15440
15437
15438
15443
15444
15439
15446
15448
15452
15453
15450
15454
15458
15459
15456
15461
15506
15468
15472
15474
15475
15479
15481
15487
15488
15489
15490
15491
15492
15493
15495
15498
15502
15505
15507
15508
15509
15519
15522
15523
15527
15532
15531
15534
15535
15538
15541
15542
15546
15549
15550
15551
15554
15555
15557
15558
15559
15560
15562
15568
15569
15571
15572
15573
15574
15575
15578
15576
15579
15595
15598
15600
15602
15609
15615
15618
15612
15623
15614
15621
15624
15622
15626
15630
15633
15635
15638
15640
15636
15659
15639
15650
15642
15641
15652
15643
15646
15644
15645
15647
15648
15689
15690
15653
15654
15655
15656
15657
15660
15661
15665
15668
15678
15679
15680
15681
15682
15684
15685
15696
15698
15702
15703
15705
15711
15709
15714
15718
15720
15726
15734
15740
15742
15743
15746
15747
15748
15758
15750
15755
15857
15763
15764
15772
15779
15775
15781
15782
15794
15785
15786
15792
15789
15791
15799
15797
15800
15802
15803
15804
15805
15812
15813
15814
15816
15815
15817
15819
15821
15822
15823
15824
15833
15825
15826
15828
15829
15834
15836
15840
15852
15854
15861
15866
15864
15867
15871
15870
15872
15873
15874
15878
15883
15887
15889
15894
15891
15892
15893
15901
15895
15899
15902
15904
15905
15908
15909
15910
15915
15920
15921
15924
15923
15927
15928
15929
15935
15933
15930
15931
15937
15941
15940
15948
15949
15950
15952
15955
15958
15966
15964
15969
15970
15975
15976
15981
15987
15986
15988
15993
15996
15995
16002
16004
16006
16009
16013
16012
16116
16020
16027
16031
16037
16034
16035
16038
16050
16039
16041
16044
16047
16052
16053
16054
16060
16062
16057
16058
16069
16072
16074
16075
16081
16092
16090
16095
16098
16100
16101
16099
16105
16104
16110
16118
16281
16129
16130
16131
16132
16133
16135
16136
16148
16156
16159
16163
16165
16167
16169
16171
16183
16173
16175
16178
16187
16184
16185
16189
16190
16191
16192
16193
16201
16204
16205
16209
16215
16221
16223
16224
16226
16228
16229
16230
16235
16234
16239
16240
16242
16243
16248
16249
16250
16255
16251
16257
16259
16261
16263
16267
16268
16276
16277
16280
16282
16283
16284
16287
16286
16285
16296
16299
16302
16301
16310
16305
16308
16314
16317
16318
16323
16326
16328
16330
16331
16335
16334
16332
16337
16339
16355
16358
16359
16360
16361
16362
16363
16364
16367
16370
16371
16373
16377
16374
16375
16376
16378
16380
16381
16383
