16383
16381
16380
16378
16376
16375
16374
16373
16372
16371
16370
16369
16368
16367
16366
16365
16364
16362
16361
16360
16359
16358
16357
16355
16354
16350
16348
16346
16345
16344
16341
16339
16338
16337
16336
16334
16333
16332
16331
16330
16328
16326
16324
16323
16322
16321
16319
16317
16316
16315
16308
16305
16304
16303
16302
16301
16300
16299
16297
16296
16295
16293
16292
16290
16289
16288
16286
16285
16284
16282
16281
16280
16279
16278
16277
16276
16275
16273
16272
16270
16269
16268
16266
16265
16264
16263
16262
16261
16260
16259
16258
16256
16255
16253
16251
16250
16249
16248
16247
16246
16245
16244
16243
16242
16240
16239
16238
16237
16236
16234
16231
16230
16228
16226
16224
16223
16222
16219
16218
16216
16215
16213
16212
16209
16208
16207
16205
16204
16203
16201
16200
16197
16195
16193
16192
16191
16190
16189
16187
16186
16185
16184
16183
16180
16179
16178
16176
16175
16173
16172
16171
16170
16169
16168
16167
16166
16163
16161
16159
16157
16156
16154
16153
16151
16150
16149
16147
16145
16144
16142
16139
16138
16136
16134
16133
16132
16131
16129
16128
16126
16125
16124
16121
16118
16117
16116
16112
16111
16110
16108
16106
16105
16104
16103
16101
16100
16099
16098
16097
16095
16094
16092
16090
16089
16088
16087
16085
16084
16083
16082
16080
16078
16077
16076
16074
16073
16072
16070
16069
16066
16065
16063
16061
16060
16059
16058
16057
16056
16055
16053
16052
16050
16048
16047
16045
16044
16041
16040
16039
16038
16037
16036
16035
16034
16032
16031
16030
16027
16025
16024
16023
16022
16020
16019
16017
16016
16015
16013
16012
16011
16010
16009
16006
16005
16003
16002
16001
16000
15999
15996
15995
15993
15991
15990
15989
15988
15986
15985
15984
15982
15981
15979
15976
15975
15974
15972
15970
15969
15968
15967
15966
15965
15962
15961
15959
15958
15957
15954
15953
15952
15951
15950
15949
15948
15947
15946
15943
15942
15941
15940
15938
15937
15936
15935
15934
15933
15930
15929
15928
15927
15925
15924
15922
15921
15920
15919
15918
15915
15914
15913
15912
15911
15910
15909
15908
15907
15904
15903
15902
15900
15897
15896
15895
15893
15892
15891
15890
15889
15888
15887
15886
15883
15882
15881
15880
15878
15877
15875
15874
15873
15872
15870
15869
15868
15867
15865
15864
15863
15862
15861
15860
15858
15857
15856
15855
15853
15852
15851
15850
15849
15847
15845
15843
15842
15841
15840
15838
15837
15834
15832
15831
15830
15829
15828
15827
15825
15824
15823
15822
15821
15819
15818
15817
15816
15815
15812
15811
15809
15808
15807
15805
15804
15802
15800
15799
15797
15795
15794
15793
15792
15791
15790
15788
15786
15785
15783
15782
15781
15779
15778
15776
15774
15773
15772
15771
15770
15767
15764
15763
15762
15761
15760
15758
15756
15755
15754
15753
15751
15750
15748
15747
15746
15745
15744
15741
15740
15738
15737
15736
15734
15730
15729
15728
15727
15726
15725
15724
15723
15720
15719
15717
15714
15713
15710
15709
15708
15705
15704
15703
15702
15701
15700
15699
15697
15696
15694
15693
15692
15690
15689
15688
15687
15685
15684
15683
15682
15680
15679
15678
15676
15675
15674
15670
15668
15666
15665
15664
15662
15660
15659
15656
15644
15638
15636
15632
15620
15596
15579
15577
15557
15549
15545
15540
15525
15511
15509
15506
15496
15492
15480
15475
15470
15466
15417
15414
15404
15401
15399
15389
15376
15372
15371
15367
15359
15342
15334
15320
15306
15291
15270
15259
15256
15255
15218
15191
15187
15180
15173
15163
15158
15153
15141
15134
15125
15092
15085
15077
15064
15052
15047
15046
15036
15034
15025
15020
15001
14985
14978
14976
14970
14966
14959
14947
14908
14904
14898
14893
14880
14850
14848
14842
14832
14829
14817
14813
14806
14804
14777
14770
14767
14765
14752
14740
14736
14727
14717
14713
14711
14686
14682
14669
14665
14644
14641
14635
14627
14617
14597
14591
14589
14579
14570
14544
14542
14530
14522
14492
14486
14475
14474
14460
14456
14447
14429
14417
14406
14398
14390
14381
14375
14355
14349
14341
14334
14324
14317
14300
14298
14283
14273
14268
14264
14252
14244
14238
14233
14230
14222
14212
14209
14203
14193
14188
14186
14175
14166
14164
14150
14144
14141
14128
14126
14121
14113
14110
14104
14098
14076
14067
14053
14045
14034
14023
14014
13985
13981
13978
13967
13961
13959
13953
13935
13930
13922
13912
13908
13903
13891
13887
13873
13868
13860
13848
13843
13835
13821
13818
13816
13806
13804
13802
13788
13782
13779
13773
13753
13752
13738
13733
13732
13731
13719
13713
13709
13702
13698
13689
13675
13672
13667
13655
13650
13649
13636
13627
13604
13586
13578
13568
13558
13555
13541
13529
13522
13518
13513
13507
13501
13475
13470
13459
13453
13442
13427
13414
13408
13402
13393
13376
13369
13363
13362
13347
13345
13337
13336
13326
13317
13315
13314
13299
13282
13281
13274
13266
13260
13242
13239
13233
13231
13213
13200
13198
13197
13190
13179
13176
13170
13167
13152
13144
13135
13122
13109
13102
13087
13085
13084
13064
13054
13044
13039
13026
13011
13009
12998
12996
12993
12978
12949
12930
12927
12920
12892
12882
12869
12850
12848
12847
12846
12845
12844
12841
12840
12838
12837
12836
12834
12833
12831
12829
12828
12827
12826
12825
12823
12822
12821
12818
12817
12816
12815
12814
12813
12812
12811
12810
12809
12808
12807
12805
12804
12803
12802
12800
12799
12798
12796
12795
12792
12791
12790
12789
12788
12787
12786
12785
12784
12783
12781
12780
12779
12778
12777
12776
12775
12773
12772
12771
12770
12766
12765
12763
12762
12761
12760
12758
12757
12755
12754
12753
12752
12751
12750
12749
12748
12746
12745
12744
12743
12742
12741
12740
12739
12738
12736
12735
12734
12733
12732
12731
12729
12728
12727
12726
12725
12723
12722
12721
12718
12717
12716
12715
12714
12712
12711
12710
12709
12708
12707
12706
12705
12704
12703
12702
12701
12700
12699
12698
12696
12695
12694
12693
12690
12689
12688
12686
12685
12684
12683
12681
12680
12678
12677
12676
12675
12674
12673
12672
12671
12670
12669
12664
12663
12662
12661
12660
12659
12658
12656
12655
12652
12651
12650
12649
12648
12647
12646
12644
12643
12642
12641
12640
12638
12636
12635
12633
12632
12631
12630
12629
12627
12626
12625
12622
12621
12619
12618
12617
12616
12615
12613
12612
12610
12607
12605
12603
12602
12601
12600
12598
12597
12596
12595
12594
12593
12592
12591
12590
12589
12588
12586
12585
12584
12583
12582
12581
12580
12578
12577
12576
12575
12573
12572
12571
12570
12569
12568
12566
12565
12563
12561
12560
12559
12557
12556
12555
12554
12553
12552
12550
12549
12548
12547
12546
12545
12544
12543
12542
12541
12539
12538
12537
12536
12534
12533
12532
12531
12530
12529
12528
12527
12526
12524
12523
12521
12520
12519
12518
12517
12516
12515
12514
12513
12511
12510
12509
12508
12506
12505
12504
12503
12502
12501
12500
12499
12498
12497
12496
12495
12494
12492
12491
12490
12489
12487
12486
12485
12483
12482
12481
12480
12479
12478
12476
12474
12472
12471
12470
12469
12467
12466
12465
12464
12461
12460
12459
12458
12457
12454
12453
12452
12449
12448
12447
12446
12445
12443
12442
12441
12440
12438
12437
12436
12435
12434
12433
12431
12430
12428
12427
12425
12424
12423
12422
12421
12420
12418
12417
12416
12415
12413
12412
12411
12410
12407
12406
12405
12404
12403
12402
12401
12400
12398
12397
12396
12395
12394
12393
12392
12391
12390
12389
12388
12387
12386
12385
12383
12382
12381
12380
12379
12378
12377
12375
12373
12370
12368
12367
12366
12365
12364
12363
12361
12360
12358
12357
12356
12355
12354
12353
12352
12351
12350
12349
12348
12347
12346
12344
12343
12341
12340
12339
12337
12336
12335
12334
12332
12331
12329
12328
12327
12326
12325
12324
12323
12321
12320
12319
12317
12316
12315
12313
12312
12310
12309
12308
12307
12306
12305
12304
12303
12301
12300
12299
12298
12297
12296
12294
12293
12291
12290
12289
12288
12287
12285
12284
12283
12282
12281
12280
12279
12277
12276
12274
12273
12272
12271
12270
12269
12268
12267
12266
12265
12264
12262
12261
12260
12259
12258
12257
12256
12255
12253
12252
12251
12250
12248
12247
12245
12244
12243
12242
12241
12239
12238
12237
12236
12235
12233
12232
12231
12230
12228
12227
12226
12225
12224
12222
12220
12219
12218
12217
12216
12214
12213
12210
12209
12208
12207
12206
12203
12202
12201
12199
12198
12197
12196
12195
12194
12193
12191
12190
12189
12186
12185
12184
12183
12182
12181
12180
12179
12178
12176
12175
12174
12171
12170
12169
12168
12167
12166
12164
12163
12162
12161
12159
12157
12156
12155
12153
12152
12150
12149
12148
12147
12145
12144
12142
12141
12139
12138
12137
12135
12134
12133
12132
12130
12129
12128
12127
12126
12125
12124
12123
12122
12120
12119
12118
12117
12116
12115
12113
12112
12111
12110
12109
12108
12107
12106
12105
12103
12102
12101
12100
12099
12097
12096
12095
12094
12093
12091
12089
12088
12087
12086
12085
12084
12082
12081
12080
12079
12077
12076
12075
12074
12073
12072
12071
12070
12069
12068
12066
12064
12063
12061
12060
12059
12058
12057
12056
12055
12054
12053
12052
12051
12050
12049
12047
12046
12044
12043
12042
12041
12040
12039
12038
12037
12036
12035
12034
12032
12030
12028
12026
12025
12024
12023
12022
12021
12019
12018
12017
12015
12014
12013
12011
12010
12008
12007
12006
12005
12004
12003
12002
12001
12000
11999
11996
11995
11993
11992
11991
11990
11989
11988
11987
11986
11985
11984
11983
11981
11980
11979
11978
11977
11976
11975
11974
11973
11972
11971
11970
11969
11968
11967
11966
11965
11964
11962
11961
11960
11959
11957
11956
11955
11954
11953
11951
11950
11949
11948
11946
11945
11944
11943
11942
11941
11940
11938
11937
11936
11935
11934
11933
11932
11931
11930
11929
11928
11927
11926
11925
11924
11923
11922
11920
11919
11918
11916
11915
11914
11912
11911
11909
11908
11907
11906
11905
11903
11901
11900
11899
11898
11897
11895
11894
11893
11892
11891
11890
11888
11887
11885
11884
11883
11882
11880
11879
11878
11877
11876
11875
11873
11872
11871
11870
11869
11866
11864
11863
11861
11860
11859
11858
11857
11855
11854
11852
11851
11850
11849
11848
11847
11846
11845
11844
11843
11841
11840
11839
11838
11837
11835
11834
11833
11832
11831
11830
11829
11827
11826
11825
11823
11822
11821
11820
11819
11818
11817
11816
11814
11813
11812
11811
11810
11808
11807
11806
11805
11804
11803
11802
11801
11800
11799
11798
11797
11796
11795
11794
11793
11792
11790
11789
11788
11787
11786
11784
11783
11782
11780
11779
11778
11777
11776
11775
11773
11772
11771
11770
11769
11768
11767
11766
11765
11764
11762
11761
11760
11759
11758
11757
11756
11755
11754
11753
11752
11751
11750
11749
11748
11746
11745
11743
11742
11741
11740
11739
11738
11736
11735
11734
11732
11731
11730
11729
11728
11727
11726
11725
11724
11723
11722
11721
11720
11719
11718
11716
11715
11714
11713
11712
11710
11709
11708
11707
11706
11705
11704
11702
11701
11700
11698
11697
11696
11695
11694
11692
11691
11690
11689
11688
11687
11686
11684
11683
11682
11681
11680
11679
11678
11677
11676
11675
11674
11673
11672
11671
11670
11669
11668
11667
11666
11664
11663
11662
11661
11659
11658
11657
11656
11655
11654
11653
11652
11651
11650
11649
11648
11647
11646
11645
11644
11642
11641
11640
11639
11638
11637
11636
11635
11634
11633
11632
11631
11629
11628
11626
11625
11623
11622
11620
11619
11618
11617
11616
11615
11614
11613
11612
11611
11609
11607
11606
11605
11604
11603
11601
11600
11598
11596
11595
11594
11593
11591
11589
11588
11587
11586
11585
11584
11583
11582
11581
11580
11578
11577
11575
11574
11573
11571
11570
11569
11568
11566
11565
11564
11563
11562
11560
11559
11558
11557
11555
11553
11552
11551
11550
11549
11548
11546
11545
11543
11542
11541
11540
11539
11537
11536
11535
11534
11533
11532
11531
11530
11528
11527
11526
11525
11524
11523
11522
11521
11518
11517
11515
11514
11513
11512
11511
11510
11509
11508
11507
11506
11505
11504
11503
11502
11501
11500
11499
11497
11496
11495
11494
11493
11492
11491
11490
11488
11487
11486
11485
11484
11482
11481
11480
11479
11478
11477
11476
11474
11473
11472
11471
11470
11469
11468
11467
11466
11465
11464
11463
11462
11460
11459
11458
11457
11456
11455
11454
11453
11452
11451
11450
11449
11448
11446
11445
11443
11442
11441
11440
11439
11438
11437
11436
11435
11434
11433
11432
11430
11429
11427
11425
11424
11423
11422
11421
11419
11418
11417
11415
11414
11413
11412
11410
11409
11408
11407
11406
11405
11403
11401
11400
11399
11398
11396
11395
11394
11392
11391
11390
11389
11388
11387
11386
11385
11384
11383
11382
11381
11380
11379
11378
11375
11374
11373
11371
11370
11369
11366
11365
11364
11363
11362
11361
11358
11357
11356
11354
11353
11352
11351
11350
11348
11347
11346
11344
11343
11341
11339
11338
11337
11336
11335
11334
11333
11332
11330
11329
11328
11327
11325
11323
11322
11321
11320
11319
11318
11317
11316
11315
11313
11312
11311
11310
11309
11308
11307
11306
11305
11303
11302
11301
11300
11299
11298
11297
11296
11294
11292
11291
11290
11288
11287
11286
11285
11284
11283
11282
11281
11279
11278
11277
11276
11275
11274
11273
11272
11271
11270
11269
11268
11267
11266
11265
11264
11263
11261
11260
11259
11258
11256
11255
11254
11253
11251
11250
11249
11248
11247
11246
11245
11244
11242
11241
11240
11238
11237
11235
11234
11233
11232
11231
11230
11229
11228
11227
11226
11225
11224
11223
11221
11220
11219
11218
11217
11216
11215
11214
11213
11212
11211
11209
11208
11207
11206
11205
11204
11203
11202
11200
11199
11198
11197
11196
11193
11192
11191
11190
11189
11188
11187
11185
11184
11183
11182
11181
11180
11179
11178
11176
11175
11174
11173
11172
11171
11170
11169
11168
11167
11166
11165
11164
11163
11160
11158
11157
11155
11154
11153
11152
11151
11150
11149
11148
11147
11146
11145
11144
11143
11142
11140
11139
11138
11137
11136
11134
11133
11132
11130
11129
11128
11127
11126
11125
11123
11122
11121
11120
11119
11117
11116
11115
11114
11113
11111
11110
11108
11107
11106
11105
11104
11102
11101
11099
11098
11096
11095
11094
11093
11092
11091
11090
11089
11088
11087
11086
11083
11082
11081
11079
11078
11077
11076
11075
11074
11073
11072
11070
11069
11068
11067
11065
11063
11062
11061
11060
11059
11058
11057
11056
11054
11053
11052
11051
11050
11047
11046
11044
11043
11042
11041
11040
11039
11038
11037
11036
11034
11033
11031
11030
11029
11028
11027
11026
11025
11024
11022
11021
11020
11019
11018
11016
11015
11014
11013
11011
11010
11009
11007
11006
11005
11004
11003
11002
11000
10997
10996
10995
10994
10993
10991
10990
10989
10988
10986
10984
10983
10982
10981
10980
10979
10977
10975
10973
10972
10971
10970
10969
10968
10967
10965
10964
10963
10962
10961
10960
10958
10957
10955
10954
10953
10952
10951
10950
10949
10948
10947
10946
10945
10944
10943
10942
10940
10939
10938
10937
10936
10934
10932
10931
10930
10929
10928
10927
10926
10925
10923
10921
10920
10919
10918
10917
10916
10915
10914
10913
10911
10909
10908
10907
10903
10902
10901
10900
10899
10898
10897
10895
10894
10892
10891
10890
10889
10888
10887
10886
10885
10884
10883
10882
10881
10880
10879
10877
10876
10874
10873
10872
10871
10870
10869
10868
10867
10865
10862
10861
10860
10859
10858
10857
10856
10855
10854
10853
10851
10850
10849
10848
10847
10846
10845
10844
10843
10842
10840
10839
10837
10836
10835
10833
10832
10831
10830
10829
10828
10827
10826
10825
10824
10823
10822
10819
10818
10817
10816
10815
10813
10812
10811
10810
10809
10808
10807
10806
10805
10804
10803
10802
10800
10798
10797
10796
10795
10794
10793
10792
10791
10790
10789
10788
10787
10786
10785
10784
10783
10782
10781
10780
10779
10778
10777
10776
10775
10773
10771
10770
10769
10767
10766
10765
10764
10763
10761
10760
10759
10756
10755
10754
10753
10751
10749
10748
10746
10745
10743
10742
10741
10740
10739
10738
10737
10736
10735
10734
10733
10732
10731
10729
10728
10726
10724
10723
10722
10721
10720
10719
10718
10716
10715
10714
10712
10711
10710
10709
10708
10707
10706
10705
10704
10703
10702
10701
10700
10699
10698
10696
10694
10692
10691
10690
10689
10688
10687
10686
10685
10683
10682
10681
10680
10678
10676
10675
10674
10673
10672
10671
10669
10668
10667
10666
10665
10664
10663
10660
10659
10657
10655
10654
10653
10652
10651
10650
10649
10648
10647
10645
10644
10643
10642
10641
10640
10639
10637
10636
10635
10634
10632
10631
10629
10628
10627
10626
10625
10624
10623
10622
10621
10620
10619
10618
10616
10615
10614
10613
10612
10611
10610
10607
10606
10605
10604
10603
10602
10600
10599
10597
10596
10595
10593
10592
10591
10590
10589
10588
10586
10585
10584
10583
10582
10580
10579
10578
10577
10576
10575
10573
10572
10571
10570
10569
10568
10566
10565
10564
10563
10561
10560
10558
10557
10556
10555
10554
10553
10552
10551
10550
10548
10547
10546
10545
10543
10542
10541
10540
10538
10537
10536
10535
10533
10532
10531
10530
10528
10527
10526
10525
10523
10522
10521
10519
10518
10517
10516
10515
10514
10513
10512
10511
10509
10508
10507
10506
10504
10503
10502
10501
10500
10499
10497
10496
10495
10494
10493
10491
10490
10489
10488
10487
10486
10485
10484
10483
10482
10480
10479
10478
10477
10476
10475
10474
10473
10471
10469
10468
10466
10464
10462
10460
10459
10458
10457
10456
10455
10454
10453
10451
10450
10449
10448
10447
10446
10445
10443
10442
10441
10440
10439
10438
10437
10436
10435
10434
10432
10431
10430
10427
10426
10425
10424
10423
10422
10421
10420
10419
10418
10416
10415
10414
10412
10411
10410
10409
10408
10407
10406
10405
10404
10402
10401
10400
10399
10398
10396
10395
10394
10393
10392
10391
10390
10389
10388
10386
10385
10384
10383
10382
10381
10380
10379
10378
10377
10376
10375
10373
10372
10371
10370
10369
10367
10365
10364
10362
10361
10360
10358
10357
10356
10355
10354
10352
10351
10350
10349
10348
10347
10346
10345
10344
10343
10342
10341
10340
10339
10338
10337
10336
10335
10334
10332
10331
10330
10329
10326
10325
10324
10323
10322
10320
10319
10318
10317
10315
10314
10313
10312
10311
10310
10309
10308
10307
10305
10304
10303
10302
10300
10298
10297
10296
10295
10293
10292
10289
10288
10287
10286
10285
10284
10283
10282
10281
10279
10278
10276
10275
10274
10273
10272
10271
10270
10269
10268
10267
10266
10264
10262
10261
10260
10258
10256
10255
10254
10253
10252
10251
10250
10248
10247
10245
10244
10243
10242
10241
10240
10239
10238
10237
10236
10235
10234
10233
10232
10231
10230
10229
10228
10227
10225
10224
10223
10222
10220
10218
10217
10216
10215
10214
10213
10211
10209
10208
10207
10206
10205
10204
10203
10202
10201
10200
10199
10198
10197
10196
10195
10194
10193
10192
10191
10190
10189
10187
10186
10185
10183
10182
10180
10179
10178
10177
10176
10175
10173
10172
10171
10170
10169
10167
10166
10165
10163
10162
10161
10160
10159
10158
10155
10154
10153
10152
10151
10150
10149
10148
10147
10146
10144
10143
10141
10140
10139
10138
10137
10135
10133
10132
10131
10130
10129
10128
10126
10125
10124
10123
10122
10121
10120
10119
10118
10117
10116
10114
10113
10112
10111
10109
10108
10107
10106
10105
10104
10103
10101
10100
10099
10097
10096
10095
10094
10093
10092
10091
10090
10089
10088
10087
10086
10084
10083
10082
10081
10080
10079
10078
10076
10074
10073
10072
10071
10070
10068
10067
10066
10065
10064
10063
10062
10061
10060
10059
10057
10056
10055
10054
10053
10052
10051
10049
10047
10045
10044
10043
10042
10041
10039
10038
10035
10033
10032
10030
10029
10028
10026
10025
10024
10023
10022
10021
10020
10019
10018
10017
10016
10014
10013
10012
10011
10009
10007
10006
10005
10003
10002
10001
9999
9998
9997
9996
9995
9994
9993
9991
9990
9989
9988
9987
9985
9984
9983
9982
9980
9979
9978
9976
9975
9973
9972
9971
9969
9968
9967
9966
9965
9963
9962
9961
9960
9958
9956
9954
9953
9952
9951
9950
9949
9948
9947
9946
9945
9944
9941
9940
9939
9938
9937
9935
9934
9933
9932
9931
9929
9928
9927
9926
9925
9924
9923
9921
9920
9918
9917
9916
9915
9914
9913
9912
9911
9909
9908
9907
9906
9905
9903
9902
9901
9900
9899
9897
9896
9895
9894
9893
9892
9890
9889
9887
9885
9884
9883
9882
9881
9880
9878
9877
9876
9875
9873
9872
9871
9870
9869
9868
9867
9866
9864
9862
9861
9859
9858
9857
9855
9854
9853
9852
9851
9850
9849
9848
9847
9846
9845
9844
9843
9842
9841
9840
9839
9838
9837
9836
9835
9834
9833
9831
9830
9828
9827
9826
9825
9824
9823
9822
9821
9820
9818
9817
9815
9814
9813
9812
9810
9809
9808
9806
9805
9803
9801
9800
9799
9798
9797
9796
9795
9794
9793
9792
9791
9790
9789
9787
9786
9784
9783
9782
9781
9780
9779
9778
9777
9774
9773
9772
9771
9769
9767
9766
9763
9762
9761
9759
9758
9757
9756
9755
9753
9752
9751
9750
9749
9748
9746
9745
9744
9743
9741
9740
9738
9737
9736
9735
9733
9732
9727
9726
9725
9723
9722
9721
9720
9719
9718
9717
9716
9715
9714
9713
9712
9709
9708
9707
9706
9705
9703
9702
9701
9699
9698
9696
9695
9694
9692
9691
9690
9689
9688
9687
9686
9685
9684
9683
9682
9680
9679
9678
9677
9676
9675
9674
9673
9671
9670
9669
9667
9665
9664
9663
9662
9661
9660
9658
9657
9654
9653
9651
9650
9649
9648
9647
9646
9645
9643
9642
9641
9640
9639
9638
9637
9635
9634
9633
9632
9631
9630
9629
9628
9627
9626
9624
9623
9622
9621
9620
9618
9616
9615
9614
9612
9611
9610
9609
9608
9607
9606
9604
9603
9602
9601
9600
9598
9597
9596
9595
9594
9593
9592
9590
9588
9587
9586
9585
9584
9583
9582
9581
9580
9579
9578
9577
9576
9575
9573
9572
9571
9570
9569
9568
9567
9566
9565
9564
9562
9560
9559
9558
9557
9556
9555
9554
9553
9552
9551
9550
9548
9547
9545
9544
9543
9542
9541
9540
9539
9537
9536
9534
9533
9532
9531
9530
9529
9527
9522
9521
9520
9519
9518
9517
9516
9515
9514
9513
9512
9511
9508
9507
9505
9503
9502
9500
9498
9496
9494
9493
9492
9491
9490
9489
9488
9486
9485
9484
9483
9482
9481
9479
9478
9477
9475
9473
9472
9471
9470
9468
9467
9466
9465
9464
9463
9462
9461
9460
9459
9457
9456
9455
9454
9453
9450
9449
9448
9447
9446
9445
9444
9443
9442
9440
9439
9438
9436
9435
9434
9433
9432
9431
9430
9429
9427
9426
9425
9424
9422
9421
9420
9419
9418
9417
9416
9414
9413
9412
9411
9410
9408
9407
9405
9404
9403
9402
9400
9398
9397
9395
9394
9393
9392
9391
9389
9388
9387
9385
9383
9382
9381
9378
9377
9376
9375
9373
9372
9371
9370
9368
9367
9366
9365
9364
9363
9362
9361
9360
9359
9358
9357
9356
9355
9353
9352
9351
9350
9349
9348
9345
9344
9343
9342
9341
9340
9339
9337
9336
9335
9334
9333
9332
9331
9330
9329
9327
9326
9325
9323
9322
9321
9320
9319
9318
9317
9316
9315
9314
9313
9312
9310
9309
9308
9307
9306
9305
9304
9303
9301
9300
9299
9298
9297
9296
9295
9294
9293
9292
9291
9290
9289
9288
9287
9286
9285
9283
9282
9281
9280
9279
9277
9276
9274
9273
9272
9271
9270
9269
9268
9267
9266
9265
9264
9263
9262
9261
9259
9258
9257
9256
9255
9254
9253
9249
9248
9246
9245
9243
9242
9241
9240
9239
9238
9237
9235
9234
9233
9232
9230
9229
9228
9226
9224
9223
9222
9221
9220
9219
9217
9216
9215
9214
9213
9212
9211
9210
9209
9208
9207
9206
9205
9204
9203
9202
9200
9199
9198
9197
9196
9195
9194
9192
9191
9190
9189
9188
9187
9185
9184
9183
9181
9180
9179
9178
9177
9176
9175
9174
9173
9171
9170
9169
9168
9167
9165
9164
9163
9162
9161
9160
9159
9157
9156
9155
9154
9153
9151
9150
9149
9148
9147
9146
9145
9144
9143
9142
9141
9138
9137
9136
9135
9134
9133
9131
9130
9129
9128
9127
9126
9125
9123
9121
9120
9119
9118
9116
9115
9114
9113
9112
9111
9110
9109
9108
9107
9105
9104
9103
9102
9101
9100
9099
9097
9096
9095
9094
9093
9092
9090
9089
9088
9087
9085
9084
9083
9082
9081
9080
9079
9078
9077
9075
9073
9072
9071
9070
9069
9068
9067
9066
9065
9064
9063
9061
9059
9057
9056
9055
9054
9053
9051
9050
9049
9047
9046
9045
9044
9043
9042
9041
9040
9039
9038
9037
9036
9035
9034
9033
9032
9031
9030
9028
9027
9026
9025
9023
9022
9020
9019
9018
9017
9016
9015
9014
9012
9011
9009
9008
9007
9006
9004
9003
9002
9001
8999
8997
8996
8995
8994
8993
8992
8990
8989
8988
8987
8986
8985
8983
8982
8980
8979
8978
8977
8976
8975
8974
8972
8970
8968
8967
8966
8965
8964
8963
8962
8961
8960
8958
8957
8956
8954
8953
8952
8951
8950
8949
8948
8947
8946
8944
8943
8941
8940
8939
8938
8937
8936
8935
8934
8933
8932
8931
8930
8928
8927
8926
8925
8924
8921
8920
8919
8918
8916
8915
8914
8913
8911
8910
8909
8907
8906
8905
8904
8902
8901
8900
8896
8895
8894
8893
8892
8891
8890
8889
8888
8887
8886
8884
8883
8882
8880
8879
8878
8876
8875
8872
8871
8870
8868
8867
8866
8865
8864
8863
8861
8860
8859
8857
8856
8855
8853
8852
8851
8850
8848
8847
8846
8845
8843
8842
8840
8839
8838
8837
8836
8835
8834
8832
8831
8830
8828
8827
8826
8825
8824
8823
8822
8821
8819
8818
8817
8815
8814
8813
8811
8810
8809
8808
8807
8806
8805
8804
8802
8801
8800
8799
8798
8797
8796
8795
8794
8793
8792
8791
8789
8788
8787
8786
8785
8783
8782
8781
8779
8778
8777
8776
8775
8774
8773
8772
8771
8770
8769
8767
8766
8764
8762
8759
8758
8757
8756
8755
8754
8753
8752
8751
8750
8749
8748
8747
8746
8745
8743
8742
8741
8740
8739
8737
8736
8735
8734
8733
8732
8731
8730
8729
8727
8725
8724
8723
8721
8720
8719
8718
8716
8714
8713
8711
8710
8709
8708
8707
8705
8704
8703
8702
8701
8700
8699
8698
8697
8696
8695
8694
8693
8692
8691
8690
8689
8688
8687
8686
8685
8684
8682
8681
8680
8679
8678
8677
8676
8674
8673
8672
8671
8670
8669
8667
8666
8665
8663
8661
8660
8659
8658
8657
8656
8655
8654
8653
8652
8651
8650
8649
8646
8644
8643
8642
8641
8640
8639
8638
8636
8635
8634
8633
8632
8631
8630
8629
8628
8626
8625
8624
8623
8622
8621
8618
8617
8616
8615
8614
8612
8611
8610
8609
8608
8605
8603
8601
8600
8599
8598
8597
8596
8595
8594
8593
8592
8590
8589
8587
8586
8585
8584
8582
8581
8579
8578
8577
8576
8575
8574
8572
8571
8570
8569
8568
8567
8565
8564
8563
8562
8561
8560
8558
8557
8556
8554
8553
8552
8551
8550
8549
8548
8547
8546
8545
8543
8541
8540
8538
8537
8535
8534
8533
8532
8531
8530
8529
8528
8527
8525
8524
8523
8522
8520
8519
8518
8517
8515
8514
8513
8512
8511
8510
8509
8508
8506
8505
8504
8502
8501
8500
8499
8498
8497
8496
8495
8493
8491
8490
8487
8485
8484
8483
8482
8481
8480
8478
8477
8476
8475
8474
8472
8470
8469
8468
8466
8465
8464
8462
8460
8458
8457
8456
8455
8454
8453
8452
8451
8450
8449
8448
8446
8445
8444
8442
8441
8440
8439
8437
8436
8435
8433
8432
8430
8428
8427
8426
8424
8423
8422
8421
8420
8418
8417
8416
8415
8414
8412
8411
8410
8409
8406
8405
8404
8402
8401
8400
8399
8397
8396
8394
8393
8392
8391
8390
8389
8388
8387
8385
8384
8383
8381
8380
8379
8378
8376
8375
8374
8373
8372
8371
8369
8368
8367
8366
8365
8364
8363
8362
8360
8358
8357
8356
8354
8352
8351
8350
8348
8347
8346
8345
8344
8343
8342
8341
8339
8338
8337
8335
8333
8331
8330
8329
8328
8327
8325
8324
8322
8321
8319
8318
8317
8316
8315
8314
8313
8312
8311
8310
8309
8308
8306
8305
8304
8303
8302
8300
8299
8297
8296
8295
8294
8292
8291
8290
8289
8288
8287
8285
8284
8282
8281
8279
8278
8276
8275
8274
8273
8272
8271
8270
8269
8268
8267
8265
8264
8263
8261
8260
8258
8256
8255
8254
8253
8252
8251
8250
8248
8246
8245
8244
8243
8242
8241
8240
8239
8238
8237
8236
8235
8234
8233
8232
8231
8230
8229
8228
8226
8224
8223
8222
8220
8219
8217
8216
8215
8214
8213
8212
8211
8209
8208
8207
8206
8205
8204
8203
8202
8201
8200
8199
8197
8196
8195
8194
8193
8192
8190
8189
8188
8186
8184
8182
8180
8178
8177
8176
8175
8173
8172
8171
8170
8169
8168
8167
8166
8164
8163
8162
8160
8159
8158
8157
8156
8154
8152
8150
8149
8148
8147
8146
8145
8144
8143
8142
8141
8140
8138
8137
8136
8135
8134
8133
8132
8131
8130
8129
8128
8127
8126
8124
8122
8121
8119
8118
8116
8115
8114
8113
8112
8111
8110
8109
8107
8106
8103
8102
8101
8100
8099
8098
8096
8095
8094
8093
8092
8090
8089
8088
8086
8085
8084
8083
8081
8080
8079
8078
8077
8075
8074
8073
8072
8071
8070
8069
8068
8067
8066
8065
8064
8062
8061
8060
8059
8058
8057
8055
8053
8052
8050
8049
8048
8046
8045
8044
8043
8042
8041
8040
8039
8038
8036
8035
8034
8033
8031
8030
8029
8028
8027
8025
8024
8023
8021
8019
8018
8017
8016
8015
8014
8013
8012
8011
8010
8008
8007
8005
8004
8003
8002
8000
7999
7998
7997
7996
7994
7993
7991
7990
7989
7988
7987
7985
7983
7982
7981
7980
7978
7977
7975
7974
7972
7971
7970
7969
7968
7967
7966
7964
7963
7962
7959
7958
7957
7956
7955
7953
7952
7949
7948
7947
7946
7945
7944
7943
7942
7940
7939
7938
7937
7936
7935
7934
7933
7932
7931
7929
7928
7927
7926
7925
7924
7923
7922
7921
7920
7918
7917
7916
7915
7913
7912
7911
7910
7909
7906
7905
7903
7902
7901
7900
7899
7898
7897
7896
7895
7894
7893
7892
7891
7890
7888
7887
7886
7885
7883
7881
7880
7879
7878
7877
7876
7875
7873
7872
7871
7870
7869
7868
7866
7865
7864
7863
7862
7860
7859
7858
7856
7855
7853
7852
7851
7850
7849
7848
7847
7846
7845
7844
7843
7841
7840
7839
7838
7837
7836
7835
7833
7831
7830
7829
7828
7827
7826
7824
7823
7822
7821
7819
7818
7817
7816
7815
7814
7813
7811
7810
7809
7808
7806
7805
7804
7803
7802
7801
7800
7799
7798
7797
7796
7793
7792
7791
7790
7789
7787
7786
7785
7784
7783
7782
7780
7779
7778
7777
7776
7775
7774
7773
7771
7770
7769
7767
7766
7765
7764
7762
7761
7760
7759
7758
7757
7756
7755
7754
7753
7752
7751
7750
7749
7748
7747
7746
7745
7744
7742
7741
7740
7738
7737
7736
7734
7732
7730
7729
7728
7727
7725
7724
7723
7721
7718
7717
7716
7715
7713
7712
7711
7710
7709
7708
7707
7706
7704
7703
7701
7700
7699
7698
7697
7694
7693
7692
7691
7690
7689
7688
7687
7685
7684
7683
7682
7680
7679
7678
7677
7676
7675
7674
7673
7672
7671
7670
7668
7666
7665
7664
7662
7661
7660
7659
7657
7655
7654
7653
7652
7651
7650
7649
7648
7647
7646
7645
7643
7642
7640
7639
7638
7637
7636
7635
7634
7633
7631
7629
7628
7626
7625
7624
7623
7622
7621
7620
7619
7618
7617
7616
7615
7613
7612
7610
7609
7608
7607
7604
7603
7602
7591
7582
7549
7546
7535
7529
7507
7503
7498
7490
7480
7476
7471
7470
7459
7441
7436
7428
7416
7411
7403
7386
7384
7374
7372
7356
7350
7347
7341
7320
7301
7300
7299
7287
7281
7277
7266
7257
7243
7240
7223
7218
7217
7190
7178
7159
7136
7126
7123
7109
7097
7090
7081
7075
7069
7038
7027
7021
7010
6995
6988
6982
6976
6970
6944
6931
6915
6913
6904
6894
6891
6883
6850
6849
6842
6834
6828
6810
6807
6801
6781
6777
6776
6768
6766
6755
6747
6744
6738
6735
6720
6712
6707
6690
6677
6670
6653
6632
6622
6607
6594
6590
6579
6577
6566
6564
6561
6546
6526
6517
6508
6498
6495
6488
6478
6460
6450
6437
6420
6418
6416
6414
6413
6412
6410
6409
6408
6407
6406
6405
6403
6402
6401
6399
6398
6397
6396
6395
6394
6392
6391
6390
6389
6387
6386
6385
6384
6383
6382
6381
6380
6379
6378
6377
6375
6374
6371
6370
6369
6368
6367
6364
6362
6361
6360
6359
6358
6357
6355
6354
6352
6351
6350
6349
6348
6347
6346
6345
6344
6343
6342
6340
6339
6336
6335
6334
6333
6332
6330
6329
6328
6327
6325
6324
6323
6322
6320
6319
6318
6317
6316
6315
6314
6312
6311
6310
6309
6307
6306
6305
6304
6303
6302
6301
6300
6299
6298
6297
6296
6295
6294
6293
6291
6290
6289
6288
6287
6286
6285
6284
6283
6282
6280
6279
6278
6276
6274
6273
6271
6269
6268
6267
6266
6265
6263
6262
6261
6260
6258
6257
6256
6254
6253
6252
6251
6250
6249
6248
6246
6245
6244
6242
6241
6240
6239
6238
6237
6236
6235
6234
6232
6231
6230
6229
6227
6226
6225
6224
6223
6221
6220
6219
6218
6217
6216
6214
6213
6212
6211
6210
6209
6208
6206
6205
6204
6202
6201
6200
6199
6198
6197
6195
6194
6193
6192
6191
6189
6188
6187
6186
6184
6183
6181
6180
6179
6178
6176
6175
6174
6173
6172
6171
6170
6169
6167
6166
6164
6163
6162
6161
6160
6159
6158
6157
6156
6155
6154
6152
6151
6149
6148
6146
6145
6144
6143
6141
6140
6139
6138
6136
6135
6134
6132
6131
6129
6126
6125
6124
6123
6122
6121
6120
6118
6117
6116
6115
6114
6112
6111
6110
6108
6107
6106
6105
6104
6103
6101
6099
6098
6097
6095
6094
6093
6092
6090
6089
6088
6087
6086
6085
6084
6083
6082
6080
6079
6078
6077
6076
6075
6074
6072
6070
6069
6068
6067
6066
6065
6064
6063
6062
6060
6058
6056
6054
6053
6052
6051
6050
6049
6047
6046
6045
6043
6042
6041
6040
6039
6038
6037
6036
6034
6033
6032
6031
6030
6028
6026
6025
6024
6023
6022
6021
6019
6017
6016
6015
6014
6013
6012
6011
6010
6009
6008
6007
6006
6005
6004
6003
6002
6001
6000
5999
5997
5996
5995
5994
5993
5992
5991
5990
5989
5988
5987
5986
5984
5982
5981
5980
5978
5977
5975
5974
5973
5972
5971
5970
5968
5967
5966
5964
5963
5962
5961
5960
5958
5957
5956
5955
5954
5952
5951
5950
5949
5948
5947
5946
5945
5944
5943
5942
5939
5938
5936
5935
5934
5933
5932
5931
5930
5928
5927
5926
5925
5924
5923
5922
5919
5918
5917
5916
5915
5914
5913
5912
5911
5910
5909
5908
5906
5905
5904
5903
5902
5901
5900
5899
5898
5897
5896
5894
5893
5892
5891
5889
5888
5887
5886
5885
5884
5882
5880
5879
5878
5877
5876
5875
5874
5873
5872
5871
5870
5869
5868
5867
5866
5865
5863
5862
5861
5859
5857
5856
5855
5853
5851
5850
5849
5848
5847
5845
5844
5843
5842
5841
5840
5839
5838
5837
5836
5835
5833
5831
5830
5829
5828
5827
5825
5823
5822
5821
5820
5819
5817
5816
5815
5814
5813
5812
5811
5810
5809
5808
5807
5806
5805
5804
5802
5801
5799
5798
5797
5796
5794
5793
5792
5791
5790
5789
5788
5787
5786
5785
5784
5783
5782
5781
5780
5778
5777
5776
5775
5774
5773
5772
5771
5770
5769
5768
5767
5766
5765
5763
5760
5759
5758
5757
5756
5754
5753
5752
5751
5750
5749
5748
5747
5746
5744
5743
5742
5741
5740
5739
5738
5737
5735
5733
5732
5731
5730
5729
5727
5725
5724
5723
5722
5721
5720
5719
5718
5717
5716
5714
5713
5712
5711
5710
5709
5708
5707
5706
5705
5704
5702
5701
5698
5697
5696
5695
5694
5693
5692
5691
5690
5689
5688
5686
5685
5683
5682
5679
5678
5676
5675
5674
5673
5672
5671
5670
5669
5668
5666
5665
5664
5663
5662
5661
5659
5658
5657
5656
5655
5654
5653
5652
5651
5650
5648
5647
5646
5645
5644
5642
5641
5640
5639
5638
5637
5635
5634
5633
5632
5630
5629
5628
5627
5625
5624
5623
5622
5621
5619
5618
5617
5615
5614
5612
5611
5610
5609
5607
5606
5605
5604
5603
5602
5601
5600
5598
5597
5595
5594
5593
5592
5590
5589
5588
5587
5585
5584
5583
5582
5581
5580
5579
5577
5576
5575
5574
5573
5572
5570
5569
5567
5566
5565
5564
5563
5562
5561
5560
5559
5558
5557
5556
5554
5553
5551
5550
5549
5548
5547
5546
5545
5544
5542
5541
5540
5538
5536
5535
5534
5533
5532
5531
5530
5528
5527
5526
5525
5524
5523
5522
5521
5520
5518
5517
5516
5515
5514
5513
5512
5510
5509
5508
5507
5505
5504
5503
5501
5500
5499
5498
5497
5496
5495
5494
5492
5491
5489
5488
5487
5486
5485
5484
5483
5482
5480
5479
5478
5477
5476
5475
5474
5473
5472
5470
5469
5467
5466
5465
5464
5463
5461
5460
5459
5458
5457
5456
5455
5454
5452
5451
5449
5448
5447
5445
5444
5443
5442
5441
5440
5439
5437
5436
5435
5434
5433
5432
5431
5430
5429
5428
5426
5424
5423
5422
5421
5420
5419
5418
5417
5415
5414
5413
5412
5409
5408
5407
5406
5405
5403
5402
5401
5400
5399
5398
5397
5396
5395
5394
5393
5392
5391
5390
5388
5387
5386
5385
5384
5383
5382
5381
5380
5379
5378
5377
5376
5375
5374
5373
5372
5371
5370
5369
5368
5367
5365
5363
5362
5361
5360
5359
5358
5357
5356
5355
5354
5353
5352
5351
5350
5349
5347
5346
5345
5344
5342
5341
5340
5338
5337
5336
5334
5333
5332
5329
5328
5327
5326
5325
5324
5322
5321
5320
5319
5316
5315
5314
5313
5311
5309
5308
5307
5306
5305
5304
5303
5302
5301
5300
5299
5297
5296
5295
5294
5293
5292
5291
5290
5289
5288
5286
5285
5284
5283
5282
5281
5280
5279
5278
5277
5276
5275
5274
5273
5271
5270
5269
5268
5266
5265
5264
5263
5262
5261
5260
5259
5258
5257
5254
5253
5250
5249
5248
5247
5246
5245
5244
5243
5242
5241
5240
5239
5238
5237
5235
5233
5232
5231
5230
5228
5227
5226
5225
5224
5223
5222
5221
5218
5217
5216
5215
5214
5213
5212
5211
5210
5208
5207
5206
5205
5204
5203
5202
5201
5200
5199
5198
5197
5196
5195
5194
5193
5192
5191
5190
5188
5187
5185
5184
5183
5182
5180
5179
5178
5177
5175
5174
5173
5172
5171
5170
5169
5168
5167
5166
5165
5164
5163
5162
5161
5160
5159
5158
5157
5156
5155
5154
5153
5152
5151
5149
5148
5146
5145
5144
5143
5141
5140
5139
5138
5137
5136
5135
5133
5132
5131
5130
5128
5127
5126
5125
5124
5123
5122
5121
5120
5119
5118
5116
5115
5114
5113
5112
5110
5109
5108
5106
5105
5104
5103
5102
5101
5100
5099
5098
5097
5096
5095
5094
5093
5091
5090
5088
5087
5086
5085
5084
5083
5082
5080
5079
5078
5076
5075
5074
5073
5072
5071
5070
5068
5067
5065
5064
5063
5062
5061
5060
5058
5056
5055
5054
5053
5052
5051
5049
5048
5047
5046
5045
5043
5042
5041
5040
5039
5038
5037
5035
5034
5033
5032
5031
5030
5029
5028
5027
5025
5024
5023
5021
5020
5019
5018
5017
5016
5015
5014
5013
5012
5011
5010
5009
5008
5007
5006
5005
5004
5003
5002
5001
5000
4999
4998
4997
4996
4995
4994
4992
4991
4990
4989
4988
4987
4986
4985
4984
4983
4981
4980
4979
4978
4977
4976
4975
4973
4972
4971
4970
4968
4967
4966
4965
4964
4963
4961
4960
4959
4958
4956
4955
4954
4953
4952
4951
4950
4949
4948
4947
4946
4945
4943
4942
4941
4940
4939
4938
4936
4935
4934
4933
4932
4931
4930
4929
4927
4926
4925
4924
4923
4922
4920
4919
4918
4917
4916
4915
4914
4913
4912
4910
4909
4908
4907
4906
4905
4904
4903
4901
4900
4898
4897
4896
4894
4893
4892
4891
4890
4889
4888
4886
4885
4884
4883
4881
4880
4879
4878
4877
4876
4875
4874
4873
4872
4871
4870
4868
4867
4866
4865
4864
4863
4862
4861
4860
4859
4857
4856
4855
4854
4853
4852
4851
4850
4849
4848
4847
4845
4844
4842
4840
4839
4838
4837
4836
4835
4834
4833
4831
4830
4829
4827
4826
4824
4823
4821
4820
4819
4818
4817
4815
4814
4812
4811
4810
4809
4808
4806
4804
4803
4802
4801
4800
4799
4798
4797
4796
4794
4793
4792
4791
4790
4789
4788
4787
4786
4785
4784
4782
4781
4780
4779
4778
4777
4776
4775
4774
4771
4770
4769
4768
4765
4764
4763
4762
4761
4760
4759
4758
4757
4756
4755
4754
4753
4752
4751
4750
4749
4748
4747
4745
4744
4742
4741
4739
4738
4737
4736
4734
4733
4731
4730
4729
4728
4726
4725
4724
4723
4722
4721
4720
4719
4718
4716
4714
4712
4711
4710
4709
4708
4707
4706
4705
4704
4703
4702
4701
4700
4699
4698
4697
4696
4695
4693
4692
4691
4689
4688
4686
4685
4684
4683
4682
4681
4678
4677
4676
4675
4673
4672
4671
4670
4669
4667
4666
4665
4664
4663
4662
4661
4660
4659
4658
4656
4655
4654
4653
4652
4651
4649
4648
4647
4646
4645
4644
4643
4642
4641
4640
4639
4638
4637
4636
4634
4633
4632
4631
4630
4629
4628
4627
4626
4625
4624
4623
4621
4619
4618
4617
4615
4614
4613
4612
4610
4609
4606
4605
4604
4603
4601
4600
4599
4598
4596
4595
4594
4592
4591
4590
4588
4587
4586
4585
4584
4583
4582
4581
4579
4578
4576
4575
4573
4572
4571
4570
4569
4568
4566
4565
4564
4563
4562
4559
4558
4557
4556
4555
4553
4552
4551
4550
4549
4547
4546
4545
4544
4542
4541
4540
4539
4538
4535
4533
4532
4530
4529
4528
4527
4526
4525
4524
4523
4522
4521
4520
4519
4518
4517
4516
4515
4513
4512
4510
4509
4508
4507
4506
4505
4504
4503
4501
4500
4499
4498
4497
4496
4495
4494
4491
4490
4489
4488
4487
4486
4485
4484
4482
4481
4480
4479
4478
4476
4475
4474
4473
4472
4471
4469
4468
4467
4466
4464
4463
4461
4460
4459
4458
4457
4456
4455
4454
4452
4451
4450
4449
4448
4447
4446
4445
4444
4442
4441
4439
4437
4436
4435
4434
4432
4431
4430
4429
4428
4427
4426
4425
4424
4421
4420
4419
4417
4416
4415
4414
4413
4412
4411
4409
4408
4406
4405
4404
4403
4401
4399
4398
4397
4394
4393
4392
4391
4390
4389
4386
4385
4384
4383
4382
4380
4379
4378
4377
4376
4375
4373
4372
4371
4370
4368
4367
4365
4364
4363
4362
4361
4359
4358
4357
4356
4355
4354
4353
4351
4349
4348
4347
4346
4345
4344
4343
4341
4340
4339
4337
4336
4335
4334
4333
4332
4330
4329
4328
4327
4326
4325
4324
4323
4322
4321
4320
4319
4318
4317
4316
4315
4314
4312
4311
4310
4309
4308
4306
4305
4303
4302
4301
4299
4298
4297
4296
4295
4293
4292
4291
4290
4289
4288
4286
4285
4284
4283
4281
4279
4278
4277
4276
4275
4273
4272
4271
4270
4269
4268
4266
4265
4264
4263
4262
4261
4260
4259
4258
4257
4256
4255
4253
4252
4251
4249
4248
4247
4246
4245
4244
4243
4242
4241
4240
4239
4238
4237
4235
4233
4232
4231
4230
4229
4228
4227
4225
4224
4223
4221
4220
4219
4218
4217
4216
4213
4212
4211
4210
4209
4208
4207
4206
4205
4204
4203
4202
4201
4200
4199
4198
4197
4196
4195
4194
4193
4192
4191
4190
4188
4187
4186
4184
4183
4182
4181
4180
4179
4178
4176
4175
4174
4173
4172
4171
4170
4168
4166
4165
4164
4163
4162
4161
4160
4159
4158
4157
4156
4155
4154
4153
4152
4151
4150
4149
4148
4146
4145
4144
4143
4142
4141
4140
4139
4138
4137
4136
4135
4134
4133
4132
4131
4129
4127
4126
4125
4124
4123
4122
4121
4120
4118
4117
4116
4115
4114
4112
4111
4110
4108
4107
4106
4105
4104
4103
4102
4101
4100
4099
4098
4096
4093
4092
4090
4089
4088
4086
4085
4084
4083
4082
4081
4079
4078
4077
4076
4075
4074
4073
4072
4071
4070
4069
4068
4067
4066
4065
4064
4063
4062
4061
4060
4059
4058
4056
4055
4054
4053
4052
4050
4048
4046
4045
4044
4043
4042
4040
4039
4038
4037
4036
4035
4033
4031
4030
4028
4027
4026
4025
4024
4022
4021
4020
4019
4018
4017
4016
4015
4013
4012
4011
4010
4008
4007
4006
4005
4003
4002
4001
4000
3999
3998
3997
3995
3993
3992
3991
3990
3989
3988
3987
3985
3984
3983
3982
3981
3980
3979
3978
3977
3975
3974
3973
3972
3971
3969
3968
3967
3966
3965
3964
3963
3962
3961
3959
3958
3957
3955
3954
3953
3952
3951
3950
3948
3947
3946
3945
3944
3943
3942
3941
3940
3939
3938
3937
3936
3935
3934
3933
3932
3931
3930
3929
3928
3927
3926
3924
3922
3921
3920
3919
3918
3917
3916
3915
3913
3912
3911
3910
3909
3908
3907
3906
3905
3904
3902
3901
3899
3898
3896
3895
3894
3893
3892
3891
3890
3889
3888
3887
3886
3885
3884
3883
3881
3879
3878
3877
3875
3874
3873
3871
3870
3869
3868
3867
3866
3865
3864
3863
3862
3861
3860
3859
3858
3856
3855
3854
3853
3852
3851
3850
3849
3848
3846
3845
3844
3843
3842
3841
3840
3838
3837
3836
3835
3834
3833
3832
3830
3829
3828
3827
3826
3825
3824
3823
3822
3821
3820
3819
3817
3816
3815
3814
3813
3812
3810
3809
3808
3807
3806
3805
3804
3803
3801
3800
3799
3798
3796
3795
3794
3793
3792
3790
3789
3788
3787
3786
3785
3784
3783
3782
3781
3780
3779
3778
3777
3776
3775
3774
3773
3772
3770
3769
3768
3767
3766
3765
3764
3763
3762
3761
3759
3758
3757
3756
3754
3753
3752
3726
3722
3719
3713
3712
3697
3695
3686
3676
3673
3667
3665
3664
3649
3646
3632
3631
3624
3616
3610
3592
3589
3583
3581
3563
3559
3558
3550
3548
3547
3540
3537
3529
3526
3520
3517
3494
3489
3485
3459
3452
3437
3435
3434
3418
3414
3389
3372
3359
3348
3346
3343
3328
3308
3299
3290
3280
3277
3270
3268
3260
3242
3232
3219
3202
3201
3200
3199
3198
3196
3195
3194
3192
3191
3190
3189
3187
3186
3185
3184
3183
3182
3181
3180
3179
3178
3177
3176
3174
3172
3171
3170
3169
3168
3166
3165
3164
3163
3162
3161
3160
3159
3158
3156
3155
3154
3153
3152
3151
3150
3149
3147
3146
3145
3144
3142
3141
3140
3139
3138
3137
3136
3135
3133
3132
3131
3130
3129
3128
3127
3126
3124
3122
3121
3120
3118
3117
3116
3115
3114
3113
3112
3111
3110
3109
3108
3107
3106
3104
3103
3102
3100
3099
3098
3096
3095
3094
3093
3092
3091
3090
3089
3087
3086
3085
3084
3083
3082
3081
3080
3078
3077
3076
3074
3073
3072
3071
3069
3067
3066
3065
3063
3062
3061
3059
3058
3057
3056
3055
3053
3051
3049
3048
3046
3045
3044
3043
3042
3041
3040
3039
3038
3036
3035
3034
3033
3031
3030
3029
3028
3027
3025
3024
3023
3022
3021
3020
3019
3018
3017
3016
3015
3014
3013
3012
3011
3009
3008
3006
3005
3004
3003
3002
3001
2999
2998
2997
2996
2995
2994
2993
2992
2991
2990
2989
2988
2987
2986
2985
2983
2982
2980
2979
2978
2977
2974
2973
2972
2971
2970
2969
2968
2967
2966
2965
2964
2963
2961
2960
2959
2958
2957
2955
2954
2953
2952
2951
2950
2949
2948
2947
2945
2944
2943
2942
2941
2940
2939
2937
2936
2935
2934
2933
2932
2931
2929
2928
2927
2926
2925
2923
2922
2921
2920
2919
2918
2917
2916
2914
2913
2912
2911
2908
2907
2905
2904
2903
2902
2901
2900
2899
2897
2895
2893
2892
2891
2890
2889
2888
2887
2886
2884
2883
2882
2881
2880
2879
2878
2877
2876
2875
2874
2873
2872
2871
2868
2867
2866
2865
2864
2862
2861
2860
2859
2858
2857
2856
2855
2854
2853
2852
2851
2850
2849
2847
2846
2845
2844
2843
2842
2841
2840
2839
2837
2836
2834
2833
2832
2831
2829
2828
2827
2826
2825
2824
2823
2822
2821
2820
2819
2818
2817
2816
2815
2814
2813
2812
2811
2809
2808
2807
15658
2805
15657
2804
15655
2802
15654
2801
2800
2799
15651
2798
15650
2797
15649
2796
2795
15647
2794
2793
15645
2792
15643
2790
15642
2789
15641
2788
15640
2787
15639
2786
2784
2782
15634
2781
15633
2780
2778
15630
2777
15629
2776
2774
15626
2773
2772
15624
2771
2770
15622
2769
15621
2768
15619
2766
15618
2765
15617
2764
15616
2763
15614
2761
15613
2760
15612
2759
2758
15610
2757
15609
2756
2755
15607
2754
2753
2752
15604
2751
2750
15602
2749
15601
2748
15600
2747
15599
2746
15598
2745
15597
2744
2742
15594
2741
2740
15592
2739
2738
15590
2737
2736
15588
2735
15587
2734
15586
2733
2732
15584
2731
2729
15581
2728
2727
2725
15576
2723
2722
15574
2721
15573
2720
15572
2719
15571
2718
15570
2717
15569
2716
2715
15567
2714
2713
2712
2711
15563
2710
15562
2709
2708
15560
2707
15559
2706
2705
2703
15555
2702
2701
15553
2700
15551
2698
15550
2697
15548
2695
2694
15546
2693
15544
2691
2690
15542
2689
15541
2688
15539
2686
15538
2685
2684
15536
2683
15535
2682
15534
2681
15533
2680
15532
2679
15531
2678
15529
2676
2675
15527
2674
15526
2673
2671
15523
2670
15522
2669
2668
15520
2667
15519
2666
15517
2664
2662
15514
2661
15513
2660
15512
2659
2657
2655
15507
2654
15505
2652
2651
2650
15502
2649
15501
2648
15500
2647
2646
15498
2645
15497
2644
15495
2642
2641
15493
2640
15491
2638
2637
15489
2636
2635
15487
2634
15486
2633
2632
15484
2631
2629
15481
2628
2626
2625
15477
2624
15474
2621
15473
2620
2619
2618
2616
15468
2615
15467
2614
15465
2612
2610
15462
2609
2608
15460
2607
15459
2606
15458
2605
2604
15456
2603
15455
2602
15454
2601
15453
2600
2599
15451
2598
15450
2597
15449
2596
2595
2594
15446
2593
2592
15444
2591
15443
2590
2589
15440
2587
15439
2586
2585
15437
2584
2583
15435
2582
15434
2581
2580
15432
2579
15431
2578
2577
15429
2576
15428
2575
2574
15426
2573
15425
2572
15424
2571
15423
2570
15422
2569
15421
2568
2567
15419
2566
15418
2565
15416
2563
2562
2560
2559
15411
2558
15410
2557
15409
2556
15408
2555
15407
2554
15406
2553
15405
2552
2550
15402
2549
15400
2547
2545
2544
2543
15395
2542
2541
15393
2540
15392
2539
15391
2538
2535
15387
2534
2533
15385
2532
15384
2531
2530
15382
2529
2528
15380
2527
2526
15378
2525
15377
2524
2522
15374
2521
15373
2520
15370
2517
15369
2516
2515
15366
2513
15365
2512
15364
2511
15363
2510
15362
2509
15361
2508
15360
2507
15358
2505
2504
15356
2503
15355
2502
15354
2501
15353
2500
15352
2499
15351
2498
2497
15349
2496
15348
2495
15347
2494
15346
2493
15345
2492
15344
2491
15343
2490
2488
15340
2487
15339
2486
15338
2485
15336
2483
15335
2482
15333
2480
2479
2478
15330
2477
15328
2475
15327
2474
15326
2473
15325
2472
2471
15323
2470
15322
2469
15321
2468
2466
15318
2465
15317
2464
15316
2463
2462
2461
2460
15312
2459
15311
2458
15310
2457
15309
2456
2455
15307
2454
15305
2452
2451
15303
2450
15302
2449
15301
2448
15299
2446
15298
2445
15297
2444
15296
2443
2442
2441
15293
2440
15292
2439
15290
2437
15289
2436
15288
2435
15287
2434
15285
2432
2431
15283
2430
15282
2429
15281
2428
2427
15279
2426
2425
15277
2424
15276
2423
2422
2421
2420
15272
2419
15271
2418
2416
2415
15267
2414
2413
15265
2412
2411
15263
2410
15262
2409
15260
2407
2405
15257
2404
2401
2400
15252
2399
15251
2398
15250
2397
15249
2396
15248
2395
15246
2393
2392
15244
2391
15243
2390
15242
2389
2387
15239
2386
15238
2385
2384
15236
2383
15235
2382
2381
15233
2380
15231
2378
15230
2377
15228
2375
15227
2374
15226
2373
15225
2372
15224
2371
15223
2370
2369
15221
2368
15220
2367
15219
2366
2364
15216
2363
15215
2362
15214
2361
15213
2360
2359
15211
2358
2357
15209
2356
15207
2354
2353
15205
2352
15204
2351
2350
15202
2349
15201
2348
15200
2347
15199
2346
2345
15196
2343
15195
2342
15194
2341
2340
15192
2339
15190
2337
2336
15188
2335
15186
2333
15184
2331
2329
15181
2328
15179
2326
2325
2324
2323
15175
2322
15174
2321
15171
2318
15170
2317
2316
15168
2315
15167
2314
15166
2313
15165
2312
15164
2311
15162
2309
15160
2307
15159
2306
15157
2304
15156
2303
15155
2302
2301
15152
2299
15151
2298
15150
2297
15149
2296
15148
2295
15147
2294
15146
2293
15145
2292
15144
2291
15143
2290
15142
2289
2287
15139
2286
15137
2284
15136
2283
2282
15133
2280
2279
15131
2278
15130
2277
15129
2276
15128
2275
15127
2274
15126
2273
15124
2271
2270
15122
2269
2268
15120
2267
15118
2265
15117
2264
15115
2262
15114
2261
15113
2260
2259
15110
2257
15109
2256
2255
15107
2254
2253
15105
2252
15104
2251
15103
2250
2249
15101
2248
15100
2247
15099
2246
2245
15097
2244
15096
2243
15095
2242
15094
2241
2240
15091
2238
15090
2237
2236
15088
2235
15087
2234
2233
15084
2231
2230
15082
2229
2228
2227
15079
2226
15078
2225
15076
2223
2222
15074
2221
2220
15072
2219
15071
2218
15070
2217
2216
15067
2214
15066
2213
15065
2212
2210
15062
2209
15061
2208
15060
2207
15059
2206
15058
2205
15057
2204
15056
2203
15055
2202
15054
2201
2200
15051
2198
2196
2195
15045
2192
15044
2191
15043
2190
15042
2189
2188
15040
2187
15039
2186
15038
2185
2184
2182
15033
2180
15032
2179
15031
2178
15030
2177
15029
2176
15028
2175
15027
2174
15026
2173
2171
15023
2170
15022
2169
2168
15019
2166
2165
15016
2163
15015
2162
2160
15012
2159
15011
2158
2157
15009
2156
2155
15007
2154
2153
2152
15004
2151
15003
2150
15002
2149
2147
2146
14998
2145
2144
14996
2143
14995
2142
14994
2141
2140
2139
14991
2138
2137
14989
2136
14988
2135
14987
2134
14986
2133
2131
14983
2130
14982
2129
14981
2128
14980
2127
14979
2126
14977
2124
14975
2122
2121
14973
2120
14972
2119
14971
2118
14969
2116
14968
2115
14967
2114
14965
2112
14964
2111
14963
2110
14962
2109
2107
14958
2105
14957
2104
14956
2103
14955
2102
14954
2101
14953
2100
2099
14951
2098
2097
14949
2096
14948
2095
2093
14945
2092
14944
2091
14943
2090
14942
2089
14941
2088
14940
2087
14939
2086
2085
14937
2084
14936
2083
14935
2082
2081
2080
14932
2079
14931
2078
14930
2077
14929
2076
14928
2075
2074
14926
2073
2072
14924
2071
2070
14922
2069
14921
2068
14919
2066
14918
2065
2063
2062
14914
2061
14913
2060
2059
14911
2058
14910
2057
14909
2056
2054
14906
2053
14905
2052
14903
2050
14902
2049
14901
2048
14900
2047
14899
2046
2044
14896
2043
14895
2042
14894
2041
14892
2039
14891
2038
14890
2037
2036
2035
14887
2034
14886
2033
14885
2032
14884
2031
14883
2030
2029
14881
2028
14879
2026
14878
2025
14877
2024
14876
2023
14875
2022
14874
2021
2019
14871
2018
14869
2016
14868
2015
14867
2014
14866
2013
14865
2012
14863
2010
2009
2008
14860
2007
14859
2006
14858
2005
2004
14856
2003
14855
2002
2001
1999
14851
1998
14849
1996
14847
1994
1993
14845
1992
14844
1991
1990
14841
1988
14840
1987
14838
1985
14837
1984
14836
1983
14835
1982
14834
1981
14833
1980
14831
1978
14830
1977
1975
14827
1974
14826
1973
1972
14823
1970
14822
1969
14821
1968
1967
14819
1966
14818
1965
14816
1963
1962
14814
1961
1959
1958
14810
1957
14809
1956
14808
1955
1954
1952
14803
1950
1949
14801
1948
14800
1947
14799
1946
14798
1945
1944
14796
1943
14795
1942
14794
1941
14793
1940
1939
1938
14790
1937
14789
1936
14788
1935
14786
1933
14785
1932
14784
1931
14783
1930
1929
1928
1927
14779
1926
14776
1923
14775
1922
14774
1921
1920
14772
1919
14771
1918
14769
1916
14768
1915
1913
14764
1911
14763
1910
1909
14761
1908
14760
1907
1906
1905
14757
1904
14756
1903
14755
1902
14754
1901
14753
1900
14751
1898
1897
14749
1896
14748
1895
14747
1894
14746
1893
1892
14744
1891
14743
1890
14742
1889
14741
1888
14739
1886
14738
1885
1884
14735
1882
14733
1880
14732
1879
1878
1877
14729
1876
14728
1875
14726
1873
1872
14724
1871
14723
1870
1869
14721
1868
14720
1867
14719
1866
14718
1865
1863
1853
14699
1846
14684
1831
14681
1828
14661
1808
14636
1783
1770
14619
1766
14608
1755
14606
1753
14595
1742
14593
1740
14590
1737
14575
1722
1702
1693
1684
14524
1671
1664
14515
1662
1654
1636
1626
14466
1613
14449
1596
14448
1595
1593
14445
1592
14444
1591
14443
1590
1588
14440
1587
14439
1586
14438
1585
14437
1584
1583
1581
14432
1579
14431
1578
14430
1577
1575
14427
1574
14426
1573
14425
1572
14424
1571
14422
1569
14421
1568
14420
1567
14419
1566
1565
1563
14415
1562
14414
1561
14413
1560
14412
1559
1558
14410
1557
1556
14408
1555
14407
1554
14405
1552
1551
14403
1550
14402
1549
14401
1548
1547
14399
1546
14397
1544
14395
1542
14394
1541
1540
1539
14391
1538
1536
14388
1535
14387
1534
1533
14384
1531
14383
1530
14382
1529
14380
1527
1526
14378
1525
14377
1524
14376
1523
14374
1521
14373
1520
1519
14371
1518
1517
14369
1516
1515
14367
1514
14366
1513
14365
1512
14364
1511
14363
1510
1509
14361
1508
1507
14359
1506
1505
14357
1504
14356
1503
14354
1501
1500
14352
1499
1498
14350
1497
1495
14347
1494
1493
14345
1492
1491
1490
1489
14340
1487
14339
1486
14338
1485
14337
1484
14336
1483
14335
1482
14333
1480
1479
14331
1478
1477
14329
1476
14328
1475
14327
1474
14326
1473
14325
1472
1470
1469
14321
1468
14320
1467
14319
1466
1465
14316
1463
1462
14313
1460
1459
14311
1458
14310
1457
14309
1456
1455
14307
1454
1453
14305
1452
14304
1451
1450
1449
14301
1448
14299
1446
14297
1444
14296
1443
14295
1442
14294
1441
14293
1440
14292
1439
14291
1438
14290
1437
1435
14287
1434
14286
1433
14284
1431
14282
1429
14281
1428
1426
14278
1425
14277
1424
14276
1423
1422
1421
1419
14271
1418
14270
1417
1416
14267
1414
14266
1413
1412
1410
1409
14261
1408
1406
14258
1405
1404
1403
14255
1402
14254
1401
14253
1400
14251
1398
14250
1397
14249
1396
1395
14247
1394
14246
1393
14245
1392
14243
1390
14242
1389
1388
14240
1387
1386
14237
1384
14236
1383
1382
14234
1381
14232
1379
14231
1378
1376
14228
1375
14227
1374
14226
1373
14225
1372
14224
1371
14223
1370
1368
14220
1367
1366
14218
1365
1364
14215
1362
1361
14213
1360
1358
14210
1357
14208
1355
14206
1353
14205
1352
1351
14202
1349
1348
14199
1346
14198
1345
14197
1344
1343
14195
1342
14194
1341
14192
1339
1338
14190
1337
14189
1336
14187
1334
14185
1332
1331
14183
1330
1329
14181
1328
1327
14179
1326
14178
1325
14177
1324
14176
1323
14174
1321
1320
14172
1319
14171
1318
1317
1316
14168
1315
14167
1314
14165
1312
1310
14162
1309
14161
1308
14160
1307
14159
1306
1305
14157
1304
14156
1303
14155
1302
1301
14153
1300
14152
1299
14151
1298
1296
14148
1295
1294
14146
1293
1292
1290
14142
1289
14140
1287
14139
1286
1285
14137
1284
14136
1283
1282
14134
1281
14133
1280
14132
1279
1278
1277
14129
1276
14127
1274
1272
14124
1271
14123
1270
14122
1269
14120
1267
14119
1266
14118
1265
1264
14116
1263
14115
1262
14114
1261
1259
1258
14109
1256
1255
14107
1254
14106
1253
1252
14103
1250
14102
1249
14101
1248
14100
1247
14099
1246
1244
14096
1243
14095
1242
14094
1241
1240
14091
1238
14090
1237
14088
1235
1234
14086
1233
14085
1232
14084
1231
1230
14082
1229
1228
14080
1227
1226
1225
1224
1222
14074
1221
14073
1220
14072
1219
14071
1218
14070
1217
1216
14068
1215
14066
1213
1212
14063
1210
14062
1209
14061
1208
1207
14059
1206
14058
1205
14057
1204
14056
1203
14055
1202
14054
1201
14052
1199
1198
1197
14049
1196
14048
1195
14047
1194
1193
1191
1189
14041
1188
14040
1187
14039
1186
1185
14037
1184
1183
14035
1182
14033
1180
7600
14032
1179
7599
14031
1178
7598
14030
1177
7597
14029
1176
7596
14028
1175
7595
1174
7594
14026
1173
7593
14025
1172
7592
14024
1171
7590
14022
1169
7589
14021
1168
7588
14020
1167
7587
14019
1166
7586
14018
1165
14017
1164
7584
14016
1163
7581
14013
1160
7580
1159
7579
14011
1158
7578
14010
1157
14009
1156
7576
14008
1155
7575
14007
1154
7574
14006
1153
7573
14005
1152
7572
14004
1151
7571
1150
7570
14002
1149
7569
14001
1148
7568
14000
1147
7567
1146
7566
13998
1145
7565
13997
1144
7564
13996
1143
7563
13995
1142
7562
13994
1141
7561
13993
1140
7560
13992
1139
7559
13991
1138
7558
13990
1137
7557
1136
7556
13988
1135
7555
13987
1134
13986
1133
7552
13984
1131
7551
13983
1130
13982
1129
7548
13980
1127
13979
1126
7545
1124
1123
7543
13975
1122
7542
13974
1121
7541
13973
1120
13972
1119
7539
13971
1118
7538
13970
1117
7537
13969
1116
13968
1115
7534
1113
7533
13965
1112
7532
13964
1111
7531
1110
7530
13962
1109
13960
1107
7526
13958
1105
7525
13957
1104
7524
13956
1103
7523
13955
1102
7522
13954
1101
7520
13952
1099
7519
13951
1098
7518
13950
1097
7517
13949
1096
7516
13948
1095
1094
7514
1093
7513
13945
1092
7512
13944
1091
7511
13943
1090
7510
13942
1089
7509
13941
1088
7508
13940
1087
7505
13937
1084
7504
1083
7502
13934
1081
13933
1080
7500
13932
1079
7499
13931
1078
7497
1076
7496
13928
1075
13927
1074
7494
13926
1073
7493
13925
1072
7492
1071
13923
1070
7489
13921
1068
7488
13920
1067
7487
13919
1066
7486
13918
1065
7485
13917
1064
7484
13916
1063
7483
1062
7481
13913
1060
7479
13911
1058
7478
13910
1057
13909
1056
7475
13907
1054
7474
1053
7473
13905
1052
7472
13904
1051
7469
13901
1048
13900
1047
7467
13899
1046
7466
13898
1045
7465
1044
7464
13896
1043
13895
1042
7462
13894
1041
7461
13893
1040
7460
13892
1039
13890
1037
7457
13889
1036
7456
1035
13886
1033
7453
13885
1032
7452
13884
1031
7451
13883
1030
7450
13882
1029
13881
1028
13880
1027
7447
13879
1026
7446
1025
7445
13877
1024
7444
13876
1023
7443
13875
1022
7442
13874
1021
13872
1019
7439
13871
1018
7438
1017
1016
7435
13867
1014
7434
13866
1013
7433
13865
1012
13864
1011
13863
1010
7430
13862
1009
7429
13861
1008
7427
13859
1006
7426
1005
13857
1004
7424
13856
1003
7423
13855
1002
7422
13854
1001
7421
13853
1000
999
7419
13851
998
7418
13850
997
13849
996
7415
994
7414
13846
993
7413
13845
992
7412
13844
991
7410
13842
989
7409
13841
988
7408
13840
987
7407
13839
986
985
7405
13837
984
7404
13836
983
7402
13834
981
980
7400
13832
979
7399
13831
978
7398
13830
977
7397
976
7396
13828
975
974
7394
13826
973
7393
13825
972
7392
971
7391
13823
970
7390
13822
969
13820
967
7387
13819
966
964
7383
13815
962
7382
13814
961
7381
13813
960
7380
13812
959
7379
958
7378
13810
957
7377
13809
956
7376
13808
955
7375
13807
954
7373
13805
952
7371
13803
950
7369
948
13800
947
13799
946
7366
13798
945
13797
944
7364
13796
943
7363
13795
942
7362
941
7361
13793
940
7360
13792
939
7359
938
7358
13790
937
7357
13789
936
7355
934
7354
13786
933
13785
932
13784
931
7351
13783
930
7349
13781
928
13780
927
7346
13778
925
924
7344
13776
923
7343
13775
922
7342
13774
921
7340
13772
919
7323
13755
902
7314
13746
893
7305
13737
884
7295
874
7292
13724
871
13715
862
13707
854
7247
13679
826
7234
13666
813
7216
13648
795
7215
13647
794
7214
793
7213
13645
792
13644
791
7211
13643
790
7210
13642
789
7209
13641
788
7208
13640
787
7207
786
7206
13638
785
7205
13637
784
7203
782
7202
13634
781
7201
13633
780
7200
13632
779
13631
778
7198
13630
777
7197
13629
776
7196
13628
775
7194
13626
773
13625
772
771
7191
13623
770
7189
13621
768
7188
13620
767
7187
13619
766
7186
13618
765
7185
13617
764
7184
763
7183
13615
762
7182
13614
761
7181
760
7180
13612
759
7179
13611
758
13609
756
7176
13608
755
7175
13607
754
7174
753
7173
13605
752
7171
750
7170
13602
749
7169
13601
748
13600
747
7167
746
7166
745
7165
13597
744
7164
743
7163
13595
742
7162
13594
741
7161
13593
740
13592
739
7158
13590
737
7157
13589
736
7156
13588
735
7155
13587
734
7153
13585
732
7152
13584
731
7151
13583
730
13582
729
7149
13581
728
7148
13580
727
7147
13579
726
7145
13577
724
7144
13576
723
7143
13575
722
13574
721
7141
13573
720
7140
719
7139
13571
718
7138
13570
717
7137
13569
716
7135
13567
714
7134
713
7133
13565
712
7132
13564
711
7131
710
7130
13562
709
7129
13561
708
7128
13560
707
7127
13559
706
13557
704
7124
13556
703
7122
13554
701
7121
13553
700
13552
699
13551
698
7118
697
7117
13549
696
7116
695
13547
694
7114
13546
693
13545
692
7112
691
7111
13543
690
13542
689
7108
687
7107
13539
686
7106
13538
685
684
7104
13536
683
7103
13535
682
7102
13534
681
7101
13533
680
7100
13532
679
7099
13531
678
7098
13530
677
7096
13528
675
7095
13527
674
7094
13526
673
13525
672
7092
13524
671
7091
13523
670
7089
13521
668
7088
13520
667
7087
666
7085
13517
664
7084
13516
663
13515
662
7082
13514
661
7080
13512
659
7079
13511
658
7078
657
7077
13509
656
7076
13508
655
7074
13506
653
7073
13505
652
651
7071
13503
650
649
7068
13500
647
13499
646
7066
13498
645
644
7064
13496
643
7063
13495
642
7062
641
7061
13493
640
7060
13492
639
13491
638
7058
13490
637
7057
13489
636
7056
635
7055
634
7054
13486
633
7053
13485
632
7052
631
7051
13483
630
7050
13482
629
7049
13481
628
7048
13480
627
7047
13479
626
7046
13478
625
7045
13477
624
7044
13476
623
7042
13474
621
7041
620
7040
13472
619
13471
618
7037
13469
616
7036
13468
615
7035
614
7034
13466
613
7032
13464
611
13463
610
7030
13462
609
13461
608
7028
13460
607
7026
605
7025
13457
604
7024
13456
603
13455
602
7022
601
13452
599
7019
13451
598
7018
13450
597
7017
13449
596
7016
13448
595
7015
13447
594
7014
13446
593
7013
592
7012
13444
591
7011
13443
590
7009
13441
588
7008
13440
587
7007
13439
586
7006
13438
585
7005
13437
584
7004
13436
583
582
13434
581
13433
580
7000
13432
579
6999
13431
578
577
6997
13429
576
6996
13428
575
6994
13426
573
6993
572
6992
13424
571
13423
570
6990
13422
569
13419
566
6986
13418
565
6985
564
6984
13416
563
13415
562
6981
13413
560
6980
13412
559
6979
558
6978
13410
557
6977
13409
556
13407
554
6974
13406
553
13405
552
6972
551
6971
13403
550
3751
6969
13401
548
3750
6968
13400
547
3749
6967
546
3748
6966
13398
545
3747
6965
13397
544
3746
13396
543
3745
6963
542
3744
6962
13394
541
3742
6960
539
3741
6959
13391
538
3740
6958
13390
537
3739
6957
13389
536
3738
6956
13388
535
6955
13387
534
3736
6954
533
3735
6953
13385
532
3734
13384
531
6951
13383
530
3732
6950
529
3731
6949
13381
528
3730
6948
527
526
3728
13378
525
3727
6945
13377
524
3725
522
3724
6942
13374
521
3723
6941
13373
520
3721
6939
13371
518
3720
6938
13370
517
3718
6936
515
3717
6935
13367
514
3716
6934
513
3715
6933
13365
512
3714
6932
13364
511
6929
13361
508
3710
6928
507
3709
6927
13359
506
3708
13358
505
3707
6925
13357
504
6924
503
3705
13355
502
3704
6922
13354
501
3703
6921
13353
500
3702
13352
499
3701
6919
13351
498
3700
6918
13350
497
3699
6917
496
3698
13348
495
3696
6914
493
3694
6912
13344
491
3693
6911
490
3692
13342
489
3691
6909
13341
488
13340
487
3689
6907
13339
486
3688
6906
485
3685
6903
13335
482
3684
6902
481
3683
6901
13333
480
3682
6900
13332
479
3681
6899
13331
478
3680
6898
13330
477
3679
6897
13329
476
3678
13328
475
3677
6895
13327
474
3675
6893
13325
472
3674
6892
13324
471
3672
13322
469
6889
13321
468
3670
6888
13320
467
3669
6887
13319
466
3668
6886
13318
465
6884
13316
463
3663
13313
460
3662
6880
13312
459
3661
6879
13311
458
3660
6878
457
13309
456
3658
6876
13308
455
6875
13307
454
3639
6857
13289
436
3629
6847
426
6817
13249
396
3598
6816
13248
395
3597
6815
13247
394
3596
6814
393
6813
13245
392
3594
6812
13244
391
3593
6811
13243
390
3591
6809
13241
388
3590
6808
13240
387
6806
385
3587
6805
13237
384
3586
6804
13236
383
3585
6803
13235
382
3584
13234
381
3582
6800
379
3580
6798
13230
377
3579
376
6796
13228
375
6795
13227
374
3576
13226
373
3575
6793
372
3574
6792
371
6791
13223
370
3572
6790
13222
369
3571
6789
13221
368
3570
6788
13220
367
3569
13219
366
3568
6786
13218
365
3567
6785
13217
364
3566
6784
363
6783
13215
362
3564
6782
13214
361
6780
13212
359
3561
6779
13211
358
3560
6778
13210
357
3557
13207
354
3556
6774
13206
353
3555
6773
13205
352
3554
6772
351
3553
6771
13203
350
3552
13202
349
3551
6769
13201
348
3549
6767
13199
346
3546
6764
343
3545
6763
13195
342
3544
6762
13194
341
3543
6761
13193
340
3542
6760
13192
339
3541
6759
13191
338
3539
6757
336
3538
6756
13188
335
6754
13186
333
3535
6753
332
3534
6752
13184
331
3533
6751
13183
330
3532
6750
13182
329
3531
6749
13181
328
3530
6748
13180
327
6746
325
3527
6745
13177
324
6743
13175
322
3524
321
3523
6741
13173
320
3522
6740
13172
319
3521
6739
318
3519
6737
13169
316
3518
6736
13168
315
6734
313
3515
13165
312
6732
13164
311
3513
13163
310
3512
6730
13162
309
3511
6729
13161
308
3510
6728
307
3509
6727
13159
306
3508
13158
305
13157
304
3506
6724
13156
303
3505
6723
13155
302
3504
6722
301
6721
13153
300
6719
13151
298
3500
6718
13150
297
3499
6717
13149
296
3498
6716
13148
295
3497
13147
294
3496
6714
293
3495
6713
13145
292
3493
6711
13143
290
3492
289
3491
6709
13141
288
3490
6708
287
6706
13138
285
3487
6705
13137
284
3486
6704
13136
283
3484
13134
281
3483
6701
13133
280
3482
6700
13132
279
3481
6699
13131
278
3480
6698
13130
277
3479
6697
13129
276
6696
13128
275
3477
6695
274
3476
6694
13126
273
3475
6693
13125
272
6692
13124
271
3473
6691
13123
270
3471
6689
268
3470
6688
13120
267
3469
6687
266
14715
1862
6686
13118
265
14714
1861
3467
6685
13117
264
3466
6684
13116
263
14712
1859
3465
6683
13115
262
3464
6682
13114
261
14710
1857
3463
6681
260
14709
1856
3462
6680
13112
259
14708
1855
3461
6679
13111
258
14707
1854
3460
6678
13110
257
14705
1852
6676
13108
255
14704
1851
3457
13107
254
1850
3456
6674
13106
253
14702
1849
3455
6673
13105
252
1848
3454
6672
13104
251
1847
3453
6671
13103
250
14698
1845
3451
13101
248
14697
1844
3450
6668
13100
247
14696
1843
3449
6667
13099
246
14695
1842
3448
6666
245
14694
1841
3447
6665
13097
244
1840
3446
13096
243
1839
3445
6663
242
14691
1838
6662
13094
241
1837
3443
6661
13093
240
1836
6660
239
14688
1835
3441
6659
13091
238
14687
1834
3440
6658
13090
237
3439
13089
236
1832
3438
6656
13088
235
14683
1830
3436
6654
233
14680
1827
3433
6651
13083
230
1826
3432
6650
13082
229
1825
3431
6649
13081
228
14677
1824
3430
6648
13080
227
1823
3429
6647
226
14675
1822
3428
6646
13078
225
6645
224
1820
3426
6644
13076
223
1819
3425
13075
222
14671
1818
6642
13074
221
14663
1810
3416
6634
13066
213
14646
1793
6617
13049
196
14645
1792
3398
13048
195
3397
6615
194
1790
3396
6614
13046
193
14642
1789
3395
6613
13045
192
14640
1787
3393
6611
13043
190
3392
6610
13042
189
14638
1785
3391
6609
13041
188
14637
1784
3390
6608
13040
187
6606
185
14634
1781
3387
6605
13037
184
14633
1780
3386
6604
13036
183
1779
6603
13035
182
14631
1778
3384
6602
13034
181
3383
13033
180
14629
1776
3382
13032
179
14628
1775
6599
13031
178
3380
6598
13030
177
14626
1773
3379
6597
176
14625
1772
3378
13028
175
1771
3377
6595
13027
174
14622
1769
3375
6593
13025
172
14621
1768
3374
6592
13024
171
6591
13023
170
14618
1765
3371
6589
13021
168
6588
13020
167
14616
1763
3369
166
1762
3368
6586
13018
165
14614
1761
3367
6585
164
14613
1760
3366
6584
13016
163
3365
13015
162
14611
1758
3364
6582
161
1757
3363
6581
13013
160
1756
3362
6580
13012
159
1754
3360
13010
157
14605
1752
3358
6576
13008
155
1751
3357
6575
13007
154
14603
1750
153
14602
1749
3355
13005
152
14601
1748
3354
6572
13004
151
1747
6571
150
14599
1746
3352
13002
149
14598
1745
3351
6569
13001
148
6568
13000
147
14596
1743
3349
6567
12999
146
14594
1741
3347
6565
12997
144
1739
3345
6563
142
3344
6562
12994
141
3342
6560
12992
139
1735
3341
12991
138
1734
6558
12990
137
14586
1733
3339
6557
12989
136
14585
1732
3338
6556
12988
135
14584
1731
3337
12987
134
14583
1730
3336
6554
12986
133
14582
1729
3335
6553
12985
132
1728
3334
12984
131
14580
1727
3333
6551
12983
130
3332
6550
12982
129
14578
1725
3331
12981
128
14577
1724
3330
6548
127
14576
1723
3329
12979
126
1721
3327
6545
12977
124
3326
6544
12976
123
14572
1719
6543
12975
122
13771
918
14571
1718
3324
6542
12974
121
7338
13770
917
3323
6541
12973
120
7337
13769
916
1716
3322
6540
12972
119
7336
13768
915
14568
1715
3321
6539
118
7335
13767
914
14567
1714
3320
6538
12970
117
7334
13766
913
14566
1713
6537
12969
116
7333
912
14565
1712
3318
6536
12968
115
13764
911
14564
1711
3317
6535
114
7331
13763
910
14563
1710
3316
6534
12966
113
7330
13762
909
6533
12965
112
7329
13761
908
1708
3314
12964
111
7328
13760
907
14560
1707
3313
6531
12963
110
7327
13759
906
14559
1706
3312
6530
12962
109
7326
905
14558
1705
3311
12961
108
13745
892
14545
1692
3298
6516
12948
95
13744
891
3297
12947
94
7311
13743
890
14543
1690
3296
6514
12946
93
7310
13742
889
12945
92
1688
3294
6512
12944
91
7308
13740
887
14540
1687
3293
6511
90
7307
886
14539
1686
3292
6510
12942
89
14538
1685
3291
6509
12941
88
7304
13736
883
1683
3289
6507
12939
86
7303
882
14535
1682
85
881
3287
6505
12937
84
14533
1680
3286
12936
83
1679
3285
6503
12935
82
14531
1678
6502
81
7298
13730
877
3283
6501
80
7297
876
1676
3282
12932
79
7296
13728
875
14528
1675
3281
6499
12931
78
7294
873
14526
1673
6497
12929
76
13725
872
1672
3278
6496
12928
75
7291
13723
870
1670
3276
12926
73
7290
13722
869
3275
6493
12925
72
7289
13721
868
14521
1668
3274
6492
12924
71
7288
13720
867
14520
1667
3273
6491
12923
70
14519
1666
3272
6490
12922
69
7286
13718
865
1665
3271
6489
68
7284
13716
863
14516
1663
3269
6487
66
7282
13714
861
14514
1661
3267
12917
64
14513
1660
3266
6484
63
7280
13712
859
14512
1659
3265
6483
12915
62
7279
13711
858
14511
1658
6482
12914
61
7278
13710
857
1657
3263
6481
12913
60
14509
1656
3262
6480
12912
59
7276
855
14508
1655
3261
6479
12911
58
3656
6874
13306
453
7274
13706
853
1653
3259
12909
56
3655
6873
13305
452
13705
852
14505
1652
3258
6476
12908
55
3654
451
13704
851
1651
3257
6475
12907
54
3653
6871
13303
450
7271
13703
850
14503
1650
3256
53
3652
6870
13302
449
14502
1649
6473
12905
52
3651
6869
13301
448
7269
13701
848
14501
1648
3254
6472
12904
51
6868
13300
447
7268
13700
847
1647
3253
6471
12903
50
13696
843
14496
1643
3249
12899
46
3645
13295
442
7263
842
14495
1642
3248
6466
45
3644
6862
13294
441
7262
13694
841
14494
1641
6465
12897
44
3643
440
7261
13693
840
14493
1640
3246
6464
12896
43
3642
6860
13292
439
7260
13692
839
3245
12895
42
3641
6859
13291
438
7259
838
14491
1638
6462
12894
41
3640
6858
13290
437
7258
13690
837
1637
3243
6461
12893
40
3638
6856
435
7256
835
14488
1635
3241
6459
12891
38
3637
6855
13287
434
7255
13687
834
14487
1634
3240
6458
12890
37
3636
6854
13286
433
7254
13686
833
6457
12889
36
3635
6853
13285
432
7253
13685
832
14485
1632
3238
6456
35
3634
6852
13284
431
13684
831
14484
1631
3237
6455
12887
34
3633
6851
13283
430
7251
13683
830
14483
1630
3236
6454
12886
33
7250
829
14482
1629
3235
6453
12885
32
7249
13681
828
14481
1628
3234
6452
31
6848
13280
427
13680
827
1627
3233
6451
12883
30
3628
6846
13278
425
7246
825
14478
1625
3231
6449
28
3627
6845
13277
424
7245
13677
824
14477
1624
3230
6448
12880
27
6844
13276
423
7244
13676
823
14476
1623
6447
12879
26
6843
13275
422
3228
6446
12878
25
821
3227
6445
12877
24
3422
6640
13072
219
3622
6840
13272
419
14472
1619
3225
6443
12875
22
14668
1815
3421
6639
13071
218
3621
6839
13271
418
7239
13671
818
14471
1618
3224
6442
12874
21
14667
1814
3420
6638
13070
217
3620
6838
13270
417
7238
13670
817
14470
1617
3223
6441
12873
20
14666
1813
6637
13069
216
3619
6837
13269
416
7237
13669
816
14469
1616
3222
6440
12872
19
3618
6836
13268
415
7236
815
14468
1615
3221
6439
12871
18
1811
3417
6635
13067
214
3617
414
14467
1614
6438
12870
17
14662
1809
3415
6633
13065
212
3615
6833
13265
412
7233
812
1612
3218
6436
12868
15
3614
6832
13264
411
7232
13664
811
14464
1611
6435
12867
14
14660
1807
3413
6631
13063
210
13263
410
7231
13663
810
14463
1610
3216
6434
12866
13
1806
3412
209
3612
6830
13262
409
13662
809
14462
1609
3215
12865
12
14658
1805
3411
13061
208
3611
6829
13261
408
7229
13661
808
1608
3214
6432
12864
11
13757
904
6528
12960
107
14657
1804
3410
6628
13060
207
807
6431
10
7324
13756
903
1703
3309
6527
12959
106
3409
6627
13059
206
3609
6827
13259
406
7227
13659
806
14459
1606
3212
6430
12862
9
1802
3408
6626
13058
205
6826
13258
405
7226
13658
805
14458
1605
3211
6429
12861
8
7322
901
14554
1701
3307
6525
12957
104
14654
1801
3407
204
3607
6825
13257
404
7225
13657
804
1604
3210
6428
12860
7
14553
1700
6524
12956
103
14653
1800
3406
203
3606
13256
403
7224
13656
803
3209
6427
12859
6
14552
1699
3305
6523
12955
102
14652
1799
3405
6623
13055
202
3605
6823
13255
402
14455
1602
3208
6426
12858
5
7319
898
14551
1698
3304
6522
12954
101
3604
6822
13254
401
7222
13654
801
1601
3207
6425
12857
4
7318
13750
897
14550
1697
3303
6521
12953
100
14650
1797
3403
6621
13053
200
3603
6821
13253
400
800
14453
1600
3206
6424
12856
3
13699
846
1646
3252
6470
12902
49
7317
13749
896
1696
3302
6520
99
1796
3402
6620
13052
199
3602
6820
13252
399
7220
13652
799
14452
1599
12855
2
3648
6866
13298
445
14498
1645
3251
6469
48
13748
895
14548
1695
3301
6519
12951
98
14648
1795
3401
6619
13051
198
3601
6819
13251
398
7219
13651
798
1598
3204
6422
12854
1
1817
3423
6641
220
3623
6841
13273
420
7241
13673
820
14473
1620
3226
6444
23
3647
6865
13297
444
7265
13697
844
14497
1644
3250
12900
47
7315
13747
894
14547
1694
6518
97
1794
3400
6618
13050
197
3600
6818
13250
397
14450
1597
3203
12853
0
