0
2
3
6
9
30
13
17
20
26
31
32
36
37
39
40
41
45
46
48
53
57
58
63
64
66
67
68
70
72
76
79
85
95
99
102
103
108
109
111
114
123
125
126
143
144
145
146
156
157
165
166
169
172
179
182
185
196
187
192
193
194
237
197
198
199
200
202
205
207
234
216
217
226
228
231
238
241
251
253
254
255
256
257
259
260
265
271
272
273
275
276
281
282
283
284
285
286
287
289
290
291
292
293
294
295
296
297
300
301
304
305
310
311
312
316
318
328
332
341
346
347
348
349
350
389
353
354
355
356
357
362
368
369
381
385
386
387
392
395
396
397
398
399
402
405
411
412
413
414
415
416
417
418
419
420
421
422
425
430
438
441
444
455
456
458
463
468
475
481
492
493
499
501
502
506
507
509
510
511
513
514
518
530
532
534
537
538
539
540
544
549
550
551
552
553
554
556
571
572
574
575
578
580
588
595
597
598
599
603
604
607
613
620
624
632
633
635
638
640
642
643
649
648
650
656
658
661
662
663
665
666
670
688
799
690
692
694
695
701
710
712
713
734
736
737
738
739
740
742
743
744
745
746
748
749
751
756
763
766
768
769
771
778
780
788
791
792
798
800
801
820
803
809
810
815
819
822
829
836
839
847
854
863
864
869
870
872
873
878
882
893
898
899
900
903
906
907
908
909
917
922
934
952
955
957
959
962
963
972
976
978
981
983
994
997
1013
1016
1017
1023
