1023
1016
1013
1002
997
983
978
962
957
955
952
922
909
900
899
882
869
863
854
836
829
803
801
798
791
788
780
771
769
768
763
756
748
742
740
739
737
736
734
712
710
695
666
665
663
661
658
649
643
642
640
639
633
632
624
1017
620
615
607
603
598
595
588
580
578
972
575
574
572
571
556
137
534
532
530
126
523
514
908
114
511
907
510
903
109
506
102
499
872
475
66
463
58
455
444
441
819
422
421
419
815
418
20
417
416
415
809
412
405
398
792
395
392
387
386
385
778
381
368
157
554
357
156
553
356
949
552
355
549
749
352
350
746
349
745
348
544
744
347
743
346
332
328
318
513
713
316
906
509
312
507
310
898
501
701
304
301
694
297
95
492
692
295
294
690
293
688
291
290
289
287
286
285
283
281
275
272
468
271
68
662
265
456
656
259
256
255
438
41
635
238
40
237
822
425
31
228
17
414
217
810
413
613
216
2
399
599
202
193
878
481
284
981
187
85
282
185
873
79
276
179
766
369
172
166
57
254
551
751
354
847
53
450
650
253
550
353
143
540
146
48
539
145
37
234
799
402
205
305
108
0
397
3
994
597
200
800
6
300
103
396
199
196
493
296
893
99
976
182
420
820
26
917
123
670
273
870
76
963
169
72
864
70
362
959
165
63
260
648
251
839
45
39
231
226
32
30
638
241
538
738
341
144
197
125
411
311
67
257
111
458
64
389
192
689
292
46
934
537
430
36
604
207
13
194
