0
1
2
3
4
5
6
7
3064
8
9
10
11
12
13
14
15
16
17
18
19
1457
20
21
22
23
24
25
26
27
28
29
30
31
32
33
34
35
36
37
38
39
40
41
42
1880
43
44
45
46
47
48
49
50
51
52
53
54
55
56
57
58
59
60
61
62
63
287
64
286
66
67
68
69
70
71
72
73
74
75
76
77
78
79
80
81
82
83
84
85
86
87
88
89
90
3480
3538
92
93
94
95
96
97
98
99
100
101
102
103
104
105
106
107
108
109
110
111
112
113
114
4310
115
116
117
4315
119
120
121
122
123
7483
124
125
126
127
128
4895
129
130
131
132
133
134
135
136
137
517
138
139
140
141
142
143
2402
144
145
146
147
148
149
150
151
152
153
154
155
7813
156
157
158
159
160
161
162
163
164
165
166
167
168
169
170
171
172
173
174
175
176
177
178
179
180
181
182
183
184
185
186
187
188
189
190
8045
191
192
193
194
195
196
197
198
199
200
201
202
203
204
205
206
207
208
2909
209
210
211
212
213
214
215
2918
216
217
218
219
220
221
222
223
224
225
226
227
228
229
230
231
232
233
234
235
236
237
238
239
240
241
242
7079
243
244
245
246
247
248
249
250
916
251
252
253
254
255
256
944
257
3173
258
259
260
261
262
263
264
265
266
968
267
268
269
270
271
272
273
274
275
276
277
278
279
980
280
281
282
283
284
285
288
289
290
291
292
293
294
295
296
297
298
299
300
301
302
303
304
305
306
3436
307
308
309
3476
311
312
313
314
315
316
3613
317
318
319
320
321
322
323
324
325
326
327
328
329
330
331
332
333
334
335
336
337
338
339
340
341
342
343
344
345
346
347
348
349
350
351
352
353
354
3882
356
357
358
359
360
3737
362
361
363
364
365
366
367
368
369
370
371
372
373
374
3966
375
376
377
378
379
380
1398
381
382
383
384
385
386
387
388
389
390
391
392
393
394
395
396
397
398
399
400
401
402
403
404
405
406
407
3998
409
410
411
412
413
1605
414
415
416
417
418
419
420
421
422
423
424
425
4351
426
427
428
429
430
431
432
433
434
435
436
437
438
439
1632
1633
441
442
443
444
445
4103
446
7348
447
448
449
450
451
4130
452
453
454
455
456
457
458
459
460
461
462
7521
463
464
465
466
467
468
4672
469
470
471
7532
473
474
475
476
477
1680
478
479
480
481
482
1799
483
484
485
486
487
488
489
490
1807
491
492
493
494
495
496
497
498
4950
499
500
501
502
503
504
505
506
507
508
509
510
511
4049
512
4040
513
514
1411
1412
515
516
518
519
520
521
522
523
524
525
526
527
528
5048
529
7619
530
531
532
533
534
6443
535
536
537
538
539
540
541
6341
542
543
544
545
5104
546
547
548
552
549
550
551
554
553
555
556
557
558
559
560
561
562
4743
563
564
565
566
567
568
569
570
571
572
573
574
575
576
577
578
579
580
581
582
583
584
585
586
587
588
589
590
591
592
593
594
595
596
597
598
599
600
601
602
603
604
605
606
5896
607
5922
608
609
610
611
612
613
614
615
616
617
618
5709
620
5669
621
622
623
624
5706
625
626
627
628
629
630
631
632
633
634
635
636
637
638
639
640
641
642
643
644
645
646
647
648
649
650
651
652
653
654
655
656
657
658
8009
659
660
661
6115
662
663
664
665
666
667
669
668
670
671
672
6951
673
674
6944
675
676
677
678
679
680
681
682
683
684
685
686
687
8149
688
689
6932
690
691
692
693
694
695
6241
6237
697
698
699
700
701
702
703
8004
704
705
2572
706
707
708
709
710
711
2683
712
6490
713
715
716
717
3514
718
7189
719
720
721
722
723
724
725
726
727
728
729
730
2770
6624
731
733
732
734
735
736
737
738
739
740
741
742
743
744
745
746
747
748
749
750
751
8088
752
753
754
755
756
757
759
760
761
762
763
764
6703
765
766
767
768
769
2794
770
771
772
773
774
775
776
6595
777
778
779
780
781
782
783
6738
784
785
786
787
788
789
790
791
792
793
794
795
796
797
798
799
800
801
802
803
804
805
806
807
6961
809
810
811
812
813
2854
814
815
816
817
818
819
820
6810
821
822
823
824
825
826
827
828
829
830
831
832
2988
833
834
835
836
2990
837
838
7017
839
840
841
842
843
844
845
846
847
848
849
850
3012
851
852
853
854
3024
855
857
856
858
859
860
861
3049
862
863
864
865
866
867
868
3060
3059
869
870
871
872
873
874
875
876
877
878
879
3065
880
883
881
882
884
885
886
887
888
889
890
3126
891
892
893
894
895
896
897
898
7049
900
901
902
903
904
905
906
907
908
3119
909
911
912
913
914
915
917
3135
919
920
921
922
3132
923
924
925
3150
926
927
928
929
930
3078
3151
932
3154
933
935
934
936
937
938
939
940
941
3074
942
943
945
2983
946
947
948
949
950
3174
951
952
953
954
955
963
956
957
958
959
960
961
962
964
965
966
7098
967
969
971
970
972
973
974
975
3229
976
977
978
979
981
3226
982
983
984
986
985
987
3245
988
989
990
991
992
993
994
995
996
997
998
999
1000
3267
1001
1002
1003
1004
1005
1006
1007
1008
1009
1010
1011
1012
1013
1014
1015
1016
1017
1018
1019
1021
1020
3272
1022
1023
1024
1025
1026
1027
3259
1028
1029
1030
1031
1032
1033
1034
1035
1036
1037
1038
1039
1040
1041
1042
1043
1044
1045
1046
3345
1047
1048
1049
3346
1050
6657
1051
1052
1053
6633
1054
1056
1058
1059
1060
1062
1061
1063
3317
1065
3397
1066
1067
1068
3387
1069
1093
1070
1092
1071
1072
1073
1074
1075
1076
1077
7103
1079
1078
1080
1081
1082
1083
1084
1085
1086
3410
1087
3411
1088
1090
1091
1094
1096
1097
1098
1099
1100
1101
1102
1103
7185
1105
1106
1107
1108
1109
1110
1111
1112
1113
1114
1115
1116
1117
1118
1119
1120
1121
1122
1126
3492
1123
1124
1125
1127
3488
1128
1129
1130
1131
1132
1133
1134
1135
1136
1137
3354
1138
1139
1141
1140
1142
6456
1143
1144
1145
6463
6464
1146
1147
1148
1150
1149
1151
1152
1153
1154
1155
1156
1157
1158
1159
3523
1160
1161
1162
1163
1164
3519
1165
3520
1166
1167
3535
3534
1168
1169
1170
1171
3527
1172
1173
1174
3560
1175
3521
7191
1176
1177
1178
7190
1179
1180
3564
1181
1182
1183
1184
1185
1186
1187
1188
1189
2641
1190
6404
1191
3569
1192
3573
1193
1194
1195
1196
1197
1198
1199
1200
1201
1202
1203
1204
1205
1206
1207
1208
3543
1209
1210
1211
1212
1213
1214
1215
1216
1217
1218
1219
1221
1222
1223
1224
1225
1226
1227
1228
1230
1229
1231
1232
1233
1234
1236
1235
3662
1237
1238
3650
1239
1240
1241
1243
3663
3664
1242
3763
1244
1245
1246
7229
1248
1249
1250
7254
1252
1253
1254
1255
1256
1257
1258
1259
1260
3766
1261
1263
1262
1264
1265
1266
1267
1268
1269
1270
1271
1272
1273
1275
1274
1276
1277
1278
3787
1279
1281
1283
1282
1284
1285
1286
1287
3815
1288
1289
1290
1291
1292
3772
1293
1294
1295
1296
1297
3822
3820
1299
1300
1301
1302
1303
1304
1305
1306
1307
1308
1309
1310
1311
1312
1313
1314
1315
3069
1316
1317
1318
1319
1320
1321
7036
1322
1323
1324
3880
1325
1327
1326
1328
1329
1330
1331
1332
1333
3886
1334
1335
3887
1336
1337
1338
1339
1340
1341
1342
1344
1345
1346
1347
3943
1348
1350
1352
1351
1353
1354
1355
3833
1356
1357
1358
1359
3931
1360
1361
1362
1391
1363
3954
1364
1365
1366
1367
1368
1369
1370
1371
1372
1373
3977
1374
1375
1376
1377
1378
1379
1380
1381
1382
1383
1384
3991
1385
1386
1387
1388
1389
1390
1392
1393
1395
1396
1397
1399
1400
1401
1403
1405
1404
1406
3710
1407
7239
1408
4033
1410
1413
1414
1415
1416
1417
1418
4035
1419
4077
4054
1420
1422
1424
1423
1425
1426
4024
3712
7238
1427
1428
1429
1430
1431
1432
4063
1434
1435
1440
1436
1437
1438
4104
4107
1441
1442
1443
7588
4930
1444
1445
1446
1447
1448
1449
1455
1450
1451
1452
1453
4115
1454
1456
1458
1459
1461
4207
1460
1462
1463
1464
1466
4005
1465
1467
1468
4007
1469
1471
1472
1473
1474
1475
1476
1477
1478
1479
1480
1481
3988
1482
1484
1483
1485
1486
1487
1488
1489
1490
1491
1492
1493
1494
4229
4231
1495
1496
1497
1498
1499
1500
1501
1502
1503
1504
1505
4269
1506
1507
1509
1508
1510
1512
1513
1514
1515
1516
1517
1518
4398
1519
1520
1521
1522
1523
4266
1524
1525
1526
1527
1528
1529
1530
1531
1532
1533
1534
1535
1536
1537
1538
1539
1540
1541
1542
1543
1544
1545
1546
1548
4418
1547
1550
1552
7459
1554
1555
1556
1557
1558
4343
1559
1560
1561
1562
1563
1564
1565
4404
4406
1567
1568
1569
1570
1571
1572
1573
1574
1575
1576
1577
1579
1578
1580
1581
4602
1582
1583
4604
4608
1584
1585
1586
1587
1588
1589
1590
4601
1591
1592
1593
1594
1595
4482
1596
1597
1598
1599
1600
1601
1602
1603
7509
1606
1607
1608
7359
4522
1610
1611
1612
1613
1614
1615
1616
1617
1618
1619
7477
1620
1621
4510
7478
1622
1623
1624
1625
1626
4527
1627
1628
1629
4531
1631
4529
1634
1635
1636
1637
1638
1639
1640
1641
1642
1643
1644
1645
1646
1647
1648
1802
1651
1650
1652
1654
1653
1655
1656
1657
4559
1658
1659
1660
1661
1662
1663
7499
1665
1666
4563
1667
1668
1669
1670
1671
4578
1672
1673
1674
1675
1681
1676
1677
1678
1679
1682
4595
1683
1684
1685
1686
1687
1688
1689
1690
1691
4596
1693
1694
4571
1695
1696
1697
1698
1699
1700
1701
1702
1703
4690
1704
7533
1705
1706
1707
1708
1709
1710
1711
1712
1713
1714
1715
1716
1717
1718
1719
1720
1721
1722
1723
2073
1724
1725
1726
1727
1728
1729
1730
1731
1732
1733
1734
1735
1736
1737
1738
1739
1740
1741
1742
1743
1744
1745
1746
1747
7506
1748
1749
4557
1751
1755
1756
4795
1752
1753
1754
1757
1759
1758
1760
1761
1762
1763
1764
1765
1766
1767
7713
1768
1769
1770
1771
1772
1773
1774
1775
1776
1777
1778
1779
1781
1780
1782
1783
1785
1786
1787
1788
1789
1790
1791
1792
1793
7558
1794
1795
1797
4796
1798
7560
1800
1801
1803
1804
1805
1806
1808
1809
1811
1812
1813
1814
1815
1816
1817
1818
4942
4943
1819
1820
1821
1822
4954
1823
1824
4956
1825
1826
1827
1828
1829
1830
1831
1832
4885
1833
1834
1835
1836
1837
1838
1839
1840
1841
1842
4993
1843
1844
1845
1846
4997
1847
1849
1848
1850
4975
1851
4065
1852
1853
1855
3670
1854
1856
1857
4980
3671
1858
1859
1860
1861
1876
5002
1862
1863
1864
1865
1866
1867
1868
1869
1870
1871
1872
1873
1874
1875
1877
5008
1878
1879
1881
1882
1883
1884
1885
1886
4958
4960
1887
1888
1889
1890
1891
1892
1893
5039
1894
1895
1896
1897
1898
1899
1900
1901
1902
5031
1903
5049
1904
5033
5053
1905
1906
1907
1908
1909
1910
1911
1912
1913
1914
1915
1916
1917
1918
1919
1920
1921
1922
1923
1924
7631
1926
1927
1928
1929
1930
1931
1932
1933
1934
1935
1936
1937
1938
1939
1940
1941
1942
1943
1944
1945
1946
1947
1948
1949
1950
1951
1952
1953
1954
1955
1956
1957
5152
1958
1959
1960
1961
1962
1963
1964
1965
7891
1966
1967
1968
1969
1970
1973
1971
1972
5092
1974
1975
1976
1977
1978
1979
1980
1981
5220
1982
1983
1984
1985
1986
5233
1987
1988
1989
5225
1990
1991
1992
1993
1994
1995
1996
1997
1998
1999
2000
2002
2001
2003
2007
2004
2005
2006
2008
2009
2010
2011
2012
2013
2014
2015
2016
5297
2017
2018
2019
2021
2020
2022
2023
2024
2025
2026
2027
5082
5081
2028
2030
2031
2032
2033
7708
2034
2035
2036
2037
2038
2039
2040
2041
2042
2043
2044
2045
5338
2046
2047
2048
2049
2050
2051
2052
2053
2054
2055
2056
2057
2058
2059
2060
5363
2062
5365
2061
2063
2064
2065
2066
2067
2068
2069
2070
5389
2072
2071
2074
2075
2076
2077
2078
2079
2083
2080
5422
2081
2082
2084
2086
5393
2087
2088
2089
2090
2091
2092
2093
2094
5411
2095
2097
5456
2104
2096
2098
2099
2100
2101
2102
2105
2106
2107
5451
2108
2109
2110
2111
2112
2113
2114
2115
2116
5519
2117
2118
2119
2120
2121
2122
2123
2124
2125
5491
5493
2126
2128
2127
2129
2130
5454
2131
2132
2133
2134
2135
5467
2136
2137
2138
2139
2140
2141
5480
2142
2143
2144
2145
2146
2147
2148
2149
2150
2151
2152
2153
2154
5501
2155
2156
2157
2158
2159
2160
2161
2162
2163
2164
2165
2167
2166
2169
2168
5553
2170
2171
2172
2173
2174
2175
5570
5569
2176
2177
2178
2179
2180
2181
2182
2183
2184
2185
2186
2187
2188
2189
2190
5597
2191
2192
2193
2194
2195
2196
2197
2200
2198
2199
5575
5604
2201
2203
2204
2205
2206
2207
2208
2209
2210
5482
2211
2212
2213
2214
2215
2216
2217
2218
5484
2220
5650
5684
2221
5647
2222
5648
2223
2224
2225
2226
2227
2228
2229
2230
2231
5679
2232
2233
2255
2234
2235
2236
2237
2238
2239
2240
2241
2242
2243
2244
2245
2246
2247
2248
2249
5804
2250
2251
2252
2253
2254
7821
2256
5700
2257
2258
2259
2260
2261
2262
2263
2265
2266
2267
2268
2269
2270
2271
2272
2273
7831
2274
2275
2276
2277
2278
2279
2280
2281
2282
5806
2283
2284
2285
2286
2287
2288
2289
5785
2290
2291
2292
2293
5591
2294
2295
2296
2297
2298
7849
2299
2300
5888
2301
2302
2303
2305
7850
2304
2306
2307
2308
2309
2310
2311
2312
2313
2315
5809
2317
2318
2319
2320
2321
2322
6053
2323
2324
2325
2326
5834
2327
2328
2329
2330
2331
2332
2333
2334
2335
2336
6061
2337
2338
2339
2340
6037
2341
6040
2342
2343
2344
2345
2347
2346
2348
2349
2350
2351
2352
2353
5848
2354
2355
2356
5844
2357
2358
2359
2360
2361
2362
2363
2364
2365
2366
2367
2368
2369
2370
2372
2371
2373
2374
2375
5924
7878
2378
2379
2380
2381
2382
2383
2384
2385
2386
2387
2388
2389
2390
2391
2392
2393
5947
2394
5951
2395
2396
7907
2397
2398
2399
2400
2401
2403
2404
6021
2405
2406
2408
2409
2410
2411
2412
2413
2414
2415
6005
2416
2417
2418
2419
2420
2421
2423
2422
2424
2425
2426
2427
2428
2429
2430
2431
2432
2433
2434
2435
2436
2437
2438
2439
6023
2440
2441
2444
2442
2443
2445
2446
2447
2449
2448
2450
2451
2454
2452
2453
2456
2455
2457
2458
2459
2461
2460
2462
2463
2464
2465
2466
2467
2468
2469
2470
6121
2471
2472
2473
2474
2475
2476
2477
2478
2479
2480
2481
2482
8011
8010
2484
2485
2486
2487
2488
2489
2490
2491
2492
2493
2494
2495
2496
2497
6138
2499
2500
2501
2502
2503
2504
2505
2506
7974
2507
2508
6160
2509
6147
6161
2510
2511
2512
2513
2514
2515
2516
2517
6169
2518
6194
2519
2520
2521
2522
6210
2523
2524
2525
2526
2527
2528
2529
2531
2532
2533
2534
2541
2535
2536
2537
2538
2539
2540
2542
2544
2545
2546
2547
2548
7994
2549
2550
2552
2551
2553
2554
2555
2556
2565
2557
2558
2559
2560
2561
2562
2563
6537
2564
2566
2567
2568
2569
2570
2571
2573
2574
6268
2575
2576
2577
2578
2579
2580
2582
2583
2584
6307
2585
2586
2587
2588
2589
2590
2591
6259
2592
2593
2595
2596
2597
2598
2599
2600
6320
2601
2602
2603
2604
2605
2606
2607
6325
6326
2608
2609
2610
2615
2611
2612
2613
2614
2616
6345
2618
2619
2620
2621
2622
2623
8017
2624
2625
6373
2626
2627
2628
2629
2630
2631
2632
2634
2635
2636
2637
2638
2639
2640
2642
2643
2644
2645
2646
2647
2648
2649
2650
2651
2652
2653
2654
6425
2655
2656
2657
2659
2660
2661
2662
2663
2664
2665
2666
2667
2668
2669
2670
2671
2672
2673
6444
2674
2675
2676
2677
2678
2679
2680
2681
2682
2684
2685
2686
2687
2688
2689
2690
2694
2691
2692
2695
2693
2696
2697
2698
2699
2700
6509
2701
2702
6351
2703
2705
2704
6350
2707
2706
8047
2709
2708
2710
2758
2713
2712
2714
6533
2715
2716
2717
2718
2719
2720
2722
2723
2724
2725
2726
2727
6906
2728
2730
2729
6578
2732
6764
2733
2734
2735
2736
6561
2737
2738
2739
2740
2741
2742
2743
6592
6563
2745
2746
2747
2749
2748
2750
6500
2751
2752
2753
2754
2755
2756
2757
2759
6497
2761
2762
2763
2764
2765
2766
2767
6629
2768
2774
2769
2771
2772
2773
2775
2776
2777
6609
2778
2780
6602
2779
2781
2782
2783
2784
2785
2786
2787
2788
2789
6664
2790
2791
2792
2793
2795
2796
8101
2797
2798
2799
2800
2801
6752
2803
2804
2805
2806
2807
2808
2809
2810
2811
2812
6759
2813
6765
2814
2815
2816
2817
6766
2818
6758
2819
2820
2821
2822
2823
2824
6839
2825
2826
2827
2828
2829
6772
2830
2831
6792
2833
2834
2835
2838
2837
2839
2840
2841
2842
3169
2843
2845
2844
2846
2847
2848
2849
2850
2899
2851
2928
2852
2853
2855
2856
2857
2858
2859
2860
2861
6830
6832
2862
2863
6843
6842
2864
2865
2866
2867
2868
2869
2870
2871
2872
2873
2874
6911
2875
8134
2877
2878
2879
2880
2881
2882
2883
6912
6913
2885
2886
2887
2888
2889
6893
2890
2891
2894
2892
2893
6940
2895
8167
2897
2898
2900
6979
6980
2902
2903
2904
2905
2906
2907
2908
2910
2911
2912
2913
2915
2914
2916
2917
2919
2920
2921
7943
2922
6963
2924
2925
2926
2927
2929
2930
2931
2934
2932
2933
2935
2936
2937
2938
2939
2940
2941
2942
2943
2944
2945
2946
2947
2948
2949
2950
2951
2952
2953
2954
2955
2956
7011
2957
2958
2963
2959
2960
2961
7012
3023
2964
2966
7013
2968
7014
2969
2970
2974
2973
2971
2972
2975
2976
2977
2978
2979
2984
2980
2989
2982
2985
2986
2987
2992
2993
2994
2995
2996
2997
2998
3009
2999
3000
3001
3002
3003
3004
3073
3006
3007
3008
3010
3011
3013
3014
3015
3016
3017
3029
3018
3019
7025
3021
3020
3022
7027
3025
3026
3027
3030
3028
3036
3032
3033
7023
7050
7024
3035
3039
3038
3040
3041
3042
3043
3044
3054
3045
3058
3046
3048
7035
3051
3050
3052
3055
3057
3061
3063
3066
3067
3068
3070
7047
3071
3076
3080
3077
3079
3081
3082
7052
3083
3085
3086
3087
7055
3088
3089
3090
3091
3093
3094
3095
3096
3097
3098
3110
3099
7063
3100
3101
3102
3103
3104
3105
3106
3109
3111
3112
3114
3115
3116
3117
3118
3120
3121
3416
3122
3124
7056
3128
3129
7081
3131
3133
3136
3137
3138
3139
3140
3141
3142
3186
3143
3145
3146
3147
3149
7099
3152
3159
3160
3155
3156
3157
3161
3162
3163
3164
3165
3185
3166
3176
3167
3170
3171
3248
3172
3175
3177
3178
3179
3180
3181
3182
3183
3184
7083
3187
3190
3194
3188
3191
3192
3196
3197
3199
3201
3202
3203
3204
3205
3213
3211
3206
7110
3207
3208
3209
3210
3212
3214
7107
3215
3216
3217
3224
3218
7100
3219
3220
3222
3221
3225
3223
3227
3228
3230
3231
7106
3244
3232
3233
3234
3235
3237
3238
3239
3240
3241
3242
3243
3250
3251
3252
3253
3254
3255
3256
3260
3257
3258
3262
3263
7116
3265
3268
3269
3270
3271
3273
3274
3297
3275
3276
3277
3278
3279
3282
3280
3281
3283
3284
3285
3286
3287
3288
3289
3290
3291
3292
3293
3294
3295
3296
3298
3299
3304
3300
3301
3302
3306
3307
3308
3309
3310
3311
3312
3313
3314
3315
3316
3318
3319
3320
3321
3327
3322
3323
3336
3324
3325
3326
3328
3333
3334
3335
3329
7123
3330
3331
3337
3338
7119
3341
3356
3340
3342
3343
3347
3348
3349
3350
3351
3352
3353
3503
3357
3358
3359
3360
3361
3490
3362
3363
3489
3364
3365
3366
7153
3367
3369
3368
3372
3370
7150
3373
7139
3375
3376
3377
3378
3379
3380
3381
3382
3383
3384
3385
3386
3389
7165
7128
3388
3390
3391
3394
3392
3393
3395
3396
3398
3399
3400
3402
3403
3404
3407
3408
3405
7104
3412
3413
3414
3417
3415
3418
3421
3423
3424
3425
3426
3428
3429
3430
3431
3432
3434
3437
3438
3439
3440
3441
3442
3443
3445
3446
3447
3448
3449
3450
3451
3452
7181
3453
7183
3454
3462
3456
3457
7186
3459
3460
3482
3463
3464
3465
3466
3467
3468
3469
3471
3475
3470
3638
3472
3473
3531
3474
3477
3478
3479
3481
3483
3484
3485
3486
3491
3487
3493
3511
3494
3495
3496
3497
3499
3498
3512
3500
3501
3502
3506
3508
3509
3516
3517
3524
3525
8034
3528
3529
3530
3533
3536
3537
3539
3541
3542
3544
3548
3545
3546
3547
3549
3550
3551
3552
3563
3553
3554
3555
3556
3557
3558
3559
3561
3562
7208
7210
3566
3568
3570
3571
3574
3580
3575
3576
3577
3578
3579
3581
3582
3588
3584
3585
3586
3589
3590
3591
3592
3593
3594
3595
3596
3597
3601
3598
3599
3602
3603
3604
3605
7205
3607
7213
7214
3611
7215
3615
3616
3618
3617
3623
3619
3620
3640
3665
3621
3622
3624
3625
3626
3627
3628
3629
7198
3630
3637
3631
3632
3633
3634
3636
3641
3642
3644
3645
3647
3648
3649
3653
3651
3652
3655
3654
3656
3657
3658
3659
3660
3668
3669
3672
3673
3674
3675
4044
3676
3677
3678
3679
3680
3681
3682
4045
3685
3686
3687
3688
3691
3690
3692
3704
3693
3694
3695
7236
3696
4042
3698
3697
3699
3700
7237
3701
3702
3703
3705
3706
3708
3707
3711
3714
3715
3716
3721
3717
3724
3718
3719
3720
7241
3722
3723
3725
3726
3727
3728
3729
3730
3731
3732
3733
3734
3735
3742
3736
3738
3927
3739
3740
3741
3743
3744
7249
7248
3745
3746
3747
3748
3749
3757
3751
3752
3753
3754
3755
3760
3756
3758
3759
3761
3764
3765
3767
3768
3769
3770
3771
3826
3829
7256
3773
3776
3777
3778
3779
3780
7175
3781
3782
3784
3783
3785
3786
3789
7173
3791
3792
7177
3796
3797
3793
3794
3795
3798
3799
7062
3800
3810
3802
3803
3804
3805
3806
3808
3807
3812
7057
3811
3813
3867
3814
3817
7271
3818
3819
7260
3823
7076
3824
3825
3827
3828
3830
3831
3832
3835
3839
3837
3838
3840
3841
7286
3842
3843
7283
3844
3845
7267
3846
3854
3848
3847
3849
3850
3851
3852
7268
3855
3857
3856
3858
3859
3860
3862
3861
3863
3864
3865
3869
3870
3871
3872
3873
3874
3875
3876
3877
3878
3879
3881
3884
3885
7288
3888
3889
3890
3891
3892
7278
3893
3894
3895
3896
7279
3897
3898
7290
3899
3900
3901
3902
3903
3904
3905
3906
3911
3907
3910
3909
3912
3913
3914
3916
3915
3917
3918
3919
3920
3921
7307
3922
3923
3924
7308
3929
3930
3932
3933
3934
3935
3937
3936
3938
3939
3940
3941
3942
3944
3946
3949
4020
3950
3951
3952
3955
3956
3957
3958
3960
3959
7297
3961
3962
3963
3965
3967
3968
3970
3971
3973
3972
3974
4000
3975
3978
3979
3980
3981
3982
3983
3984
3985
3986
7318
3987
3989
3990
4212
3992
3993
3994
3995
7315
7316
3996
3997
3999
4001
4002
4004
4006
4008
7349
4009
4011
4012
4013
4085
4014
4015
4016
4017
4018
4019
4021
4022
4029
4026
4027
4028
4030
4031
4032
4037
7234
4038
4039
4043
4047
4046
4060
4048
4050
4051
7346
4052
4053
4056
4055
4057
4058
4061
4062
4067
4066
4068
4069
4070
4071
4072
4073
4074
4075
4076
4080
4078
4084
7347
4081
7343
4083
4087
4092
4088
4089
4090
4091
4093
4095
4096
4097
4098
4099
4100
4101
4102
4111
4106
4108
4109
4110
4112
4113
7589
7353
4116
4117
4118
4119
4120
4140
4122
4123
4124
4125
4126
4127
4128
4129
4131
4132
4133
4134
4137
4136
4139
4151
4141
4142
4143
4144
4145
4146
4148
4147
4182
4149
4152
7351
4153
4155
4156
4518
4157
7362
4158
4159
7364
4160
4161
4187
4162
4164
4165
4166
4167
4168
4169
4170
4171
4172
4173
4174
4175
4176
4177
4178
7380
4179
4180
4181
4183
4186
4184
7350
4188
4189
4190
4191
4192
4193
4194
4195
4196
4197
4198
4199
4200
4202
4203
4204
4205
4206
4208
4209
4210
7320
4213
7317
4214
4216
4217
4226
4218
4219
4220
4221
4222
4224
4225
4228
4230
4233
4232
4235
7381
4234
4236
4237
4238
4241
4239
4240
4242
4243
4244
4245
4246
4248
4249
4250
4251
4330
4252
4253
4254
4256
4255
4267
4257
4258
4259
4260
4261
4262
4263
7375
7378
4264
4270
4271
7374
4272
4273
4274
4276
4275
4277
7369
4278
4279
4280
4281
4282
4284
4283
4289
4288
4286
4287
4290
4293
4291
4292
4295
4296
4297
4298
4299
4300
4301
7416
4328
4302
4303
4304
4305
4307
4306
4507
4506
4311
4312
4313
4314
4403
4316
7453
4319
4322
4320
4323
4324
4325
4326
4327
4329
7392
4331
4332
4334
4335
4333
4336
4338
4337
4341
4339
4342
4344
4345
4346
4347
4348
4349
4350
4352
4354
7440
4353
4355
4356
4358
4357
4359
4360
4361
4364
7441
4363
7434
4365
4366
4367
4393
4368
4369
4382
4394
4370
4371
4372
4373
4374
4375
4376
7439
4377
4378
4379
4422
4380
4381
4384
4386
4387
4388
4389
4390
4391
4392
4395
4396
7444
4397
4399
4401
4402
4405
4407
4408
4409
4410
4411
4412
4413
4414
4415
4416
4417
4419
4420
4421
4423
4424
4425
4426
4434
4427
4428
7461
4430
4431
4432
4435
4436
4438
4437
4439
4440
7464
7512
4441
4442
4443
4444
4445
4447
4446
4455
4449
4450
4451
4452
4453
4456
4457
4458
4459
4474
4467
4461
4462
4463
4464
4465
4468
4469
4470
4471
4472
4473
4475
4476
4477
4479
4577
4480
4481
4502
4484
4486
4485
4487
4489
4488
4490
4491
4503
4504
4501
4494
4493
4495
4496
4497
4498
4499
7472
7474
4508
4509
4511
4514
4512
4513
7361
4516
4515
4517
4519
4520
4521
4523
4524
4525
4526
4528
4533
4532
4534
4535
4537
4536
4538
4543
4539
4540
4541
4554
4542
4544
4550
4552
4546
7494
7495
4548
4549
4551
4908
4899
4553
4555
4558
4560
4566
4564
4562
4565
4567
4568
4659
4569
4658
4570
4572
4573
4575
4579
4582
4580
4581
4583
7497
4584
4585
4586
4587
7489
7507
4588
7508
4589
4591
4593
4594
4598
4599
4597
4605
4606
4609
4610
4611
4612
4613
4614
4615
4616
4618
7523
4617
4619
4620
4621
4623
4624
4629
4630
4625
4626
4628
4631
4632
4693
4633
4634
4636
4635
4637
4640
4638
4639
4641
4648
4643
4704
7534
4645
4646
4649
4647
4650
4651
4652
4654
4656
4657
4660
4664
4662
4663
4666
4665
4775
4667
4668
4669
4670
4671
4673
4674
4675
4676
7530
4677
4678
4679
4680
7544
4746
4682
4683
4684
4685
4686
4688
4691
4689
7528
4694
4696
7536
4697
4698
4700
4699
4702
4703
4705
4706
4734
4707
4709
4708
4735
4710
4711
4712
4716
4713
4718
4721
4714
4715
4719
4720
4722
4723
4724
4725
4726
4727
4728
4729
4730
4731
4732
4733
4736
4737
4738
4739
4741
4740
4742
4744
4745
7545
4748
4747
4749
4759
4750
4753
4756
4757
4752
4754
4755
4758
4760
4761
4762
4809
4763
5345
4764
5344
4765
4766
4767
4768
4769
4770
4789
4792
4773
4772
7548
4774
4777
4778
4780
4779
4781
4783
4785
4786
4787
4788
4790
4791
4793
4797
4798
7552
4828
4801
4802
4803
4807
4805
4806
7554
4808
4810
4811
4812
4813
4816
4815
4817
4818
7556
4819
4820
4821
4822
7553
4824
5318
4825
7557
4826
4829
4830
4831
4833
4834
4835
4836
7572
4838
4839
4840
4841
4842
4843
4844
4846
4847
4848
4854
4849
4850
4851
4852
4853
4855
4856
4860
4857
4858
4859
4861
4862
4864
4863
4865
4892
4866
4867
4868
4869
4870
4871
4872
4873
4874
4875
4876
4878
4877
4879
4880
4881
4882
4887
4886
4888
4890
4889
4891
4893
4894
4896
4897
4898
4900
4901
7579
4902
4903
4906
4907
4909
4910
4911
4913
4914
4915
4916
4918
4917
4919
4920
4921
4927
4922
4923
4924
4925
4926
4929
4932
4934
7587
4933
4936
4937
4938
4939
4940
4941
4944
4945
4946
4947
4974
4949
4951
4952
4953
4955
4957
4959
4963
4961
4962
4999
4964
4965
7610
4967
4968
4969
4971
4972
4973
4977
4979
4978
4981
4988
4982
4983
4984
7607
4985
4986
7604
4989
4990
4992
4994
4995
7222
4996
4998
5000
5001
7223
5003
5004
5006
5052
5007
5009
5010
5011
5013
5014
5015
5016
5037
5030
5017
5018
5019
5022
5021
5024
5025
5026
5029
5032
5034
5035
5036
5038
5040
5041
5042
5043
5044
7620
5047
5054
5055
5056
5057
5058
5059
5062
5061
5063
5064
5065
5066
5067
5068
5069
5125
5126
5071
5072
5073
5074
5076
5079
7623
5077
5078
5083
5084
5085
5087
5086
5088
5089
5090
5091
5203
5093
5094
7656
5095
5096
5097
5098
5099
5100
5102
5103
5106
7667
7668
5107
5109
5119
5110
5111
7657
5112
5113
5202
5115
5116
5134
5117
5118
5120
5121
5127
5128
5122
5131
5135
5124
5132
5133
5137
5140
5139
5141
5142
5143
5144
5145
5146
5151
5147
5155
5148
5149
5153
5154
5156
5157
5158
5159
5160
5161
5162
5173
5163
5164
5165
5168
5166
6004
5172
5167
5170
5171
5174
7663
5175
5176
5178
5177
5180
5179
5181
5182
5183
5184
5185
5192
7665
5186
5187
5189
5986
5190
5191
5193
5194
5196
5195
5197
5198
5199
5200
5204
5207
5205
5206
5208
5209
5210
5211
5212
5213
5214
5215
5216
5217
5218
5219
5221
5222
5223
5226
5227
5228
7881
5229
5243
5230
5231
5232
5234
5240
5235
5236
5237
5238
5239
5244
5245
7674
5246
5247
5248
5249
5250
5258
5251
5252
5253
5254
5255
5256
5261
5257
5259
5260
5262
5263
5264
5268
5265
5266
5267
5270
5269
5273
7696
5271
5272
5274
5275
5319
5320
5277
5278
5279
5280
5281
5282
5283
5284
5286
7671
5287
5288
5290
5294
5295
5289
5291
5292
5293
5296
5298
5299
5301
5302
5303
5305
5304
5306
5307
5308
5309
5312
5313
7709
7710
5314
7711
5315
7570
7567
7712
5317
5321
5323
5325
5326
5332
5327
5328
7700
5329
5350
7702
5330
5331
5335
5334
5336
5337
5339
5340
5341
5342
5346
5347
5348
5349
5352
5358
5353
5355
5354
7714
5356
5357
5359
5360
5381
5362
5364
5366
5367
5368
5373
5369
5370
5371
5372
5375
5378
5377
5379
5382
7724
5384
5385
5386
5387
5388
5390
5391
5392
5394
5395
5396
5397
5398
7736
5399
5400
5401
5402
5403
5404
5406
5407
5408
5409
5412
5413
5417
5414
5423
5415
5416
5418
5421
5420
5424
5426
7744
7743
5425
5427
5428
5429
5430
5431
5432
5433
5439
5434
5443
5435
5445
5436
5437
5438
5440
5446
5448
5449
5524
5453
5452
5455
5457
5458
5459
5460
5461
5472
5463
5464
5465
5466
5468
7771
5469
5470
5471
5474
5475
5476
5477
5478
5481
5483
5485
5486
5487
5636
5488
5490
5492
5494
5495
5496
5497
5498
5499
5500
5502
5503
5516
5505
5506
5507
5508
5509
5632
5510
5511
5512
5513
5514
5515
5517
5520
5521
5522
5530
5523
5525
7722
5526
5527
5528
5529
5531
5532
5533
5534
5535
5536
5537
5539
5540
5541
5542
5543
5544
5545
5546
5547
5549
5550
5551
5552
5554
5555
5556
5557
5558
5559
5560
5561
5562
5565
5564
5578
5566
5567
5568
5573
5576
5574
5579
5580
5581
5582
7793
5583
5584
5585
5596
5590
5586
5587
5588
5589
5592
5593
5594
5595
5598
5786
5599
5600
5601
5602
5605
5607
5606
5608
5617
5610
5611
5612
5613
5614
5762
5615
5616
5618
5619
5621
5620
5628
5622
5627
5631
5623
5624
5635
5625
5626
5629
5630
5637
5638
5640
5639
5641
5642
5643
5644
5682
7810
7809
5646
5649
5664
5651
5652
5665
5653
5655
5681
5654
5656
5657
5658
5660
5661
5662
5663
5666
5667
5668
5670
5671
5672
5673
5674
5677
5676
5675
5707
5678
5694
5683
5687
7803
5686
5688
5689
5691
5763
5692
5693
5695
5704
5696
5697
5705
5701
5702
5710
5708
5712
5713
5714
5715
5716
5717
5718
5724
5719
5720
5721
5722
5723
5725
5726
5729
5727
5728
5730
7827
5731
5733
5732
5734
5735
5737
5738
5739
5740
5742
7832
5745
5741
5743
5744
5746
5747
5748
5749
7843
5751
5752
5753
5754
5756
5755
5757
5760
5759
5764
5765
5766
5767
5768
5769
5770
5771
5772
5773
5774
5781
7814
5776
5778
5779
5780
5782
5800
5784
5783
5787
5788
5789
5790
5791
5792
5793
5795
5796
5807
5797
5799
5801
5802
5805
5810
5811
5812
7853
7855
5813
5814
5817
5816
5818
5819
5879
5820
5821
5822
5823
5824
5825
7860
5826
5828
5827
5829
5830
5831
5832
5833
5835
5836
5841
5843
5838
5839
5840
5842
5845
5846
5847
5849
5851
5852
5854
5855
5853
5857
5858
5859
5860
5861
5862
5863
5864
5865
5866
6045
5867
5868
5869
5870
5961
7904
5871
5872
5958
5874
5875
5877
5876
5878
5880
5881
5885
5882
5883
5884
5886
5890
5891
5892
5893
5894
5895
7795
5897
5898
5900
5899
5902
7796
5903
5904
5956
5906
5907
5908
5909
5910
5911
5913
5916
5914
5915
5919
5923
5920
5925
5926
5927
5928
5929
5931
7882
5932
5933
5934
5935
5936
5938
5937
5939
7894
5940
5941
5942
5943
5944
5946
5948
5949
5950
5952
5953
5954
5955
5957
5959
5960
5964
5965
5966
5967
5968
7905
5969
5971
7912
5970
5973
5972
7909
5974
5979
5975
5976
5977
5978
5980
5981
5982
5983
7914
5987
5988
5989
5990
5995
5996
5991
7915
5992
5993
6002
6008
6001
5998
6018
5999
6000
6006
6007
6010
6009
6011
6012
6013
6014
6015
6017
6019
6022
6020
6024
6025
6026
6027
6028
6029
6034
6030
6032
6033
6035
6036
6047
6038
6049
6054
6039
6042
6046
6043
6044
6050
6051
6052
6055
6056
6057
6062
6060
6063
6064
6065
6066
6067
6068
6069
7950
6070
6071
6072
6073
6074
6075
6076
6077
6078
6079
6080
6081
7955
6083
6084
6085
6086
7957
6087
6088
6089
6091
6090
6092
6093
6096
6094
6095
6097
6098
6099
6100
6101
6102
6103
6104
6105
7965
6106
6107
6108
6109
6118
6113
6116
6110
6111
6114
6117
6119
6120
6122
6204
6280
6123
6124
6125
6126
6127
6128
7968
6131
6132
6135
7969
6133
6134
7970
6139
6136
7973
6140
6141
6142
7989
6144
6145
6148
6149
6150
6151
6152
6153
6155
6154
6156
6157
6158
6159
6162
6193
7976
6164
6163
6165
6217
6166
6167
6168
6170
6171
6172
7980
6173
6174
6175
6176
7982
6177
6178
6179
6941
6181
6182
6183
6184
6185
6186
6187
6188
6221
6189
6190
6191
6192
6197
6195
6196
6198
6200
6201
6202
6203
6206
6207
6208
6209
6213
6214
6212
6215
6216
6219
7993
7998
6220
6222
6226
6223
6224
6229
6225
8000
6228
6894
6235
6230
6232
6233
6891
6249
8001
6236
6238
6239
6240
6889
6242
6243
6244
6245
6248
8002
6252
6254
6256
6258
6260
6270
6262
6263
6264
6265
6269
6266
6267
6271
6272
6274
6273
6275
7992
6277
6278
8013
8012
6279
6282
6283
6284
6285
6286
6287
6288
6289
6290
6291
6292
6293
6299
6294
6295
6296
6297
6300
6302
6303
6304
6305
6306
6310
6309
6311
6312
6313
6314
6315
6316
6317
6318
6319
8016
6322
8015
6323
6324
6327
8020
6329
6333
6330
6331
6332
6334
6335
6338
6337
6342
6340
6348
6343
6346
6347
6352
6354
6353
6355
6358
6357
6359
6360
6361
6362
6363
6365
6368
8018
6364
6366
6372
6370
6371
6374
6375
6376
6377
6378
6379
6380
6381
6382
6383
6385
6384
6386
8021
6388
6389
6436
6400
6390
6392
6393
8030
6394
6395
6396
6398
7625
6399
6401
6402
6403
6405
6429
8032
6406
6407
6408
6409
6419
6411
6412
6457
6413
6414
6415
6416
6420
6417
6421
6422
6427
6424
6426
6428
6430
6431
6432
6433
6434
6438
8029
6437
6439
6440
6441
6445
6446
6447
8036
6449
6450
8038
6451
6452
6453
6454
6469
6468
6458
6459
6460
6465
6471
6470
6472
6473
6474
6475
6476
6478
6479
6480
6481
6482
6483
6484
6485
6486
6487
6488
6623
6492
6491
6493
6494
6496
6498
6616
8071
8053
6503
6504
6505
6506
6507
6508
6516
6510
6511
6512
6514
6515
6524
6517
6518
6519
6520
6527
6526
6521
6534
6531
6523
6528
6530
8046
6535
6538
6539
6540
6541
6544
6542
6543
6545
6546
6547
6548
6549
6550
6557
6551
6552
6553
6566
6554
6555
6556
6558
6559
6564
6567
6565
6568
6572
6569
6570
6571
6573
6574
6575
6576
6577
6579
6580
6581
6582
6583
6584
6585
6586
6587
6588
6601
6589
6590
6593
6594
8060
8063
6596
6597
6598
6599
6600
6603
6621
6604
8058
6605
6606
6607
6611
6613
6614
6615
6617
6675
6620
6618
6626
6627
6630
6640
6631
6632
6634
7151
6635
6636
6638
6637
6639
6641
6642
6643
6644
6645
6646
6647
6648
6649
6650
8079
6651
6652
6653
6654
8076
6655
6656
6658
6659
6661
6662
6666
6665
6671
6667
6668
6669
6670
6672
6673
6674
6676
8068
6677
6678
6680
6681
6679
6682
6684
6685
8111
6686
6687
6688
6689
6690
6691
6692
6693
6694
8090
6696
6697
6698
6699
6700
6707
6701
6711
6702
6704
6705
6708
6709
6710
6717
6712
6713
6714
6715
6719
6718
6720
6721
6722
6724
6729
6731
6725
6748
6727
6728
6732
6733
6747
6734
6735
6742
6737
6739
6740
6741
6743
6744
6745
6746
6749
8104
8110
6751
6755
6753
6754
6756
6760
6761
6778
6783
6763
6767
6768
6770
6773
6796
6774
6775
6777
6776
6779
6780
6781
6784
6789
6786
6787
6788
6790
6791
6795
6797
6798
6800
6815
6801
6803
6804
6805
6806
6807
6808
6809
6811
6814
6813
6816
6817
6818
6819
6820
6821
6822
6823
6824
6825
6826
6828
6829
6831
6833
8144
6910
6834
6835
6838
6837
6840
6841
6844
6846
6847
6848
6849
6850
6851
6854
6852
6853
8135
6855
6856
6857
6858
8055
6859
6860
6861
6862
6863
6864
6865
6866
6867
6869
6868
6870
6871
6873
6872
6874
6879
6875
6877
6878
6880
6881
6883
6884
6885
6886
6890
6887
6888
6892
6895
6896
6897
6933
8148
6898
6900
6903
6899
6901
8147
6902
8151
6904
6907
6908
8154
6914
6915
6916
6917
6918
8166
6919
6920
6921
6922
6923
6978
6924
6925
6960
6927
6929
6928
8160
8158
6931
6934
6935
6936
6942
6938
6943
6945
6946
8175
6948
6947
6949
6950
6952
6953
6956
6954
6955
8173
6958
6964
6967
6966
6968
6969
6970
6973
6971
8178
8176
6987
6972
6974
6975
6976
6981
6982
6983
6984
6986
6988
6989
6990
6991
6992
8187
6993
6994
6995
6997
6998
7001
7003
7000
7002
7005
7006
7007
7008
7009
7010
7016
7019
7021
7028
7029
7030
7032
7033
7037
7038
7040
7041
7043
7045
7048
7053
7060
7067
7066
7068
7069
7070
7072
7073
7074
7075
7077
7078
7087
7084
7085
7086
7089
7091
7093
7094
7096
7101
7105
7112
7111
7114
7118
7124
7121
7122
7129
7130
7131
7133
7132
7138
7157
7135
7140
7137
7142
7141
7143
7144
7145
7146
7147
7148
7154
7155
7156
7158
7160
7162
7163
7172
7167
7169
7174
7178
7179
7193
7194
7195
7196
7199
7200
7201
7203
7217
7207
7211
7216
7218
7219
7224
7228
7230
7231
7232
7235
7240
7242
7244
7245
7247
7251
7253
7257
7258
7261
7262
7264
7266
7269
7272
7273
7276
7274
7280
7281
7282
7291
7294
7295
7299
7298
7301
7300
7302
7303
7304
7305
7306
7312
7321
7322
7324
7327
7325
7329
7330
7335
7332
7333
7334
7336
7337
7338
7340
7345
7354
7356
7358
7481
7363
7367
7366
7371
7373
7384
7385
7386
7387
7388
7389
7427
7390
7393
7406
7411
7394
7395
7404
7402
7396
7397
7415
7399
7398
7401
7407
7408
7419
7409
7410
7414
7471
7417
7418
7432
7421
7422
7423
7424
7429
7425
7430
7435
7438
7442
7443
7445
7446
7447
7448
7449
7450
7451
7454
7455
7458
7465
7467
7470
7473
7480
7482
7484
7485
7486
7488
7490
7491
7500
7501
7504
7502
7505
7527
7511
7514
7516
7515
7518
7519
7522
7520
7524
7526
7531
7538
7739
7741
7546
7547
7549
7550
7561
7562
7563
7564
7568
7565
7566
7573
7574
7576
7577
7575
7580
7590
7593
7592
7595
7597
7598
7600
7601
7602
7603
7605
7608
7613
7611
7612
7615
7618
7621
7626
7628
7629
7632
7634
7635
7636
7638
7642
7643
7639
7644
7645
7646
7647
7649
7648
7650
7651
7654
7652
7653
7661
7658
7659
7660
7669
7672
7675
7676
7677
7678
7679
7686
7680
7681
7691
7682
7683
7684
7685
7687
7689
7694
7698
7704
7706
7716
7717
7718
7721
7719
7787
7725
7726
7727
7728
7730
7731
7733
7734
7735
7737
7742
7745
7746
7747
7757
7751
7752
7753
7754
7760
7766
7756
7758
7762
7759
7761
7763
7764
7767
7768
7769
7770
7773
7774
7775
7776
7777
7778
7779
7780
7781
7782
7792
7785
7789
7790
7799
7798
7800
7848
7807
7804
7805
7815
7816
7817
7819
7822
7820
7823
7824
7830
7834
7835
7836
7839
7837
7838
7840
7844
7841
7852
7854
7857
7858
7859
7863
7865
7868
7869
7870
7872
7871
7874
7875
7879
7883
7884
7885
7886
7887
7896
7889
7890
7897
7892
7898
7899
7901
7906
7908
7917
7921
7922
7920
7923
7924
7925
7926
7927
7928
7929
7930
7932
7936
7941
7937
7938
7940
7939
7944
7945
7946
7947
7948
7949
7953
7958
7962
7963
7960
7961
7966
7977
7983
7987
7996
8007
8005
8022
8023
8026
8027
8040
8037
8042
8044
8048
8049
8061
8062
8064
8065
8072
8082
8084
8078
8081
8087
8093
8091
8092
8094
8095
8097
8099
8102
8105
8106
8108
8112
8114
8116
8119
8121
8122
8123
8124
8125
8129
8128
8131
8146
8137
8141
8139
8140
8142
8150
8152
8156
8159
8161
8162
8163
8181
8164
8168
8169
8171
8177
8179
8182
8185
8189
8188
8190
