8191
8190
8189
8188
8187
8186
8184
8182
8181
8180
8179
8178
8176
8174
8173
8172
8170
8168
8167
8166
8163
8162
8161
8160
8159
8158
8157
8156
8154
8153
8151
8150
8148
8147
8144
8142
8141
8139
8138
8137
8136
8135
8134
8131
8130
8129
8128
8127
8126
8125
8123
8122
8121
8119
8117
8116
8115
8113
8111
8109
8107
8105
8104
8102
8101
8099
8097
8095
8094
8093
8092
8091
8090
8089
8088
8087
8084
8082
8081
8080
8079
8078
8077
8076
8074
8072
8071
8070
8068
8065
8063
8062
8061
8060
8058
8056
8054
8052
8050
8049
8048
8047
8046
8045
8044
8042
8040
8038
8036
8033
8032
8030
8029
8028
8027
8024
8023
8022
8021
8018
8017
8016
8015
8012
8011
8009
8007
8005
8004
8002
8001
8000
7999
7998
7997
7994
7993
7992
7991
7989
7987
7985
7983
7982
7980
7979
7977
7976
7974
7973
7970
7969
7967
7965
7964
7963
7961
7959
7958
7956
7955
7953
7952
7951
7950
7949
7948
7947
7945
7944
7943
7941
7940
7938
7937
7932
7930
7928
7925
7924
7923
7922
7921
7920
7919
7918
7916
7915
7914
7912
7911
7909
7908
7907
7906
7905
7903
7902
7899
7898
7897
7896
7894
7893
7892
7891
7890
7888
7887
7885
7884
7881
7879
7878
7877
7875
7874
7871
7870
7869
7868
7865
7863
7862
7861
7860
7859
7858
7855
7854
7853
7849
7848
7843
7841
7840
7839
7838
7837
7836
7835
7832
7831
7829
7828
7827
7825
7824
7823
7822
7821
7820
7819
7818
7816
7804
7797
7795
7781
7779
7770
7764
7763
7760
7748
7736
7721
7706
7704
7701
7696
7691
7684
7678
7674
7672
7668
7653
7646
7641
7629
7607
7593
7573
7566
7565
7555
7546
7536
7528
7518
7516
7510
7507
7494
7492
7486
7476
7473
7470
7461
7449
7444
7443
7440
7429
7422
7413
7408
7405
7393
7392
7387
7380
7375
7356
7333
7319
7318
7316
7312
7304
7300
7292
7279
7274
7269
7267
7248
7215
7198
7190
7186
7180
7179
7164
7153
7139
7135
7134
7128
7124
7112
7107
7102
7096
7065
7060
7051
7041
7040
7027
7024
7019
7015
6999
6995
6989
6978
6974
6971
6968
6958
6956
6943
6940
6932
6928
6925
6915
6912
6909
6893
6875
6872
6871
6861
6845
6843
6832
6829
6820
6806
6797
6780
6776
6759
6754
6740
6736
6735
6722
6715
6703
6693
6685
6683
6677
6664
6655
6648
6644
6636
6626
6617
6612
6596
6589
6579
6570
6565
6553
6549
6545
6515
6512
6503
6486
6476
6470
6463
6460
6454
6449
6447
6441
6432
6426
6421
6420
6419
6418
6417
6415
6414
6413
6412
6411
6409
6408
6406
6405
6404
6403
6402
6400
6399
6398
6397
6396
6395
6393
6392
6391
6390
6389
6388
6387
6386
6385
6384
6383
6382
6380
6378
6377
6376
6375
6374
6373
6372
6371
6370
6368
6367
6366
6365
6364
6363
6362
6361
6359
6358
6357
6356
6355
6354
6353
6352
6351
6350
6348
6346
6345
6344
6343
6341
6340
6339
6337
6335
6334
6333
6332
6330
6329
6328
6327
6325
6324
6323
6321
6320
6319
6318
6317
6315
6314
6313
6312
6310
6308
6307
6306
6305
6302
6300
6299
6298
6297
6295
6294
6293
6292
6291
6290
6289
6288
6287
6286
6285
6284
6283
6281
6279
6278
6277
6276
6275
6274
6271
6270
6269
6268
6266
6265
6263
6262
6261
6260
6259
6258
6256
6255
6254
6253
6252
6250
6247
6246
6245
6244
6243
6242
6241
6240
6238
6237
6236
6235
6234
6233
6232
6230
6229
6228
6226
6225
6224
6223
6222
6221
6220
6219
6217
6216
6215
6214
6213
6212
6211
6210
6208
6207
6206
6204
6203
6202
6201
6200
6198
6197
6196
6195
6194
6193
6192
6190
6189
6188
6187
6186
6184
6183
6181
6180
6179
6177
6176
6175
6173
6172
6171
6170
6169
6168
6167
6166
6165
6164
6163
6162
6161
6160
6158
6157
6156
6155
6153
6152
6151
6150
6148
6147
6144
6142
6141
6140
6139
6138
6137
6136
6134
6133
6132
6131
6130
6129
6128
6127
6126
6125
6124
6123
6122
6120
6119
6118
6117
6116
6115
6114
6113
6111
6110
6108
6107
6106
6105
6103
6102
6101
6100
6099
6097
6096
6095
6093
6092
6091
6090
6089
6088
6087
6086
6085
6084
6083
6082
6081
6080
6079
6078
6077
6076
6075
6074
6073
6072
6071
6070
6069
6068
6067
6066
6065
6064
6063
6062
6060
6058
6057
6056
6055
6054
6053
6052
6051
6050
6049
6048
6047
6046
6045
6044
6042
6040
6039
6038
6037
6036
6035
6033
6032
6031
6030
6029
6028
6026
6025
6023
6022
6020
6019
6018
6016
6015
6014
6013
6012
6011
6010
6009
6008
6006
6005
6004
6003
6002
6001
6000
5998
5997
5996
5995
5994
5993
5991
5990
5988
5987
5986
5985
5983
5982
5981
5980
5979
5978
5977
5976
5975
5974
5973
5970
5969
5968
5967
5966
5964
5963
5961
5960
5959
5958
5957
5956
5954
5953
5952
5951
5949
5948
5947
5946
5945
5943
5942
5941
5940
5939
5937
5936
5935
5934
5932
5931
5930
5929
5928
5927
5926
5925
5924
5923
5922
5921
5920
5917
5916
5915
5914
5913
5911
5910
5909
5908
5907
5906
5904
5903
5902
5901
5900
5899
5898
5897
5896
5895
5894
5893
5892
5891
5890
5889
5888
5887
5886
5885
5884
5883
5882
5881
5879
5878
5877
5876
5875
5874
5872
5871
5870
5869
5867
5866
5865
5863
5862
5861
5860
5858
5857
5856
5855
5853
5852
5851
5849
5848
5847
5846
5845
5844
5843
5842
5840
5839
5838
5837
5836
5835
5834
5833
5832
5831
5830
5829
5828
5826
5825
5823
5822
5821
5819
5818
5817
5816
5815
5814
5813
5812
5811
5810
5809
5808
5806
5805
5804
5803
5802
5801
5800
5799
5798
5797
5796
5795
5792
5791
5790
5788
5787
5786
5783
5782
5781
5780
5779
5778
5776
5775
5773
5772
5771
5770
5768
5767
5766
5765
5764
5763
5761
5759
5758
5757
5756
5755
5754
5753
5752
5751
5750
5749
5748
5747
5746
5745
5743
5742
5741
5740
5739
5738
5737
5734
5733
5732
5731
5730
5729
5728
5727
5726
5725
5723
5722
5721
5720
5719
5717
5716
5715
5714
5713
5712
5711
5710
5709
5708
5707
5706
5705
5703
5702
5701
5700
5699
5698
5697
5696
5695
5694
5693
5692
5691
5689
5688
5687
5686
5685
5684
5683
5682
5681
5679
5678
5677
5675
5674
5673
5672
5671
5669
5668
5664
5663
5662
5661
5660
5659
5658
5657
5655
5654
5653
5652
5651
5650
5649
5647
5646
5645
5643
5642
5641
5639
5638
5637
5635
5633
5632
5631
5630
5629
5627
5626
5625
5624
5623
5622
5621
5620
5619
5617
5616
5615
5614
5613
5612
5611
5610
5609
5608
5606
5605
5602
5601
5600
5598
5597
5596
5595
5593
5592
5591
5590
5589
5588
5587
5586
5585
5583
5582
5581
5580
5579
5578
5577
5576
5575
5574
5573
5572
5571
5570
5568
5567
5566
5565
5564
5563
5562
5561
5560
5559
5558
5557
5556
5555
5554
5553
5552
5551
5549
5548
5547
5546
5545
5542
5541
5540
5539
5538
5537
5536
5535
5534
5533
5532
5530
5529
5527
5526
5525
5524
5523
5521
5520
5519
5517
5516
5515
5514
5513
5512
5511
5509
5508
5507
5506
5505
5503
5502
5501
5500
5499
5498
5497
5496
5494
5493
5492
5491
5490
5489
5488
5487
5485
5484
5483
5482
5481
5478
5477
5476
5475
5474
5473
5472
5470
5469
5468
5467
5466
5464
5463
5461
5460
5459
5458
5457
5455
5453
5452
5451
5450
5449
5448
5446
5445
5442
5441
5439
5438
5437
5436
5435
5434
5433
5431
5430
5429
5427
5426
5425
5424
5423
5422
5421
5420
5418
5417
5416
5414
5413
5412
5411
5409
5408
5407
5405
5404
5403
5402
5401
5400
5399
5398
5396
5395
5394
5393
5392
5391
5390
5389
5387
5386
5384
5382
5381
5380
5379
5378
5377
5376
5375
5373
5372
5371
5370
5369
5368
5367
5366
5365
5364
5363
5362
5361
5359
5358
5356
5355
5354
5353
5352
5350
5349
5348
5347
5346
5345
5344
5342
5341
5339
5338
5337
5336
5334
5332
5331
5330
5329
5328
5327
5325
5323
5322
5321
5320
5319
5317
5316
5315
5314
5313
5312
5309
5307
5306
5305
5304
5303
5302
5301
5300
5298
5297
5295
5294
5293
5292
5291
5290
5289
5288
5287
5286
5284
5282
5281
5280
5279
5278
5277
5276
5275
5274
5272
5271
5269
5268
5267
5266
5265
5262
5261
5260
5259
5258
5257
5256
5255
5253
5252
5251
5250
5248
5247
5246
5245
5243
5241
5240
5239
5238
5237
5236
5235
5234
5232
5230
5229
5228
5227
5225
5224
5223
5221
5220
5219
5218
5217
5216
5215
5214
5213
5212
5210
5209
5208
5207
5205
5204
5203
5202
5200
5199
5197
5195
5194
5193
5190
5189
5187
5186
5185
5184
5183
5182
5180
5179
5178
5177
5176
5174
5173
5171
5170
5168
5167
5166
5165
5164
5162
5161
5160
5159
5158
5156
5155
5154
5153
5151
5150
5149
5148
5147
5145
5144
5143
5142
5140
5139
5137
5136
5135
5134
5133
5132
5131
5129
5127
5126
5125
5124
5123
5122
5121
5119
5118
5117
5116
5114
5113
5112
5111
5110
5109
5107
5106
5105
5104
5103
5102
5101
5099
5098
5097
5096
5095
5094
5093
5092
5091
5090
5089
5087
5086
5085
5084
5082
5081
5079
5078
5077
5076
5074
5072
5071
5069
5068
5067
5066
5065
5063
5062
5061
5060
5059
5058
5057
5056
5055
5053
5052
5050
5049
5048
5047
5046
5044
5043
5042
5041
5040
5039
5038
5037
5036
5035
5034
5033
5032
5031
5030
5029
5027
5026
5025
5024
5023
5022
5020
5019
5017
5016
5015
5014
5013
5012
5011
5010
5009
5008
5007
5005
5004
5003
5002
5001
5000
4999
4998
4997
4996
4995
4994
4993
4991
4990
4989
4988
4987
4986
4985
4984
4983
4982
4980
4979
4978
4977
4976
4975
4973
4972
4971
4969
4968
4967
4966
4965
4964
4963
4962
4961
4960
4959
4958
4957
4956
4955
4953
4952
4951
4949
4947
4946
4945
4944
4942
4941
4940
4939
4937
4936
4935
4933
4932
4931
4930
4929
4928
4927
4926
4924
4923
4922
4921
4920
4918
4917
4916
4915
4914
4913
4911
4909
4908
4907
4906
4905
4904
4903
4902
4901
4900
4899
4898
4897
4896
4895
4894
4893
4892
4891
4889
4888
4887
4885
4884
4883
4882
4881
4879
4877
4876
4875
4874
4873
4872
4871
4870
4869
4868
4867
4865
4864
4863
4861
4860
4859
4858
4857
4856
4855
4854
4853
4852
4851
4850
4849
4848
4847
4845
4844
4843
4841
4840
4838
4837
4835
4834
4833
4832
4831
4830
4829
4828
4826
4825
4824
4822
4821
4820
4819
4818
4817
4816
4815
4814
4812
4811
4810
4809
4808
4807
4806
4805
4803
4802
4801
4800
4799
4798
4796
4794
4793
4792
4791
4790
4789
4787
4786
4785
4781
4780
4779
4778
4777
4775
4774
4773
4772
4770
4769
4768
4767
4766
4765
4764
4763
4762
4761
4759
4758
4757
4756
4755
4754
4753
4751
4749
4748
4747
4744
4743
4742
4741
4740
4738
4737
4736
4735
4734
4733
4732
4731
4730
4729
4728
4727
4726
4724
4723
4722
4721
4720
4719
4718
4716
4715
4714
4713
4712
4711
4710
4709
4708
4707
4706
4703
4702
4701
4700
4698
4697
4695
4694
4693
4692
4691
4690
4689
4688
4687
4686
4684
4683
4682
4681
4680
4679
4677
4676
4675
4674
4673
4672
4671
4670
4668
4667
4666
4665
4664
4663
4661
4659
4658
4657
4656
4654
4651
4650
4649
4648
4647
4646
4645
4644
4643
4642
4641
4640
4639
4638
4637
4636
4634
4632
4631
4629
4628
4627
4626
4625
4623
4622
4621
4620
4619
4618
4617
4615
4614
4612
4611
4610
4609
4608
4606
4604
4603
4601
4600
4599
4598
4597
4596
4595
4594
4593
4590
4588
4586
4585
4584
4583
4582
4581
4580
4579
4577
4575
4574
4573
4572
4571
4570
4569
4568
4566
4565
4564
4563
4562
4560
4559
4558
4556
4555
4554
4553
4550
4549
4547
4546
4545
4544
4543
4542
4541
4540
4539
4537
4536
4535
4534
4532
4531
4529
4528
4527
4526
4524
4523
4522
4521
4520
4518
4517
4515
4514
4513
4512
4511
4510
4509
4508
4507
4506
4505
4504
4502
4501
4500
4499
4498
4497
4496
4495
4494
4493
4492
4491
4490
4489
4487
4486
4485
4484
4482
4481
4480
4479
4478
4477
4474
4473
4472
4470
4469
4468
4467
4466
4465
4463
4461
4459
4458
4457
4456
4455
4453
4452
4451
4450
4449
4447
4446
4445
4443
4442
4441
4440
4439
4438
4437
4436
4435
4434
4432
4431
4429
4428
4427
4425
4424
4423
4421
4420
4419
4418
4416
4415
4414
4413
4412
4411
4409
4408
4407
4406
4405
4403
4402
4401
4399
4398
4397
4395
4394
4393
4392
4391
4390
4388
4387
4386
4384
4383
4382
4381
4380
4379
4378
4377
4376
4374
4373
4371
4370
4369
4368
4366
4364
4363
4361
4360
4359
4358
4357
4356
4355
4353
4352
4350
4349
4348
4346
4345
4344
4342
4341
4340
4339
4337
4336
4335
4334
4332
4331
4329
4328
4327
4325
4324
4323
4322
4321
4320
4319
4318
4317
4316
4315
4314
4313
4312
4311
4309
4307
4306
4305
4304
4302
4301
4300
4299
4298
4297
4296
4295
4294
4293
4292
4291
4290
4289
4288
4287
4286
4284
4283
4282
4280
4279
4277
4276
4275
4274
4272
4271
4270
4269
4267
4266
4265
4264
4262
4261
4260
4259
4258
4257
4256
4255
4254
4252
4251
4250
4249
4247
4246
4245
4244
4243
4242
4240
4239
4238
4236
4235
4234
4233
4232
4231
4230
4228
4227
4226
4225
4222
4221
4220
4219
4218
4217
4215
4214
4212
4210
4208
4207
4206
4205
4203
4202
4199
4198
4197
4196
4194
4193
4191
4190
4189
4187
4186
4185
4184
4182
4181
4180
4179
4178
4177
4176
4174
4173
4172
4170
4169
4168
4167
4166
4165
4164
4163
4162
4161
4160
4159
4158
4157
4156
4153
4152
4151
4150
4149
4148
4147
4146
4145
4144
4143
4142
4141
4140
4139
4138
4136
4135
4134
4133
4132
4130
4129
4128
4127
4126
4125
4124
4123
4122
4121
4120
4119
4117
4115
4114
4113
4112
4111
4109
4107
4106
4105
4103
4102
4101
4100
4099
4097
4096
4095
4093
4092
4091
4090
4089
4088
4087
4086
4085
4083
4082
4081
4078
4077
4075
4074
4073
4072
4071
4069
4067
4066
4065
4064
4063
4062
4060
4059
4058
4057
4055
4054
4053
4051
4050
4049
4048
4046
4045
4044
4043
4042
4041
4040
4039
4038
4036
4035
4034
4033
4032
4030
4029
4027
4024
4022
4021
4019
4018
4017
4016
4015
4014
4013
4011
4010
4009
4007
4006
4005
4004
4003
4002
4001
4000
3998
3997
3996
3993
3992
3991
3990
3989
3988
3985
3984
3983
3982
3981
3980
3979
3978
3977
3976
3975
3974
3973
3972
3971
3970
3969
3968
3967
3966
3965
3964
3963
3962
3961
3960
3959
3957
3956
3955
3953
3952
3951
3950
3947
3946
3945
3944
3943
3942
3940
3939
3938
3936
3935
3933
3932
3931
3930
3929
3928
3927
3925
3924
3923
3922
3921
3918
3917
3916
3915
3914
3913
3911
3910
3909
3907
3906
3905
3904
3902
3901
3900
3899
3898
3897
3895
3894
3893
3892
3891
3890
3889
3888
3887
3886
3885
3884
3882
3881
3879
3877
3876
3875
3874
3873
3872
3871
3870
3868
3867
3866
3865
3863
3862
3861
3860
3859
3858
3856
3855
3854
3852
3850
3849
3848
3847
3846
3845
3844
3843
3842
3841
3840
3839
3837
3835
3833
3832
3831
3830
3828
3827
3826
3824
3822
3815
3809
3806
3801
3797
3794
3790
3781
3771
3760
3756
3753
3750
3740
3738
3725
3722
3714
3710
3701
3697
3694
3691
3675
3657
3654
3653
3627
3625
3614
3611
3602
3592
3588
3562
3558
3541
3536
3522
3518
3517
3512
3497
3485
3479
3475
3474
3467
3465
3459
3450
3446
3430
3418
3410
3408
3378
3371
3361
3359
3347
3338
3335
3331
3327
3321
3310
3285
3268
3258
3245
3242
3231
3229
3223
3214
3208
3201
3199
3198
3197
3196
3194
3192
3191
3190
3189
3188
3187
3186
3184
3182
3181
3180
3179
3178
3177
3176
3175
3174
3173
3172
3171
3170
3169
3167
3166
3165
3164
3163
3162
3161
3159
3157
3156
3155
3154
3153
3152
3151
3150
3149
3148
3147
3146
3145
3143
3141
3140
3139
3137
3136
3135
3133
3132
3131
3129
3128
3127
3126
3124
3122
3121
3120
3119
3117
3116
3115
3114
3113
3112
3110
3107
3106
3105
3104
3103
3102
3101
3099
3097
3096
3095
3094
3093
3092
3091
3090
3089
3088
3087
3085
3084
3083
3082
3081
3080
3079
3078
3077
3076
3074
3073
3072
3071
3070
3069
3068
3067
3066
3065
3063
3061
3060
3059
3058
3057
3056
3055
3054
3052
3050
3049
3048
3046
3045
3044
3043
3042
3040
3039
3038
3037
3036
3035
3034
3033
3032
3030
3029
3028
3027
3026
3024
3023
3022
3021
3020
3019
3018
3017
3016
3014
3013
3012
3011
3010
3009
3008
3007
3006
3004
3003
2999
2998
2997
2996
2995
2994
2993
2988
2987
2984
2983
2982
2980
2979
2978
2977
2976
2974
2973
2972
2971
2969
2968
2967
2966
2964
2963
2962
2960
2959
2958
2956
2955
2954
2952
2951
2950
2949
2947
2946
2943
2942
2941
2940
2939
2938
2937
2936
2935
2934
2933
2932
2931
2930
2929
2928
2927
2926
2924
2922
2921
2920
2919
2918
2917
2916
2915
2914
2912
2911
2910
2909
2908
2907
2906
2905
2903
2902
2901
2900
2899
2897
2894
2893
2892
2889
2888
2887
2886
2885
2884
2883
2882
2881
2880
2879
2878
2877
2876
2875
2874
2872
2871
2870
2868
2867
2866
2865
2864
2863
2862
2861
2860
2859
2858
2856
2855
2854
2853
2852
2851
2850
2849
2848
2847
2846
2845
2843
2842
2841
2839
2838
2836
2835
2834
2833
2831
2830
2829
2828
2826
2825
2824
2822
2821
2819
2818
2817
2816
2815
2814
2813
2812
2811
2810
2809
2808
2806
2805
2804
2803
2801
2800
2799
2798
2797
2796
2794
2793
2792
2791
2789
2788
2787
2786
2784
2783
2782
2781
2779
2778
2777
2775
2774
2773
2772
2771
2770
2768
2767
2766
2765
2764
2763
2762
2761
2760
2759
2757
2756
2755
2754
2753
2752
2751
2750
2749
2748
2747
2745
2744
2742
2741
2740
2739
2738
2737
2736
2734
2733
2732
2730
2729
2728
2727
2726
2725
2724
2723
2722
2721
2720
2719
2717
2716
2715
2714
2712
2711
2710
2709
2708
2707
2705
2704
2703
2702
2701
2700
2698
2697
2696
2695
2693
2692
2691
2690
2689
2688
2687
2686
2684
2683
2682
2681
2680
2679
2677
2676
2675
2674
2672
2671
2670
2669
2668
2667
2666
2664
2663
2662
2661
2659
2657
2656
2655
2653
2652
2651
2648
2647
2646
2645
2644
2643
2641
2640
2639
2638
2636
2635
2634
2632
2631
2630
2629
2628
2627
2625
2624
2623
2622
2621
2620
2618
2617
2616
2615
2613
2611
2610
2608
2607
2606
2605
2604
2603
2601
2600
2599
2598
2596
2594
2592
2591
2590
2587
2586
2584
2583
2582
2580
2579
2578
2577
2576
2574
2573
2572
2571
2570
2568
2567
2566
2565
2564
2563
2562
2561
2560
2559
2558
2557
2556
2555
2554
2553
2552
2550
2549
2548
2547
2546
2545
2542
2541
2540
2539
2538
2537
2536
2534
2533
2532
2531
2529
2528
2527
2526
2525
2524
2523
2522
2521
2520
2519
2518
2516
2515
2514
2513
2512
2511
2510
2509
2506
2505
2504
2503
2502
2500
2499
2497
2496
2495
2494
2493
2492
2490
2489
2488
2487
2486
2485
2484
2483
2482
2480
2479
2477
2476
2475
2474
2473
2472
2471
2470
2469
2468
2467
2466
2465
2464
2463
2462
2461
2459
2458
2457
2456
2455
2454
2453
2452
2451
2450
2448
2447
2446
2445
2444
2443
2442
2441
2440
2439
2438
2436
2435
2434
2432
2431
2430
2429
2428
2427
2425
2424
2423
2421
2419
2418
2417
2416
2415
2414
2413
2412
2410
2409
2408
2406
2405
2404
2403
2402
2401
2400
2399
2398
2396
2395
2393
2392
2391
2390
2388
2387
2386
2385
2384
2383
2382
2381
2379
2378
2376
2374
2373
2372
2371
2370
2369
2368
2367
2366
2365
2364
2363
2362
2361
2359
2358
2355
2354
2353
2352
2351
2350
2349
2348
2347
2345
2344
2343
2342
2341
2339
2337
2336
2335
2334
2333
2332
2331
2330
2329
2328
2327
2326
2325
2324
2322
2321
2320
2319
2318
2317
2315
2314
2313
2312
2311
2310
2309
2308
2307
2306
2304
2303
2302
2301
2300
2299
2298
2296
2294
2292
2291
2290
2289
2288
2287
2286
2285
2284
2281
2280
2279
2278
2277
2276
2275
2273
2272
2271
2270
2268
2267
2266
2265
2263
2262
2261
2260
2259
2258
2257
2256
2255
2254
2252
2251
2250
2249
2248
2246
2245
2243
2241
2240
2239
2238
2237
2236
2235
2233
2232
2231
2230
2229
2228
2227
2225
2224
2223
2222
2221
2219
2217
2216
2215
2214
2213
2212
2210
2209
2208
2206
2205
2204
2203
2201
2200
2199
2198
2197
2195
2194
2193
2192
2190
2189
2188
2187
2186
2184
2183
2182
2181
2180
2179
2177
2176
2175
2174
2173
2172
2171
2168
2167
2166
2165
2164
2163
2161
2160
2159
2158
2156
2155
2154
2153
2151
2150
2148
2147
2145
2144
2143
2142
2141
2140
2139
2138
2137
2136
2135
2134
2133
2132
2131
2130
2129
2128
2126
2125
2124
2122
2119
2118
2117
2116
2115
2114
2113
2112
2111
2110
2109
2108
2107
2106
2105
2104
2103
2102
2100
2099
2097
2096
2095
2093
2092
2091
2090
2089
2088
2086
2085
2084
2083
2081
2080
2079
2077
2076
2075
2074
2073
2072
2071
2070
2069
2067
2066
2065
2064
2063
2062
2060
2059
2058
2056
2055
2054
2053
2052
2051
2050
2049
2047
2046
2045
2043
2042
2041
2040
2039
2038
2037
2036
2035
2033
2032
2031
2030
2028
2027
2026
2025
2024
2023
2022
2020
2019
2018
2017
2016
2015
2014
2013
2012
2011
2009
2008
2007
2006
2005
2004
2003
2001
2000
1999
1997
1996
1995
1993
1992
1991
1990
1989
1988
1987
1986
1985
1983
1982
1981
1980
1979
1978
1977
1975
1973
1972
1971
1970
1969
1967
1966
1965
1964
1963
1962
1960
1959
1958
1957
1956
1955
1954
1953
1951
1950
1949
1948
1947
1946
1944
1943
1942
1941
1940
1939
1938
1937
1936
1935
1934
1933
1932
1931
1930
1929
1927
1926
1924
1923
1922
1921
1920
1918
1917
1916
1915
1914
1912
1911
1909
1908
1907
1906
1905
1903
1901
1900
1899
1898
1897
1895
1894
1893
1892
1891
1890
1889
1888
1887
1886
1885
1884
1879
1873
1869
1868
1861
1859
1853
1844
1840
1831
1824
1820
1812
1804
1802
1793
1788
1772
1755
1753
1746
1741
1732
1729
1725
1715
1704
1691
1688
1679
1662
1655
1652
1646
1639
1630
1625
1623
1608
1602
1597
1596
1595
1594
1593
1592
1591
1590
1588
1587
1586
1585
1584
1583
1582
1581
1580
1579
1578
1577
1576
1575
1574
1573
1572
1571
1570
1569
1568
1567
1566
1565
1564
1562
1561
1560
1559
1558
1557
1556
1555
1554
1553
1552
1550
1548
1547
1546
1544
1543
1542
1541
1540
1539
1536
1535
1534
1533
1532
1531
1529
1528
1526
1525
1524
1523
1521
1520
1517
1516
1515
1514
1513
1512
1511
1509
1508
1507
1505
1504
1503
1502
1501
1500
1499
1498
1497
1496
1495
1494
1493
1491
1490
1489
1488
1487
1486
1485
1484
1483
1482
1481
1480
1479
1478
1477
1476
1475
1474
1473
1471
1469
1468
1467
1466
1465
1464
1463
1462
1461
1460
1459
1458
1457
1456
1455
1453
1452
1451
1450
1449
1448
1447
1446
1445
1444
1443
1442
1441
1440
1439
1438
1437
1436
1435
1434
1432
1431
1430
1429
1428
1427
1426
1425
1424
1423
1422
1420
1419
1418
1416
1415
1414
1413
1411
1409
1408
1407
1406
1404
1403
1401
1400
1399
1398
7817
1396
1393
7813
1392
7812
1391
7811
1390
1389
7809
1388
1387
7807
1386
7806
1385
1384
7803
1382
1381
7801
1380
7800
1379
7799
1378
7798
1377
1375
7794
1373
7792
1371
7791
1370
7789
1368
1367
7787
1366
1365
7785
1364
7784
1363
7782
1361
7780
1359
1357
7777
1356
7776
1355
7775
1354
7774
1353
1352
7772
1351
1350
7769
1348
1346
7766
1345
7765
1344
7762
1341
7761
1340
1338
7758
1337
7756
1335
7755
1334
7754
1333
1332
7752
1331
7751
1330
1329
7749
1328
7747
1326
7746
1325
7745
1324
7743
1322
1321
7741
1320
7740
1319
7739
1318
7738
1317
7737
1316
7735
1314
7733
1312
7732
1311
7731
1310
7730
1309
7729
1308
7728
1307
7726
1305
7725
1304
7724
1303
7723
1302
7722
1301
7720
1299
7719
1298
7718
1297
1296
7716
1295
7714
1293
7713
1292
7712
1291
1290
7710
1289
7709
1288
7708
1287
7707
1286
1284
7703
1282
7702
1281
7700
1279
1278
7698
1277
1276
7695
1274
7694
1273
1272
7692
1271
7690
1269
7689
1268
1267
7687
1266
7686
1265
7685
1264
1262
7682
1261
7681
1260
7680
1259
7679
1258
7677
1256
7676
1255
7675
1254
1252
1250
7670
1249
7669
1248
7667
1246
1245
7665
1244
7664
1243
7663
1242
7662
1241
1239
7659
1238
7658
1237
7657
1236
1235
7655
1234
1233
7652
1231
7651
1230
1229
7649
1228
7648
1227
7647
1226
7645
1224
1223
7643
1222
7642
1221
7640
1219
7639
1218
7638
1217
1216
7636
1215
7635
1214
7634
1213
7633
1212
7632
1211
7631
1210
1209
7628
1207
1206
7626
1205
7625
1204
7623
1202
1201
7621
1200
7620
1199
1197
1196
7616
1195
7615
1194
1193
7613
1192
7612
1191
7611
1190
1189
1188
7608
1187
7606
1185
1184
7603
1182
7602
1181
7601
1180
7600
1179
7599
1178
7598
1177
7597
1176
7596
1175
7595
1174
1173
7592
1171
1170
7590
1169
7589
1168
7588
1167
7587
1166
7586
1165
1164
7583
1162
1161
7581
1160
7580
1159
7579
1158
7578
1157
7577
1156
1155
7575
1154
7574
1153
7572
1151
1150
7570
1149
7569
1148
7568
1147
7567
1146
7564
1143
7563
1142
1141
1140
7560
1139
7559
1138
7558
1137
1135
1133
7553
1132
7552
1131
1130
7550
1129
7549
1128
1127
1126
7544
1123
7543
1122
1121
1120
1119
7539
1118
7538
1117
7537
1116
1114
7534
1113
7533
1112
7532
1111
7531
1110
7530
1109
1108
1106
1105
7525
1104
7524
1103
7523
1102
7522
1101
7521
1100
7520
1099
7519
1098
1096
7515
1094
7514
1093
7513
1092
1091
7511
1090
1088
7508
1087
1085
7505
1084
7504
1083
7503
1082
1081
7501
1080
7500
1079
7499
1078
7497
1076
7496
1075
1074
7493
1072
7491
1070
1069
7489
1068
7488
1067
1066
1064
7484
1063
7483
1062
7482
1061
7481
1060
7480
1059
7479
1058
7477
1056
1054
7474
1053
7472
1051
1050
1048
7468
1047
1046
1045
7465
1044
1043
1042
1041
7460
1039
7459
1038
7458
1037
1036
1035
7455
1034
7454
1033
7452
1031
7451
1030
7450
1029
1027
7447
1026
7446
1025
7445
1024
7442
1021
7441
1020
1018
1017
7437
1016
7436
1015
1014
7434
1013
1012
7432
1011
1010
1009
1007
7427
1006
7426
1005
7425
1004
7424
1003
7423
1002
7421
1000
7420
999
7419
998
7418
997
7417
996
7415
994
993
7412
991
7411
990
7410
989
988
7407
986
7406
985
7404
983
7403
982
7402
981
7401
980
979
7399
978
7397
976
7396
975
7395
974
7394
973
970
7390
969
7389
968
967
7386
965
964
7384
963
7383
962
961
7381
960
7379
958
7378
957
956
7376
955
953
7373
952
7372
951
7371
950
7370
949
7369
948
947
7367
946
7366
945
944
7364
943
7363
942
941
7361
940
7360
939
7359
938
7353
932
7350
929
7346
925
7342
921
7336
915
7325
904
7309
888
7283
862
7276
855
7273
852
7260
839
7257
836
7251
830
7246
825
7244
823
817
7229
808
7223
802
7218
797
7217
796
7216
795
793
7213
792
7212
791
790
7210
789
7209
788
7208
787
786
7206
785
7205
784
7204
783
782
7202
781
7201
780
7200
779
778
7197
776
7196
775
7195
774
773
7193
772
7191
770
7189
768
7188
767
7187
766
7185
764
763
7183
762
7182
761
7181
760
757
7177
756
7176
755
754
753
7173
752
7171
750
749
7169
748
7168
747
7167
746
7166
745
7165
744
7163
742
7162
741
740
7160
739
738
7158
737
7157
736
7156
735
7155
734
733
731
7151
730
7150
729
7149
728
7148
727
7147
726
7146
725
7144
723
7143
722
7142
721
7140
719
7138
717
7137
716
715
7133
712
7132
711
7131
710
7130
709
7129
708
7127
706
705
704
702
7122
701
7121
700
7120
699
7119
698
7118
697
696
7116
695
7115
694
7114
693
692
7111
690
689
7109
688
687
7106
685
7105
684
7104
683
7103
682
680
7100
679
7099
678
7098
677
676
7095
674
7094
673
7092
671
670
7090
669
668
667
7087
666
7086
665
7085
664
7084
663
7083
662
661
7081
660
7080
659
7079
658
7078
657
7077
656
7076
655
7075
654
7074
653
7073
652
7072
651
650
7070
649
7069
648
7068
647
646
7066
645
7064
643
7063
642
7062
641
640
7059
638
7058
637
636
635
634
633
7053
632
7052
631
7050
629
7049
628
7048
627
625
7045
624
7044
623
7043
622
7042
621
618
3820
7038
617
3819
7037
616
3818
7036
615
7035
614
7034
613
3814
7032
611
3813
610
3812
7030
609
3811
7029
608
3810
607
7026
605
3807
604
3805
7023
602
3804
601
3803
7021
600
3802
599
3800
597
3799
7017
596
7016
595
3796
593
3795
7013
592
3793
7011
590
3792
7010
589
3791
7009
588
7007
586
3788
7006
585
3787
7005
584
3786
7004
583
3785
7003
582
7002
581
3783
7001
580
3782
579
3780
6998
577
576
3778
6996
575
3776
6994
573
3775
6993
572
571
3773
6991
570
3772
6990
569
3770
567
3769
6987
566
3768
6986
565
3767
6985
564
3766
6984
563
6983
562
3764
6982
561
3763
6981
560
3762
6980
559
6979
558
3759
6977
556
3758
555
3757
554
3755
6973
552
3754
6972
551
3752
6970
549
3751
6969
548
3749
6967
546
3748
6966
545
6965
544
3746
6964
543
3745
6963
542
6962
541
3743
6961
540
3742
539
3741
538
6957
536
3737
6955
534
3736
6954
533
3735
6953
532
3734
6952
531
3733
530
3732
6950
529
3731
528
3730
6948
527
3729
6947
526
3728
6946
525
3727
6945
524
3726
6944
523
6942
521
3723
6941
520
518
3720
6938
517
6937
516
3718
6936
515
3717
514
3716
6934
513
3715
6933
512
6931
510
3712
6930
509
3711
508
6927
506
3708
6926
505
3706
6924
503
3705
6923
502
3704
6922
501
3703
6921
500
3702
6920
499
3700
6918
497
3699
6917
496
3698
6916
495
3696
6914
493
3695
6913
492
3693
490
6910
489
3690
6908
487
3689
486
3688
6906
485
3687
484
3686
6904
483
3685
482
3684
6902
481
3683
6901
480
3682
479
3681
6899
478
6898
477
3679
6897
476
3678
475
3677
6895
474
3676
6894
473
3674
6892
471
3673
470
469
3671
6889
468
3670
6888
467
3669
6887
466
3668
6886
465
3665
6883
462
3658
6876
455
3655
6873
452
3649
446
3642
6860
439
3639
6857
436
3633
6851
430
3628
6846
425
3626
6844
423
3620
6838
417
3605
6823
402
6818
397
3599
6817
396
3598
6816
395
3597
6815
394
6814
393
3595
6813
392
3594
6812
391
3593
6811
390
3591
6809
388
3590
387
3589
6807
386
3587
6805
384
3586
383
3585
6803
382
3584
381
3583
6801
380
3582
6800
379
378
3580
377
6796
375
3577
6795
374
3576
373
3575
6793
372
3574
6792
371
3573
370
6790
369
3571
6789
368
3570
6788
367
6787
366
3568
365
6785
364
3566
363
3565
6783
362
3564
361
3563
6781
360
6779
358
3560
6778
357
3559
6777
356
3557
354
3556
6774
353
3555
6773
352
3554
6772
351
350
3552
349
6769
348
3550
6768
347
3549
6767
346
3548
6766
345
3547
344
3546
6764
343
6763
342
341
3543
6761
340
3542
6760
339
6758
337
3539
336
3538
6756
335
3537
6755
334
3535
6753
332
6752
331
3533
330
6750
329
3531
6749
328
3530
6748
327
6747
326
3528
6746
325
3527
6745
324
3526
6744
323
3525
6743
322
3524
6742
321
6741
320
3521
6739
318
3520
317
6737
316
3516
313
3515
6733
312
3514
6732
311
3513
6731
310
3511
6729
308
3510
6728
307
3509
6727
306
3508
6726
305
6725
304
3506
6724
303
6723
302
3503
6721
300
3502
6720
299
298
3500
6718
297
3499
6717
296
3498
6716
295
3496
293
6713
292
3494
291
6711
290
3492
6710
289
3491
6709
288
3490
6708
287
1883
3489
286
1882
3488
6706
285
1881
3487
284
1880
3486
6704
283
6702
281
1877
6701
280
1876
3482
6700
279
1875
3481
6699
278
3480
277
1872
3478
6696
275
1871
3477
274
1870
3476
6694
273
1867
6691
270
1866
3472
6690
269
3471
6689
268
1864
3470
6688
267
1863
3469
266
1862
3468
6686
265
3466
6684
263
1858
3464
6682
261
1857
3463
6681
260
1856
6680
259
1855
6679
258
1854
3460
257
1852
6676
255
1851
3457
6675
254
1850
3456
6674
253
1849
3455
6673
252
3454
6672
251
3453
6671
250
1846
249
1845
3451
6669
248
1843
3449
6667
246
1842
3448
6666
245
1841
6665
244
3445
242
1838
6662
241
1837
3443
6661
240
1836
3442
6660
239
1835
3441
6659
238
1834
3440
6658
237
1833
3439
6657
236
1830
3436
6654
233
1829
3435
6653
232
1827
3433
6651
230
1822
3428
225
1814
3420
6638
217
1805
3411
6629
208
1799
3405
6623
202
1794
3400
6618
197
1792
3398
6616
195
1791
3397
6615
194
1790
3396
6614
193
3395
6613
192
1787
3393
6611
190
1786
3392
6610
189
1785
3391
6609
188
1784
3390
187
3389
6607
186
1782
3388
6606
185
1781
6605
184
1780
3386
6604
183
1779
3385
182
1778
6602
181
1777
3383
6601
180
1776
3382
6600
179
1775
6599
178
1774
3380
177
1773
3379
6597
176
1771
3377
6595
174
1770
3376
6594
173
1769
3375
6593
172
1768
6592
171
1767
3373
170
3372
6590
169
1764
3370
6588
167
1763
3369
166
1762
6586
165
1761
3367
6585
164
1760
6584
163
3365
6583
162
1758
3364
6582
161
1757
3363
6581
160
1756
3362
6580
159
1754
3360
6578
157
1752
3358
155
1751
3357
6575
154
1750
3356
6574
153
1749
3355
6573
152
1748
3354
6572
151
1747
3353
6571
150
1745
3351
6569
148
1744
6568
147
1743
3349
6567
146
3348
6566
145
1740
3346
6564
143
1739
3345
6563
142
1738
3344
141
7358
937
1737
3343
6561
140
936
1736
139
1735
3341
6559
138
7355
934
1734
3340
6558
137
7354
933
6557
136
1731
3337
6555
134
930
1730
6554
133
928
1728
3334
6552
131
927
3333
130
926
1726
3332
6550
129
7345
924
1724
3330
127
923
1723
3329
126
7343
922
1722
3328
6546
125
7341
920
1720
3326
6544
123
919
1719
3325
6543
122
7339
918
1718
3324
6542
121
917
3323
6541
120
7337
916
1716
3322
6540
119
7335
914
1714
3320
6538
117
7334
913
1713
3319
6537
116
1712
3318
6536
115
7332
911
1711
3317
6535
114
7326
905
1705
3311
6529
108
7320
899
6523
102
7315
894
3300
6518
97
7314
893
1693
3299
6517
96
7313
892
1692
3298
6516
95
890
3296
6514
93
1689
3295
92
7308
887
1687
3293
6511
90
7307
886
3292
6510
89
7306
885
1685
3291
6509
88
7305
884
1684
6508
87
1683
3289
6507
86
882
1682
3288
85
7302
881
1681
6505
84
880
1680
3286
83
7299
878
1678
3284
6502
81
7298
877
3283
80
7297
876
1676
6500
79
875
3281
6499
78
7295
874
1674
3280
77
7294
873
1673
3279
6497
76
872
1672
3278
6496
75
1671
3277
74
870
1670
6494
73
7290
869
3275
6493
72
7289
868
1668
3274
6492
71
867
3273
6491
70
866
1666
3272
6490
69
7286
865
1665
3271
68
3667
6885
464
7285
864
1664
3270
6488
67
6884
463
7284
863
1663
3269
6487
66
461
7282
861
1661
3267
6485
64
3663
6881
460
7281
860
1660
6484
63
3662
6880
459
859
3265
6483
62
3661
6879
458
1658
61
3660
6878
457
857
1657
3263
60
456
856
1656
3262
6480
59
3652
6870
449
849
1649
3255
6473
52
6865
444
7265
844
1644
6468
47
3646
6864
443
843
1643
3249
46
3645
6863
442
7263
842
1642
3248
6466
45
3644
441
7262
841
1641
3247
6465
44
7261
840
1640
6464
43
3641
6859
438
7259
838
1638
3244
6462
41
3640
6858
437
7258
837
1637
3243
40
3638
6856
435
7256
835
1635
3241
38
3637
6855
434
7255
834
3240
6458
37
3636
6854
433
7254
833
1633
3239
6457
36
3635
432
7253
832
1632
3238
6456
35
1828
3434
6652
231
3634
6852
431
831
1631
3237
6455
34
1826
3432
6650
229
6850
429
7250
829
1629
3235
6453
32
1825
6649
228
3631
428
7249
828
1628
3234
6452
31
3630
6848
427
1627
3233
6451
30
1823
3429
6647
226
3629
6847
426
826
1626
6450
29
1817
3423
220
6841
420
7241
820
1620
3226
6444
23
1816
6640
219
3622
6840
419
7240
819
1619
6443
22
1815
3421
6639
218
3621
418
7239
818
1618
3224
6442
21
1813
3419
6637
216
3619
6837
416
7237
816
1616
3222
19
3618
415
1615
3221
6439
18
1811
3417
6635
214
3617
6835
414
7235
814
1614
3220
6438
17
910
1710
3316
6534
113
1810
3416
213
3616
6834
413
7234
813
3219
16
7330
909
3315
6533
112
1809
3415
6633
212
3615
6833
412
7233
812
1612
3218
15
908
1708
3314
111
1808
6632
211
7232
811
1611
3217
14
854
1654
3260
6478
57
3610
6828
407
7228
807
1607
3213
6431
10
453
1653
3259
6477
56
1703
3309
6527
106
1803
6627
206
406
806
3212
6430
9
7323
902
1702
3308
6526
105
3608
6826
405
805
1605
3211
6429
8
7272
851
3257
6475
54
7322
901
6525
104
1801
3407
6625
204
3607
6825
404
7225
804
1604
3210
6428
7
1821
3427
6645
224
7245
824
1624
3230
27
3651
6869
448
1648
3254
51
1698
3304
101
3404
201
3604
6822
401
7222
801
1601
3207
6425
4
6868
447
7268
847
1647
3253
6471
50
1697
3303
6521
100
1797
6621
200
3603
400
800
1600
3206
6424
3
7328
907
1707
3313
6531
110
1807
3413
6631
210
3613
6831
410
7231
810
1610
3216
6434
13
1819
3425
6643
222
7243
822
1622
25
896
1696
6520
99
3402
6620
199
7220
799
1599
3205
2
7271
850
1650
3256
6474
53
900
1700
3306
103
1800
3406
6624
203
3606
6824
403
7224
803
1603
6427
6
7327
906
1706
3312
6530
109
1806
3412
6630
209
3612
409
1609
3215
6433
12
1818
6642
221
3624
6842
421
821
1621
3227
6445
24
3648
6866
445
845
1645
3251
6469
48
1695
3301
6519
98
1795
3401
198
3601
6819
398
7219
798
1598
3204
6422
1
