134783
134779
134535
134526
134521
130173
127918
127861
123224
121461
118377
117499
117497
117471
117470
116293
115835
115521
114074
113746
113338
111273
109262
109025
108587
106509
106464
102453
101841
101629
101562
101432
98122
95892
95237
93925
91576
89823
89577
89480
88145
74756
72591
72477
72304
70278
69945
69682
69527
69441
68613
68309
66333
65462
64409
61838
60351
60240
60176
60057
59134
58704
58201
57161
56963
55977
55752
55332
54232
54057
52974
51255
51141
128102
51050
51002
50962
50033
50022
49567
47309
46878
59421
46579
45779
45389
45324
44839
44833
44801
44759
44751
44709
44525
44480
44453
44082
43999
68802
43118
43107
43094
37461
37039
36713
31154
30975
30275
30222
28830
28718
28185
28064
117948
28054
27915
27083
27073
25547
25490
25320
25238
25145
24914
24269
24164
23939
23861
23449
23197
23158
23155
22531
22526
22485
22424
22395
21846
21239
20928
20770
20631
20519
83852
19642
19193
18917
18839
18436
18402
17996
17108
17065
17021
16622
16215
16132
14938
14864
14800
21018
14597
14596
14516
13927
13887
13684
12815
12754
12672
12669
12640
134540
12541
12509
12490
12464
12452
12422
12353
12313
12299
12243
12234
12067
11557
11536
11040
68762
10973
10754
10750
10748
10708
10699
10621
10593
55443
10496
10320
10152
8860
8805
15091
8670
8657
7918
7872
7505
7381
7374
7237
7044
6930
6917
6732
6704
19514
13093
6672
6415
6390
6358
6332
6331
64086
6297
6288
12695
6274
6230
6056
6024
6020
5994
5934
5929
5890
50801
5854
12249
5828
5823
5802
5801
5763
5723
5722
5714
5709
5702
5701
5699
5697
5696
5695
5694
5693
5662
5654
5601
5600
5593
5559
69746
5536
5535
5519
5496
5494
5487
5480
5440
5429
5418
5417
5394
5381
5372
11779
5358
5329
5288
5253
5250
5246
5190
5181
5176
5170
5161
5158
5156
5151
5123
5122
5120
5069
5044
5026
5022
4989
11408
4987
37075
4970
4969
4962
4949
4915
4887
4868
4867
4850
4834
4831
4828
4809
4800
4771
4766
4723
4690
4679
4670
4663
4657
4652
4642
4629
4626
11038
4617
4615
4577
4558
4551
4550
4535
4534
4533
4530
4516
4504
4495
4494
4492
10901
4480
4477
4475
107196
4460
107194
4458
107192
4456
4454
4438
4432
4426
4404
4381
4380
4369
49315
4368
4361
4358
10764
4343
4339
4324
4319
10733
4312
4304
4297
4271
4247
4245
4242
4237
4234
4232
4230
4216
4214
4204
4185
4184
4168
4163
55511
4143
4134
4132
4127
4121
4112
4109
29773
4089
4085
4084
4077
4050
4029
4014
3999
3996
81039
3987
3985
3973
3942
3940
3916
3898
3877
3863
3850
23099
3836
3819
3816
68022
3812
3761
3758
3754
3734
3733
3725
3723
3721
10128
3707
29384
3700
3674
3665
3658
3655
3644
3643
3632
3605
3586
3581
3575
3568
3549
3546
3545
3527
3518
3516
3514
3495
3476
3475
3470
3469
3467
3448
3442
3411
3404
3399
3395
3394
3384
3381
3375
3372
3368
3359
3353
3342
3340
3337
3336
3328
3315
3309
3307
3294
3287
3271
3266
3265
3257
3255
3254
3253
3252
3251
9671
3250
3249
3209
3207
16028
3186
3171
3168
3154
3153
3144
3122
3114
3113
3112
3111
3107
3093
3076
48021
3074
3073
22333
3070
3063
3062
48003
3056
3044
3042
3039
3023
3017
3015
3003
2992
73612
2981
60765
2976
2971
2962
2955
2954
22215
2952
2947
2944
112098
47888
2941
2932
2927
2901
2895
2894
2887
2885
2881
2875
92768
60663
2874
2873
2871
2869
2853
2841
2840
2839
2835
2830
2823
2814
15653
2811
2807
2801
2788
2787
2754
2749
2744
2736
2733
2732
2731
66927
2717
2706
15547
2705
2702
105428
2692
105422
2686
2681
2680
2679
2676
2665
2657
2656
2652
2637
2631
2629
60417
2628
2618
2610
2608
2586
2585
2578
2560
2549
2539
2535
2531
2526
2522
2519
2516
2514
2512
2497
2488
8907
2486
2476
2473
2472
2470
111618
2461
2455
2448
2447
2441
2435
2433
2422
2417
2413
2409
2401
2399
2398
2391
2388
15225
2383
2377
15214
2372
2368
2366
2363
2361
2358
2356
2352
2351
2348
2347
2343
143603
2341
2339
2335
2333
2330
2325
21579
2316
2313
2312
2305
2301
2299
2286
2278
2277
2276
2275
2273
2264
27947
2263
2259
2257
2254
2246
2244
2241
2230
2229
2224
60006
2217
2216
2214
2211
2210
2209
8629
2208
2204
2203
2200
2198
2197
59985
2196
15037
2195
2194
2192
8612
2191
2186
2184
2183
2182
2180
2176
2175
2174
2173
2172
2170
2168
2166
2163
117740
2162
2160
2157
72782
2151
2148
2147
8565
2144
2143
2142
2141
2140
2139
2136
2134
2132
21393
2130
2129
2128
2126
2117
2114
2112
2110
2106
2105
2102
2101
14942
2100
2099
2098
2097
2095
2093
2092
2090
2089
2087
2086
2083
2081
2080
2079
72709
8499
2078
2077
72707
2076
2075
2074
2070
2069
2068
2065
2063
2060
2057
2055
2052
2042
2041
2023
66228
2018
2014
2008
27686
2002
104732
1996
1979
1940
1932
1926
1915
21172
8330
1909
1907
1906
46848
1901
1900
1896
117472
1894
117468
1890
1889
117466
1888
1887
117464
1886
1885
1883
1882
1880
1878
1875
1870
1869
1868
1862
27544
1860
1857
1856
1852
1850
1849
1847
14685
1843
1842
1840
1835
1831
14672
1830
1828
14667
1825
1821
1819
1813
1804
1803
1801
59589
1800
98113
1798
1797
1795
14636
1794
72424
1793
1790
1789
1787
1786
8205
1784
8204
1783
1775
1769
1766
1764
14605
8184
1763
1761
1758
1757
1751
1750
1747
46692
1745
1742
1735
1733
1732
1730
1729
1728
1726
1724
1723
1721
1719
1718
1711
1710
1707
1697
65904
1694
1693
1689
72319
1688
1683
14522
1680
1678
1670
1669
104404
1668
91560
1666
1660
1659
1658
1657
1655
1654
1651
14488
1646
1645
1642
1640
1638
1637
1634
1631
1629
1626
1625
1624
1621
1613
8033
1612
1611
1610
1609
1608
1604
1603
1601
14442
1600
1599
1598
1597
1595
1594
20856
1593
1591
1590
1586
72215
1584
1583
8002
1581
1579
20841
1578
1577
1576
1572
1569
1568
1567
1566
1561
1560
1559
1557
1556
1555
1550
1549
1547
20807
1544
1543
1541
1538
1537
1535
1529
1527
1525
1522
1515
1510
1509
1508
1506
1502
7922
1501
1500
1499
123495
1496
1493
1492
1491
1488
20747
1484
7904
1483
1482
1481
33585
1480
1479
1478
1477
1476
72106
1475
52842
7895
1474
1472
1470
1469
1466
7884
1463
1462
1458
1456
1454
1452
1450
20711
1448
78498
1446
1444
46390
1443
1440
1438
1436
7853
1432
1431
1428
1426
1425
1421
1420
1419
1418
1417
1416
1415
1413
1412
1411
1409
1408
14249
7828
1407
1405
1404
1403
1402
1398
1396
1393
1388
1387
1386
78437
27069
20648
1385
1384
1382
1380
1376
1375
1374
1372
1371
1370
1369
1367
1362
1360
7780
1359
1358
1357
1353
1352
1351
1349
1348
1340
1338
1337
1336
1331
1329
1328
1327
1326
1320
1319
1318
1317
136157
1316
1314
1313
1312
1311
1309
14150
1308
1307
1306
1305
1303
1301
1300
1298
1296
26976
1292
1291
1290
1287
1286
1284
1282
1281
1279
1278
1277
1276
1272
1271
20533
1270
1268
1264
1262
14103
1261
7681
1260
1258
1257
1255
1254
1249
1246
1242
1241
1239
1237
7657
1236
1234
1233
1231
1230
1228
1227
1226
1224
1220
1219
14060
1218
1217
1216
1215
1214
1208
1202
14042
1200
1199
1198
1197
1196
1193
1192
1191
1190
1188
1185
1183
1180
1179
1178
1177
1175
1173
1168
1162
1161
1156
1155
1154
1153
1152
1148
52514
1146
1145
1142
1141
20403
1140
1138
1137
1136
1135
103870
7555
1134
1131
1128
1126
1124
1123
1122
13963
1121
1120
97434
1119
1118
1117
1113
1112
1111
1110
1109
1106
84578
1105
1094
1093
1092
1090
1089
1088
65297
1087
1082
1080
1078
1076
1074
20332
1069
1068
1067
1063
1061
1060
1059
1055
1054
1051
1050
65259
1049
1048
90938
1044
1041
1034
1033
1028
20288
1025
1024
1023
1022
1021
1018
1012
1010
1009
1008
71638
1007
1005
1000
998
997
122995
996
13835
993
992
122989
990
989
7409
988
984
983
982
13821
979
978
977
975
972
971
969
968
967
964
963
129374
954
952
947
946
943
58731
942
941
940
938
937
936
935
933
931
929
928
926
925
7344
923
122921
922
918
917
914
906
905
903
899
898
897
896
895
26578
894
892
888
887
886
58674
7306
885
52252
884
883
880
876
874
870
869
867
866
864
863
7283
862
860
859
857
7275
854
851
65060
850
20111
848
846
7266
845
843
841
838
835
834
831
828
826
825
824
821
820
819
818
817
815
814
812
811
808
804
803
802
801
797
103530
794
791
790
789
788
786
135626
785
784
783
782
64991
13623
781
780
776
775
774
772
45718
771
64980
770
767
766
764
13604
762
760
759
758
757
756
755
750
749
747
7165
744
743
742
741
740
739
738
737
735
734
732
731
7151
730
729
7149
728
725
721
718
64924
714
7133
712
711
709
707
706
704
703
700
699
698
696
7114
693
691
690
32794
689
687
685
45631
684
683
680
679
677
676
674
672
670
668
103403
667
666
665
664
661
659
658
19919
656
655
13496
654
13495
653
651
650
649
648
7068
647
19907
644
643
642
13482
640
639
638
635
7054
633
7052
631
630
629
628
96942
627
77678
626
13466
624
7043
622
620
619
51986
26302
618
616
615
614
613
612
611
610
609
608
606
605
7025
604
602
601
600
599
598
597
594
593
592
589
588
587
122585
586
585
584
109740
583
581
579
578
576
574
573
572
571
570
569
568
567
566
565
45511
26248
6985
564
563
561
560
558
26241
557
556
554
552
551
550
549
548
6968
547
545
542
538
535
532
530
529
526
525
521
520
519
518
516
514
513
510
507
505
504
502
500
493
492
491
490
32594
489
488
486
484
483
482
480
479
477
58264
475
474
122472
473
472
471
469
468
466
465
464
463
462
45408
461
459
456
455
454
453
452
451
449
448
90339
445
444
443
441
439
438
435
434
433
432
431
430
429
428
426
424
422
421
420
419
418
417
416
414
413
409
408
407
406
405
404
109560
403
402
71032
401
400
397
395
6813
392
391
389
388
386
385
384
383
109539
382
380
378
376
32479
374
373
372
6792
371
370
368
367
366
361
360
359
26042
358
357
356
354
353
348
347
346
345
344
343
342
335
333
331
330
328
19590
327
326
325
324
322
312
307
6727
306
304
303
302
13143
301
300
299
298
296
295
293
292
291
290
289
288
287
285
284
282
281
280
279
278
277
276
275
274
273
272
267
266
135106
265
264
64473
263
260
258
256
128675
255
70885
254
253
252
13092
250
249
248
247
246
245
244
135081
240
238
237
235
234
233
58021
232
230
227
226
224
223
222
220
218
217
25900
216
109371
214
213
211
6630
209
208
207
6626
205
203
198
197
196
195
194
192
191
190
187
185
19445
182
178
173
170
169
6586
165
162
160
159
158
155
150
148
140
137
127
125
102856
120
118
112
109
106
104
102
91
88
87
83
74
6492
71
68
65
63
45009
62
134902
61
6481
60
12896
54
52
50
49
48
47
70677
46
42
39
35
29
24
19
12
11
7
19269
6
4
2851
3648
2051
1874
27558
1799
59588
4633
3614
144322
3060
4674
2442
3121
5239
2813
2708
47655
127868
99
3302
4899
1636
40162
27320
2510
5713
103649
913
4116
13
3216
2819
3145
2310
3071
4755
5761
970
4173
2567
5770
4781
2781
29262
3578
827
52195
3970
81022
17020
4178
129
80384
3332
16971
4129
2532
2935
5574
64620
410
200
90094
3613
5201
3068
3865
58316
1083
948
58737
59847
66268
2058
5261
2855
2440
2218
5421
5166
114323
833
7254
4051
710
3913
19688
425
58214
122424
2695
4292
5104
4680
143185
1923
5126
10511
4090
2493
114047
4890
4348
3681
65975
1765
4968
4959
2226
5420
1035
100553
4238
1832
5035
4811
1238
4441
1187
116765
4660
13520
678
10302
3881
4854
4457
4705
2308
24774
140352
5511
3496
45135
2699
1096
4299
3450
2262
5465
5565
4305
10726
4320
2756
3580
3460
54828
5174
15894
3052
81701
4649
5664
873
15835
2993
4891
2923
20598
1335
4523
117
3320
4117
4914
2456
5659
3401
98
3301
3097
1503
4706
3100
3921
3425
72
64282
1324
4482
23745
4527
2121
4912
5545
4963
1760
163
3366
2393
796
5431
2228
2145
112099
2942
4539
4522
36627
1229
20492
71860
62476
4687
3137
25002
5739
2536
2533
5736
4924
1739
11363
4942
4927
67934
3724
536
3694
22957
2133
59409
4958
973
4176
113324
4167
25027
5764
2561
4712
74546
3915
748
3951
2967
1283
2877
130885
2465
5668
4062
1671
4874
2468
2883
116294
716
596
51964
3919
4857
2980
55575
4207
1004
18646
5804
2601
13681
4072
2502
3828
3937
3802
61591
5534
2340
5543
5243
133663
4152
949
20627
1364
6943
2778
5160
109304
147
3350
45079
6553
4947
87620
4147
26628
944
2550
5753
2319
17552
4710
2552
5755
4349
2752
2737
9158
1967
1395
5715
5625
44151
2521
5153
3556
99886
93465
3571
5144
94447
10974
4553
1350
2171
3768
2968
4562
9317
2911
4526
1323
5332
2138
1253
2850
4447
55
86731
3258
63829
6040
3649
23549
4385
61413
3624
14869
2027
5230
4493
1299
1269
14111
17344
4502
9488
3067
1563
6354
3151
3157
4751
4342
28432
2748
60504
47662
2715
539
3742
3712
16554
60719
2930
1715
4918
67733
3523
320
329
47732
2785
5185
4068
2471
481
3684
3669
2072
5275
4054
15302
2460
5663
4057
48686
107584
4848
5046
3449
15497
2655
5798
12219
4135
34643
2538
5741
2541
5744
3150
4747
3389
1792
1762
14604
4995
3852
5449
10515
55462
1259
4462
2856
2056
5259
41
3244
1064
4267
20282
28345
2661
5729
63518
3455
56420
11473
5052
261
3464
118627
3049
2796
2931
2507
88988
3774
67984
3924
57899
110
3313
56278
4910
2714
3511
3478
9899
3493
5108
1379
59135
1346
7767
4564
2225
60014
3680
22943
132923
4503
15748
2906
63576
82839
5787
2584
2721
2727
890
1449
3046
3043
2977
15819
3925
45564
2328
5531
1534
33534
20692
46376
4737
4422
48078
3131
352
3555
5143
1949
5152
64
3267
4864
44
44886
3247
1767
2804
1207
4410
5774
2571
66676
2466
47413
4177
959
7380
14001
1159
91053
1001
2598
5436
3839
2242
4263
4218
23481
2994
3791
2445
5633
2430
10424
4036
2048
5251
5242
2039
3645
9266
2845
3691
2094
6879
22939
3676
3685
515
3709
506
5306
4213
5013
3416
1699
27383
4225
2668
1528
4731
94616
4722
28848
3164
2909
112066
3961
2364
5567
8788
2367
5570
38475
19212
1212
4415
4406
2397
2605
63597
5808
3002
1616
4819
17967
5155
63083
5294
1433
4636
23890
4627
1725
4928
119
3322
4919
116
3319
2641
1047
1017
13859
1844
1899
34004
1974
3661
4323
2726
4795
3998
540
109697
2404
3485
5082
1879
3177
12786
2596
5799
11959
5538
3141
49685
4738
3938
879
96382
67
3270
2467
1639
4842
4833
1630
30
3233
44872
5206
2815
3612
4015
2154
3557
20429
1166
2763
70086
44402
4354
1151
43386
4860
1672
4875
6179
2985
127863
94
3297
171
51
51419
5106
3622
20503
7661
1240
4443
15676
2834
24730
5467
114624
2489
15331
5811
5691
57059
1826
3423
2623
1026
55597
4229
1344
10968
4547
2188
2810
2043
46885
3640
2503
97
3300
4897
1664
14506
24555
5292
2700
15542
2730
4363
12354
2745
4932
3587
2164
4555
103
3306
2509
5712
4106
912
4115
2482
852
7273
4070
3276
98794
2479
882
4359
1171
4374
907
52275
1002
3769
47304
5665
2462
5063
3466
45186
239
6660
4257
15505
2663
3066
495
26179
2269
3866
663
9900
3479
2591
25048
5785
2582
1791
4994
3388
4985
4881
7994
46520
57
6478
2165
10312
3891
2294
202
96517
427
59958
2169
3766
4560
2963
1267
20530
3670
79889
9258
15664
2852
3664
2415
89091
5618
5603
3064
4661
7888
1467
2267
3864
673
131
3334
2534
18579
5737
4065
16907
877
20140
7298
4095
5587
24850
2429
5632
117476
60655
2866
3663
80
22546
3283
3163
54531
1686
4889
494
3697
1866
5060
11478
5057
1854
5797
4197
994
97318
1003
101
3304
4892
1695
4898
89
3292
2579
1841
2701
2602
21865
4822
193
3387
130
25814
5809
2606
8008
4805
1158
91052
53
3256
6153
63942
3085
4853
1662
4856
1235
2832
18062
11641
5220
2017
2026
5229
1437
4640
2414
3022
541
58330
3879
11134
4713
2475
4838
1635
4832
32
3235
4169
5766
2563
16945
4133
71612
981
113332
4175
127132
5133
3536
6906
485
19748
18922
4549
4124
921
2527
5730
4667
168
3371
44893
2696
305
3508
5096
17350
4508
478
6899
3696
2381
5584
787
5578
2131
4888
11309
56271
37008
4903
4783
107519
56151
4921
2542
5745
945
4139
5270
2067
3673
1285
4488
4479
2882
2687
86160
3743
3138
3108
15950
4622
15870
3028
901
45848
123005
1006
4209
2729
1132
4335
2693
4326
2013
1908
46855
3607
1365
4885
36855
62539
900
4088
2491
4821
4776
24039
1627
4830
6758
337
3330
93224
123056
1057
4260
23514
4251
3176
125328
3329
4926
657
3860
5448
5439
2071
72702
3326
123
1366
71997
4734
22942
3679
10100
1839
242
3445
5033
2636
2281
5484
3078
4576
23839
1108
4311
745
71376
55481
4113
891
79
3282
6395
44921
11300
4879
3181
4778
3975
61629
8600
2179
5382
5262
56630
3776
2178
3775
86448
2975
3592
2345
66555
4954
3945
1554
1539
7960
1274
1423
7844
3053
1925
5128
225
3428
3293
61082
3419
1822
2982
2997
1400
27976
2292
662
7083
3880
695
1873
5076
4669
4673
4671
3874
3807
127549
5550
3957
754
127550
5551
3954
10377
3956
20955
1692
104428
67753
3543
26264
580
2177
5380
24598
59670
14723
5141
29171
3487
5159
21174
1965
5168
23003
10161
3755
3853
47465
2518
5721
3584
351
13193
4387
2790
2793
5506
164
3367
4306
10712
2709
4102
30991
5307
3638
3386
995
830
71461
3454
717
63947
341
3544
5132
2416
5619
423
3626
2020
5223
3617
54075
2707
127548
5549
4967
1773
13009
167
16212
3370
2428
101721
5631
4025
122821
822
4953
4153
950
746
7167
2444
4835
10459
4038
844
55415
4047
5194
1991
124
3102
99417
2803
5781
102096
46153
20469
1206
17251
4409
1116
39642
5588
2385
3991
67188
2978
2879
22142
5666
2463
5636
18478
875
4078
457
6878
3675
1731
4925
57923
134
2643
5224
14234
1392
2989
5377
5257
56625
79241
2189
3786
1072
4275
2669
2878
34917
2812
15654
2936
66928
2718
4313
2480
90947
1263
4466
105249
2513
5716
13758
916
5707
2504
3931
2892
66952
71926
1295
4498
3884
621
26305
723
2320
3016
2940
1542
10230
3809
3033
4542
1339
58993
2945
920
2517
5720
5091
3494
2524
5727
24696
5433
2239
5442
3142
1545
4748
5566
16745
3933
1330
4524
765
705
26389
3959
2389
5592
5583
3057
99306
2991
15833
3006
9427
57586
6218
12639
2908
904
4107
13766
2587
5790
5796
2593
2443
66653
52618
4938
77190
138
3341
2547
5750
2427
53795
12129
2520
4144
2858
9242
2821
2458
5661
861
4064
100370
4055
13857
1015
2612
5806
2603
47372
2425
5628
4760
4356
3801
7868
1447
36755
4650
6238
2626
116607
1029
5149
3552
13191
349
2913
2898
35003
9319
4510
2243
5437
2234
18
3221
4818
2577
5780
8775
2354
15166
127547
5548
15930
3088
4685
56
134777
51304
56161
43319
4883
96
3299
1702
6514
93
3296
106249
3513
310
3047
3835
2238
2382
5585
3979
5576
2373
3481
5078
798
768
13610
2395
2392
3971
636
13478
17385
4543
58994
3569
4972
1778
4981
5769
2575
5778
5030
3433
14612
5003
206
6627
3424
849
4052
96036
3104
54472
22367
60938
3149
2789
4386
1867
24324
5061
5058
21
3224
3029
86502
4965
1717
20980
113726
81621
1546
4749
4824
5130
58128
6760
339
3542
22796
3533
4228
2634
5552
127551
1095
4298
21035
1772
4975
166
3369
113
9737
3316
93000
4904
21308
2891
1294
4497
14873
2031
5234
3628
1734
5719
2525
5728
5083
3486
61140
4087
28174
2490
58682
893
3347
4944
153
3356
64987
777
3980
537
103273
4346
809
4798
43324
3858
2261
5464
16634
3822
3129
1532
27201
1517
59306
7938
4735
3000
2125
5088
50035
5193
1690
4893
1097
2684
1302
4490
10911
2703
2405
24871
5608
60346
2557
5760
5014
1736
33841
2240
5443
16679
3837
634
58153
26048
364
115942
294
6715
61301
3512
2437
5640
2295
47137
3873
7016
595
32700
122349
16680
3838
268
16283
3471
4993
17835
21083
1820
45725
778
7184
93875
3981
5569
4790
6536
115
22581
3318
1712
4906
1703
215
3418
107709
11394
4988
769
13611
2432
5635
45879
4357
67856
3646
2282
5485
2222
27906
4367
4532
286
271
6692
3489
3480
262
6683
2650
45
61037
3248
3215
9636
5384
2181
5015
43
3246
4895
4775
56143
51463
95
3298
3797
1848
11472
5051
3585
5182
1988
5191
1487
3084
4436
27935
15093
8672
2251
5454
3848
28180
2496
5049
2590
5784
34913
2808
2905
5018
4689
3619
5
35313
3208
1401
2523
5726
4120
28260
2576
5779
25
3228
19183
44867
4825
15232
2390
793
2028
4465
4421
5065
3468
15192
2350
5553
1422
4625
2193
66226
2016
2966
4383
12368
2759
18756
4221
4336
1133
2609
18654
5812
5803
2600
2315
5509
878
90772
1058
13900
3759
1356
4559
2953
5040
3717
3827
5424
2221
3059
3058
15826
2984
682
71313
7268
847
4239
4820
20
3223
4990
1727
27411
91690
1796
1781
8202
4999
1768
2159
2349
4777
3180
4784
107520
10136
3715
2309
5512
4235
103528
157
3360
3333
189
3392
3383
2678
19985
722
13564
3982
3020
15862
3050
134538
63907
36
3239
3582
18021
5179
1871
46818
5059
56427
3701
3354
4951
3474
5071
3668
3623
22886
3473
78
3281
4878
1551
20814
1596
23972
4709
43235
4844
1641
3472
269
3482
5079
3484
236
19499
29386
3702
5299
2215
2607
5810
2659
2986
2485
5688
108294
47542
2595
4699
6305
9307
2919
5146
5767
44203
5422
2219
11904
5483
692
2289
43928
5492
3886
3841
23104
4280
10686
46024
1077
5765
2412
66622
2872
55837
4469
116844
1266
3440
3230
93124
2302
5505
1607
4810
9538
3117
49661
4714
117089
1511
23580
4317
61971
1114
2651
28335
2711
4308
4158
68368
591
51959
3914
128205
25469
112205
3048
88118
4645
3308
5537
15176
2334
1347
1062
123061
2569
5772
127546
69757
5547
2344
2554
5757
957
4160
4678
14272
1430
20693
2972
24596
27799
5416
2213
43154
4628
4637
1434
4511
1203
46150
2033
91717
4702
5425
733
3936
89006
5533
95217
6214
116618
87986
4513
1310
23978
4715
59301
7933
1512
4741
67222
3012
9433
3027
7157
736
3939
22362
3099
1079
4255
10661
1052
118588
3010
4491
26981
1297
55868
4500
4325
15962
3120
4717
2450
3883
93315
3123
22386
9237
2816
4413
24676
5413
2265
5468
5477
2274
97943
46575
1628
9
3212
3140
4244
1427
4630
2464
5667
2987
2800
1194
4397
14005
4396
107728
4992
1714
33819
2199
10199
3778
3763
10184
2682
4754
4724
17566
2900
5038
4933
49880
22830
3567
2323
16744
3902
3887
10308
2322
10214
3793
5395
1877
136718
1174
4377
829
4032
2633
3009
3656
2032
5235
4909
1706
4900
12942
100
3303
3767
22602
3339
1073
4276
4701
4215
927
4301
1691
72322
3651
5036
1833
2774
2722
179
3382
5232
2029
3061
1455
4658
2983
2988
9378
2957
2764
4952
152
3355
27508
5087
1884
4847
107583
4026
3082
1644
1737
27361
114097
4940
2658
10193
3772
2639
3703
5300
4758
62412
1937
5140
1016
4219
3200
4509
4269
107005
4519
2922
3538
2374
11998
5577
5658
4340
1696
14538
4929
45491
544
6965
3762
4666
1935
5138
5660
2457
2220
5423
4334
3876
113033
2697
9118
2712
3789
3777
2862
4414
2553
5756
4634
54045
2677
77092
40
3243
3198
22461
11548
5127
1924
1273
4476
5754
130971
2551
4635
3885
26261
45524
10946
4525
54133
2765
12359
18780
4639
107135
11953
5532
2329
3311
4908
1705
108712
3013
70276
4907
1704
2085
21303
4855
5157
1963
5731
2528
1987
5085
50032
3719
2758
1066
20329
55562
976
58765
119892
10735
4314
6229
3026
5427
5142
127141
2979
5280
1837
104573
2365
5568
5068
4902
1708
4911
84
4950
4956
56422
5054
5064
4470
69165
4955
5056
59537
1748
46695
1853
5089
4913
1863
5066
5072
2897
3279
122075
76
2970
669
399
26083
115977
24368
5105
2960
2973
2857
4561
4546
10967
3627
394
13236
75818
5187
21202
1984
19440
177
3380
8658
2237
104973
2477
4362
24051
4788
5274
3196
4110
5800
2597
3930
16772
5283
4548
4540
2943
986
686
129106
13798
2124
5746
2543
24859
69806
4653
3861
23094
3831
16673
694
3897
5572
2369
27737
2053
5256
4296
2916
102202
6112
2403
5606
3055
2974
15816
28688
3004
5743
2540
24961
4464
2515
8936
2530
50680
5733
4253
1834
14676
1864
5067
334
45281
3708
22971
3753
16903
4863
2761
1490
4693
3096
17328
3410
61067
3413
5510
2288
4807
4224
2627
1661
46608
7134
713
29540
3988
3912
4852
476
5267
338
9947
5165
1962
365
4957
313
112553
54764
3660
5759
2556
11687
5266
55079
3711
508
4217
2620
5432
3390
3730
97462
1147
1102
20365
4350
2753
2818
4613
4264
69622
5412
2775
12384
2802
2760
3710
107197
4461
4140
3488
29172
3548
2617
4067
5039
5749
8967
2546
5740
143469
2537
5718
2574
5777
4840
5074
22343
3080
4677
3195
4792
4233
47353
2406
66857
3391
49219
4272
1032
13874
5304
4453
3893
3024
20761
1498
7919
4716
3119
2407
4004
2505
50931
4000
4044
4034
64891
15278
2436
114796
18481
5639
4042
4048
3995
4043
4045
2449
4046
4059
7172
45698
3992
4101
4104
2137
2135
2252
34357
5530
2327
3750
3618
29302
3765
241
64451
3594
3704
3005
934
4137
5581
2378
25322
63848
44714
3075
71717
1086
2776
4452
498
6919
3716
5107
70
3273
1667
4870
2820
1341
4544
1342
4545
2297
5493
2290
3896
2287
4108
2511
2934
43057
4531
4605
2996
4593
3862
2256
5459
2304
24770
5507
5203
2000
3036
6239
5202
2783
2771
12850
8
3211
57662
161
3364
3804
3635
4638
104171
1435
3041
14233
7827
14215
4302
3500
212
6633
3439
4285
2910
4773
3077
34
3237
4694
4837
1115
103851
37
67450
3240
4843
3175
4772
3756
135394
553
3747
1788
69051
4991
1201
4395
2798
5752
4449
56939
5571
22398
3135
107468
43258
4732
2720
3579
75
44917
4330
1897
5100
4425
4293
1972
34074
1969
5172
1978
117469
21154
24357
5139
1945
5148
5210
117585
2007
59473
5184
59770
1981
3794
4648
3051
3432
2670
2725
2724
2619
47566
12761
3152
3590
381
6802
396
46867
1920
3888
4166
2559
28243
118137
67368
3158
2599
11109
4688
4220
3757
11737
3752
26121
437
51805
3760
3764
145
3348
4945
2660
1485
59274
4823
23
3226
121
54692
3324
2621
6039
10872
4451
4930
603
45550
708
387
6808
5807
60393
2604
4721
1383
59172
3172
4769
4812
4815
15
3218
69
3272
4869
4986
103645
909
5700
104316
33685
4858
58
3261
3194
4791
4896
86
102582
3289
4886
33550
104016
5002
3405
5277
5004
3407
4876
4727
27148
94395
4501
5621
2418
4024
5630
3562
4332
2735
5204
5150
2010
2672
28356
10822
4401
56575
18049
5207
2004
3601
5198
1749
65959
5102
5111
3133
4730
1959
107
3310
6318
89791
3553
5290
3693
5169
3572
2948
60737
5255
5112
119893
4315
4836
63521
5732
4141
5738
121325
5747
2544
5410
1038
135879
55924
126555
4556
2794
73425
2959
3491
5376
3065
4662
6157
4563
2854
15696
2824
28508
4517
2920
16344
3502
5099
4226
3429
3993
5590
2396
2411
2402
44131
5605
4008
4019
5586
3989
4703
4081
2484
5687
2185
3683
22946
5379
92
3295
116682
11633
5212
4922
3641
11659
5238
4692
1489
71841
116788
4683
3086
10563
4142
5748
2545
4151
2555
5758
26642
958
4161
2958
4347
6563
142
3345
2961
5805
2611
3547
47306
28043
2359
4262
22728
3465
24777
2419
3610
10031
67835
3625
5222
3672
69479
5269
5656
28137
2453
27967
2283
5486
18070
5228
2025
87221
3748
3565
4651
22317
3054
3851
675
2272
5466
4813
6437
16
3219
4388
2791
3588
5302
3705
45168
58010
4105
2508
5582
5411
1056
2653
204
122203
3692
5171
3574
81
5043
2838
79890
3018
9435
3014
4647
5457
17506
4664
5461
5458
3072
5463
2769
5163
22829
3566
363
4268
49952
5005
3583
5180
4365
1858
104594
3983
2386
5580
4786
3189
5279
3682
5276
4295
5092
5308
3609
3929
2332
2809
4450
2792
4389
3453
5284
10108
3687
135084
4376
68677
4467
2870
5264
16509
10088
3667
4156
1170
14012
2833
6027
5233
3636
2046
5249
3652
4114
24114
4851
1588
27272
114
3317
122
3280
22543
176
3379
2860
69893
4416
2710
4307
5508
2939
951
4154
5751
5131
3534
4392
5189
22827
3564
3984
113065
3908
2311
5502
48747
3905
4040
837
33
4086
4420
4270
31
28
3231
1
3204
12813
3201
59249
3616
29714
4030
4021
4066
3357
3406
5415
24678
5460
93592
3698
35803
2266
5469
5704
86163
2690
47637
102088
20641
3437
5034
11840
5434
5209
43978
5452
3713
3134
4728
3426
2739
5783
2580
3943
5173
99891
3576
316
13158
22
12834
128142
4849
3127
112296
3139
4736
22661
3398
5789
2938
3537
5134
54211
2843
55166
3918
2321
3699
5296
2844
4408
10829
4684
2806
340
26024
3603
5197
3829
5435
2232
5438
2353
9568
3147
4744
5544
3947
4998
4827
1564
27248
90
24015
4484
795
97110
11876
5455
4643
3846
3849
3187
4787
3190
3972
10393
49338
4391
966
45913
23627
4364
7522
26785
4767
3170
3167
4764
5564
3967
2770
2767
65050
5041
1838
5032
3435
2638
4506
1315
127829
2912
3706
63092
5303
3128
4725
3520
625
7046
2227
23084
3821
3818
2212
5084
10986
4565
122527
55616
4248
5048
3451
4871
2050
5271
4474
362
19625
67098
2888
4485
3688
2861
5053
3456
5080
5462
49612
4665
4668
3182
4779
2929
4478
14087
3554
2751
4345
38424
4796
3199
43329
36908
4803
3
3206
4520
2926
174
22640
3377
4974
4983
5786
2592
2565
92249
5768
2999
4424
43747
5221
0
9624
3203
3591
5188
3427
122998
4487
2890
5011
181
13023
3414
4211
5008
4980
2589
4434
77
17719
4877
4946
12988
146
3349
12985
143
3346
4943
4146
16961
4149
5023
107759
3352
2868
5295
4655
47774
3689
1531
110688
4697
4700
3103
3690
172
115480
3737
128
3091
105827
4428
5225
4675
4128
4053
5542
3260
5546
1623
4826
26
3229
4023
2426
5620
30278
4654
3857
1942
16696
3854
5451
4884
5573
3976
5016
2664
10682
4261
19345
82
3285
4882
3978
5575
2817
2487
66697
2937
4294
10715
4446
2849
5240
4473
3927
3130
4528
2667
54035
2998
29479
10216
3795
2420
559
51927
4681
5478
2691
4288
5453
398
51766
5540
4743
3666
2111
5305
3923
1394
27078
4720
3621
4412
4966
4570
81622
2772
5081
4284
4691
6438
17
3220
4817
2762
4644
4806
4656
3859
3459
4256
5278
4481
12765
5192
88668
5195
3598
3192
4789
66
9690
3269
4866
2318
3506
5103
59701
1912
3509
5162
69372
2298
3188
3185
4782
5541
2338
93829
3935
1304
46251
4729
4631
2646
4393
3596
10
73844
3213
134552
44658
4733
5626
2438
5226
6790
369
13211
3629
3417
5414
3820
1980
43709
5183
4614
3165
4762
6401
4804
3589
2889
4483
38
4880
4768
92757
2863
68658
4448
5245
4742
5539
36966
4861
5258
5655
4429
3444
4241
3447
99952
3637
2446
15288
175
3378
3901
3101
4698
5095
3504
5101
3507
3539
2949
2149
3746
4659
3497
3162
4759
4756
105974
4739
4360
4372
1169
2766
5554
11626
5205
3608
4411
11229
4808
5109
4496
5503
4435
4632
4726
3977
4774
5504
3907
2805
5196
4405
5775
4916
5211
3620
5214
4931
3344
4941
4318
4236
2642
4521
12341
44446
3799
3830
4310
90647
753
71384
5657
2454
3160
63738
9806
3385
4982
2588
50723
5776
17538
107432
2624
28297
51901
2394
22139
47823
3499
3501
29185
5272
119595
4027
5624
3639
436
5227
4352
59
3262
49806
4859
5450
5090
4872
2757
3422
5019
228
4063
6435
14
3217
5208
3611
5199
2964
113747
3525
4794
3994
5591
2615
4212
5012
3415
5009
16254
3412
29087
3403
49947
5000
229
19492
4006
3803
3397
5788
3842
4398
5604
2410
3634
2640
5031
3434
4231
1973
5167
3573
1176
4370
4964
3166
4763
4960
10987
4566
5098
4111
17561
4719
4997
4092
5689
3205
4996
3519
4316
355
2746
4686
3089
5471
139594
4753
5353
5637
4056
2459
5244
3650
56609
5241
1184
14026
4444
2865
63774
4041
5638
94493
65461
1251
57200
2902
4468
5268
3671
5265
57073
4471
85
3944
2747
4341
3535
11550
5129
2568
5771
980
4165
5762
4939
4740
3155
23215
3952
5703
2915
4512
4118
3530
4445
2848
4442
4682
69686
5476
5055
22721
9879
3458
4529
2914
5634
4039
5627
49712
4765
3577
