0
1
2
3
4
5
6
7
8
9
10
11
12
1152
13
14
15
16
17
153
18
20
22
24
25
26
27
28
29
30
31
32
33
34
35
36
37
1281
38
39
40
41
42
43
44
45
911
46
47
48
49
50
51
52
54
55
56
57
58
59
60
61
62
63
64
66
67
68
69
70
71
72
73
74
75
76
77
78
1985
79
80
1428
81
82
83
84
8998
85
1103
87
88
89
90
91
92
93
95
96
97
98
2876
99
2195
100
101
102
2141
103
104
105
844
106
1189
107
108
1188
1334
109
110
111
112
113
114
115
116
5076
117
118
119
120
121
122
124
125
126
127
128
129
130
131
132
133
134
135
136
6606
137
138
139
140
141
142
143
10305
144
145
146
147
148
3674
149
150
4572
152
154
155
156
157
158
159
160
161
1624
162
7157
163
165
166
167
168
169
170
171
172
173
174
175
176
177
178
252
179
180
181
182
506
183
184
185
186
187
188
189
1666
190
191
192
193
8655
6172
194
195
196
197
198
199
200
201
202
203
2092
204
205
206
207
208
209
210
211
212
213
214
215
216
217
218
219
220
221
222
223
224
225
226
227
228
1130
229
230
231
232
2258
233
234
235
236
237
238
2884
239
240
241
242
243
10097
244
245
246
247
248
591
249
250
251
253
254
255
256
257
258
259
260
9845
261
262
263
264
265
266
267
2329
268
269
270
271
272
3133
273
274
275
276
277
278
5117
279
280
281
282
283
284
285
286
607
287
288
289
3193
290
291
292
293
294
295
296
297
298
3287
3850
299
300
301
302
303
304
305
306
307
308
309
310
311
7659
312
313
314
315
316
317
318
319
6792
320
321
322
323
324
325
326
327
328
10450
329
330
2436
331
332
333
11194
335
336
337
338
339
4924
3644
9651
340
3781
341
342
343
344
345
346
347
348
349
350
351
352
353
354
1446
355
2970
356
357
358
359
1977
2894
360
361
362
363
5249
364
2961
365
366
367
368
369
370
371
372
373
374
1733
375
376
9668
377
378
379
380
381
382
383
384
385
2071
386
387
388
9605
389
390
391
392
393
394
395
396
397
398
399
400
401
402
403
2346
405
406
407
408
409
410
3854
1958
411
412
413
414
415
416
417
10795
700
418
419
420
421
422
4220
423
2333
424
425
426
427
428
429
430
431
432
1824
433
3091
434
1677
435
436
437
438
439
9482
1808
440
441
442
443
444
445
446
447
448
449
2512
450
451
452
1961
453
454
455
456
457
458
459
460
461
462
463
4416
465
466
467
468
2514
5715
469
470
471
472
7601
473
474
896
2331
4610
475
476
477
478
479
480
481
482
483
484
485
486
487
488
489
490
491
492
7300
493
494
495
4172
496
497
498
499
4583
500
501
502
503
1724
504
2161
505
507
2590
508
509
7753
510
511
512
7568
513
514
515
516
517
2355
518
519
2070
520
8248
521
4740
522
523
524
525
2833
527
528
529
5451
530
531
532
533
534
535
536
537
538
539
540
8312
541
542
543
544
545
546
981
547
548
549
550
3405
551
552
553
554
555
556
557
558
559
560
2899
561
770
562
563
10615
2439
564
565
566
567
568
4614
569
570
1700
571
572
4395
574
575
3244
576
3416
577
9184
578
579
834
580
6270
581
759
582
583
584
585
6127
1618
4747
587
588
589
590
592
593
594
595
4950
596
597
598
600
601
5689
602
603
604
605
1567
606
1503
608
609
937
611
9856
612
613
614
2288
615
2803
616
617
618
619
620
621
622
10840
623
624
11106
625
626
627
628
629
630
631
632
633
634
635
8241
636
637
638
639
640
641
642
643
10659
3944
644
645
646
647
648
9540
649
2856
650
651
652
4989
5116
653
8270
654
5963
655
656
657
658
659
660
661
662
816
663
664
665
666
667
668
669
3311
670
3371
671
672
673
674
675
676
677
678
679
680
681
682
683
684
685
686
687
688
689
690
691
692
5621
693
694
695
7957
696
697
698
699
8167
701
702
703
704
705
706
707
8633
708
2904
9317
709
9665
710
711
712
713
714
715
716
717
718
719
720
721
722
723
724
725
726
727
728
729
1248
730
731
732
733
734
735
736
737
738
6080
6575
739
740
741
9355
742
743
744
745
4812
746
747
748
6782
749
8891
10451
750
9550
5242
751
752
753
8706
754
3917
3939
755
2906
756
757
758
760
761
762
763
764
803
765
8494
766
767
768
769
771
773
774
840
776
777
778
780
876
781
782
783
784
785
786
2507
787
788
3410
790
5721
9451
10633
1350
792
793
807
794
856
8391
795
796
797
798
799
8710
800
801
802
5252
804
805
1835
806
808
8912
809
810
811
812
813
814
1363
815
817
818
10677
5651
819
820
3532
4559
821
8865
822
823
824
4530
825
826
8447
4581
827
829
9528
830
831
832
833
835
4289
836
837
838
839
841
842
843
845
846
847
848
849
850
851
9260
852
853
854
855
2648
857
2450
858
859
860
861
862
863
864
865
866
6758
867
868
869
870
871
872
873
875
1524
877
878
879
880
7558
2253
881
882
883
884
885
886
887
888
889
8433
890
891
892
893
894
895
897
898
899
900
901
5480
902
1449
903
5075
904
905
906
908
917
909
910
912
913
914
932
915
4345
6533
916
8173
918
6505
919
920
6498
921
922
923
924
925
926
927
928
929
4900
930
931
933
934
3615
935
10581
936
938
7214
6583
939
940
941
942
10678
943
944
945
2374
946
947
948
949
950
2655
951
3129
952
953
954
1873
955
956
957
958
11061
959
960
961
962
963
4967
3190
964
965
966
6974
967
4807
1467
968
2527
3962
10685
4691
969
970
971
10481
972
973
7873
1016
1075
974
9483
975
976
977
978
6282
979
9946
980
982
3475
6121
983
1744
3292
984
985
986
987
988
989
991
992
993
9718
994
6405
995
996
6445
997
998
999
1000
1001
1002
5839
1003
7411
1004
1005
10618
2208
1007
7231
1008
1009
3501
1010
1011
1012
1013
1014
7980
1015
1017
10652
7830
1018
4751
4362
1020
10725
1021
1022
1023
1024
4971
1025
1026
4460
1027
1028
1029
1030
1031
1032
1033
1034
1035
1367
1036
1037
1038
1039
1040
2407
1041
10384
1042
1043
9070
1044
1045
1046
1047
1048
10584
7175
10178
1049
1050
1051
5420
1052
8618
1053
1054
6347
1055
1056
1057
1058
7450
1059
1060
6131
1061
1062
1063
6005
1064
5493
3461
1066
1067
1068
1069
1070
9447
1072
2137
1073
1074
1076
3283
1077
1078
1079
1080
3697
1081
3223
1082
1083
1084
1085
8700
4667
2367
1086
1087
4535
1088
10890
6097
1089
1090
1112
1091
1092
1093
1094
1095
1096
2238
1097
1098
1099
1100
1101
1102
1104
5612
1105
7826
1106
1107
6056
4899
6644
1108
1109
1110
1111
1113
5234
4004
1114
1115
4872
1116
1117
1118
1119
1120
1121
4870
1122
1123
1125
1126
1127
1128
1129
1131
2566
1132
1133
9073
1134
1135
1136
3525
3711
1137
1138
1139
1140
1622
7370
1142
6269
1143
1144
1145
10473
1146
1147
1148
1150
10731
1151
1153
1155
1156
1157
4599
1158
1159
6715
1160
4286
1161
1667
1162
1163
1409
9206
1165
1166
1167
1168
1169
1170
2495
1171
1172
1173
1174
5720
1176
1177
5463
1178
5840
1179
1180
1181
1182
1183
1184
1185
1187
8999
1191
2136
1192
1193
1194
1195
1789
8145
1196
1197
1198
1199
1200
1201
1202
9508
5115
10509
2831
9177
1204
1205
1206
1207
1208
1209
10564
1211
2586
1212
1213
1214
11087
1215
5439
1216
1217
1218
1988
1219
1220
1221
1222
1223
1224
1225
1226
8028
1227
1228
1229
1230
1231
1232
1233
6582
1234
1235
1236
1237
1238
1239
8341
10467
5727
1240
1241
1470
1242
1243
1244
2058
1245
8773
1246
1247
1249
8275
4798
4933
1250
4504
1251
1252
1253
5682
1254
1255
1256
1257
1258
1259
1260
1261
1262
1263
1264
1265
1266
1267
3511
1268
1832
1269
1270
1271
1272
1273
6744
1274
1275
1276
1277
1278
1279
1280
1282
8511
5487
1283
4907
1285
1286
1287
1288
1289
3873
1290
1291
6198
1292
1293
1295
1296
1297
1298
1299
4576
1811
1300
3743
1301
1302
1304
1305
1306
1307
7572
1308
1309
1310
1311
1313
1314
10466
1315
1316
2847
1318
1319
1320
1321
1322
3274
1323
1324
8599
1325
1326
1327
8327
1328
1329
7310
1330
1331
1332
1333
1335
1336
1337
1338
1339
4350
1340
1341
1819
2968
1343
1344
1345
1346
1347
1348
1349
1351
1352
7646
1353
1877
1354
1355
3975
1356
2774
1357
1358
1359
1360
1361
8694
1362
6651
4896
1364
1365
1366
1368
3348
1369
1370
10572
1371
1373
1374
1936
5779
6065
1825
1375
1376
1377
1378
8604
1379
1380
1381
6936
1382
1383
3115
1384
1385
7122
1386
1387
1388
1389
1390
1391
1392
3105
1393
1395
2659
1398
1399
1400
7680
1401
1402
1403
1404
1406
8284
1407
2975
6499
4792
1408
1410
5981
1411
1412
1714
1414
1415
10517
1416
1417
1418
1419
1421
1422
1423
1424
6404
4148
2517
1425
10711
4096
1426
1427
7658
1429
1430
1431
2551
1432
10361
1433
1434
2392
1435
1436
1471
1437
1439
1440
1441
1442
1443
1444
1445
1447
1448
1450
1451
1452
1453
1454
2402
6962
1456
7293
4421
1457
1458
1459
1460
1461
7886
1462
1463
1464
1465
9688
1468
1469
1472
1473
1474
1475
1481
1476
1477
1478
1479
1480
1482
1483
8179
1484
7606
1485
1486
1487
1489
1488
1490
1491
1492
1493
1494
1495
8366
1496
6945
1497
1498
6311
2314
6836
1500
1523
1502
7994
1504
1505
1506
5521
1507
1508
6183
4661
1509
1510
1511
1512
5467
5280
1513
1514
2574
1515
1516
1517
1518
4473
1519
1520
2787
1521
1522
1525
1526
1527
8934
1529
1530
1531
1533
1534
1536
7163
1539
1540
2203
1541
10689
1542
1543
7737
1545
1546
1547
1548
1549
1550
1551
1552
10456
1553
1554
1555
1556
1557
1558
1559
1560
1561
1564
7764
1565
2185
1566
1568
1569
1570
3894
1571
1572
1573
4720
5131
1576
1682
1577
1578
1579
1580
1581
1582
1583
1584
6676
1585
1586
1587
5624
1589
1590
1591
1592
2690
1593
1594
1595
1596
1597
1598
1599
1600
1601
1602
10917
1603
5450
1604
1605
5497
1606
1607
2231
1608
1609
1610
1611
10847
5583
7972
1612
1613
1614
1615
1616
7208
8555
7527
1619
1620
5910
1621
1623
1625
3197
6824
1626
1627
1628
8126
5227
1629
5831
1630
1631
1632
1633
4721
4785
1634
1635
1636
8435
1637
1638
2957
6213
1639
1640
1641
11138
1642
3313
5897
9168
7593
1646
5813
1647
1648
4928
5236
1649
1650
1651
1652
1653
1654
1656
1657
1658
5472
1660
1661
1662
10080
1663
1664
1665
3524
1669
7536
2100
2520
1671
1672
1673
1674
10993
1675
3741
1676
1678
7741
1679
1680
1681
1683
1684
1685
1686
5825
1687
1688
1689
1690
1691
2634
7620
7488
1694
10661
1695
10960
1696
1697
6218
1698
1699
10821
5240
1703
3825
1806
1705
1706
1707
1708
1709
1710
1711
6755
1712
1713
1715
1716
2849
1717
1718
1719
4419
1720
1722
1723
1725
10575
1726
1727
7969
6789
1728
1729
1730
6671
1731
1732
5220
1734
10933
1735
1736
1737
8670
9400
1738
1739
1740
1741
1742
1743
1745
1746
4763
9121
1747
1748
6695
1749
4076
1750
1751
5798
1752
3212
3598
1753
1754
1755
1757
1758
1759
2808
1760
1761
1762
1763
8297
2873
1764
1765
1766
4977
1768
2881
3396
1769
1770
1771
1772
1773
1774
1775
1776
1777
1778
1779
1780
1781
11199
5384
3572
5916
3258
1782
1783
1784
1785
1786
1790
1791
9630
1792
5496
1794
1795
2339
2931
1797
3538
1798
1799
2732
1800
1801
1802
1803
1804
1805
4062
7645
6207
2853
1809
1810
1812
8396
1813
1814
1815
1816
1817
1818
1820
1821
8237
4056
1822
10757
10494
1823
1826
1827
5063
1828
1829
1830
4006
1834
1836
1837
6976
1838
10355
1839
5419
1840
1841
1842
1843
1844
1845
4656
7389
1846
6154
1847
1848
1849
1850
1851
3796
1852
1853
1854
1855
1856
1857
6427
7949
1858
1859
1860
2878
9198
1861
1862
2142
1863
1864
1865
1866
1867
8589
3623
1869
1870
1872
10103
1874
4126
1875
7808
1876
1878
1879
1880
9175
1881
1882
10098
7086
1884
1885
2622
1886
1887
1888
6182
1889
4479
1891
1892
1893
1894
9104
1895
1896
6816
1897
1898
1899
1900
3671
1901
1902
1903
1904
1905
9734
1906
1907
1908
1920
4789
1909
1910
1911
1912
10193
1913
1914
10027
1915
1916
3288
1917
1918
1919
1921
10695
1922
1924
1925
1926
1927
1928
1929
1930
8103
9927
1931
1932
1933
1934
4087
4349
1935
1937
1939
1940
1941
1942
1943
1945
10691
1946
1948
1949
8413
1950
1951
1952
1953
9923
10226
1955
1956
1957
1959
3897
5890
1962
1963
1964
1965
1966
10823
1967
1968
2688
1969
6061
1970
1972
1973
1974
1975
8233
1976
1978
1979
1980
1981
1982
1983
6117
6654
1984
10461
1987
7164
1989
1990
1991
1992
1993
1994
1995
5287
1996
1997
1999
2000
2001
2002
2003
2004
5161
4816
2007
2008
2009
2010
2011
2013
2014
2016
2017
2018
2019
2020
2021
3938
6880
9280
2023
2024
2025
7482
6386
2026
5948
2027
2028
2029
4874
2030
2031
2032
3382
2033
2034
8251
9406
2035
2036
2037
2038
2039
2040
2041
3465
9356
2042
2926
2044
2045
8043
2046
2047
3544
2260
2049
9049
2051
2052
4401
2053
2054
3491
2055
2056
2057
2059
2060
2061
8429
8252
5330
2063
2064
2065
2066
2067
2068
2069
6137
3946
2072
2073
2074
2075
2076
2077
8041
2079
4567
2080
2081
2082
2083
2084
2085
5690
2105
2088
2089
2090
2091
2093
2094
2095
2106
2096
2097
2098
3912
2099
2101
2102
2103
7989
5669
8231
2104
2107
2108
2110
2111
4309
2112
2113
2114
2115
2116
8005
2117
2118
2119
2121
7020
2122
2123
2124
2125
9265
9217
2127
2128
2129
2130
7771
7953
4861
8754
2131
2132
2133
2134
2135
2138
2139
2140
2143
2144
2145
8010
2146
2147
2149
5704
2150
8657
2151
2152
6069
2153
2155
2156
2157
4403
2158
2861
2160
2162
2163
2164
8764
2165
2166
2167
2168
2169
2170
2171
8188
2174
5943
2175
7391
2176
2177
2179
2180
2181
2182
2183
2184
2186
2187
6070
2188
5089
9850
2189
2190
3980
2191
2192
2193
2194
2196
4596
4973
5201
2198
2199
2200
2201
2765
2202
2204
9573
2205
2206
2207
2209
3216
2210
9091
2211
10617
2212
2214
2215
6829
2216
3498
2218
5636
2219
2220
2221
6001
2222
2223
6871
9950
5643
2225
10989
2227
2228
2229
2230
2232
6515
2234
2235
2237
11084
2518
2239
5479
2240
2241
10590
2244
2245
2246
2247
2248
2249
2250
2251
2252
2254
2255
2256
8242
2259
2261
2262
2263
9320
4804
2264
2265
2266
2267
2268
2269
2270
2271
2272
7927
2274
5026
2275
3431
8078
8964
7595
8415
2276
2277
10266
2278
2279
2280
5106
2281
2282
2283
2284
2285
2286
2287
2289
2290
2291
2292
9839
2293
2294
5844
2295
8306
2296
2297
2298
2299
2300
2301
2302
2303
2304
6075
2305
4005
2306
4710
2307
2308
2309
2310
2311
7746
2312
2313
2315
2316
2317
2319
2321
2323
2324
2325
4145
2326
11099
2327
2328
2472
2330
2332
2334
2335
7792
2336
2337
10614
2340
2341
8501
5837
2342
9016
5376
2343
2344
5213
2345
2347
8619
2348
2349
2350
2351
2352
4722
2353
9214
2354
8479
2356
2357
11078
2358
2359
8443
2360
2361
2362
2363
10006
2364
2365
7057
2366
2369
2370
2371
7153
2373
2376
2377
3278
2378
2379
2380
2569
2381
2383
2384
5057
8438
2385
2386
8184
2388
2389
2390
6917
2391
6958
2835
2393
4778
2394
2395
2396
2397
2398
2399
6054
2400
2401
6809
2403
2404
2405
8127
2406
2408
4235
2409
8923
2410
2411
2412
2413
2415
2416
2417
6864
2419
2420
2421
2422
2424
2425
7892
2426
2427
2428
2429
2430
2431
2432
3202
2433
2434
5748
2435
2437
2438
2440
10648
2441
2442
2443
2444
5237
2445
2446
5087
8701
2447
2448
5664
2449
2451
2452
2454
2455
2456
2457
4764
2458
2460
2461
2462
4913
2463
2567
2464
5975
2465
2466
2467
2468
2470
2471
3596
2473
2474
2475
4372
2476
2477
2478
2479
6292
5766
10831
2480
3182
2481
2482
10292
2483
4554
2484
2485
2486
2487
3771
2488
2491
2492
2493
3775
2494
2497
4147
2499
2500
8236
2502
4623
10377
2503
10202
3403
2581
5652
2504
2508
2509
5046
7038
5446
2510
2511
9068
2515
2516
2519
2545
2521
6265
2525
2526
2528
2529
2530
2531
2532
2533
2534
6641
8099
2535
2536
2538
2539
10814
2540
2541
2542
8712
9872
2543
2544
2895
2546
2547
2548
2549
2550
2552
2553
11154
2554
2555
2557
2558
2559
2561
2560
2562
2563
2564
9441
3092
2565
2568
2572
6969
2573
4571
2575
2576
2577
2578
10348
2980
2580
2582
2583
2584
2585
2587
10714
2588
2589
6105
2592
2593
2594
2595
2596
2597
2599
2600
5165
2601
2602
2603
2604
2605
2606
2607
2608
10586
3793
2609
2610
3442
2611
2612
2613
7345
2615
2616
2617
10374
2618
2619
2620
2621
2623
4539
2624
2625
2626
2627
4429
2628
2629
8382
2632
2635
2636
2637
5551
6622
2639
2640
2641
2642
3578
2643
7594
2645
5829
2646
2647
2649
9455
2651
7436
2652
2653
10630
2654
2656
2657
2658
5132
9306
2661
2662
7805
2663
2664
3876
2666
4982
2667
2855
2668
2669
2670
2671
6894
2672
5593
2674
2675
7178
2676
6316
2678
2679
2680
2681
2682
5597
2683
2684
2685
4110
8650
2686
2687
5114
4008
2691
2692
2693
2694
2695
7350
2696
2697
2698
8725
6436
2700
2701
2702
2703
2704
11105
2705
2706
2707
2708
2709
2710
2711
10707
2712
2716
2717
2718
2719
2720
2721
2722
2723
2724
5658
2725
2726
3430
2728
3913
2729
5563
2730
2731
7303
9003
2733
2734
2735
2736
2737
2738
2741
2743
3471
2744
2745
2746
2748
2750
10812
2751
8250
2752
2754
2755
10284
2756
4397
2757
7951
2758
2759
2760
2762
2763
2764
2766
2768
2769
2770
2771
2772
2773
2775
2776
10416
2777
8338
6033
2778
2779
2780
3005
2781
2782
2784
2785
2786
2789
2790
3012
3434
2791
2792
2793
2795
2796
2797
2798
5363
2799
2800
2801
6204
10717
2802
2804
2805
2806
2807
2809
2810
2811
2812
8138
2813
2814
2815
5361
2818
2817
2819
2820
2821
2822
2823
2824
2825
2826
6068
5984
3074
2827
2828
7909
2830
2832
2834
2836
2837
5667
2839
2840
2842
6569
2843
2844
2845
2846
11121
2850
2854
2857
2858
2859
8076
8345
2863
2864
8689
2866
2867
2868
2869
2870
9283
2871
2872
5512
2874
2875
7339
2879
2880
2882
3373
6611
2886
9863
2889
2890
7860
2891
2892
2896
2897
2898
2900
2901
2902
3000
7548
2905
6688
2907
4114
2908
2909
2910
9385
2911
2912
2913
6215
2914
9313
2915
2916
10805
2917
2918
2919
9471
2920
2921
2923
6687
8733
2924
2927
2928
9402
2929
2930
5888
2932
2933
2934
2936
2938
2939
2940
2941
2943
2944
10830
2945
2946
2948
2949
2950
8793
2951
2952
2953
2954
2955
6415
8667
2956
2958
2959
2960
2962
9150
2964
2965
2966
2967
2969
2971
7142
2972
2973
2974
2977
2978
2979
9190
2981
2982
2983
4957
2984
2985
2986
3855
8975
2988
9794
7515
10297
2989
2990
4484
2992
2993
7159
2994
2995
2996
6205
6629
2997
3271
3001
3002
7032
3003
3004
3006
3007
3008
11083
3010
3011
3013
3015
3016
3017
7079
3018
3019
5157
3021
3022
3023
3024
3025
3026
3027
10770
3028
3030
3462
4529
3031
3032
10475
3034
4212
3035
8097
3036
3038
3039
3040
3041
4380
3042
5736
3044
3045
3046
3047
3048
3049
3050
3051
8798
9464
3054
3055
3575
3056
5680
3057
5473
5582
9568
3060
10836
3063
3064
3066
9547
3067
3069
3070
3071
3072
3075
3076
3077
3856
3078
3079
3080
3081
8175
3082
3083
5094
8911
3087
4514
10746
3088
3089
3090
3260
3094
3096
3097
3098
3099
3448
9207
9919
3101
3102
3103
5390
3106
8051
3107
3108
3109
8432
3110
4603
3111
3112
3113
3116
3117
3118
3119
9186
3121
5679
5525
3122
3123
3124
3126
3127
3128
7530
3130
3131
3132
6661
3134
3135
3136
3137
3138
3527
3139
3140
3141
3143
3144
9119
3147
5703
3150
3151
3152
3153
3154
3155
3156
8401
9860
4860
3159
3160
3161
3162
3163
10032
10398
3753
3164
3165
4311
3166
3167
3168
3169
8402
7554
3171
3172
3173
3174
9991
3175
3176
3177
3178
3179
6527
8979
3181
3183
8302
3185
3186
3187
3188
3189
3191
3192
3194
3195
3196
3198
3199
3200
3201
3203
3204
6855
3205
3206
3207
3209
4564
3210
3213
6944
3217
3218
3219
3220
3221
3222
3225
3226
3227
3334
3228
3229
3230
3231
3232
3233
3237
3239
3240
3242
5827
3246
3248
3249
7840
3250
3251
3252
3253
5899
3254
3255
7897
3257
3259
3261
3262
8960
4692
3264
4749
3265
3266
5367
3267
3268
3269
3270
3272
9481
3275
9595
3276
5119
3279
3280
3281
3282
3284
7748
3285
3289
7179
3290
4209
3291
3293
3294
3295
3296
8658
3297
5797
10012
3298
4149
3299
3301
5448
3302
3303
3304
10769
3306
3307
3308
3309
3312
3314
9234
3315
3317
3318
8272
3319
3322
3323
3324
3326
7564
3327
3328
3330
8394
3332
3333
3352
3336
3337
3338
3339
3340
3342
3343
3344
3345
3347
3350
3351
3353
3354
7002
3356
3357
3360
3362
7547
3364
3365
3366
7473
6823
3599
3367
4475
4622
3368
3369
3936
3370
3381
3372
3374
3375
3376
3377
3378
3379
3380
3384
4480
3385
4735
7143
9814
3386
5218
3387
3388
3863
3389
3390
3391
3392
3531
3800
3393
3394
3395
3397
3398
3399
3400
6964
3401
3402
3404
3406
3407
3408
5954
6812
3412
3413
3417
3418
3419
3420
3422
3424
3425
3426
3427
3428
3429
3433
3437
3439
3440
3441
3443
3444
3445
3446
3447
3449
3450
7920
3452
3453
3454
3455
3456
3457
3458
3459
3460
5657
9555
3467
3468
3469
3470
8792
3473
3474
6099
3476
3479
3480
3481
3482
3483
3486
5374
10582
3488
3489
3492
7007
3494
3495
3496
3497
3499
3500
3502
3504
3506
3508
3509
3510
3512
3514
3515
3516
3517
3518
3519
3520
3522
7566
3526
3528
3529
3530
4160
3534
3535
6382
9708
9572
11035
7817
3540
3541
9077
3542
3543
10033
7780
3545
5184
6217
6736
6776
3546
3548
3549
3550
3551
7685
7884
3552
3553
3554
5537
3556
3557
3558
3559
3560
3561
5595
5203
3563
3564
6134
3565
3566
3567
3569
3570
3571
3574
5177
5604
11096
5768
3577
3579
3580
3581
3582
3584
3585
3586
3587
3588
3589
8772
3590
3591
3592
3593
3594
10868
7026
3600
3601
8072
3602
3603
5800
3604
3605
3607
3608
3609
3610
3611
3612
5279
3613
10191
3616
3618
4931
3619
3784
3621
3622
3625
3626
3627
3628
3631
4675
3632
5138
3633
4783
3634
10539
3637
3638
8749
3639
10076
3640
3641
3642
3643
3645
3646
3647
3648
3649
3650
6283
8534
3651
3652
3654
3656
3657
3658
3659
3660
3661
3662
3663
8854
3664
3666
3667
3668
3669
3672
3673
3675
9705
3676
3677
3678
5979
3679
5356
3682
5544
8027
3683
3684
4389
3685
3687
3688
3689
3692
3693
3694
3695
6177
6279
6668
3696
3698
3699
3700
4951
3701
3702
3940
3703
8143
3704
3706
3707
3709
3710
3712
3713
3714
7037
3715
3716
3717
9583
3718
5162
4285
7192
3719
4851
6613
10883
3720
3721
11037
3722
3723
3724
3725
7354
3727
9945
4838
3729
7579
3730
3731
3732
3733
3740
3734
3735
3736
3737
3738
6568
3739
3742
3745
3932
7643
3748
3749
3750
3751
3754
3756
3993
3757
6206
3758
3759
3760
3761
9672
3763
3764
5256
3765
3766
3767
3768
7269
3769
10912
3770
10892
3772
3773
3785
3776
3777
3778
4715
3779
7126
3780
3782
5231
3786
3787
3788
8116
3792
3794
3795
8186
3797
3798
3799
3802
3803
3804
3805
3806
8535
3808
3809
3810
3811
9220
3813
8039
3898
3814
3815
3881
3816
5148
3817
8157
3819
4878
3820
3822
3823
5775
3824
3826
3827
5847
3830
3831
3832
7100
3833
3834
3836
3837
3838
3839
3840
3841
3842
10647
3843
3844
3846
4742
4383
3847
3849
9840
3851
6531
10803
3853
3857
3858
3860
3861
3862
10114
3864
3866
3867
3869
3871
3872
9268
3875
3877
3878
3879
3880
3883
3884
6374
3885
3887
8586
3888
3889
10344
3891
3892
5935
8400
3893
3895
3896
6587
3899
6951
9518
3902
3903
3904
5331
4641
3905
3906
3907
3908
3909
3910
5447
3911
3914
3915
3918
3919
3920
3921
7857
3922
3924
3925
3926
3927
4430
3928
9999
3930
3981
3931
3933
3935
3937
8668
3941
3942
3943
7261
3945
3947
3949
7560
3950
3951
3952
3953
3954
3957
3958
3959
6008
7172
3960
3961
4969
7434
3964
3965
3966
7004
7011
3967
3969
7235
3971
3972
5856
7637
3974
4897
3977
3978
3979
9331
3983
3984
3985
3986
8795
6026
6030
3989
3990
3991
3992
3994
3995
3996
3997
3998
3999
4000
4001
4002
4007
4643
4009
4011
4688
4954
4013
4016
11072
6955
4018
4019
8525
4021
4022
4023
4024
6416
5466
4094
4025
4026
4027
7116
4028
4029
5601
4030
4031
4032
8560
4033
4034
4035
4037
4038
10314
4040
4041
4043
4044
4045
6592
4047
4049
9191
4050
5901
8881
5529
4052
7357
4053
4054
4061
4057
4703
4058
5465
4059
4060
10535
7226
7140
4063
4064
4065
4066
4067
4068
4069
6144
10985
4070
4294
4682
4072
4073
4074
9192
9371
4075
4077
4078
4079
4080
8843
4083
8065
4085
4086
5458
4088
4089
4458
4092
5641
9080
6556
4097
5773
4098
7981
4099
4101
6346
4102
4103
4104
4105
5677
4107
10155
4108
4109
4112
4113
5347
4115
4116
4117
4119
4120
4121
4122
4123
5615
7802
10532
4124
4125
4127
4128
4129
7598
4131
4132
4133
4134
4136
4137
4139
9069
4291
4140
4141
4142
4143
7997
4144
4146
9490
10913
4153
10138
4154
4914
4155
10585
4156
4157
4158
4161
5262
10022
4162
4163
4164
4165
4166
4167
4168
4169
9553
4173
4175
4176
8541
4177
4179
4180
4181
4182
4184
4185
4278
4188
4189
4190
4191
4192
4193
4381
4194
4195
7471
6167
6420
4199
4200
4201
4202
4203
4204
4205
4206
4207
4208
7569
4211
4213
4214
4216
4217
4218
4219
11158
4221
4222
4223
4224
4225
4226
4770
9924
4228
4229
5722
9809
4230
10597
4231
4232
4233
4410
8603
4237
4238
4239
4240
4241
10971
4243
4245
4248
4249
4250
4251
4252
4253
7717
4255
4256
4257
7847
4258
4261
4772
4438
4266
4267
7690
4270
6232
10774
4271
4272
5618
10335
5464
4274
4276
4279
4280
4281
4282
4284
4287
4288
4290
4292
4293
4295
9443
4297
4298
4981
4299
6729
4300
4301
4302
7146
4303
4304
4306
4308
4310
4312
4313
5067
4315
4316
4317
4318
4319
5130
4320
4321
4322
4323
4324
4325
6057
4326
10000
10601
4331
4332
10885
4333
4334
4335
4336
4337
4338
5607
10483
4341
7123
4342
5432
4343
8875
10728
4348
9505
10258
4354
4355
4356
4357
4360
4358
4359
9138
4361
4363
4364
4366
6224
4367
8164
9667
4368
4369
4371
4374
6717
4375
5468
9393
4793
4376
11143
10560
4377
4378
4382
4384
4385
4387
4388
4391
5896
4392
4393
9006
4394
4396
4398
9590
6559
4404
4405
6413
4408
4409
10873
4411
4413
7158
4414
4418
4420
4422
4424
4425
4426
4427
6045
4428
9366
4431
4432
5843
7441
4433
4434
7065
4436
4439
4440
4441
4442
4443
4444
4445
4446
4447
4448
4449
8044
4451
6231
6473
4453
4454
4455
4462
4463
4464
10427
4465
4467
9548
4636
4468
4469
4470
4471
10605
4472
4476
4478
4481
4483
4488
11034
11167
6604
4491
4492
4493
4494
4495
4496
4498
4500
4501
4502
7855
9442
4503
10546
4506
10951
4510
11028
4573
4584
4513
4515
6426
4516
9397
4517
4518
4519
4569
4520
4521
10681
4524
7399
4526
4532
4533
4534
10448
4536
8951
4538
5555
4540
4541
4542
4543
4544
10893
9877
10199
4547
4548
7198
8235
4549
4551
4553
4555
4556
4557
4558
5345
4706
5143
5212
4560
4561
5846
9830
9943
4563
4566
7700
4568
4570
9968
4574
4577
5710
4578
9205
4579
4582
4585
4586
4587
4590
4591
4592
4593
4595
4597
4598
4600
4602
4604
5429
4607
4608
6915
4613
4615
4616
5737
8758
4617
4619
7343
4620
4621
4624
4625
8054
4626
6763
4628
5819
4630
4631
4632
4633
4634
4637
4638
4639
4640
4642
4644
4645
4647
4648
4649
4650
4651
4652
4653
4654
4655
4660
7820
4662
4663
4664
4665
4666
6086
8274
4670
6087
4671
4672
4673
8269
4674
4676
4948
4677
4678
4680
8291
4681
4683
4684
4685
4686
4687
10386
4690
4693
6930
4695
4696
4697
4820
4698
4699
8829
4700
7837
4702
7039
4704
4705
4871
4707
4708
4709
4711
4712
4713
4714
5502
6369
4716
6913
4717
4718
4719
9043
4724
4726
4729
4731
4732
10815
4736
6175
4738
4741
5243
4743
4745
4746
4748
7559
4753
4754
4755
7499
4756
4757
10471
4759
4760
4761
4765
4766
4767
4768
4769
4771
8848
4773
4774
6914
4775
4776
4777
4779
4780
9037
4781
4782
5137
4786
4787
4788
4881
4790
6873
4795
4796
4797
4799
4801
4802
9318
4805
4806
4810
8607
4813
4814
6195
7470
4815
4818
9765
4821
4822
4823
4824
4825
4826
4827
5662
4829
4830
4834
4835
6893
4836
4837
4839
4840
4841
4842
4843
4844
4845
9925
4846
4847
4849
4850
4852
8149
4853
7228
4855
4856
4857
8832
9021
4858
7772
4863
9064
4864
4865
4866
4867
4868
4869
4875
5718
6618
6632
4880
4882
4883
4885
8018
4886
4887
4888
4891
4892
4893
4894
7804
4949
4895
4898
8757
6344
4902
4903
4904
4906
4908
4909
4910
4911
4912
4915
4916
8704
4918
4919
9900
4920
5629
4921
6466
4922
4923
4926
4930
4932
4934
7117
4935
4937
4938
4939
4940
4942
4943
4944
4945
7740
8769
4947
10946
6882
6088
4958
4959
4960
8543
4963
4964
4965
4968
10465
5385
4972
4975
6343
4976
4978
4979
4980
4985
4987
4988
4991
4992
8518
4994
4995
4996
9633
4997
4999
8606
5000
5001
5002
5039
5005
5006
5007
9649
5008
5009
5010
5011
5012
8547
5013
9261
5016
5017
5018
5019
5021
5022
5062
5023
5027
5030
5031
5032
9563
5033
5035
5034
5036
5040
5041
5042
5043
8663
5044
5045
5047
5048
5049
5050
5051
5053
5054
5055
5526
10387
5058
5558
5059
5061
5064
5065
5066
5068
10516
5069
9913
5071
10879
5072
5073
5074
5077
10091
5079
5080
5081
5082
6402
5083
9407
7264
5085
5086
5088
5091
5092
5093
5096
5098
7824
5100
5101
5103
8851
7757
5110
5113
5118
5120
5121
5123
5125
9593
5128
5129
5133
5136
5139
5140
5141
5142
7626
5144
5145
5146
5150
5151
5155
5156
10819
5158
5159
5160
5163
6200
5164
5166
5168
5169
5170
5172
5173
5174
5175
5176
5178
5180
5181
5182
9914
5186
10595
5187
5188
5189
5190
5195
5196
5197
5198
5200
9446
5202
5204
5205
5209
7718
9160
5210
5211
5241
5214
6771
5217
5219
5222
5224
5225
5711
5586
5228
5229
5230
5232
5233
5238
5244
5247
5248
9779
5250
5340
5251
5253
5876
5254
5257
5654
5259
5260
10635
9984
10426
9993
5261
6046
5264
5268
5270
5271
5272
5273
5274
5277
5278
5281
5282
5285
5286
5288
5289
10820
5290
5291
5292
5294
5475
5295
7036
5297
5299
5300
5301
5302
11021
5305
5306
5307
5308
5309
5310
5311
5312
5313
5314
8264
5316
5318
5319
5321
5323
5324
9623
5325
7589
5327
7636
10924
8628
5328
5332
9466
5336
5337
5339
5341
5342
5348
5349
5350
5352
5353
5354
5357
5359
5360
6511
5364
5365
9714
5369
7768
5370
5371
5372
5373
5375
5377
5378
5379
5380
10783
5382
9300
5387
5392
6948
5393
5394
5395
5396
5397
5398
9041
5402
5403
5404
5406
5407
9763
10999
5408
5410
5411
5414
5945
5415
5417
5418
5421
5424
9146
5425
5426
5427
5428
5430
5431
5433
5434
5435
5436
5438
8727
5441
5442
5443
11111
5444
5445
5449
5452
5453
5455
5456
5459
5460
5461
5471
6832
10663
5477
5478
5481
5482
5483
5484
6562
10566
5488
5489
5490
5491
5492
7557
5498
5500
5501
5634
5504
5506
5508
5509
10276
5510
5511
5513
5514
5902
5517
5518
6055
5520
5522
5523
5527
5530
6746
5532
8486
5535
5538
5539
5540
5541
5542
7413
5543
5545
5547
5548
5549
5552
5556
5557
6680
5564
10610
5568
5569
5570
10319
5574
5576
5577
5578
5580
5581
5584
5585
5684
5587
5588
5635
5640
9807
5590
6013
5591
5592
5594
10829
5598
5599
5600
5602
5603
9389
5605
5606
5608
5610
5663
5611
5613
9092
5614
6028
5616
7750
5619
5620
5622
10827
5623
5625
5626
5627
5631
5632
5633
7092
5642
9695
5644
5645
5646
5648
5656
8557
5660
5661
5665
5668
5990
5671
5673
5674
5676
7528
5683
5685
5686
5687
5962
5692
5694
6700
10604
5697
5698
10331
5700
5701
5705
5707
5708
9791
10729
5712
5713
6186
5717
5723
5724
9534
5726
5728
5730
6176
5734
10966
11070
5739
5740
5741
5742
5743
5744
5745
5746
5747
5749
5750
5751
5753
5754
5755
5757
5759
7479
6507
5760
5761
8335
5765
5767
5769
5771
10576
5772
5774
5777
5778
5780
5998
5781
5784
6116
5785
8553
5787
5788
9349
5789
9910
5791
5792
5793
5794
5795
5799
5803
5804
9333
5806
5807
7730
5809
5810
5811
5815
5818
7465
5820
5823
5824
9289
5832
5833
5834
5836
5838
10128
5845
10548
5849
5850
5851
5852
7745
5858
5860
5861
5862
8204
9716
5865
5866
5869
5870
5871
5872
8313
5875
5877
5878
6031
5879
5880
9008
5882
7276
7366
5883
5884
5885
5886
5887
6122
6314
5892
5893
5895
5898
5900
5904
5905
5906
5908
6869
5909
5911
8067
5912
5913
5917
5918
5919
5920
11103
5921
5923
5924
10657
5927
5928
5930
5931
5934
5936
5937
5938
7193
5940
5941
5942
5946
5947
7521
5949
5950
5952
7696
5958
7106
5964
5968
7555
7656
5971
7148
5972
10982
5973
5977
5976
5978
5982
7678
8444
5983
5985
5986
5989
5992
5993
5995
5996
5997
11107
6002
6003
6004
6006
6007
6009
6010
8386
7409
8222
6011
6012
6447
10686
6015
6016
6018
6019
6022
6023
6029
6032
6035
10281
6036
6040
6041
6538
6043
6044
6049
6050
6051
7838
8622
6053
6060
6062
6063
8045
6066
6071
6072
9711
6073
6074
6076
6078
6079
6082
6083
6084
6089
6090
6091
7129
6092
6093
6094
6095
6096
9589
6411
6100
10474
6101
8354
6104
6107
6108
6109
6110
6113
6115
6120
6124
6128
6858
9319
6388
6130
6132
6727
6135
6136
10219
6138
6139
6140
6141
6142
6145
6146
8448
10602
6148
7661
6150
6151
9414
6158
6159
6160
6161
6162
6163
6165
6166
6168
6170
6171
6173
6174
6178
6179
6181
6640
6187
6188
9294
6193
6196
9932
6201
6203
9135
6210
6211
6216
6220
6222
6226
6227
6581
6230
7533
6235
7156
6236
6240
6242
6243
6244
6245
6247
6248
6249
6250
6252
6253
6256
6258
6259
6260
6261
6262
6970
6264
6266
6267
7388
6268
6271
6272
6274
6275
6398
6278
6280
9461
6286
6287
6288
6289
6290
6296
6298
6302
6304
8280
6307
6308
6309
6312
6318
6319
6320
6322
6323
6326
6329
6330
8745
6333
6334
8012
6336
6337
6338
6339
6341
6342
6345
6351
8726
9947
6354
7380
6991
6355
6356
6357
6358
6359
6360
6361
6366
6367
6370
6375
6379
6381
6383
6384
6385
6389
6390
6391
9529
6395
6396
6397
10631
6406
6407
6409
6410
7121
6419
6421
7721
6422
6423
6428
8782
6431
6432
6433
6437
6438
6440
6441
6442
6444
7346
6448
6451
6453
6455
7312
10764
7490
6457
8512
6458
6460
7206
6465
6468
6469
6470
7222
6471
6472
10146
6477
6478
6479
10275
6481
6483
6484
6485
6487
6488
6490
6491
7565
6493
6494
6495
6847
6497
6504
6506
6508
6509
7552
6512
6513
6768
6514
6516
6519
6520
6521
6522
6523
6525
6526
6528
6529
6530
6532
7929
6535
6539
6540
6541
6542
6547
9817
6549
6550
6552
6553
6554
6557
6561
6567
6570
6571
6573
6574
10184
7170
6578
8123
6580
6585
6588
6590
6591
6593
6594
6595
6596
6597
6600
6601
7213
6603
6607
6610
10130
11054
6617
6619
6620
8811
6624
6625
6627
6628
9208
10583
6631
6633
10547
7348
6638
6639
6642
6646
8708
6648
6649
6819
6650
6652
10606
6653
10776
6655
11058
6656
6657
6659
6660
6662
6897
6665
6667
6731
7090
6670
6674
6675
6677
6681
7199
6684
6690
6692
6697
9497
6698
6699
6701
10148
6702
6703
10180
10443
6705
6706
6708
6710
6714
6716
6719
6720
6723
6724
6725
6728
6730
6733
6734
6735
8135
6741
8871
6743
6745
6747
6748
6749
10955
9929
7531
6751
6752
10876
6754
6756
6759
6760
6764
6765
6766
6767
6769
6770
6772
6773
6774
6777
6999
10981
6780
6783
6784
6785
6791
6793
9635
6796
6798
6801
6802
6804
6806
8201
8419
6807
6808
6810
6814
10054
6822
6826
6827
7760
6833
6834
6838
6841
6843
6844
6845
6846
6848
10916
6851
6856
8227
6859
6860
6861
6862
6863
6866
6868
6876
6877
10049
6878
6879
6884
6885
6886
6888
6889
6891
6892
6896
6898
7843
6899
6900
6901
6906
6907
6908
6909
6912
6916
9339
6918
6920
6923
6925
7877
6928
6929
6931
6932
6937
6941
6942
6943
6949
6950
10430
6954
6956
6957
6959
6961
6963
6965
6968
11171
6973
7789
9812
9113
6978
8536
7085
6983
6984
6985
6986
6989
10794
6993
6995
6996
6997
7000
10391
7001
7005
7006
7012
7014
7015
7016
7018
7019
7024
7030
8437
10503
7035
7034
7042
7049
7044
10721
7046
7048
7050
7051
7052
8954
7053
7054
7055
7056
7061
7066
7069
7070
7071
7073
7075
7076
7077
10045
7081
7082
8683
7087
7089
9868
9953
7093
7096
9661
10070
7101
7102
7103
7104
7105
7110
7114
7115
9772
7268
9648
7124
7125
7130
7131
7134
7135
7138
9829
7147
11006
9704
7899
7167
7168
7171
7173
8810
7180
7181
7184
7185
7191
7194
8965
7196
7197
7200
7201
7204
9652
7205
9365
7209
7210
8200
7212
7215
7220
9543
7223
7225
7227
7229
8397
7230
7232
9252
7238
7239
10748
9309
8682
10898
7243
9788
7244
7246
7247
8946
7250
7257
7258
7259
7263
7265
7271
9106
7273
7275
7277
7278
7279
11170
7284
7285
7286
10519
7290
7291
7292
7297
7298
7301
7306
7309
9469
7467
7313
7316
7317
7318
7588
7319
10704
7321
7322
7323
7324
7325
7326
7327
7328
7424
7330
7332
7334
7335
7336
7341
7342
7344
7349
7351
7352
7353
7355
7356
7358
7363
7365
7367
7368
7369
7371
7372
7373
7374
8624
7375
7377
8085
7378
7379
7381
7383
7384
8137
7387
7392
7393
7394
7395
7400
7401
7402
11145
11175
7403
7404
7406
7407
9394
10992
7414
10587
7415
10339
7418
7419
7420
7421
7422
7423
7428
7429
7433
7435
7437
7438
7439
7442
10150
7444
10994
7446
7448
7451
7453
7454
7455
7456
7459
7461
7463
7464
7472
7475
7476
7477
7480
7483
7592
10668
7486
7487
7494
7501
7503
7506
7507
7508
7509
7510
8791
9559
7512
7513
7514
7516
7517
7519
7520
7524
7525
10932
7529
7535
7537
7538
8091
7540
7542
7544
7545
7553
7561
7709
7563
7567
8801
7575
7576
7578
7581
7583
10309
10244
10442
7587
7590
7602
7603
7604
7605
7607
7608
7609
7610
7611
7612
7849
7615
9674
9626
7617
7621
7622
7623
7624
7625
7627
7629
7630
7632
8882
7638
7648
7649
7650
7651
7652
8156
7660
7662
7665
7666
7667
7668
7670
7671
7672
8063
7675
9624
10058
7681
8699
7687
7688
7691
7692
7693
7695
10809
7701
7704
8532
7705
7706
7708
7710
7711
7712
7714
7720
7722
7724
7725
10569
8894
7728
10938
10543
7735
7738
8430
7742
7751
10934
8187
8352
9032
7758
7762
7763
7767
7770
7773
7774
7775
8935
7781
7782
7784
7786
7787
7888
7791
7794
7795
7796
9756
7803
7807
7939
9492
7812
7813
7814
7815
7816
7818
7822
10373
7823
9641
7827
7831
7832
7833
7842
7844
9004
7846
7851
7852
7853
7858
7859
7861
7864
7866
7867
7868
7869
7871
11002
10213
7883
7889
7891
9223
7894
7895
7900
7901
7902
7906
7907
10082
7908
9047
7912
7913
7916
7918
7921
10121
7922
7923
7924
7925
7926
7933
7934
7936
10570
7940
9736
11134
7946
7947
7952
7954
9725
8363
8037
8577
10488
7965
7966
8748
9955
9820
8403
10862
11094
7976
10799
10857
9015
7977
11001
7983
7991
7993
7995
7996
7998
7999
8000
8001
8006
8007
8011
9743
8016
8017
8019
8021
8023
8025
8029
8033
8035
8038
8040
8468
8042
8046
8896
8047
8049
8310
8056
8057
8059
8060
8069
8070
9028
8073
8074
8082
8083
8084
8086
8088
8090
8093
8094
9659
8105
8106
8113
8124
8524
8128
8129
8131
8994
8132
8134
8136
9864
8139
8141
8144
8146
8856
10624
8147
8148
9673
8150
8152
8153
10651
8159
8160
8161
9618
8163
8830
8169
8171
8172
8245
8180
8182
8185
8190
8192
8193
8195
8196
8197
8209
8211
8213
8215
8220
8223
10123
8731
9710
8230
8232
8234
8238
8246
8247
8253
8256
9980
8258
9732
8259
8260
8261
8263
8265
8724
9703
8271
8276
8277
8279
8282
8283
10507
10214
8285
9215
8288
8290
8292
8293
9806
10455
8299
8301
8303
8305
8309
8314
8315
8316
8321
8322
11179
8326
8330
8331
8337
9330
8347
8358
8359
10411
8361
8905
8364
8365
8369
8370
8374
8376
8379
8387
9911
8831
8393
8395
8952
8404
8406
8411
8414
8416
8418
8420
8422
8423
8424
8427
8428
8441
8442
8445
8449
8450
8453
8457
8459
9089
8460
8461
8464
8465
8470
8471
10723
8475
8481
8482
8487
8489
8490
8491
8492
8497
8498
9224
10632
8514
8515
8519
8521
8528
8529
10220
8537
8539
10524
8544
8545
8546
8549
8551
8556
8559
8563
8564
8661
8565
10437
8569
8570
8571
8572
8574
8575
8582
9255
8583
8588
8591
8594
8605
8610
8613
8615
8626
9930
8636
9468
8639
8641
8644
10438
8653
8660
8664
8665
8675
8678
8681
8686
8697
8698
8702
8709
8716
8736
8721
8723
9523
8729
8734
8737
8739
10117
8743
8744
8746
8750
8761
8762
8765
8767
8770
8771
8775
8777
8784
8786
8788
8789
8790
8794
8796
10789
8805
8806
8807
8809
8816
8817
8819
8821
8824
8825
8826
8833
8834
8839
11036
8842
8844
8847
8849
8850
8859
10537
8877
8879
8887
9995
8890
8892
8895
8898
8902
8913
9281
10690
8917
11102
8920
8925
8926
8943
8948
8949
8950
8953
8955
8956
8958
8959
8962
8967
8969
10379
8973
8974
8981
8983
8987
10107
8990
8993
8995
8996
9737
9005
9007
9011
9013
9017
9023
9026
10390
9038
9039
9046
9048
9052
9057
9058
9059
9072
9178
9282
9075
11017
9079
9084
10901
9087
10896
9088
9097
9790
10134
9109
9246
9381
9117
9118
9122
11059
9127
9128
9129
11172
9131
9132
9134
9139
9143
10848
9147
9148
9154
9161
9162
9172
9173
9174
9182
10031
10261
9193
9196
9197
9199
9200
9203
9210
9213
9219
9221
9222
9225
9238
9240
9241
9242
9243
9244
9245
9253
9254
9262
10666
9266
9267
9272
9275
9276
9279
9286
9293
9376
9298
9299
9301
9304
9308
9310
9324
9493
9311
9312
9314
9316
9322
9325
9326
9380
9328
9329
9332
9336
9340
9342
9343
10050
9346
9348
10931
9358
9362
9370
9382
9384
9386
9390
9391
9392
9403
9408
9994
9410
9411
9412
9417
9421
9423
9429
9432
9433
9436
9437
9448
9449
9450
9456
9459
9462
9463
9473
10089
9478
9485
9486
9487
9494
9498
9499
9501
9585
9506
9507
9509
9512
9514
9517
9524
9526
9533
9535
9536
9538
9539
10623
9544
9546
9558
9561
10088
9565
9566
9567
9600
10594
9580
9581
9582
9584
9587
9599
9601
9610
9617
9619
9620
9636
9640
9645
9653
9654
9666
9669
9670
9676
9681
9684
9906
9700
10792
10325
9713
9715
9729
9742
9744
9745
9747
9750
9752
9755
9766
9769
9770
9773
9776
9777
10983
9786
9792
10977
9796
9802
9808
9810
9813
9815
9818
9823
10321
9828
9833
9837
9843
9852
9853
9855
9857
10490
9859
10066
9865
9867
9869
9870
9878
9879
9883
9884
9888
9890
9892
9894
10280
9901
10797
10976
9909
9931
9934
9935
9939
9940
10767
9954
9960
9963
9990
9979
10921
9998
10003
10004
10011
10015
10019
10023
10156
10035
10038
10040
10044
10052
10061
10062
10067
10068
10073
10075
10085
11151
10092
10099
10100
10108
10111
10115
10119
10122
10129
10133
10918
10154
10804
10163
10444
10169
10861
10181
10185
10192
10198
10205
10206
10217
10925
10224
10231
10240
10245
10462
10255
10256
10264
10270
10282
10288
10370
10291
10296
10459
10299
10302
10664
10312
10313
10323
10922
10330
10333
10334
10336
10337
10496
10350
10573
10369
10394
10400
10401
10402
10403
10405
10410
10414
10415
10417
10421
10424
10425
10428
10431
10433
10440
10453
10463
10469
10482
10484
10486
10492
10510
10512
10653
10527
10528
11104
10540
10541
10556
10557
10568
10571
10574
10910
10591
10705
10608
10613
10626
10920
10634
10654
10655
10667
10669
10676
10683
10688
10692
10702
10722
10724
10726
10727
10838
10741
10786
10761
10765
10768
10772
10787
10777
10810
10818
10824
10825
10826
10844
10846
10851
10855
10859
10866
10880
10882
11132
10907
10914
10935
10936
10945
10947
10964
10970
11000
11005
11009
11015
11022
11039
11047
11049
11053
11100
11108
11125
11131
11148
