11201
11199
11196
11194
11183
11179
11175
11172
11171
11170
11169
11168
11167
11165
11160
11158
11154
11152
11151
11148
11145
11143
11138
11135
11134
11130
11125
11121
11116
11111
11109
11107
11106
11105
11104
11103
11102
11100
11099
11098
11096
11094
11087
11085
11084
11083
11081
11079
11078
11072
11070
11061
11059
11058
11056
11054
11049
11044
11042
11039
11037
11036
11035
11034
11028
11026
11021
11017
11016
11009
11008
11006
11002
11000
10999
10994
10993
10992
10989
10988
10986
10985
10983
10982
10981
10977
10976
10971
10966
10960
10956
10955
10951
10946
10945
10944
10941
10938
10936
10935
10934
10933
10932
10931
10925
10924
10922
10921
10918
10917
10916
10913
10912
10910
10909
10907
10901
10896
10893
10892
10890
10885
10884
10883
10882
10881
10879
10876
10873
10869
10868
10867
10866
10865
10862
10861
10860
10857
10853
10848
10847
10846
10840
10839
10838
10837
10836
10832
10831
10830
10829
10827
10826
10825
10823
10821
10820
10819
10818
10816
10815
10814
10812
10810
10809
10808
10807
10805
10803
10800
10799
10797
10795
10794
10792
10789
10787
10786
10783
10776
10774
10770
10769
10767
10765
10764
10762
10761
10757
10749
10748
10746
10742
10741
10732
10731
10728
10727
10726
10725
10723
10721
10719
10717
10714
10711
10707
10704
10702
10695
10691
10690
10689
10688
10686
10685
10681
10678
10677
10671
10670
10669
10668
10667
10666
10664
10663
10661
10659
10658
10657
10656
10655
10654
10653
10652
10651
10648
10647
10641
10640
10639
10636
10635
10634
10633
10630
10624
10623
10622
10618
10617
10615
10614
10610
10606
10605
10604
10602
10601
10599
10597
10595
10594
10591
10590
10587
10586
10585
10584
10583
10582
10581
10580
10578
10576
10575
10574
10573
10572
10571
10570
10569
10566
10564
10560
10558
10556
10551
10548
10547
10543
10542
10540
10539
10537
10535
10532
10530
10524
10519
10517
10516
10515
10512
10509
10507
10503
10496
10494
10493
10492
10490
10488
10487
10484
10483
10482
10481
10479
10475
10474
10473
10472
10471
10469
10467
10466
10465
10462
10461
10459
10456
10451
10450
10444
10443
10442
10440
10431
10430
10429
10428
10427
10426
10425
10424
10421
10417
10416
10415
10413
10411
10410
10407
10405
10404
10403
10400
10398
10394
10391
10390
10387
10386
10384
10379
10377
10375
10374
10373
10361
10358
10355
10350
10348
10344
10343
10339
10335
10334
10331
10329
10325
10321
10316
10314
10313
10309
10305
10302
10297
10294
10292
10291
10288
10284
10281
10280
10276
10275
10270
10266
10261
10259
10258
10256
10255
10249
10245
10244
10241
10231
10228
10226
10224
10221
10220
10219
10214
10213
10202
10199
10198
10195
10193
10191
10185
10166
10163
10156
10138
10137
10134
10131
10113
10112
10107
10098
10089
10084
10076
10068
10054
10051
10045
10027
10004
10000
9995
9994
9984
9968
9960
9958
9957
9955
9954
9950
9947
9939
9926
9924
9923
9914
9913
9911
9899
9893
9872
9867
9860
9856
9846
9832
9830
9786
9779
9776
9775
9772
9764
9756
9744
9737
9711
9710
9707
9705
9698
9674
9673
9669
9668
9666
9657
9651
9648
9645
9636
9635
9624
9610
9605
9596
9595
9589
9580
9566
9529
9525
9521
9518
9508
9494
9492
9485
9484
9483
9482
9478
9469
9464
9462
9446
9441
9419
9412
9408
9407
9397
9394
9390
9368
9366
9365
9358
9356
9346
9345
9343
9335
9330
9328
9324
9322
9314
9313
9310
9308
9306
9304
9300
9298
9293
9283
9281
9280
9272
9253
9247
9246
9242
9234
9215
9210
9198
9190
9183
9182
9175
9174
9170
9168
9161
9160
9148
9117
9104
9091
9089
9081
9059
9052
9049
9037
9026
9021
9017
9013
8983
8965
8959
8958
8956
8943
8934
8926
8917
8911
8902
8896
8894
8891
8887
8880
8855
8850
8843
8833
8799
8793
8789
8777
8770
8769
8762
8759
8757
8743
8742
8737
8736
8734
8726
8725
8723
8717
8701
8694
8690
8682
8675
8664
8663
8657
8650
8647
8645
8641
8636
8634
8628
8618
8599
8594
8586
8577
8575
8570
8569
8564
8560
8551
8549
8547
8541
8535
8511
8488
8467
8443
8438
8437
8433
8423
8419
8416
8414
8411
8404
8401
8400
8395
8370
8368
8365
8359
8354
8350
8345
8344
8326
8321
8309
8306
8302
8301
8292
8288
8284
8271
8263
8261
8260
8254
8252
8242
8236
8235
8231
8209
8208
8204
8200
8199
8193
8188
8183
8180
8179
8178
8161
8160
8153
8148
8146
8144
8129
8123
8120
8113
8091
8085
8076
8054
8044
8038
8028
8018
8005
8002
8001
8000
7999
7996
7995
7987
7983
7981
7980
7977
7958
7953
7949
7922
7920
7919
7876
7873
7872
7866
7858
7856
7853
7852
7844
7840
7838
7833
7827
7826
7824
7823
7822
7818
7817
7812
7808
7805
7804
7787
7772
7760
7757
7746
7733
7708
7700
7697
7693
7658
7648
7629
7615
7611
7607
7603
7601
7588
7585
7581
7572
7565
7564
7560
7528
7520
7519
7517
7512
7506
7499
7495
7476
7472
7467
7453
7439
7424
7411
7409
7404
7403
7400
7399
7370
7368
7365
7356
7355
7354
7351
7350
7349
7324
7318
7298
7284
7278
7276
7264
7250
7238
7235
7232
7222
7212
7210
7206
7205
7198
7194
7193
7192
7175
7162
7159
7153
7148
7144
7143
7124
7122
7120
7101
7100
7089
7086
7079
7061
7055
7054
7051
7046
7039
7038
7032
7020
7014
7007
7005
7002
6974
6964
6961
6958
6955
6950
6945
6941
6932
6928
6925
6923
6917
6914
6906
6900
6870
6869
6864
6847
6845
6843
6829
6825
6824
6823
6816
6809
6800
6792
6783
6771
6770
6768
6766
6763
6752
6745
6743
6728
6723
6705
6703
6702
6698
6695
6692
6688
6687
6684
6680
6676
6670
6667
6657
6654
6649
6641
6640
6627
6622
6611
6606
6593
6585
6575
6573
6561
6554
6540
6533
6532
6531
6530
6520
6516
6515
6513
6509
6507
6505
6498
6494
6481
6479
6473
6469
6466
6458
6455
6444
6442
6440
6433
6420
6416
6415
6413
6411
6409
6407
6405
6404
6402
6401
6399
6398
6397
6395
6391
6389
6388
6386
6382
6381
6377
6374
6369
6367
6366
6361
6360
6358
6357
6356
6355
6354
6347
6346
6344
6343
6341
6339
6337
6333
6323
6322
6319
6318
6316
6315
6314
6312
6311
6309
6308
6307
6304
6296
6292
6290
6286
6283
6282
6280
6279
6278
6275
6274
6272
6271
6270
6269
6266
6265
6264
6256
6255
6250
6249
6244
6243
6242
6236
6235
6232
6227
6226
6224
6218
6217
6215
6213
6211
6207
6206
6205
6204
6203
6201
6200
6198
6196
6195
6187
6186
6183
6182
6181
6180
6178
6177
6176
6175
6174
6173
6172
6170
6167
6165
6162
6158
6154
6150
6149
6146
6144
6142
6141
6140
6139
6137
6136
6134
6132
6131
6128
6127
6123
6122
6121
6120
6117
6116
6110
6109
6108
6107
6105
6104
6099
6097
6096
6095
6091
6090
6089
6087
6086
6084
6083
6082
6080
6079
6078
6075
6074
6072
6070
6069
6068
6066
6065
6062
6061
6058
6057
6056
6055
6054
6053
6051
6050
6049
6046
6045
6044
6043
6033
6032
6031
6030
6028
6026
6025
6023
6016
6015
6013
6010
6009
6008
6007
6006
6005
6002
6001
5998
5993
5990
5989
5984
5983
5982
5981
5979
5977
5975
5973
5963
5962
5954
5952
5950
5949
5948
5947
5946
5945
5943
5942
5941
5938
5935
5934
5931
5924
5921
5920
5919
5918
5917
5916
5910
5909
5901
5897
5896
5892
5890
5888
5887
5886
5883
5882
5880
5879
5878
5877
5876
5875
5872
5870
5865
5862
5861
5860
5858
5857
5855
5852
5847
5846
5845
5844
5843
5841
5840
5839
5838
5837
5836
5834
5832
5831
5829
5827
5825
5824
5823
5819
5818
5815
5813
5810
5807
5804
5803
5800
5798
5797
5795
5794
5793
5792
5790
5788
5781
5779
5775
5773
5769
5768
5767
5766
5765
5761
5760
5759
5758
5755
5753
5749
5748
5746
5743
5741
5737
5736
5727
5723
5722
5721
5720
5718
5715
5713
5712
5711
5710
5709
5707
5704
5701
5700
5698
5690
5689
5687
5685
5684
5683
5682
5680
5679
5678
5677
5676
5671
5669
5668
5667
5665
5664
5663
5662
5658
5657
5656
5652
5651
5650
5646
5644
5643
5642
5641
5640
5636
5635
5634
5633
5632
5629
5627
5626
5625
5624
5623
5621
5620
5618
5616
5615
5613
5612
5611
5607
5606
5605
5601
5599
5597
5595
5593
5591
5590
5589
5588
5587
5586
5585
5583
5582
5580
5578
5576
5571
5570
5568
5563
5558
5557
5555
5551
5549
5548
5547
5544
5543
5542
5540
5539
5537
5535
5529
5527
5526
5525
5523
5521
5518
5517
5514
5513
5512
5511
5510
5509
5504
5502
5498
5497
5496
5493
5492
5491
5490
5487
5484
5483
5481
5480
5479
5477
5475
5473
5472
5471
5468
5467
5466
5465
5464
5463
5461
5460
5459
5458
5456
5453
5452
5451
5450
5449
5448
5447
5446
5444
5443
5442
5441
5439
5433
5432
5431
5429
5428
5426
5424
5421
5420
5419
5418
5414
5411
5408
5407
5406
5404
5403
5398
5397
5390
5387
5385
5384
5380
5378
5377
5376
5374
5370
5367
5365
5364
5363
5361
5359
5357
5356
5354
5353
5347
5345
5342
5341
5340
5337
5332
5331
5330
5328
5327
5325
5319
5318
5315
5314
5308
5307
5305
5301
5300
5297
5295
5292
5291
5290
5287
5282
5280
5279
5278
5277
5272
5270
5264
5261
5260
5256
5252
5250
5249
5248
5244
5243
5242
5241
5240
5238
5237
5236
5234
5233
5231
5230
5227
5224
5222
5220
5218
5217
5214
5213
5212
5210
5209
5205
5204
5203
5201
5200
5198
5195
5188
5184
5180
5178
5177
5176
5175
5172
5169
5168
5166
5165
5164
5163
5162
5161
5160
5158
5157
5156
5151
5146
5145
5143
5141
5139
5138
5137
5136
5132
5131
5130
5125
5123
5120
5119
5118
5117
5116
5115
5114
5110
5106
5096
5094
5093
5091
5089
5085
5083
5082
5080
5079
5075
5073
5072
5069
5068
5067
5065
5063
5062
5061
5059
5058
5057
5055
5054
5053
5049
5048
5046
5045
5044
5043
5042
5041
5039
5036
5035
5032
5031
5027
5026
5023
5022
5021
5019
5018
5017
5016
5013
5012
5010
5007
5005
5002
5001
5000
4999
4998
4997
4995
4989
4988
4985
4982
4981
4980
4977
4976
4973
4972
4971
4969
4968
4967
4960
4959
4957
4956
4954
4951
4950
4949
4948
4947
4945
4944
4942
4940
4939
4937
4935
4933
4931
4930
4928
4926
4924
4921
4920
4915
4914
4913
4909
4907
4906
4904
4900
4899
4898
4897
4896
4895
4893
4885
4883
4882
4881
4880
4878
4874
4872
4871
4870
4869
4868
4866
4863
4861
4860
4858
4856
4855
4853
4851
4849
4847
4846
4845
4838
4837
4835
4834
4830
4826
4825
4824
4823
4820
4816
4812
4811
4807
4806
4804
4801
4798
4796
4795
4793
4792
4790
4789
4788
4787
4786
4785
4783
4777
4776
4775
4774
4772
4771
4770
4768
4765
4764
4763
4762
4761
4759
4757
4756
4753
4751
4749
4748
4747
4746
4745
4742
4741
4740
4736
4735
4722
4721
4720
4718
4717
4716
4714
4712
4710
4708
4706
4705
4703
4702
4699
4697
4696
4695
4692
4691
4690
4688
4686
4684
4682
4680
4679
4677
4676
4675
4674
4667
4664
4663
4661
4656
4652
4651
4649
4647
4644
4643
4642
4641
4638
4636
4628
4625
4624
4623
4622
4621
4619
4615
4614
4610
4608
4607
4604
4603
4600
4596
4591
4590
4583
4582
4581
4578
4577
4576
4573
4572
4571
4570
4569
4568
4567
4564
4563
4560
4559
4558
4557
4554
4553
4551
4548
4547
4540
4539
4536
4535
4534
4533
4532
4530
4529
4520
4519
4518
4514
4513
4505
4504
4503
4501
4496
4495
4492
4488
4484
4483
4481
4480
4479
4478
4476
4475
4473
4472
4471
4470
4469
4468
4464
4463
4462
4460
4458
4454
4453
4450
4449
4448
4446
4440
4434
4432
4431
4429
4426
4425
4424
4421
4419
4418
4416
4414
4411
4410
4405
4401
4397
4395
4393
4392
4389
4388
4385
4382
4381
4378
4377
4375
4372
4371
4368
4364
4362
4360
4359
4355
4354
4350
4349
4345
4343
4341
4336
4335
4334
4333
4332
4324
4321
4320
4319
4317
4316
4315
4313
4312
4311
4310
4309
4306
4304
4301
4295
4294
4291
4290
4289
4287
4286
4285
4282
4279
4278
4276
4274
4272
4270
4267
4266
4257
4254
4253
4249
4248
4243
4239
4238
4235
4233
4231
4229
4226
4220
4219
4218
4217
4214
4212
4209
4204
4203
4202
4194
4193
4191
4184
4176
4173
4172
4169
4166
4165
4163
4162
4161
4160
4158
4156
4155
4154
4153
4149
4148
4146
4145
4143
4141
4136
4134
4133
4132
4129
4128
4127
4126
4124
4121
4120
4119
4116
4115
4114
4110
4109
4108
4107
4105
4104
4103
4102
4101
4099
4098
4097
4096
4094
4092
4087
4086
4085
4083
4076
4075
4067
4063
4060
4058
4057
4056
4053
4052
4047
4045
4041
4040
4038
4029
4026
4025
4022
4021
4019
4011
4009
4008
4006
4005
4004
4001
4000
3999
3998
3997
3995
3994
3991
3990
3985
3983
3981
3978
3975
3969
3967
3964
3962
3960
3959
3958
3957
3954
3953
3951
3950
3946
3944
3940
3939
3938
3936
3933
3932
3931
3930
3928
3926
3925
3921
3920
3917
3915
3913
3910
3907
3904
3897
3894
3893
3892
3887
3881
3876
3874
3873
3872
3871
3863
3858
3856
3855
3854
3851
3850
3847
3846
3844
3837
3834
3831
3830
3827
3826
3825
3824
3823
3822
3815
3814
3810
3809
3808
3803
3800
3799
3797
3796
3795
3794
3793
3788
3784
3781
3780
3779
3775
3773
3772
3768
3764
10184
3763
10178
3757
3755
3754
3753
3750
3741
3739
10155
3734
3731
3730
10148
3727
10145
3724
10142
3721
3720
3718
10135
3714
3712
3711
10128
3707
10125
3704
10124
3703
10123
3702
3699
10119
3698
10117
3696
10114
3693
3689
10108
3687
3685
10103
3682
3679
10097
3676
3675
3674
10092
3671
10088
3667
10083
3662
10082
3661
3660
3658
3657
3656
10072
3651
3650
10067
3646
10066
3645
10065
3644
3641
10061
3640
3639
3627
3625
10044
3623
3621
3615
10033
3612
10032
3611
10031
3610
3607
3604
10024
3603
10022
3601
3600
3599
10019
3598
10014
3593
10012
3591
3587
3586
10006
3585
3584
10003
3582
3581
3580
9999
3578
3575
9993
3572
3571
9990
3569
3565
3564
3561
9980
3559
3554
3550
3549
3544
3541
3538
9953
3532
3531
3527
9946
3525
9945
3524
9943
3522
9940
3519
3517
3515
3512
9932
3511
9931
3510
9929
3508
9927
3506
9925
3504
3501
9919
3498
3497
3496
3495
3494
9909
3488
3486
3483
3482
3481
9900
3479
3475
9895
3474
9894
3473
3471
3470
9890
3469
3468
3465
9883
3462
3461
3460
3459
9878
3457
9877
3456
3455
9864
3443
9863
3442
3441
3440
3437
3433
9852
3431
3430
3427
3426
3420
9840
3419
3414
3410
9829
3408
9828
3407
3406
3405
3404
3403
3402
3401
9820
3399
9817
3396
9816
3395
9814
3393
9813
3392
9812
3391
3390
9809
3388
3387
9806
3385
3382
9802
3381
3380
3378
3377
3376
9796
3375
3374
9794
3373
3372
9792
3371
3368
9788
3367
3366
3360
3357
9777
3356
3353
9771
3350
3348
9765
3344
9763
3342
3339
3337
3336
3334
9751
3330
3328
9748
3327
9745
3324
9740
3319
3317
9734
3313
3312
9732
3311
9729
3308
3307
3306
9725
3304
3302
3301
3298
9714
3293
3288
9708
3287
9706
3285
9704
3283
3280
3278
3275
9695
3274
3271
9690
3269
3268
9688
3267
3264
3261
3260
3258
9672
3251
9663
3242
9661
3240
3237
9652
3231
9631
3210
9623
3202
3201
3200
9620
3199
9618
3197
9617
3196
3192
3191
3190
3188
3187
3186
3182
9590
3169
9585
3164
9584
3163
9583
3162
9581
3160
3156
3154
3153
9573
3152
9572
3151
9568
3147
9565
3144
3143
9559
3138
9558
3137
9555
3134
9551
3130
9543
3122
9539
3118
3116
9536
3115
9534
3113
9528
3107
9527
3106
9523
3102
3098
3094
3092
9512
3091
9511
3090
9510
3089
9509
3088
3083
9501
3080
9499
3078
9497
3076
3074
9493
3072
3070
9490
3069
3056
3054
3051
3049
9468
3047
3046
3039
9459
3038
9457
3036
3035
9455
3034
9452
3031
9451
3030
9448
3027
9447
3026
9445
3024
3023
9443
3022
9442
3021
3019
9436
3015
3013
9433
3012
9432
3011
3008
3007
9427
3006
3005
9423
3002
9421
3000
2997
2996
9414
2993
9410
2989
2988
9406
2985
9403
2982
9402
2981
9400
2979
2977
9396
2975
2974
9393
2972
9391
2970
2966
9385
2964
9382
2961
9380
2959
9379
2958
2953
9371
2950
9370
2949
2948
9362
2941
2939
2936
9355
2934
2933
2931
2929
9349
2928
2926
9342
2921
9339
2918
9333
2912
9332
2911
9329
2908
2906
2904
2902
9320
2899
9317
2896
2894
9312
2891
2886
2884
2881
2876
2875
9295
2874
9294
2873
2869
2866
9282
2861
9279
2858
2856
9276
2855
9275
2854
2853
2850
2849
9268
2847
9267
2846
9265
2844
2842
9260
2839
2836
2835
9254
2833
2827
9244
2823
9243
2822
9241
2820
2818
9238
2817
2811
9224
2803
9219
2798
9217
2796
9214
2793
9212
2791
2790
9207
2786
9206
2785
9205
2784
9203
2782
2780
9200
2779
9197
2776
2774
9192
2771
9191
2770
9185
2764
9184
2763
2758
9178
2757
2750
2745
9162
2741
9155
2734
2732
9140
2719
9139
2718
9138
2717
9132
2711
9131
2710
9127
2706
2703
2702
9118
2697
2693
2688
2687
9106
2685
2684
2679
9097
2676
2675
2674
2672
9092
2671
9088
2667
9080
2659
9079
2658
9077
2656
2655
9070
2649
9057
2636
2634
2632
2629
9046
2625
9044
2623
9043
2622
9041
2620
9039
2618
9036
2615
2613
2612
9032
2611
2610
9030
2609
2608
9028
2607
2602
2597
9016
2595
9015
2594
2589
9008
2587
9006
2585
9003
2582
8995
2574
8990
2569
8988
2567
8987
2566
2565
2563
2561
8981
2560
2559
2555
8974
2553
8973
2552
2550
2548
2547
2545
8964
2543
8954
2533
8953
2532
8951
2530
8950
2529
8949
2528
2526
2520
2518
2517
2516
8936
2515
8933
2512
2510
2508
2507
8918
2497
2495
8913
2492
8909
2488
2487
8907
2486
2485
2482
2480
2477
2474
2472
2467
2464
8882
2461
8881
2460
8879
2458
2457
2455
8871
2450
2449
2447
2446
8865
2444
2443
2442
2439
8857
2436
8854
2433
2432
2431
8848
2427
8847
2426
8845
2424
8842
2421
8841
2420
2417
2415
8834
2413
8829
2408
8824
2403
8821
2400
8819
2398
2396
2392
8807
2386
8806
2385
2384
2383
2381
8798
2377
8791
2370
8790
2369
8788
2367
2364
8784
2363
2362
2357
8776
2355
8773
2352
8772
2351
8771
2350
2347
8767
2346
8765
2344
8764
2343
8761
2340
8758
2337
8755
2334
2331
8749
2328
8748
2327
2314
8733
2312
2311
8729
2308
8728
2307
8727
2306
8722
2301
8721
2300
2299
8718
2297
2294
2293
8712
2291
2290
8710
2289
8709
2288
8708
2287
2284
8704
2283
8702
2281
8699
2278
8698
2277
8697
2276
2274
2270
2266
8685
2264
2263
8683
2262
8681
2260
2259
2258
8674
2253
8673
2252
2251
8671
2250
8670
2249
8661
2240
8660
2239
2238
8655
2234
8651
2230
2228
2227
2225
2223
2221
8637
2216
2210
2206
2204
8624
2203
2202
8622
2201
8619
2198
2195
8615
2194
2187
8607
2186
8606
2185
8604
2183
8603
2182
8602
2181
2180
2179
2175
8595
2174
8591
2170
8590
2169
2167
2166
8583
2162
8582
2161
2158
2155
8574
2153
2150
8563
2142
2137
8555
2134
8553
2132
8552
2131
8536
2115
8534
2113
8532
2111
8527
2106
2105
8525
2104
8524
2103
2102
8521
2100
2099
8518
2097
2095
8515
2094
8513
2092
8512
2091
2089
2083
8501
2080
2079
8498
2077
8494
2073
2072
8491
2070
8481
2060
2057
8475
2054
8470
2049
2045
8459
2038
2037
2033
8453
2032
2031
2030
8449
2028
8448
2027
8447
2026
2019
8432
2011
2010
8430
2009
8429
2008
8428
2007
2000
8418
1997
1996
8413
1992
1987
8406
1985
8403
1982
8402
1981
1977
8397
1976
8394
1973
8390
1969
1968
8387
1966
8386
1965
1964
8382
1961
1958
8374
1953
1950
8369
1948
1946
8364
1943
8361
1940
8357
1936
1935
1932
1925
8341
1920
1919
8338
1917
8337
1916
8335
1914
1913
1912
1910
8327
1906
1903
1896
8316
1895
8313
1892
8312
1891
8310
1889
1887
1877
8297
1876
1875
8293
1872
8291
1870
1866
1862
1861
1860
8279
1858
1857
8276
1855
1852
8272
1851
8270
1849
8269
1848
1847
8264
1843
1841
8259
1838
1836
8256
1835
8253
1832
8250
1829
1828
8246
1825
1823
8241
1820
1819
8237
1816
8234
1813
8233
1812
8232
1811
8230
1809
1808
8227
1806
8225
1804
1803
8222
1801
1800
8220
1799
1797
1794
1792
8211
1790
8206
1785
1782
8201
1780
1777
8196
1775
8190
1769
1768
8186
1765
1764
1755
8175
1754
1753
8173
1752
8171
1750
1749
1747
8167
1746
1745
8163
1742
1738
8158
1737
8157
1736
1733
1730
8149
1728
8147
1726
8145
1724
8143
1722
8139
1718
8138
1717
8135
1714
1712
8131
1710
8127
1706
8119
1698
8116
1695
1687
8103
1682
1679
1677
8097
1676
1674
8094
1673
1671
8078
1657
8074
1653
8069
1648
8067
1646
8065
1644
8063
1642
1637
8056
1635
1634
1632
8049
1628
8042
1621
8041
1620
1613
8033
1612
8029
1608
8027
1606
1605
8025
1604
1603
8023
1602
1601
8021
1600
8019
1598
8016
1595
1593
1592
8012
1591
8010
1589
8007
1586
8006
1585
7998
1577
7997
1576
7994
1573
1571
1569
7989
1568
1567
1558
1553
1549
7969
1548
1547
1542
1541
7957
1536
7952
1531
7951
1530
7947
1526
7946
1525
1524
1521
1520
1516
1514
7934
1513
7929
1508
7927
1506
1505
1504
7924
1503
7916
1495
7915
1494
7913
1492
7912
1491
1490
1489
7909
1488
7908
1487
7907
1486
7906
1485
1484
7902
1481
1477
7897
1476
1475
1474
7893
1472
7888
1467
1460
7877
1456
1454
1453
7870
1449
1448
7867
1446
1441
7860
1439
1433
7851
1430
7849
1428
1427
7847
1426
7846
1425
1424
7843
1422
1418
7837
1416
1408
1398
7807
1386
7802
1381
1379
1377
7796
1375
7795
1374
1369
1367
7785
1364
7784
1363
7783
1362
1360
7780
1359
1357
1356
7775
1354
7771
1350
7768
1347
7767
1346
1344
7764
1343
1340
7758
1337
7755
1334
1333
1331
7751
1330
1328
7748
1327
1322
7741
1320
7740
1319
7737
1316
7731
1310
7730
1309
1308
1307
7725
1304
1301
1298
7718
1297
7717
1296
7714
1293
1291
7709
1288
7704
1283
1281
7701
1280
1277
7696
1275
7695
1274
7694
1273
7690
1269
7681
1260
7678
1257
1253
7667
1246
7666
1245
7665
1244
7662
1241
7657
1236
1233
1232
7649
1228
1223
1221
1220
1218
7637
1216
7635
1214
1213
1212
7632
1211
7630
1209
7627
1206
7626
1205
7625
1204
7623
1202
7622
1201
1200
7620
1199
1198
1197
7617
1196
7612
1191
7610
1189
7609
1188
7608
1187
7604
1183
1178
7595
1174
7593
1172
7592
1171
7586
1165
1162
7578
1157
1156
1155
1152
7569
1148
7568
1147
7561
1140
7558
1137
7554
1133
1132
1130
1118
7537
1116
7535
1114
7533
1112
7531
1110
7529
1108
1105
1103
1097
7513
1092
7510
1089
1086
1084
1083
7496
1075
1073
1072
7487
1066
1063
1060
7480
1059
1057
7473
1052
7471
1050
7470
1049
7466
1045
1042
1041
1036
7456
1035
1033
1031
7451
1030
7450
1029
1026
1024
7442
1021
7437
1016
7436
1015
7434
1013
7433
1012
1011
1007
7423
1002
7421
1000
7414
993
7413
992
7410
989
7407
986
7401
980
977
974
7392
971
7391
970
969
7389
968
964
7384
963
7379
958
7377
956
7374
953
7371
950
946
7366
945
940
939
7357
936
932
7348
927
7347
926
7346
925
7344
923
7342
921
7341
920
917
916
7336
915
7334
913
7332
911
7330
909
908
7325
904
7323
902
900
7316
895
894
893
7311
890
7310
889
7309
888
7306
885
7303
882
7302
881
7300
879
7297
876
875
7293
872
867
7285
864
862
860
7271
850
7269
848
845
842
7261
840
835
831
7244
823
7243
822
7242
821
819
818
816
7230
809
7229
808
7228
807
7227
806
7225
804
7223
802
796
7209
788
7208
787
7207
786
780
7199
778
7197
776
770
769
7188
767
7187
766
7185
764
7184
763
7180
759
7178
757
756
755
753
7173
752
7172
751
7170
749
746
7163
742
7158
737
7156
735
734
731
730
726
7141
720
716
7135
714
7134
713
707
706
7123
702
7121
700
7116
695
7114
693
691
7110
689
684
7104
683
677
7096
675
7093
672
7090
669
7087
666
662
659
657
7077
656
653
7073
652
651
649
647
646
645
7065
644
642
638
637
7056
635
7053
632
7050
629
7044
623
7043
622
621
7037
616
7036
615
7035
614
609
7028
607
606
7026
605
604
602
7015
594
592
7012
591
587
582
569
567
6985
564
6983
562
558
556
554
550
6968
547
545
6963
542
6962
541
6959
538
6957
536
535
6954
533
532
6948
527
525
6944
523
518
514
6929
508
505
501
500
6920
499
490
6909
488
6907
486
6898
477
6897
476
6894
473
6891
470
469
6888
467
6886
465
6884
463
6883
462
447
6861
440
6858
437
433
431
417
6834
413
6833
412
6832
411
409
407
6826
405
6822
401
394
6814
393
392
390
6805
384
6804
383
6798
377
376
6796
375
6794
373
369
6789
368
6786
365
6785
364
6782
361
6777
356
6774
353
6765
344
341
6759
338
336
335
6751
330
329
6744
323
319
318
316
6735
314
6734
313
6733
312
6730
309
6727
306
6725
304
301
6720
299
6716
295
6715
294
291
283
6701
280
6697
276
272
6690
269
265
261
258
6675
254
6674
253
252
6669
248
6661
240
229
6648
227
6644
223
6639
218
6638
217
216
6634
213
212
6632
211
6629
208
203
200
6614
193
191
186
6604
183
6603
182
6602
181
6601
180
169
163
157
6571
150
6569
148
145
3347
129
6550
144
142
121
6542
136
115
98
6519
113
6528
107
3303
6521
100
83
6504
6514
93
6511
90
3273
70
68
3255
9676
9691
3270
6488
67
3266
63
3265
47
6468
6483
62
6465
44
42
40
6445
24
3223
20
3219
6437
16
6421
6436
15
3217
14
6426
5
3206
3
6754
333
8187
1766
8172
187
202
1781
7782
1361
4549
10970
1388
8731
2310
8716
4731
1510
4698
11119
7830
1409
7815
7099
678
3866
6092
9301
2880
9286
4322
7540
1119
2445
8851
2463
839
4027
10448
482
10091
491
10115
3694
728
10337
639
9146
2725
5928
7552
7567
1146
7200
7215
794
4206
8245
1824
2606
5809
7412
991
10600
8325
1904
2075
7889
1468
4671
8531
2110
3701
10122
6934
513
7689
1268
10877
257
3445
9866
1247
7668
4465
3912
10333
6348
9626
3205
6423
2
4802
1599
3993
10414
7226
805
3181
6384
4065
10486
7692
1271
1256
7677
10880
9561
3140
9546
4755
1734
688
7109
3906
2309
6810
389
9998
374
6795
3622
419
410
3613
1153
1138
7559
6807
386
3589
9750
6562
141
6662
241
9850
3429
6656
235
214
3417
6547
126
6529
108
3296
9717
8935
2514
8920
5717
9141
2720
5923
2735
4299
4284
10705
7544
1123
8944
8415
1994
5197
3594
10015
6827
406
3176
6379
7991
1570
4773
7976
9582
3161
9567
7811
4584
11005
8045
1624
8030
3239
9236
2815
2800
9221
6878
457
8457
2036
8442
80
892
2471
8877
8537
2116
2071
8492
3869
10290
3884
7102
681
3857
3842
10263
7884
1463
4666
9481
3060
6263
6863
442
427
6848
5251
10075
3654
6881
460
385
6806
418
6851
430
2792
9213
2807
7589
1168
10777
5995
6004
2801
8037
1616
3195
9601
8786
2365
8795
2374
5577
7049
628
3816
10237
9553
3132
3117
9538
1523
4711
11132
9550
3129
9535
7971
1550
5930
5133
9121
2700
7542
1121
3082
9503
2330
733
7930
1509
9545
3124
221
9845
3424
6651
230
3352
9773
1355
4543
10964
2503
106
6527
8998
2577
5780
8989
2568
5771
3177
795
9225
2804
1207
5992
7965
3183
7004
583
3771
10192
8610
2189
5392
5885
5103
7220
799
4002
5608
8811
8826
2405
790
7196
1163
10772
4050
847
3509
9930
5148
8366
1945
339
9963
3542
7566
1145
4348
9154
2733
9172
2751
6769
348
3551
9981
3560
357
8134
1713
4916
931
134
4934
1731
2946
9791
3370
6588
167
5806
2603
973
7394
6618
197
9821
3400
188
6594
2406
5600
8809
2388
8794
3609
10030
421
2018
7071
650
3853
2214
8635
8668
2247
7438
7444
1023
1008
7429
10632
5047
8274
1853
6668
247
6653
3450
914
7335
8792
2371
762
3965
2121
4602
2978
9384
8068
1647
4850
9665
3244
6447
1656
1789
4992
1798
195
3398
1338
4526
10947
7786
1365
3262
9683
6495
74
8083
1662
4865
2930
9336
2133
8539
8572
2151
2196
572
6978
3760
10181
4587
7814
1393
7650
1229
2808
6011
2145
5348
6942
521
3709
10130
8557
2136
5339
6969
548
2160
6984
563
9348
2927
7745
4542
1348
9375
2954
6148
1378
2957
9363
3769
3778
6996
575
551
5360
1744
8150
6568
147
6553
3326
9747
2759
6879
458
2055
428
10052
3631
9240
2819
824
2448
851
1502
7923
1517
1159
10768
8422
2001
1667
8073
9703
3282
8106
1685
1928
9540
3119
3101
3086
9507
698
10307
2292
6719
298
2653
5856
2662
7803
1382
4585
5964
5976
7606
1185
6812
391
9173
7928
1507
5726
120
6541
6556
135
6908
10111
8529
2108
8514
2141
6965
544
8544
2123
6143
10510
7340
919
4122
6570
149
7773
1352
4555
7057
636
3839
5436
7738
7753
1332
10150
3729
6755
8782
2361
8543
2122
2107
8528
8561
2140
2152
8994
2573
6597
176
50
9659
9289
2868
6071
2101
2468
7265
844
4032
10453
1125
4328
9266
2845
9251
7687
1266
2863
7672
1251
1242
4445
4430
10851
6060
2088
6073
6915
494
2082
5285
6736
315
7106
685
3888
7115
694
8667
2246
846
4034
10455
6880
459
414
3602
10023
8450
2029
5232
1414
7820
6223
9376
2955
9361
3867
673
3055
6258
7270
849
4037
10458
8468
2047
6995
574
3777
8589
2168
5371
580
7792
1371
4574
9389
2968
6171
7774
1353
4556
4541
10962
3792
589
7816
1395
1784
4987
6846
425
10049
3628
10058
3637
6855
434
5225
10187
8605
2184
1922
3528
9934
6746
325
8322
1901
6289
7892
1471
11080
7103
682
10264
1988
8409
6836
415
3618
7317
896
10505
10177
3756
6989
568
327
3530
8363
1942
2748
6581
160
9742
2542
2527
8948
2551
5754
4157
5833
7082
661
4616
11022
9449
3028
6231
4634
7861
1440
7405
984
951
7372
8
9641
3220
6438
17
7706
1285
7691
2112
6936
515
2494
9643
3222
6425
761
10370
6877
456
10080
3659
7319
898
8247
1826
9068
2647
5850
1865
4250
1068
841
4044
8835
6029
8435
2014
1999
8420
3596
10017
1040
7461
4258
1037
7443
4225
10646
3416
9837
3434
9855
9870
3449
2345
7142
721
3909
10330
7160
739
3942
4185
6582
161
9770
8639
2218
7842
1421
6882
461
10085
3664
2342
5545
8754
2333
8739
7133
9554
3133
6336
6345
9563
3142
9187
2766
7557
4357
10778
7575
7590
1169
4344
9150
2729
9135
7508
1087
10696
1102
7358
937
4140
4125
10546
6731
310
9326
2905
1290
7680
1259
242
8445
2024
3722
6931
510
495
6916
6949
528
7448
1027
4230
5008
1805
3891
8706
2285
5488
3882
7085
697
8724
2303
2540
8946
8979
2558
8164
1743
1004
10613
4207
1786
8192
174
6595
6628
222
204
6610
6659
238
7441
1020
4223
9038
2617
5820
608
3811
2286
5489
8677
8738
2317
5520
2332
7129
708
8744
2323
8314
1893
1878
8299
2705
5908
560
8545
8391
1970
5173
7594
1173
4376
5182
6758
337
4331
1128
9134
9149
2728
4325
3444
9865
286
9910
3489
5086
9098
9113
2692
7516
1095
2191
2176
5379
6973
552
3740
10161
2353
9544
3123
6326
3111
9517
8750
2329
5532
3977
3992
2127
948
7339
918
10527
815
10439
4018
9531
3110
5174
2768
5971
3216
6419
13
4013
7231
810
3232
29
8047
1626
82
3276
6784
1984
5187
10011
3590
8832
2411
5614
2402
8808
8487
2066
5269
2051
454
6860
6893
472
1254
1239
7660
6063
7936
1515
7921
7954
1533
9514
6320
6329
9547
3126
4302
5899
2690
5893
275
3463
9884
1907
9196
2775
5978
6619
198
3386
9807
1822
7636
1215
4403
10824
7656
1235
6844
423
10047
3626
5223
2814
6017
2724
5927
7213
792
3980
10401
8828
2407
5610
9649
3228
25
8043
1622
32
8017
1629
3226
10438
8856
2435
8486
2065
5268
8471
1464
2061
8482
8497
2076
8479
2058
8464
2235
9438
3017
6220
1429
715
3918
7903
1482
11091
765
7171
3150
3135
9556
9069
2648
5851
9054
7490
1069
287
6681
260
3448
9869
96
8105
1684
8090
4887
6699
278
3294
9715
8124
1703
7327
906
5703
2500
8912
2491
5694
8883
2462
7277
856
4059
4068
7286
865
7274
868
4062
5659
838
7645
1224
4427
2812
9218
6997
576
8251
1830
5033
1845
2627
9048
2642
2624
251
3412
9833
8052
1631
5604
5622
2419
2416
5619
6665
244
1076
2640
7482
1061
6655
234
9843
6694
273
3476
8303
1882
6706
285
1873
5076
9073
2652
9058
595
3798
8613
2192
5395
577
3765
10186
7891
1470
4673
1479
2267
8653
2232
5435
7871
1450
7899
1478
4681
6260
3042
9463
1469
4672
517
2272
8678
5552
2358
9014
2593
8999
1005
4208
981
7402
6035
8460
2039
8427
8330
1909
8315
6724
303
3491
9912
1927
311
3454
9875
7646
1225
10834
9252
2831
9237
1791
1776
8197
194
179
6600
4781
1587
6262
1462
4665
11053
711
3914
3588
1991
367
9991
3570
9976
6933
512
3700
10121
3715
89
71
56
6477
4886
834
2064
9122
5686
1898
3908
7126
705
6793
372
8996
2575
5778
4181
987
6620
199
184
8184
1763
8169
4975
5393
6871
450
3638
10059
480
3683
6892
471
489
2298
5501
692
3880
10301
7140
719
7125
704
2339
2324
8745
9587
3166
2744
4326
10747
3121
8775
2354
7131
710
3898
10319
878
7290
869
4072
6490
69
3254
6457
1666
7679
1258
9258
2837
6040
7465
1044
8358
1937
5140
340
3543
6749
328
6767
346
6779
358
9684
5940
4902
6526
105
6508
87
72
6493
6776
355
9979
3558
1952
5155
7345
924
10533
8960
2539
8945
5742
7530
1109
9906
3500
6700
279
3467
9888
3619
4964
1770
7555
1134
4337
8352
1931
7343
922
7328
8940
2519
2504
8925
9487
3066
4630
11051
1326
7720
1299
7705
10908
130
3291
9712
7431
1010
4213
7422
1001
7563
1142
2721
2730
5933
7536
1115
4318
10724
5427
8071
1650
1614
3193
6396
3178
9599
2681
5884
7514
1093
585
6991
2200
3758
10179
2994
7724
4521
6522
101
4892
8086
9716
3295
2871
444
3632
10053
5271
8489
2068
3642
9654
3233
30
8039
1618
4821
1627
7918
1512
3109
366
351
6772
6003
9230
2809
5997
1707
4910
8137
1716
1306
4509
8461
2040
9261
2840
6617
196
4655
1461
670
9700
3279
76
4867
9147
2726
7541
1120
4323
10729
687
3875
10296
7117
696
4293
1090
1081
9099
2678
5881
8831
2410
2395
8816
596
8614
2193
5381
7789
1368
2956
6159
10180
571
6930
509
3697
10118
9736
3315
1709
4912
8962
2541
3299
9720
1639
8060
4857
3165
1193
4396
2781
9220
2799
516
6937
6970
549
6113
9331
2910
2895
9316
2163
6862
441
10050
8477
2056
5259
6889
468
8465
2044
5247
6859
438
2035
8441
4338
10759
9186
2765
5968
9177
2756
7598
1177
6780
359
3883
7092
671
9128
2707
1062
9047
6819
398
8830
2409
1179
1161
6583
162
4911
7214
793
3996
6432
11
6472
1681
8084
1663
6460
8072
1651
1636
8057
3079
8746
2325
7940
1519
4707
11128
3032
7616
1195
4383
10804
7643
1222
2621
6660
239
8248
1827
5030
1641
4844
7018
597
3785
10206
8633
2212
5415
2440
8846
861
8305
1884
1869
8290
6717
296
9920
3499
7031
2199
5402
3802
7011
590
2205
7373
952
2534
8955
4164
7204
783
7189
8810
2389
5592
7488
1067
10676
2691
7515
1094
1459
3167
6370
317
9941
3520
6729
308
6714
8311
4538
9344
2923
6135
10129
8556
2135
5338
2144
445
3648
2738
8796
10393
2399
5602
6951
530
10154
3733
7886
1465
11074
4704
380
5189
9299
2878
6081
1039
4767
1540
7961
10631
1028
4216
10637
6138
7750
1329
7735
9619
3198
2704
2695
5898
1886
6677
2177
830
8875
2454
6856
435
8462
2041
43
9667
3246
1640
4843
1649
446
10070
3649
2052
6876
455
7670
1249
7661
1240
10849
4443
11047
3044
6247
9450
3452
3974
2359
4188
994
4700
9533
3112
709
1675
3281
6499
78
4498
2231
11001
7813
1392
4586
4732
9526
3105
4687
11108
8347
1926
8332
8362
1941
5144
6747
326
3514
9935
6248
9466
3045
33
8051
1630
827
4030
836
9392
1389
612
2117
3672
10093
6899
4517
2920
7659
1238
4441
1400
8700
2279
10592
231
6552
131
6525
104
3292
9713
4922
97
1694
800
10409
209
9818
4715
11136
1554
2755
5958
7579
1158
4361
10188
6559
6574
153
9199
2778
9143
2722
2951
7742
9381
2960
4031
4016
10437
858
4061
8280
1859
8905
2484
8890
1691
4894
9718
3297
7688
1267
7548
1127
292
3480
9901
8662
717
7138
5541
3941
729
177
8195
1774
1054
8275
1854
9064
2643
1846
1837
243
8546
2125
546
965
2580
2952
1358
1376
4579
1385
6781
360
3548
9969
9790
3369
6587
166
6251
4654
9439
4648
7857
1436
6245
2599
5802
9011
2590
8238
1817
81
2042
870
7273
852
7258
7312
891
3389
9810
1025
998
10607
9119
2698
8519
2098
3695
1248
4451
8490
2069
2081
5284
475
3678
7556
1135
8339
8372
1951
3545
5142
7545
5228
1219
9255
2834
1874
5077
9868
268
3394
9815
832
4035
7671
1250
4438
10859
3540
9961
1252
4455
8380
1959
3553
9670
3249
46
7868
1447
4650
4506
9318
2897
6100
2085
5288
7521
1100
1615
4818
803
9600
6406
1834
225
3428
7855
1434
4637
7864
1443
9461
3040
8993
2572
1760
4963
175
3877
6764
343
9319
2898
6101
7381
960
7455
1034
10463
7275
854
2059
420
3608
10029
8658
2237
2222
5425
9437
3016
6219
7831
1410
1407
7034
613
7019
7179
758
3961
7301
880
5445
9593
3172
4769
9548
3127
7418
997
6976
555
3743
10164
600
4524
64
8082
1661
8849
2428
5631
10608
2635
2581
5784
8177
6613
192
7380
959
4147
10568
3902
690
10299
5508
1511
3099
6302
866
4069
9245
2824
6887
466
3669
6872
2084
9075
2654
9060
2663
5866
9216
2795
270
3458
9879
1879
8285
9498
3077
686
9420
7966
4778
3136
5902
9129
2708
7972
1551
4754
6351
8046
1625
4813
9628
3207
6410
2404
8040
1619
4822
7246
825
4028
5219
1345
2686
7477
7501
1080
7486
1077
4280
6671
250
9859
7939
1518
7993
1572
4766
7157
736
3924
10345
781
4986
6592
171
4965
962
4123
10544
8872
2451
8923
2502
5705
114
1696
8117
8132
1711
1955
9506
9471
3050
6253
8689
2268
9486
3065
7420
8329
1908
9087
2666
9072
6538
117
8126
1705
4908
8099
1678
5323
2129
9416
2995
975
9005
2584
5787
9411
2990
6193
910
4113
6537
116
9743
3322
6549
128
7710
1289
10898
2913
4077
9115
972
957
7378
5417
3820
2147
9311
2890
6093
2096
5299
6098
5274
10521
8975
2554
5757
7052
631
10240
7164
743
7146
725
3943
1543
3131
6334
9630
3209
6427
6
4797
3155
7791
1370
6567
146
4943
9303
2882
6512
91
85
6267
11067
899
2245
2208
4261
7479
1058
5692
8277
1856
124
1721
7721
1300
215
9839
3418
4597
7527
1106
7832
1411
4599
11020
648
3836
10257
7547
1126
1897
5100
1700
4903
6539
118
1715
1341
4544
10920
8156
1735
8141
6986
565
2680
9309
2888
1493
1921
5127
1048
4251
2657
7878
1457
4660
1915
8801
798
8859
2438
8844
38
820
4023
9208
2787
9193
396
6802
7081
660
6913
6943
522
10146
3725
370
3075
9505
3084
6287
8396
1975
3139
6342
1373
7387
6808
8910
8952
8967
2546
5734
2521
5724
1818
7024
603
3806
1415
4760
1192
4380
10801
3204
6422
1
7986
6431
10
5708
7685
1264
6041
506
3010
9401
2980
9386
9004
2583
6940
9223
2802
9633
3212
9
6873
452
8059
1638
4841
7388
967
2586
5789
8444
2023
1184
4387
5728
1956
5159
