84335
84238
84206
84130
84128
83698
83631
83511
83510
83507
83488
83469
83399
83372
83345
83324
82720
82684
82550
82493
82492
82454
82453
82403
82377
82321
82318
82314
82263
82259
82210
82209
82201
82051
82015
82002
81973
81623
81555
81488
81482
81347
81213
81152
81137
80884
80632
80502
80496
80491
80437
80146
80144
80045
80044
79844
79823
79740
79734
79480
78927
78885
78836
78821
78791
78650
78646
78642
77824
77709
77523
77510
77504
77500
77494
77493
77282
77191
77122
77090
77047
77044
76912
76876
76657
76651
76595
76575
76573
76565
76539
76501
76490
76228
76225
76203
76179
76172
76150
76149
76128
76105
76104
76099
76098
76097
76038
76033
76010
75966
75915
75893
75858
75798
75796
75787
75782
75771
75748
75727
75721
75717
75703
75434
75413
75409
75408
75404
75401
75386
75384
75375
75366
75206
75046
74638
74603
74543
74540
74458
74451
74449
74304
74272
74271
74267
74254
74249
73991
73959
73927
73806
73720
73719
73676
73672
73649
73514
73507
73341
73338
73317
73305
73297
73149
73040
72884
72849
72697
72643
72641
72521
72402
72394
72390
72388
72095
72058
72056
72052
72047
72046
72044
72041
72037
71665
71659
71310
71098
71085
71072
70997
70919
70869
70849
70813
70808
70757
70731
70726
70707
69943
69942
69941
69938
69935
82733
69880
69848
69830
69799
69798
69789
69787
69735
69725
69709
69560
69548
69534
69531
69519
69442
69430
69380
69358
69216
69213
69158
69144
81996
69143
69134
69132
69046
69042
69030
69017
69010
68836
68831
68811
68663
68661
68650
68610
68414
68370
68164
68090
68089
67983
67976
67915
67810
67629
67552
67490
67467
67442
67380
66919
66910
66891
79732
66879
66778
66773
66632
66597
66473
66183
66178
66169
65941
65940
65829
65728
65716
65705
65687
65643
65501
65449
65279
65252
78088
65235
65232
77855
65002
64967
64955
64954
64838
63899
63887
63827
63821
63817
63790
63756
63753
63691
63684
63654
63650
63619
63610
63609
63569
63554
63551
63550
63548
63451
63112
63086
62727
62726
62724
62687
62678
62671
62623
75415
62562
62559
75379
62526
62516
62514
62492
62488
62418
62415
62220
62177
62157
62155
62118
62115
62016
62014
61986
61920
61854
61796
61786
61782
61781
61770
61768
61763
61682
61669
61619
61481
61281
61262
61237
61207
61105
61070
61048
61041
61040
61039
60914
60896
60887
60878
73726
60873
60870
60789
60782
73615
60762
60653
60652
60650
60386
60344
60304
60224
60175
60121
60099
60088
60072
60010
60008
72846
59993
59989
59985
59981
59962
59961
59942
59938
59923
59922
72717
59864
59858
59820
59810
59803
59799
59765
59694
59686
59679
59545
72389
59536
59434
59383
59303
59180
59155
58995
58814
58809
58796
58581
58572
58561
58508
58000
57949
57816
57811
57604
57298
57296
57280
57183
56920
56900
56898
56895
56892
56885
56853
56848
56838
56837
56830
56828
56825
56818
56817
56812
56808
56782
56781
56775
56746
82450
56744
56727
82412
56706
56702
56696
56694
56693
56686
56672
56669
56668
56662
56655
56654
56604
82306
56600
56598
56548
56518
56431
56425
56343
56341
56337
56334
56332
56247
56220
56209
56184
56180
56107
56080
56069
56022
56007
55986
55970
55965
55959
55942
55915
55888
55887
55880
55683
68450
55597
68425
55572
55506
55505
55345
55344
55170
67988
55135
55134
55069
55006
55003
80685
54979
54978
54976
54974
54973
54972
54837
54832
67681
54828
54518
67370
54517
67356
54503
54499
54411
54392
67220
54367
67037
54184
54149
54097
54094
54082
54069
54059
54058
54044
54017
53984
53979
53896
53892
53891
53705
53558
53520
53494
53456
53451
53419
53129
52961
65792
52939
52871
65723
52870
52859
52780
52646
52612
65436
52583
65317
52464
52337
52190
51895
51796
77176
51470
51397
51392
51377
51370
51321
51313
64079
51226
51176
51138
51134
51092
76796
51090
51064
51039
51038
51025
51023
50909
50906
50894
50852
50848
50804
50793
50792
50790
50789
50787
50785
50783
50776
50774
50684
50639
50637
50626
50619
50617
50361
50319
50229
50117
50113
50109
50025
49877
49857
49856
49824
49791
49767
49765
49710
49696
49636
49577
49549
49544
49499
49497
49403
49390
49389
49379
49376
49374
49364
49300
49222
49215
49213
49212
49049
49048
49040
49006
48977
48962
48883
48740
48739
61581
48728
48682
48676
48648
48644
48636
48623
48618
48594
48546
48542
48532
48528
48526
48525
48504
48491
48489
48486
48484
48296
48246
48212
48176
48110
48079
48077
73771
60918
48065
48063
48008
47971
47907
47796
47792
47782
47742
47607
47584
47487
47433
47432
47382
47381
47379
47349
47316
47315
59918
47065
47027
47026
47008
47006
59822
46969
46931
46928
46923
46908
46907
46637
46621
46620
46615
46613
46515
46497
46476
46440
46351
46349
46337
46328
46321
46278
46183
46175
46156
46104
46079
46039
46015
46014
45994
45989
45987
45986
45962
45960
45926
45924
45902
45898
45895
45873
45858
45820
45818
45817
45810
45798
45775
45762
45749
45688
45677
45668
45520
45416
45413
45412
45411
45409
45406
45402
45401
45398
45391
45355
45353
45336
45332
45173
45172
45149
45148
45141
44850
44781
83296
44737
44576
44563
44550
44431
44387
44305
44295
44210
44201
44199
44189
44188
44187
44185
44147
44096
44076
44069
44053
43954
43952
43947
43940
43939
43937
43936
43935
43924
43890
43889
43888
43882
43826
56649
43796
69501
43795
43758
43757
43728
69432
43726
43703
43654
43653
56486
43633
43632
43630
43629
43619
43543
43536
43532
43509
43504
43493
43489
43486
43485
43466
43463
43455
43453
43427
43412
43405
43404
43401
43351
43345
43322
43313
69013
43307
43295
43232
43231
43220
43217
43187
43178
43175
43128
43126
43067
42991
42876
42874
42823
42817
42799
42792
42790
42714
42713
42573
42483
42472
42451
42435
42424
42230
80720
42161
42043
42041
54843
41990
41976
41972
41969
41966
41954
80498
41939
41917
41889
41888
80445
41886
41805
41800
41791
41778
41777
41748
41714
41686
41683
41651
41645
41611
41609
41596
41593
41592
41578
41543
41531
41530
41512
41511
41504
41500
41498
41284
41280
41273
41221
54073
41220
41177
79735
41176
54021
41168
41083
41078
41077
40989
40964
40878
40875
40874
40842
40604
40296
40258
40131
40129
40122
52960
40107
52959
40106
40088
65745
40039
40015
39957
39955
52792
39939
39841
39830
39780
39767
39751
39692
39643
39620
39612
39609
39608
13527
39233
39187
51926
514
39073
504
13357
39063
39037
474
13327
39033
463
39022
429
38988
77535
38976
38973
13236
38942
298
38857
38843
277
38836
38398
38360
12636
38342
38316
38228
38145
63692
12280
37986
37981
37963
37947
37894
37893
37797
37783
37774
37757
37747
37704
37695
76200
11935
37641
37610
37609
37599
37585
63288
37582
63285
37579
37573
76130
37571
37568
37564
37562
37553
37543
37502
37482
37455
37441
24587
37440
11732
37438
11730
37436
37435
37431
37398
37393
37391
63091
37385
24529
37382
11654
37360
37335
75892
37333
37325
37319
37318
37316
37315
37310
37251
11544
37250
37246
37244
37224
11515
37221
37184
37182
37165
75715
11450
37156
11441
37147
37108
37106
37090
11360
37066
11357
37063
11356
37062
37052
37032
37031
37030
24170
37023
24162
37015
37014
24156
37009
24154
37007
75558
36999
36985
62686
36980
36934
36895
49721
36868
49704
36851
36848
75406
36847
36796
36778
36714
36501
36459
36354
10572
36278
36258
36245
36181
10393
36099
36047
36007
61692
10280
35986
35930
35924
35921
35903
35874
35871
35866
35847
35844
48679
35826
35812
48663
35810
35797
35721
35702
35692
35661
35596
35593
35586
35581
35578
61273
9861
35567
61272
35566
35564
9856
35562
35561
35559
35553
35551
61045
35339
35244
47885
35032
47573
9014
21867
34720
73181
34622
21729
34582
8799
34505
34379
60046
34340
8632
34338
8629
34335
8611
34317
8609
34315
34305
8563
34269
34234
34218
34189
34188
47025
8466
34172
34133
8371
34077
33795
33757
8003
33709
7998
33704
7996
33702
33693
7985
33691
59390
33684
33622
33619
33490
33483
7763
33469
33459
33458
46202
33349
46201
33348
33339
33331
7515
33221
33152
33145
33124
33122
33113
45954
33101
58804
33098
33095
33038
33009
32905
32895
32865
58562
32856
58560
32854
32845
32834
32807
32770
19907
32760
32756
58393
32687
32675
39076
19802
6949
32655
32648
39055
32634
32629
32608
13205
38911
32490
32246
6532
32238
19340
32193
6484
32190
32101
32050
6334
19187
32040
31965
6250
31956
31944
31943
19089
31942
12656
38362
19088
31941
6217
31923
6216
31922
6203
31909
6171
19024
31877
31832
6108
31814
31761
31701
5986
31692
5972
31678
5958
31664
5930
31636
31630
31415
31343
5603
31309
31301
82710
5592
31298
31293
5579
31285
31284
44061
31208
31206
31023
43780
30927
30921
30899
43738
30885
30882
56587
30881
30878
30869
30859
56516
30810
30758
30589
30511
30510
30486
30476
30434
4723
30429
30404
30349
4639
30345
4635
30341
43183
30330
43179
30326
4597
30303
68853
4588
30294
4580
30286
4579
30285
4578
30284
30199
30079
30056
17192
30045
4338
30044
30039
30036
30035
4319
30025
30014
17159
30012
42864
4305
30011
42770
4211
29917
81134
4016
16869
29722
29714
81121
29709
3936
29642
42440
29587
16558
29411
16554
29407
3691
29397
29395
3680
29386
67910
3645
16498
29351
29186
16332
29185
29180
29171
35542
29121
29076
29072
3354
29060
3267
28973
28923
28869
28806
28718
41555
2996
28702
41528
28675
2962
28668
28653
41272
28419
2699
28405
66703
2438
28144
28091
79500
2382
28088
28086
28077
2369
28075
2344
28050
66606
2341
15194
28047
60173
8761
34467
2340
28046
66534
27975
2257
27963
2254
27960
27937
2221
27927
2204
27910
15055
2202
27908
2072
27778
2022
27728
2010
27716
1952
27658
52853
27147
1326
27032
1318
27024
65542
1277
26983
1091
13944
26797
1085
13938
26791
33166
1039
26745
1013
26719
26710
26654
26606
26537
32939
812
26518
809
26515
26499
26465
26416
26406
39189
641
26347
26340
39169
26327
26274
13351
39057
39068
26215
26115
64421
156
25862
25860
25858
151
25857
25828
19343
6490
32196
69
25775
25673
83496
57790
6378
32084
25663
25659
77070
12805
25658
32078
12804
25657
25578
38379
25537
25492
51186
38333
12638
25491
38315
25462
76864
25452
25350
25329
25308
51013
25307
25228
25208
25207
25206
50908
25202
25116
25115
63670
25111
25106
50802
25096
25069
25063
25059
25049
25039
24946
12092
24945
24901
24889
24856
37709
24867
24854
24814
24808
24796
24794
24753
24749
24713
24666
24651
24650
24648
11794
24647
37485
11790
24643
50312
24606
24586
24568
37370
63087
24528
11673
24526
24504
30922
24501
24488
11592
24445
24441
30858
11584
24437
24436
24435
24432
24431
24430
11576
24429
30849
24428
24424
50128
11569
24422
24421
24419
11564
24417
24356
24353
24351
24350
24289
24267
11386
24239
11372
24225
24223
24222
37038
24185
24174
11305
37011
24169
24164
24160
24159
36995
24153
62690
24131
24116
24111
24108
24107
24106
24104
62662
24103
24102
24101
24100
23897
11042
23895
23894
23893
23892
30312
23891
4604
30310
23889
43162
30309
23888
56014
43161
30308
23887
10963
23816
10960
23813
23768
23744
30164
36596
10890
23743
23742
23739
23738
23737
10883
23736
23731
23691
10829
23682
23660
62215
23656
23649
23497
23461
10605
23458
23302
29719
23298
23283
23277
23202
23201
23193
23185
23182
36032
23179
23159
23153
23126
35928
23075
23015
35868
10173
23026
22999
22961
22945
22931
22856
74241
22829
74229
48523
35670
22828
22815
48518
9959
35665
22812
22809
48512
22806
22791
22790
48488
22782
48485
22779
22773
22770
61283
35577
22735
22718
22681
22674
61228
22669
22668
22665
22663
22661
29080
22659
9805
22658
22657
22656
9801
22654
22641
22640
3323
29029
22608
22577
9683
22536
22533
9676
22529
22522
22463
28879
22458
22457
22455
22449
22430
35264
22422
35237
22395
3108
28814
22393
35243
22390
48074
9515
22368
9501
22354
22322
41575
3016
28722
22301
3014
28720
73711
22299
22285
22284
22275
22269
73629
9364
22217
9349
22202
35046
22193
22167
35001
35012
22159
21985
34817
21975
34810
21968
21945
47647
21941
21931
21930
21918
34763
21910
9051
21904
21903
21890
21889
21875
73275
21863
34716
9021
21874
9011
21864
21860
21835
21825
21773
8864
21717
2351
28057
21636
34487
8781
21634
21505
8545
21398
21382
21370
59768
34062
21209
21181
21072
33912
33923
21070
21015
8113
20966
33781
20928
59384
33678
33689
7983
20836
20814
20812
33664
20811
20774
20721
20710
72115
20703
20699
20688
33392
20550
20534
20527
46208
20502
33291
20449
20349
20193
45886
7327
20180
20163
7308
20161
45865
7306
20159
872
26578
45863
20157
32978
20136
20132
20129
20117
20084
20082
7223
20076
20068
26487
20066
32915
20062
20057
20039
32852
20010
20004
19996
32749
7036
19889
19886
71297
7032
19885
19868
19589
60
38619
32209
19356
19301
32102
6407
19260
6403
19256
12802
25655
57793
19234
19214
83460
6342
19195
83395
6277
19130
6245
31951
19109
25499
19078
19063
6207
19060
19043
76872
25460
19039
25457
6183
19036
44740
6181
19034
6175
19028
19020
19004
6151
31857
44721
6162
19015
6158
19011
6156
19009
6152
19005
31855
6149
19002
6104
18957
6101
18954
18928
6069
18922
18917
18897
6041
18894
6038
31744
18891
6021
18874
37551
18288
37550
69699
18287
18277
37533
18270
18257
24677
69668
43962
18256
37432
24590
18169
18159
18155
43860
18154
18150
11706
37412
56708
18149
37389
30979
18126
56667
18108
56661
18102
18101
56658
18099
56650
18091
18086
18082
18077
43772
18066
69367
17955
17873
37133
17870
17857
17853
17852
30704
17851
17849
4988
17841
17840
17815
81976
17711
17703
24105
17684
4717
17570
17550
4667
17520
17389
36583
10888
23741
4467
30173
17320
4410
17263
17260
4400
17253
17247
17240
23654
55792
42939
4380
30086
17233
42937
17231
17213
17210
17205
17204
30034
4299
17152
30004
17151
4297
17150
4292
17145
17112
17109
17101
4244
17097
4235
17088
17081
17066
17025
17019
17006
17005
81253
29841
16999
16997
16996
4136
16989
16980
16970
4104
29810
81233
4115
16968
4114
16967
4102
16955
29779
16926
16925
23299
16878
16870
29711
29699
16846
16845
3959
16812
3957
16810
16769
36028
42471
16765
3906
16759
68100
3835
16688
16621
80879
16614
3760
16613
3744
16597
16592
16583
3704
16557
16556
10122
22975
16521
3617
16470
16434
16433
16422
54980
16421
22833
54971
16412
16404
16402
16400
16397
16396
16395
16393
22813
67804
16392
16389
67799
16387
16363
22781
16360
16359
16357
16356
16350
3478
16331
29170
16328
54874
29168
16326
16325
35584
29163
22742
16321
16319
35579
16316
35574
16311
29162
16309
16306
16293
16287
35546
16283
54840
16281
35539
54835
16276
16275
16239
61209
22650
80494
16229
16225
29066
80489
16224
41916
29063
16221
16205
29058
3363
16216
28977
16135
16134
16126
16123
41827
16121
16091
28917
16075
3214
16067
16066
16063
41767
16061
3207
16060
67471
54618
16059
22479
16058
16053
16050
41754
16048
22468
16047
41751
16045
22465
54603
41750
16044
41747
16041
16040
16005
41710
16004
3110
15963
28810
15957
41631
3072
28778
15925
15912
22318
15897
15895
2976
15829
2970
15823
41526
15820
41520
2961
15814
2960
15813
9299
35005
9310
22163
2889
15742
2888
15741
47856
35003
15729
28582
2887
15740
2881
15734
34991
15728
2854
15707
15705
79867
2749
15602
15584
15570
34813
79815
2697
15550
2679
15532
66914
28355
41219
2660
15513
41217
2658
15511
28334
9060
21913
66904
15492
15488
9054
21907
41192
15486
54036
15477
15461
2594
15447
2593
15446
21829
15408
2545
15398
15360
2496
15349
34610
21768
2494
15347
2476
28182
15329
60290
21731
28163
15310
2448
15301
8796
34502
15239
15232
34494
2378
15231
66626
2361
15214
2260
15113
2203
27909
2214
15067
8616
34322
2206
27912
15059
2198
15051
14983
14975
2112
14965
2109
14962
2106
14959
53517
2105
14958
14952
34204
2088
14941
2075
14928
47001
34148
14885
1917
14770
14755
14688
21057
33910
1794
14647
1793
14646
1769
14622
78796
1678
14531
20938
1664
14517
46641
20935
65926
1661
14514
1658
14511
20891
14470
40103
14397
14396
14147
33399
1283
14136
52586
14027
26817
13964
20321
39606
13900
26741
20320
39605
13899
13879
78140
13875
26714
20293
13872
26712
13870
1005
26711
1016
13869
33128
13865
980
13833
33068
13805
13797
13794
13793
13791
13790
45905
33052
13789
26640
13787
13786
910
13763
13719
13712
848
39407
13701
845
13698
13697
13679
13675
13672
13671
13664
796
26502
13660
26501
795
13648
20064
13643
13629
32891
775
26481
13628
26479
13626
701
13554
13518
660
39219
13513
620
13473
13452
77714
596
13449
557
13410
39070
533
13386
13384
13354
26207
51924
512
13365
6908
32614
491
13344
32604
13341
481
13334
13328
32522
13259
51806
13247
13240
51793
13234
13221
77485
367
13220
364
13217
13214
32468
32447
13184
303
13156
297
13150
273
13126
12962
38668
131
12984
107
12960
77221
103
12956
99
12952
57774
19215
12794
12783
70611
19199
12778
12745
12738
12731
12717
12716
6262
19115
31968
6273
19126
12705
25504
12662
31924
25503
12661
6212
19065
31918
76920
12655
12652
12644
19052
12631
12619
6176
19029
12608
12586
12550
44659
6100
18953
51091
12532
6098
18951
12530
44633
18927
12506
12502
12500
12499
12481
12435
12426
12421
12420
5976
31682
12419
12418
12413
12400
12390
12371
25222
12369
12368
12348
5903
31609
12346
12345
12343
12342
44449
5890
31596
12333
31595
76597
50891
12332
12315
12309
18726
12305
12304
12303
12299
37982
12298
50854
12295
12294
12288
37971
50846
12287
12285
12283
12282
12281
12278
12267
12145
12044
31303
12040
12034
5589
31295
12032
11996
11992
11977
11974
11971
76232
11967
24817
11964
37646
11962
11953
11951
11942
11919
24772
11930
11929
11927
11924
37578
76159
11894
37575
11891
76133
37574
11890
11886
11882
37554
11870
11861
18263
76107
11842
11838
11826
11822
24661
11819
11792
11786
37461
11777
11775
50311
37458
11774
11772
11767
50320
11761
24592
11750
37430
11746
37427
11743
11742
18157
11736
11731
18151
11723
11722
75984
11719
11716
11713
11710
11708
37388
11704
11703
11702
63084
11672
11669
11668
11667
11666
75914
24502
11660
11655
30917
82315
30903
50199
11640
37322
30901
11638
56599
43746
30893
11630
11624
11597
24426
24423
11581
30839
24418
37253
11559
56525
30819
11556
11552
11542
11528
11521
11519
24357
11513
11507
11493
11491
11473
62863
11451
17869
37154
11448
62858
11446
30708
11445
62856
11444
37127
11443
37119
17856
11435
56402
43549
30696
11433
17850
11429
11423
11418
11410
11408
11407
11404
11403
11401
37093
24240
11398
24230
11388
24228
24227
11385
11376
37056
11365
11362
37042
11358
11354
11345
11342
11244
11242
11220
11205
11201
11182
11180
11179
75440
11175
11173
30433
11170
36777
11093
49650
11091
11048
11027
10956
23809
23820
10967
23818
10965
43079
4520
30226
23814
10961
30223
23812
10959
10957
10952
49510
10951
10937
30195
75197
49491
10932
10924
4471
17324
30177
10903
23756
10914
10910
4460
30166
23745
23704
10862
10860
10855
23689
10847
49404
10845
10841
10828
17206
10785
17195
10774
10770
10769
62179
10767
36450
42882
30029
62178
10766
10764
10760
10742
10739
10736
4295
17148
10727
10709
36389
55685
4273
17126
10705
4269
17122
10701
42824
17118
10697
74958
10693
10687
10679
74942
10677
10675
10673
10671
10647
36353
17090
10669
10668
10666
10642
10641
10639
10613
10597
10591
10587
36270
10586
10583
10582
49139
10580
29840
10577
16993
10570
10567
74831
10566
10565
36242
10558
10555
10530
10529
61940
10528
61914
36208
42640
29787
10524
4077
29783
68353
16941
61932
10520
10519
10516
16936
10515
10499
61841
23282
61852
10440
3996
29702
61840
23281
10439
23280
10438
23287
10434
36036
10352
10331
10309
10307
55270
42417
3858
16711
10290
61697
10285
10259
35827
3700
29406
10143
29385
3683
16536
10115
48507
22801
9957
9864
35545
3429
16282
9859
9857
35540
22666
9824
9811
22664
9822
9802
9796
22636
9794
9792
9791
9786
61197
9785
9780
9779
9773
9741
9729
3286
16139
9718
16138
9717
9716
3272
28978
9715
28972
73974
9709
3276
16129
9708
9706
22539
9686
22526
41811
3252
16105
73949
9684
16104
9682
22523
16102
9681
16100
9679
9678
41793
28940
9677
16097
73940
9675
9562
9559
35239
48103
22397
9555
9552
9517
3079
15932
9511
9507
9503
9453
9401
9372
9371
9369
35052
9368
9365
41480
2921
28627
9363
9362
9361
47914
9355
9347
9345
9293
34998
9292
9291
9290
9289
9173
9172
22001
9159
9157
15562
28415
9152
9117
21948
9106
34807
9101
28354
41218
15512
9091
9083
9082
21917
9075
9074
9069
28329
15487
9066
41178
15472
9046
21887
9045
21881
2607
15460
9039
15459
9038
9035
47567
34714
9030
47577
21871
9029
9016
21869
9027
8999
34705
9017
8988
60376
8964
15375
8954
8952
8951
34655
8949
28211
21801
8948
21800
34653
8947
8946
8945
8943
8937
8936
73177
34618
8934
8933
8900
21714
34578
8872
8808
8807
2364
15217
2360
8778
47314
8755
34461
8777
2317
8738
8613
34319
34341
8635
60022
8610
34316
2211
8606
34312
2185
27891
8628
8624
34307
8623
8607
34313
21460
2197
72883
8618
15026
27879
2195
60027
8615
2181
15034
2192
8589
21442
15021
15032
2179
34306
8600
2154
59987
8575
2142
14995
27859
2153
8574
59983
8571
8570
14976
59967
8555
8547
34146
2019
27725
8462
46998
8439
34144
8438
2016
8437
8431
14862
2009
8430
1966
27672
1988
8409
8323
34029
8345
1889
14742
1900
8321
14747
1894
8315
8310
1878
8299
1870
8291
21027
33880
8185
21038
1775
33902
8196
1744
8165
40256
1697
8118
1694
8115
78804
1686
8107
78802
65949
1684
8105
33785
8079
14492
1639
8060
8035
1613
8034
1609
8030
8029
1606
8027
59394
33688
8004
33672
59400
7988
7951
7950
46508
7949
33631
1504
27210
7947
33628
7944
52934
1522
7943
7890
1426
20700
7847
14166
1324
7745
59022
7610
59000
20441
65443
1178
7599
7558
20411
1148
20422
7569
1093
33220
7514
7330
7328
7301
33007
7323
7322
891
45871
7312
13707
39413
20150
39411
13723
45861
7302
20143
52292
880
13651
26504
20083
7241
7127
7104
7062
7039
13457
7027
19861
598
7019
19821
558
6979
39061
6956
32637
532
6953
6936
6934
467
39026
6921
487
13340
6919
495
6916
494
6915
6909
454
39013
471
6892
26085
6822
26084
6821
6815
71051
6786
32492
6808
13219
71063
6798
6797
338
38897
19634
371
6792
6788
365
64468
38762
13056
25920
214
32341
6635
6575
150
6571
149
6570
6534
78
6499
51
12904
25757
6494
32174
19315
12894
52
6473
19255
6402
6401
83494
6376
32082
51367
25661
6398
6391
25653
6379
19232
70655
6390
6386
6385
6384
83500
6382
83487
19222
57792
6380
6377
38481
12797
6371
19210
6368
19209
6367
6365
12784
57775
6363
83456
6338
32044
6360
6359
70604
6339
19192
12771
83468
6350
25606
6343
32023
6328
19181
6337
6335
6332
6331
44889
6330
19169
44886
6327
6314
19167
77011
12746
57737
6325
6323
6303
19156
12735
83430
6312
6298
19151
12730
6309
6308
38412
19149
6307
6306
19146
6304
6302
6279
31985
12722
6301
25574
12721
19153
6300
6299
6297
70555
44849
6290
6289
6286
38374
19111
44828
6269
83348
31936
6252
31935
6251
6249
31954
6248
6247
12664
31949
6243
12663
6242
25487
6224
12641
44779
6220
6209
6196
19049
12628
6202
6195
25447
19026
6184
44720
6161
19014
31867
12603
6182
6164
19017
44722
19016
44733
6174
19003
31856
83290
6172
6154
19006
6153
6147
6146
6145
6144
6121
31827
6143
6131
18984
6142
83257
6139
6137
6113
31819
6135
31817
6133
31815
12548
6127
6120
6119
18958
6116
6103
18956
6114
6096
18949
18960
6107
18955
6102
18952
6099
70360
6095
6094
6082
6073
31755
6071
6046
18899
31752
6068
18898
31751
12488
6067
6012
31718
6034
6033
6023
31702
44577
6018
83134
6016
5989
12397
12396
5975
25236
12394
5973
31669
5963
57374
5962
25217
5954
25204
12362
5941
5940
5931
5928
5917
5916
5914
5913
31593
5909
5908
5899
5897
12314
5893
25038
5775
5733
37837
5732
5720
5697
31403
5719
31400
5716
31398
5714
5689
31395
5711
5686
31392
44267
5708
5706
5705
5690
5688
5685
5671
5666
37768
5663
5656
44205
5646
24859
5596
12000
5577
11991
5570
5559
69822
5557
2171
8592
24652
5389
11479
5058
5049
5043
1822
8243
56452
5040
5037
78936
1818
8239
11457
5036
56446
5034
1815
8236
5033
1580
20854
8001
4798
11187
56178
4766
52958
40105
1546
7967
11185
4764
4757
11176
4755
7954
11172
69016
43310
4751
4738
4731
4726
56127
4715
4683
68909
30350
30372
4666
30347
4663
56072
4660
4659
52833
39980
1421
7842
4617
30323
4636
4615
4583
4581
30282
4576
4572
33444
59172
7760
4557
1338
7759
4545
17398
30262
4556
10962
23815
4552
55963
4551
4535
1315
7736
68798
4533
10923
4502
23760
10918
4497
10917
43055
30202
4496
23757
55906
4494
30176
23755
4492
55902
4490
23748
4485
49427
10868
4447
4446
10865
81562
4444
4442
7632
4429
1199
7620
4417
1198
46178
7619
10837
4416
1197
20471
7618
68680
4415
4414
10834
4413
1194
7615
10833
4412
7613
4388
30094
1191
7612
4409
1190
7611
4408
17248
10827
4406
4403
46150
20444
7602
4399
4384
4377
42935
4376
10746
4325
1080
13933
26786
20365
1102
7523
4320
1101
7522
17156
4314
4313
1094
4312
4278
17131
49269
10710
4289
20332
13911
39628
1069
20343
7490
17129
4287
10700
4279
10694
4257
4253
10637
23490
4227
4226
36330
4214
17067
4225
4212
17065
4223
4217
10636
4215
42759
4200
17053
68474
4209
10628
4207
10609
23462
4199
23459
10617
4196
36299
10615
4194
23456
10614
42752
4193
23453
36317
10611
81308
68455
17043
4190
4188
4181
10579
4158
16992
4150
74818
10553
4132
4131
10545
4124
81214
4096
29802
4118
4116
33002
7307
20160
45877
7318
16956
10535
10533
4112
4111
36215
4110
32991
20158
7305
10523
4100
16939
10518
4097
74782
10517
874
7295
49072
10513
4092
4090
4089
10491
4070
4069
4068
4067
7269
4066
4063
4062
4060
4059
29741
10478
4057
4056
4054
4049
4047
4046
29729
4045
814
13667
7246
42602
4043
10463
55454
4042
23303
81158
4040
4015
29721
4037
4031
10436
23289
4026
4024
23285
42581
4022
48985
23279
10437
23274
4011
4010
10419
23272
4009
23269
16848
4006
4002
7193
16832
29696
3990
36094
3989
3987
3986
3985
23245
3982
3981
13604
7183
42539
3980
3977
3976
3975
3974
3972
3971
3969
3966
3965
7165
16804
42521
3962
3961
74632
23220
29640
3956
3955
61787
10375
3954
3952
16792
3950
3937
16790
3948
36052
42506
3947
7147
36049
23207
3944
3943
3941
3940
3909
10328
3907
61717
23158
36011
23169
3905
3897
3895
629
39188
26346
662
7083
3880
3879
3877
10295
3874
3872
10291
3870
3862
61694
10282
42420
3861
3860
10279
7060
23120
3857
55268
3856
3854
68106
3841
16694
3852
61683
10271
3850
16691
3849
3847
35948
3843
35947
3842
23103
10261
16693
3840
68102
3837
16687
3834
3831
10251
3830
600
13453
35934
3829
7029
3826
7024
35926
3821
10239
3818
3817
7017
3814
7014
3811
592
7013
23062
35915
3810
35914
3809
3808
3807
32693
19851
64853
588
7009
35911
3806
35907
3802
3796
3794
16646
3793
3787
23048
3774
16627
3785
3784
35872
10188
3767
3752
6946
3732
16585
16596
3743
489
39048
45502
6943
3740
6941
16591
3738
3725
506
6927
3724
3709
16562
3720
48662
35809
29388
10125
449
39008
6903
10109
3688
3685
6884
29365
3681
55081
16522
55065
3653
3651
3634
10052
3631
3620
16459
3611
10031
3610
3608
3513
9784
67627
3362
3350
16203
3361
12980
138
6559
3356
6558
9776
3355
3347
70811
6546
3343
3340
9760
3339
29021
3326
16179
9758
3337
3336
9756
3335
80446
29034
3328
3325
36
25742
6479
46
12899
57
19331
6478
16128
3275
3178
3176
19217
12796
6375
3172
22433
67435
3170
16011
3169
3154
41712
3153
3146
6347
9554
22407
3144
3143
6340
22400
3137
6336
35238
3133
19171
6329
3126
19168
6326
3123
44881
6322
28803
3119
83428
19163
12742
44880
6321
3107
15960
3118
6320
3117
3116
3112
12734
6313
67364
15952
83429
6311
41644
28791
15949
12726
44864
6305
3102
67353
3088
9505
3084
3081
6282
9500
9499
3078
6280
15919
3077
54488
3076
6278
3075
31961
3063
15916
3074
6265
19118
6276
73748
60895
22336
3073
6264
19117
6275
3071
3068
38375
6270
3067
44827
6268
3065
3064
44825
6266
22325
3062
3061
31947
44822
6263
3060
31945
6261
28742
3058
22320
3057
3051
12665
6244
41600
3041
3030
41588
3029
3023
54432
3020
6208
19061
12640
6219
9437
3015
3013
3011
35115
3010
19054
22272
9430
3009
9429
3008
41566
3007
3005
9424
3003
9423
3002
3001
25466
3000
80116
2998
19042
6200
2997
47976
9417
80112
2994
54402
2990
2988
2986
9395
22248
2985
2982
44739
6180
41536
2977
9386
22239
22238
2975
41533
2974
2973
19013
28652
41527
2968
41503
28650
54378
2966
19010
6168
15807
41524
2965
54376
2964
2963
15804
9383
38267
80066
15801
47939
9380
2959
9379
41517
2958
54369
41516
2957
19001
6159
80052
28640
2956
6141
35043
41497
2938
6140
9358
67202
41496
2937
6138
2935
57548
6136
2933
31818
6134
47911
9352
41490
2931
6132
2929
2925
80041
2923
6125
9343
2922
6124
22184
73607
9342
2920
6122
2919
9328
22181
2918
12517
38223
12539
6118
22178
41474
2915
6106
18959
12538
6117
22177
2914
2910
35014
2909
22171
2897
15750
9329
67173
2908
6110
2907
35011
22169
9327
2906
70362
6097
18950
2905
2903
15744
2902
35006
28585
2901
35002
22160
18940
12519
35000
2884
15737
41454
2895
2894
2893
6093
67155
2890
6092
34994
12512
70356
6091
9309
12511
6090
34992
12509
6088
34990
2885
2862
28568
2882
2878
22129
34982
2877
2874
6076
2873
6070
2867
2866
22125
9283
22124
2861
12484
6063
9270
22123
2860
2859
22121
54270
2858
34962
2857
6059
22119
2856
18900
6058
2855
12478
6057
6056
2853
2851
12474
6053
2850
2849
12472
6051
2848
2847
6048
2845
2844
38151
25309
2843
25306
18885
6043
2840
2839
38146
2838
2837
6039
22099
2836
2835
73509
60656
22097
2834
6025
18878
6036
79951
54245
2833
6035
2832
2829
31714
6030
2827
6029
2826
41384
2825
6027
2824
6026
2823
38130
2822
2821
6022
47777
34924
2819
22081
2818
6020
41376
2817
6019
2816
54226
2814
6013
9220
22073
2810
5990
31696
9219
22072
2809
6011
2808
12431
6010
9217
22070
2807
6009
22069
2806
22068
2805
2804
67068
2803
2802
2801
9210
22063
9221
2800
2799
2798
2797
22059
2796
2795
9214
2793
22055
2792
2791
12414
5993
2790
2789
2788
67052
2787
5988
54197
2785
28468
2784
2783
63818
12406
5985
2782
2781
5983
2780
22042
2779
5981
67043
54190
2778
25237
5974
2771
31655
5971
2768
9151
54142
2730
2719
31594
12331
5910
2707
5907
2693
15546
9125
79822
2704
2683
2681
2674
28379
2673
21921
21914
66916
2651
2643
2637
34712
41162
2603
2590
9009
2588
2587
2586
9005
2584
2582
2575
8985
2564
57178
5766
60385
21826
8984
2563
60383
21824
2561
53972
2560
53971
2559
8979
53970
2558
2557
5757
21828
8975
66819
2554
79670
66817
2552
2550
8970
2549
2537
15390
2548
2547
8967
2546
34650
15387
2544
5745
8963
53954
2542
5744
2541
5743
34645
8961
2540
5742
2539
5741
79656
41097
2538
8958
2536
41094
2535
8953
66797
2532
8935
2514
2504
5704
2501
21761
8919
2498
5700
2497
5698
21758
2495
2472
28178
5696
53894
15335
2493
2492
21754
2491
28174
2490
15342
2489
2486
28184
2478
5679
28159
60308
8896
2475
8895
79592
2474
8894
41032
2473
15312
2470
5665
2440
28146
79580
2462
2439
28145
2461
66721
2456
21715
2441
15294
2452
8869
5649
2446
31328
5644
2437
2436
2435
2434
8854
15286
2433
2432
28115
2431
40988
2429
40987
2428
40986
2427
2426
34530
2425
2413
15266
2424
2423
8843
2422
28105
2421
2419
34522
2417
28100
2416
40963
15257
2415
15254
8833
2412
2410
2408
2403
34503
15240
79516
2398
28080
2396
8801
28079
2395
2377
15230
2388
5586
34488
2383
11994
5573
2370
15210
2368
5568
34470
2365
2345
8766
73023
34464
2359
2329
28035
15182
28061
2355
2353
34457
2352
11975
5554
34456
2339
15192
2350
2312
28018
2334
2327
28033
2349
2348
66612
2347
24812
76235
11970
5549
8767
2346
5547
15186
2342
11965
5544
2326
15179
2337
2336
8740
66596
2331
8736
79448
2330
66593
2328
2323
2306
8727
2321
34425
2320
2303
8724
2318
2314
2299
15152
2310
15147
66570
2305
2304
2302
27985
2301
15153
2300
15127
27980
2285
15138
2296
2295
2292
40848
2289
40847
2288
2287
2286
2280
40837
2278
34378
2251
27957
2273
2270
34371
2266
15106
2264
2262
2258
2234
27940
2256
27939
2255
2232
27938
15096
27936
2252
27935
2228
27934
2250
27932
2248
2246
2244
2241
2240
66480
2215
27921
2237
2236
15070
2205
27911
2216
15069
27933
2227
15065
2223
2219
2213
8617
27875
2191
8612
34311
2190
34310
2189
8603
34309
2182
27888
34303
21450
8608
2201
8587
2178
34260
2155
72841
59988
8576
8591
2170
8568
27853
2147
2144
2125
8546
14993
2140
34229
2139
8558
2137
66397
2132
2128
14960
2118
2114
21375
2095
14948
66359
14947
2104
21352
34205
2100
2097
34201
2096
2089
2080
2079
8457
21310
66301
2036
14889
2047
34119
8435
2014
40572
2013
2012
1996
8417
14864
2011
1991
8412
34111
2006
59801
34095
14843
1990
8411
2005
2004
2002
2001
2000
72647
34088
40542
1983
8404
1998
66262
1997
1994
34098
1993
79110
1992
1989
59809
21250
1987
1986
34090
1985
1984
1982
34086
1981
21243
1980
8363
34069
40512
1953
14806
1964
8385
66244
1979
66243
1978
40521
14815
1962
8383
1977
1976
53372
1960
8381
1975
1958
72644
8379
1951
27657
53385
1973
1954
72640
8375
1947
27653
66234
1969
8365
34071
40498
14792
79083
1965
1963
1945
8366
34044
8360
1933
14786
1944
66197
14785
1932
72616
8351
1930
8313
34019
14767
1914
8335
66194
1929
1925
66173
1908
8329
34028
1923
1910
14745
1892
1907
33995
1890
8311
14758
1905
66153
1888
8309
1903
8304
1898
1863
8284
1868
1852
8273
78985
1867
72520
8255
1838
14691
1849
1826
21087
1824
1817
1816
21055
14645
1792
1781
1773
1771
1770
1753
14606
66029
1764
14601
1748
8169
1763
1747
8168
1762
1761
1758
8178
1757
1756
21002
8160
1754
1750
33854
1749
33848
21006
1743
1734
8152
1731
1730
20992
8150
1729
1724
1722
1719
1715
1696
8117
1711
1707
1691
20965
8112
1706
1688
1687
1685
46640
33787
78789
53083
1671
14524
1682
78799
1681
8083
1677
53082
1670
53050
1638
14491
40208
1649
8070
20927
1655
20901
8059
1653
14503
1650
1642
8044
14488
1635
1601
8002
8017
1596
59389
33683
7999
53005
1593
7997
33696
20865
8012
1591
65843
14431
1589
1584
11204
4783
52971
1559
7980
59385
33679
20837
1574
1565
11183
4762
1542
20816
7963
69025
4760
1557
30440
4756
65818
52965
1553
7948
20788
52937
1525
52933
1521
1505
7926
1520
4722
1519
40062
1503
7924
1518
52928
1516
4718
40052
1493
27199
1515
4716
40072
1513
59321
33615
40069
1510
1509
4711
40067
1508
4710
40066
1507
4709
1506
36812
4707
43265
4706
7897
20750
40046
1487
7908
1502
20749
40034
1475
27181
14328
40045
1486
46466
20760
7907
17546
4704
1501
1485
46465
7906
4703
1500
20747
7905
4702
1499
36806
4701
40057
1498
4700
1497
4699
33601
40055
1496
7901
52907
40054
1495
1494
33598
1492
46445
20739
1476
11115
4694
52903
1491
1490
20752
1489
1488
4688
4686
40042
1483
59289
20730
1467
20741
7888
4685
40041
1482
4684
65746
40040
1481
72139
46433
20727
20738
7885
11103
4682
40038
1479
40037
1478
56092
4680
1477
36784
68944
4679
11098
4677
33579
40033
1474
17518
11097
56088
4676
1473
11096
56087
4675
33577
52884
40031
1472
33576
52883
1471
52882
1470
4671
20731
65733
1468
1466
20725
65727
40021
1462
1454
56068
4656
1453
33557
1452
40009
1450
65711
1446
56059
4647
1444
1443
7843
43177
30324
4640
1437
39978
14272
1419
7840
4637
7844
20697
1434
1431
23896
43192
4633
1430
1429
7834
1428
72113
7848
1427
7845
14277
1424
1423
7841
1420
1403
7824
43180
4621
1418
65680
1415
4614
72075
33516
1411
1395
59228
7816
30319
4613
27116
1410
1393
7814
4611
1408
52804
1392
7813
65672
52819
1407
1391
7812
7827
1406
1390
7811
52817
1405
1404
39947
1388
72074
7809
11026
4605
52814
1402
1401
39959
1400
4590
52799
1387
55974
30268
4584
33486
52793
1381
1379
1370
1366
33455
1350
7771
1365
1361
33452
1347
55961
43108
4549
39905
1346
1341
1337
1320
33447
7741
1335
1319
46299
7740
39893
27040
1334
1328
1327
1323
4525
78440
1322
7742
1321
4523
4522
4521
7739
4498
30204
39854
1295
27001
1317
4519
1316
1312
1310
1308
10931
4510
1307
81605
4487
30193
4509
39865
1306
4507
65569
1304
1278
26984
20563
14142
52712
1300
55891
30185
10922
4501
14151
1298
10921
55912
43059
4500
78415
1297
55911
4499
39844
14138
1296
10919
1284
14137
4486
39838
26985
1279
20538
1275
23740
4466
17319
10898
4477
1274
78390
39831
1272
4462
1259
10871
4450
1247
4448
1245
20480
33333
1228
1217
7605
42961
4402
20446
7604
10822
4401
20445
7603
65444
1179
7600
33292
1187
22040
54189
2777
4383
46149
20443
1180
22039
67041
2776
4382
5978
2775
55793
4381
5977
22037
54186
2774
23643
17222
1166
14019
1177
65441
1176
1175
12393
2769
4375
65437
52584
1172
12391
5970
47747
9188
2767
65435
1170
2766
1169
5966
34868
2763
20413
1139
13992
1150
20424
7571
65430
1165
38065
25223
5960
54169
2757
7570
20423
1160
31642
2755
1158
20417
1154
22009
15588
9167
2746
7559
20412
52561
1149
41300
2741
1129
7550
1144
1121
13974
7553
1132
7536
1119
13972
1130
7535
1128
7531
33230
7546
13978
1125
9141
41279
2720
10747
4326
7544
13976
1123
5905
28386
2702
1105
5904
79819
2701
10728
42866
4307
1082
26788
1104
79818
2700
1088
7509
1103
5902
42853
17147
5898
9116
41254
2695
39642
1083
7504
17143
4301
1087
13940
1098
4296
13923
1081
9096
28381
2675
4281
39604
20341
13931
1078
46048
7489
1068
39626
1067
41172
2613
4219
1000
33097
992
981
21840
2577
65234
13822
4178
975
5773
2570
26657
973
60390
21831
53980
2568
65225
13813
65236
971
2553
956
66816
2551
20217
39502
13796
954
7337
931
7316
32995
20153
7311
52317
905
882
15300
2447
32940
20098
7256
4053
13703
850
4000
20060
797
36104
16841
3999
3998
45764
20058
44144
5585
785
5580
47346
21640
3983
32885
780
3978
3973
45739
20033
770
60172
34466
3967
764
11982
69826
5561
2358
16806
3964
26445
13603
761
3960
32862
65000
26441
757
11969
5548
748
3949
746
66590
2325
60158
8746
36051
3946
743
10366
3945
742
32841
714
26420
65001
736
728
2324
19990
727
725
720
2313
32821
64981
716
3918
715
2311
26398
27977
8714
66573
2308
3914
711
2298
3904
664
39223
64962
697
696
40849
2290
693
58506
7094
3891
13530
688
686
652
39211
685
66542
2277
3883
26364
680
66537
40831
2272
3878
675
10296
3875
672
34372
2267
10294
42432
3873
648
26354
13512
670
39190
26337
52054
642
26348
13495
7074
10292
42430
3871
26352
668
2239
27945
2261
2259
27941
52057
645
7066
2249
10276
3855
2247
35958
3853
13492
650
1445
2245
10272
68116
3851
65707
1442
74534
10269
3848
1439
34344
10266
3845
1438
2238
35949
10265
3844
1435
638
1432
45600
7041
77753
635
35937
3832
3828
625
7030
3827
77742
624
65679
1414
3820
595
26301
617
1397
3803
32705
4592
1389
3795
27061
1377
2162
59995
8583
2177
3783
580
4575
1372
2172
19838
64840
13428
575
32676
6992
571
3759
16612
3770
534
39093
567
1363
27847
2163
32671
555
13408
566
30269
4563
1360
2160
45521
32668
563
1359
8580
2159
55177
3765
13415
562
55973
4561
1336
27042
1358
2158
546
6967
19824
32688
6982
13414
561
10969
23822
4559
1356
27840
2156
559
26262
556
10976
55967
30261
4555
1352
2152
7757
23817
4554
1351
2151
13407
554
2148
3754
26257
551
4541
14980
2138
16586
541
539
43093
4534
1309
27015
1331
6940
39059
39862
1303
1302
2102
35813
3708
26211
505
32577
472
6893
3690
47036
8477
34183
14920
2078
466
6887
29368
3684
1267
3673
470
33371
20529
1266
53478
2066
10093
3672
436
38995
458
13311
13322
469
2061
38990
6885
464
4455
1252
40596
2037
8458
2052
455
1250
8456
59872
8460
21313
8471
2050
3656
453
45400
32547
442
1235
16483
3641
438
1232
3638
38994
435
27655
1971
374
76654
12389
5968
34870
79883
2765
1153
7574
1168
46926
34073
53380
1968
12388
5967
34869
2764
1167
1967
3573
370
5964
2761
1164
39721
1162
5961
54170
2758
1161
1961
32469
353
13206
31643
5959
9177
2756
1159
1959
362
2754
1157
1942
1957
32465
360
31640
12377
57368
5956
9174
2753
20419
1145
13998
1156
1941
8362
1956
359
40499
1940
59773
21214
8361
79073
1955
358
2750
1138
1938
8359
356
1137
33257
1152
355
34853
41307
2748
20414
1151
66201
14789
1936
8357
16399
3557
354
2747
1124
13977
39694
1135
7556
47725
9166
41304
2745
13975
7554
8347
34053
1937
14790
66213
1948
51763
351
2733
15586
2744
1147
51762
350
1146
349
348
15582
2740
1143
66208
1943
346
25205
5942
15581
54151
2739
13969
1127
7548
1142
32450
345
1141
40474
14768
13186
344
26824
1140
77450
51744
13185
343
341
41271
28418
73420
9155
2734
340
9154
1136
339
41291
2732
1935
51739
327
13180
33239
1134
1934
337
66187
1922
14775
336
4334
13973
1131
34036
1931
22800
9958
3537
334
2724
34032
1927
330
41282
2723
1126
329
32432
14764
325
1921
324
66174
14762
1920
323
33224
13961
14746
8325
1919
322
321
1891
14744
34022
320
1916
319
318
316
312
32416
300
13153
311
12327
5906
79821
2703
1106
8312
11530
5109
1906
32414
309
5901
9119
79816
2698
4293
17146
4304
1886
8307
1901
304
5900
54098
15539
1100
8306
38829
20358
7505
1099
1899
302
10721
4300
1097
21134
33987
1882
8303
1897
20359
39655
1096
8302
1896
299
5895
2692
26779
1095
1880
8301
66160
1895
4286
17139
5892
15531
2689
1044
26750
39603
7498
1092
1877
59710
8298
295
2688
1876
59709
8297
294
20353
65355
1090
1875
72561
8296
32383
267
13120
278
6699
51705
293
13927
1074
7495
10713
78207
1089
66139
1874
8295
292
39610
26757
39621
1062
13915
7494
8283
21136
66138
1873
21147
8294
280
13133
291
47653
21947
2684
20350
1872
8293
1887
51702
290
32379
274
6695
77374
256
38815
289
7491
32378
6694
288
1858
14711
1869
8290
1884
287
36391
4275
17128
10707
19534
13113
6692
286
15521
9100
4285
32375
6691
285
79784
15519
2677
1065
7486
59676
33970
1865
8286
283
21939
2676
39638
1079
1879
282
1862
32385
269
13122
32384
279
28356
41231
2672
1075
4277
1859
8280
266
13119
1847
14700
8279
19528
6675
32381
276
10696
33177
1072
8278
22741
19538
275
1056
7477
4274
20334
1060
13913
39630
1071
1856
8277
1871
8276
32377
272
1066
14693
1851
8272
33971
1866
254
253
19527
6674
32373
268
1064
33969
78982
66129
1864
1861
264
255
1850
37155
5050
8268
32355
250
2636
1839
242
238
6641
235
56010
4598
3801
54007
2595
55613
4201
998
1798
179
25885
201
579
7000
3797
594
54003
2591
55609
17050
4197
13847
994
197
196
32299
194
193
36694
56001
4589
1386
32690
19837
6995
35897
3792
589
21052
1778
14631
1789
192
32700
6994
3791
21848
2585
29875
23454
23465
10612
4191
988
13044
191
30271
4587
1384
8590
2184
3790
64852
587
1787
190
4586
1383
13439
586
21846
60416
9004
2583
23452
10610
4189
986
189
4585
1382
8588
16630
3788
585
11409
1785
188
2581
4187
984
1784
187
2180
68051
3786
583
9001
2580
10607
4186
983
186
2579
33087
982
21045
1782
185
1376
8582
15018
2176
3782
979
1768
14621
1779
182
33480
52787
1375
2175
3781
578
181
4577
52786
1374
2174
23043
3780
577
4180
977
25864
180
32681
19839
576
2573
976
1776
25863
2571
33079
974
8180
1774
155
25861
177
23038
3775
572
8990
2569
10596
4175
972
1772
175
2565
4171
65233
52380
968
72432
33873
171
27046
1362
32670
565
21028
66030
1765
168
1342
68825
43119
4560
1357
2157
545
6966
77678
560
78878
1760
148
83687
6569
163
45518
6959
3756
553
32261
39078
552
32260
7751
23811
55960
4548
33450
1345
2145
45506
32653
548
29038
38677
1343
2143
35854
3749
1746
10966
1745
9772
3351
147
1742
25814
130
6551
145
1740
38669
121
25827
143
1333
536
48311
22605
9763
3342
106
38665
12981
139
1735
3341
4532
33434
1329
33837
1732
9759
3338
135
33833
1728
3334
12973
4527
6933
527
1727
3333
5723
15362
8941
2520
7329
52335
923
27407
1723
32216
100
12953
111
77244
126
1721
124
920
1720
123
3304
77219
12954
101
3300
77215
97
33406
20553
52702
39849
14143
1290
2068
27774
2090
445
39004
6899
3696
493
33798
8114
1693
9720
3299
63
38622
32201
96
6501
12948
95
23754
10912
43050
4491
1288
5691
15330
2488
20939
8097
19346
6493
32199
94
20549
1286
6910
32197
92
32194
12942
89
23747
17326
55896
4484
1281
34186
2081
3687
484
50
25756
32192
65
25771
76
12929
87
1683
32191
38645
86
2077
465
6886
480
7286
1680
32173
25774
68
32195
6489
32188
61
25767
6504
83
1276
2076
479
1668
14521
1679
49
25755
12902
38608
70746
6481
32187
25788
82
6480
32186
81
1273
2073
476
79
2071
34576
28155
79589
2471
1663
14516
1674
77
52682
1270
40618
14912
2070
6879
473
54
25760
81590
4472
1269
14907
2054
8475
14911
2069
424
38983
457
6878
3675
2458
15311
41028
2469
75
1268
3674
1660
14513
32164
59
38633
74
20528
1265
72729
34170
2065
468
66708
28149
15307
2465
13710
868
12898
6477
71
2064
434
38993
1667
55
6476
32175
48
25754
70
1063
1263
78784
65931
1666
43
25749
12896
6475
265
1262
2062
31
25737
6474
17105
4263
1860
263
68728
4463
52672
1260
2060
6869
78770
14505
51478
38625
66
251
13104
262
4065
862
261
65523
52670
1258
446
6867
439
26145
461
31345
5661
861
16109
64
52669
1257
59875
8463
40605
2046
14899
53469
2057
32565
460
248
13101
259
23722
4459
52668
1256
459
62
52467
1055
258
1255
2029
14882
2040
59873
8461
27739
2055
38969
443
6864
2455
4061
858
78972
1854
257
4457
20517
1254
1657
1853
4456
1253
2038
8459
40601
14895
2053
441
6862
423
38982
456
1656
1836
8257
33356
1251
14878
34156
2051
10873
4452
1249
2049
26110
38963
437
6858
3655
419
38978
452
4251
1048
8254
40407
1848
10872
4451
1248
59866
8454
40607
2048
3654
418
38977
451
65916
1651
19512
249
4449
1246
3652
32554
5048
53257
1845
5648
2445
4051
1648
29
25735
5044
1841
244
3647
444
8050
1644
3250
32152
47
19506
243
23706
10864
4443
1240
67911
3646
53055
1643
6640
32346
77359
241
52650
1238
22907
67909
3644
8859
4044
841
8047
40200
1641
51456
44
218
25924
19503
240
52649
1237
3643
440
1640
217
25923
239
3642
8045
77160
42
237
2034
16482
3640
40196
1637
19303
77158
40
221
6642
236
3639
33726
20895
8042
14478
78754
1636
19302
39
32324
212
25918
234
65496
1231
77530
412
26118
33724
1619
8040
14476
14487
1634
37
233
1230
59848
8436
8429
34135
2030
433
1622
14475
1633
25
12878
210
25916
232
38958
432
1632
19298
35
32336
231
1620
14473
8052
1631
19282
8
12861
19
57852
19293
6440
34
1812
21086
8233
33932
1827
230
4430
1227
34132
2027
26114
430
1630
25702
12871
18
6439
41795
3236
51445
33
2026
38955
12870
17
6438
32
1003
26709
1025
21073
21084
8231
1825
228
19268
32121
12869
16
6437
49385
36532
42964
30111
10848
4427
33329
52636
1224
427
8033
1616
14469
40186
1627
15
6436
77148
30
78941
1823
226
33313
7629
1223
34113
34128
2023
426
14
6435
225
10846
4425
1222
32515
6831
425
77120
2
12855
12866
13
19287
6434
28
14663
78939
1821
224
2021
3627
413
13266
38553
6426
32132
27
39976
1417
3823
223
30129
4423
1220
34125
2020
3626
12853
11
6432
26
65681
1416
13461
619
1819
222
1219
13238
26091
6828
3614
16467
3625
422
32130
3
25709
1605
8026
3226
19286
23
59534
8122
59538
20979
53128
1716
22585
16164
9743
80440
3322
119
6825
7
6428
22
33120
52427
1015
1215
6824
3621
13260
1603
8024
1618
6
6427
21
1311
26198
914
1714
117
1814
2414
20080
13659
817
5
3223
9
12862
20
59531
8119
1713
105
12958
116
68470
55617
4205
17058
4216
33118
1813
216
39342
816
6425
21372
14951
13339
6918
6521
9728
22581
3318
115
56024
4612
33514
1409
35920
3815
612
215
8021
1615
52423
1011
1811
8832
2411
26498
20077
213
4816
12843
12854
1
6422
70776
6511
32217
112
1009
6818
1708
21071
1797
14650
1808
200
13053
211
6817
32516
51801
26095
411
1611
6420
199
13052
810
8016
33715
53022
1610
6419
9023
54014
2602
10629
55620
4208
208
16056
1301
1704
32212
207
8013
33712
1607
25694
10
5703
21763
2500
29790
61939
10527
4106
903
6505
32211
4206
21066
53215
1803
206
6430
33807
1702
77190
38631
1399
18244
56814
5402
2199
602
10626
1002
1802
205
3307
104
15040
68069
3804
64866
601
55616
4204
1001
1801
204
804
6413
3305
102
4202
999
1799
64467
202
1602
6411
5047
1844
247
44206
5647
2444
26531
847
1647
3253
3303
1394
35905
3800
597
10621
997
78904
14639
6409
5046
1843
32351
246
1646
32204
38647
12941
35904
3799
1796
6408
78818
1700
32208
6412
3209
1806
209
2406
23275
4012
20072
8015
12
4518
518
33123
1018
6827
421
32129
24
5045
14684
1842
32350
245
4445
1242
67913
3648
5645
47400
34547
2442
4048
1645
4495
1292
21355
2092
65960
1695
32203
98
2592
995
1795
32303
198
25670
