17756
17752
17749
17746
17744
17742
17736
17732
17728
17724
17721
17716
17710
17706
17704
17700
17696
17693
17688
17685
17682
17679
17676
17674
17669
17665
17660
17656
17652
17650
17646
17644
17640
17637
17632
17628
17625
17620
17618
17616
17612
17609
17604
17600
17596
17593
17586
17582
17580
17578
17576
17572
17568
17565
17561
17557
17554
17552
17550
17548
17546
17540
17536
17533
17528
17524
17522
17520
17516
17512
17508
17504
17500
17496
17492
17488
17484
17482
17476
17473
17468
17465
17458
17456
17454
17452
17444
17440
17436
17432
17428
17424
17419
17412
17408
17404
17400
17396
17392
17388
17386
17384
17380
17377
17372
17368
17365
17361
17358
17354
17352
17349
17344
17341
17336
17332
17330
17328
17326
17323
17316
17312
17308
17304
17300
17294
17290
17288
17284
17281
17276
17273
17268
17265
17262
17260
17258
17252
17248
17244
17240
17236
17232
17228
17224
17220
17216
17212
17208
17203
17199
17195
17191
17188
17184
17180
17176
17171
17167
17163
17159
17156
17152
17148
17144
17139
17135
17131
17127
17124
17120
17116
17112
17107
17103
17099
17095
17092
17088
17084
17080
17075
17071
17067
17063
17060
17056
17052
17048
17043
17039
17035
17031
17028
17024
17020
17016
17011
17007
17003
16999
16996
16992
16989
16985
16979
16975
16973
16971
16969
16967
16964
16960
16957
16953
16947
16943
16941
16939
16937
16935
16932
16928
16925
16921
16915
16911
16909
16907
16905
16903
16900
16896
16893
16889
16883
16879
16877
16875
16873
16871
16868
16864
16861
16857
16851
16847
16845
16843
16841
16839
16836
16832
16829
16825
16819
16815
16813
16811
16809
16807
16804
16800
16797
16793
16788
16784
16781
16777
16772
16768
16765
16761
16755
16751
16740
16736
16733
16729
16723
16720
16711
16708
16704
16701
16697
16692
16688
16685
16681
16676
16672
16669
16665
16660
16656
16653
16644
16640
16637
16633
16627
16624
16615
16612
16608
16605
16601
16596
16592
16587
16583
16580
16576
16573
16569
16564
16560
16557
16548
16544
16541
16537
16532
16528
16516
16512
16509
16505
16500
16496
16491
16487
16484
16480
16477
16473
16468
16463
16459
16452
16448
16445
16441
16436
16432
16420
16416
16413
16409
16404
16400
16393
16388
16384
16381
16377
16372
16367
16363
16356
16352
16349
16345
16339
16335
16324
16320
16317
16313
16308
16304
16297
16292
16288
16285
16281
16276
16272
16269
16265
16260
16256
16253
16249
16243
16239
16237
16235
16233
16231
16228
16224
16221
16217
16211
16207
16205
16203
16201
16199
16196
16192
16189
16185
16179
16175
16173
16171
16169
16167
16164
16160
16157
16153
16147
16143
16141
16139
16137
16135
16132
16128
16125
16121
16115
16111
16109
16107
16105
16103
16100
16096
16093
16089
16083
16079
16077
16075
16073
16071
16068
16064
16061
16057
16051
16047
16045
16043
16041
16039
16036
16032
16029
16027
16023
16016
16007
16003
15997
15993
15987
15983
15977
15967
15965
15963
15956
15947
15943
15940
15936
15927
15923
15920
15917
15913
15911
15907
15903
15897
15887
15885
15883
15876
15871
15867
15863
15860
15856
15847
15843
15840
15827
15823
15817
15807
15805
15803
15796
15787
15783
15780
15776
15767
15763
15760
15753
15751
15747
15743
15737
15732
15727
15723
15719
15716
15712
15705
15703
15667
15577
15575
15572
15571
15568
15552
15551
15549
15531
15529
15527
15511
15508
15507
15499
15456
15455
15451
15449
15444
15419
15407
15379
15373
15367
15360
15337
15332
15331
15327
15325
15319
15296
15291
15289
15284
15279
15277
15248
15236
15193
15159
15155
15152
13028
13024
13021
13008
13007
13005
13003
13001
12995
12989
12980
12979
12963
12959
12953
12948
12944
12937
12927
12923
12921
12919
12916
12911
12909
12905
12903
12900
12896
12895
12888
12879
12875
12867
12859
12852
12851
12848
12847
12844
12843
12840
12839
12836
12835
12832
12831
12828
12827
12824
12823
12820
12819
12816
12815
12812
12811
12808
12807
12804
12803
12800
12799
12796
12795
12792
12791
12788
12787
12784
12783
12780
12779
12776
12775
12772
12771
12769
12767
12764
12763
12761
12759
12756
12755
12753
12751
12748
12747
12745
12743
12740
12739
12737
12735
12732
12731
12729
12727
12724
12723
12721
12719
12716
12715
12713
12711
12708
12707
12705
12703
12700
12699
12697
12695
12692
12691
12689
12687
12684
12683
12681
12679
12676
12675
12673
12671
12668
12667
12665
12663
12660
12659
12657
12655
12652
12651
12649
12647
12644
12643
12641
12638
12637
12635
12633
12631
12628
12626
12625
12623
12621
12618
12617
12614
12612
12611
12609
12607
12604
12602
12601
12599
12596
12594
12593
12591
12589
12586
12585
12582
12581
12578
12577
12575
12573
12571
12568
12566
12565
12563
12560
12559
12556
12555
12553
12550
12548
12547
12545
12542
12540
12538
12536
12535
12532
12531
12530
12528
12526
12524
12523
12520
12519
12517
12515
12512
12510
12509
12507
12505
12503
12500
12498
12497
12495
12492
12491
12488
12486
12484
12483
12481
12479
12478
12477
12474
12472
12470
12469
12467
12465
12462
12460
12459
12457
12454
12452
12450
12448
12447
12445
12443
12440
12438
12437
12435
12433
12431
12430
12429
12426
12424
12422
12421
12418
12416
12415
12413
12410
12409
12406
12404
12402
12401
12398
12397
12394
12393
12390
12389
12386
12385
12382
12381
12378
12377
12375
12374
12372
12370
12368
12367
12364
12363
12360
12359
12356
12355
12352
12351
12348
12347
12344
12343
12340
12338
12336
12335
12332
12331
12328
12327
12324
12323
12320
12319
12316
12315
12312
12311
12309
12306
12305
12302
12301
12298
12296
12294
12293
12290
12289
12286
12285
12282
12281
12278
12277
12274
12273
12270
12269
12266
12265
12262
12260
12259
12257
12255
12254
12252
12251
12248
12247
12244
12243
12240
12239
12236
12235
12232
12231
12228
12227
12224
12223
12220
12218
12217
12214
12212
12210
12209
12206
12205
12202
12201
12198
12197
12194
12193
12190
12189
12186
12185
12182
12181
12178
12176
12175
12172
12170
12168
12167
12164
12163
12161
12160
12159
12156
12155
12153
12152
12151
12148
12147
12145
12144
12143
12140
12139
12137
12136
12135
12133
12131
12129
12127
12125
12123
12121
12118
12116
12114
12112
12111
12109
12107
12104
12103
12100
12099
12096
12095
12093
12091
12088
12087
12084
12083
12080
12079
12076
12075
12072
12071
12069
12067
12066
12064
12062
12060
12059
12057
12056
12055
12054
12052
12051
12048
12047
12045
12044
12043
12042
12040
12039
12037
12035
12033
12031
12029
12027
12025
12022
12020
12018
12016
12015
12012
12011
12008
12007
12004
12003
12000
11999
11996
11995
11992
11991
11988
11987
11984
11983
11980
11979
11976
11975
11973
11971
11970
11968
11966
11964
11963
11961
11959
11956
11955
11952
11951
11949
11948
11947
11946
11944
11943
11941
11939
11937
11935
11933
11931
11929
11926
11924
11922
11920
11919
11916
11915
11912
11911
11908
11907
11904
11903
11901
11899
11896
11895
11892
11891
11888
11887
11884
11883
11880
11879
11877
11875
11874
11873
11872
11870
11868
11867
11865
11863
11860
11859
11856
11855
11853
11851
11850
11848
11847
11845
11843
11841
11839
11837
11835
11833
11830
11828
11826
11824
11823
11820
11819
11816
11815
11812
11811
11808
11807
11804
11803
11800
11799
11796
11795
11792
11791
11789
11788
11786
11784
11783
11781
11779
11778
11776
11774
11772
11771
11769
11767
11766
11764
11763
11760
11759
11757
11755
11754
11752
11751
11749
11747
11745
11743
11741
11739
11737
11734
11732
11730
11728
11727
11724
11723
11720
11719
11716
11715
11712
11711
11708
11707
11704
11703
11700
11699
11696
11695
11692
11691
11688
11687
11685
11683
11682
11681
11680
11678
11676
11675
11673
11671
11668
11667
11664
11663
11661
11660
11659
11658
11656
11655
11653
11651
11649
11647
11645
11643
11641
11638
11636
11634
11632
11631
11628
11627
11624
11623
11620
11619
11616
11615
11612
11611
11608
11607
11604
11603
11600
11599
11597
11596
11594
11592
11591
11589
11587
11586
11585
11584
11582
11580
11579
11577
11575
11574
11572
11571
11568
11567
11565
11564
11563
11562
11560
11559
11557
11555
11553
11551
11549
11547
11545
11542
11540
11538
11536
11535
11533
11531
11528
11527
11524
11523
11520
11519
11517
11515
11512
11511
11508
11507
11504
11503
11500
11499
11496
11495
11493
11491
11490
11489
11488
11486
11484
11483
11481
11478
11477
11475
11472
11471
11469
11467
11466
11464
11463
11461
11459
11457
11455
11453
11451
11449
11446
11444
11442
11440
11439
11437
11435
11432
11431
11428
11427
11424
11423
11421
11419
11416
11415
11412
11411
11408
11407
11404
11403
11400
11399
11397
11395
11393
11392
11390
11388
11387
11385
11384
11383
11382
11380
11379
11376
11375
11373
11372
11371
11370
11368
11366
11365
11362
11361
11359
11357
11355
11353
11351
11349
11347
11345
11342
11341
11338
11337
11334
11333
11330
11329
11327
11325
11323
11321
11319
11317
11315
11313
11310
11309
11306
11305
11302
11301
11298
11297
11295
11293
11291
11289
11287
11285
11283
11281
11278
11277
11274
11273
11270
11269
11266
11265
11263
11261
11259
11257
11255
11253
11251
11249
11246
11245
11242
11241
11238
11237
11234
11233
11231
11229
11227
11225
11223
11221
11219
11217
11214
11213
11210
11209
11206
11205
11202
11201
11199
11197
11195
11193
11191
11189
11187
11185
11182
11181
11178
11177
11174
11173
11170
11169
11167
11165
11163
11161
11159
11157
11155
11153
11150
11149
11146
11145
11142
11141
11138
11137
11135
11133
11131
11129
11127
11125
11123
11121
11118
11117
11114
11113
11110
11109
11106
11105
11103
11101
11099
11097
11095
11093
11091
11089
11086
11085
11082
11081
11078
11077
11074
11073
11071
11069
11067
11065
11063
11061
11059
11057
11054
11053
11050
11049
11046
11045
11042
11041
11039
11037
11035
11033
11031
11029
11027
11025
11022
11021
11018
11017
11014
11013
11010
11009
11007
11005
11003
11001
10999
10997
10995
10993
10990
10989
10986
10985
10982
10981
10978
10977
10975
10973
10971
10969
10967
10965
10963
10961
10958
10957
10954
10953
10950
10949
10946
10945
10943
10941
10939
10937
10935
10933
10931
10929
10926
10925
10922
10921
10918
10917
10914
10913
10911
10909
10907
10905
10903
10901
10899
10897
10894
10893
10890
10889
10886
10885
10882
10881
10879
10877
10875
10873
10871
10869
10867
10865
10862
10861
10858
10857
10854
10853
10850
10849
10847
10845
10843
10841
10839
10837
10835
10833
10830
10829
10826
10825
10822
10821
10818
10817
10815
10813
10811
10809
10807
10805
10803
10801
10798
10797
10794
10793
10790
10789
10786
10785
10783
10781
10779
10777
10775
10773
10771
10769
10766
10765
10762
10761
10758
10757
10754
10753
10751
10749
10747
10745
10743
10741
10739
10737
10734
10733
10730
10729
10726
10725
10722
10721
10719
10717
10715
10713
10711
10709
10707
10705
10702
10701
10698
10697
10694
10693
10690
10689
10687
10685
10683
10681
10679
10677
10675
10673
10670
10669
10666
10665
10662
10661
10658
10657
10655
10653
10651
10649
10647
10645
10643
10641
10638
10637
10634
10633
10630
10629
10626
10625
10623
10621
10619
10617
10615
10613
10611
10609
10606
10605
10602
10601
10598
10597
10594
10593
10591
10589
10587
10585
10583
10581
10579
10577
10574
10573
10570
10569
10566
10565
10562
10561
10559
10557
10555
10553
10551
10549
10547
10545
10542
10541
10538
10537
10534
10533
10530
10529
10527
10525
10523
10521
10519
10517
10515
10513
10510
10509
10506
10505
10502
10501
10498
10497
10495
10493
10491
10489
10487
10485
10483
10481
10478
10477
10474
10473
10470
10469
10466
10465
10463
10461
10459
10457
10455
10453
10451
10449
10446
10445
10442
10441
10438
10437
10434
10433
10431
10429
10427
10425
10423
10421
10419
10417
10414
10413
10410
10409
10406
10405
10402
10401
10399
10397
10395
10393
10391
10389
10387
10385
10382
10381
10378
10377
10374
10373
10370
10369
10367
10365
10363
10361
10359
10357
10355
10353
10350
10349
10346
10345
10342
10341
10338
10337
10335
10333
10331
10329
10327
10325
10323
10321
10318
10317
10314
10313
10310
10309
10306
10305
10303
10301
10299
10297
10295
10293
10291
10289
10286
10285
10282
10281
10278
10277
10274
10273
10271
10269
10267
10265
10263
10261
10259
10257
10254
10253
10250
10249
10246
10245
10242
10241
10239
10237
10235
10233
10231
10229
10227
10225
10222
10221
10218
10217
10214
10213
10210
10209
10207
10205
10203
10201
10199
10197
10195
10193
10190
10186
10181
10177
10173
10169
10165
10158
10154
10149
10145
10141
10137
10133
10129
10125
10122
10117
10113
10109
10105
10101
10097
10094
10090
10085
10081
10077
10073
10069
10062
10058
10053
10049
10045
10041
10037
10030
10026
10021
10017
10012
10009
10004
10000
9998
9994
9989
9985
9980
9976
9972
9970
9966
9961
9957
9953
9948
9944
9940
9938
9934
9930
9925
9921
9916
9913
9906
9902
9898
9893
9889
9884
9880
9876
9874
9872
9870
9865
9861
9857
9852
9848
9844
9842
9840
9837
9833
9829
9825
9820
9816
9813
9809
9805
9801
9797
9793
9788
9784
9781
9773
9769
9765
9761
9756
9752
9741
9737
9733
9729
9724
9720
9717
9709
9705
9701
9697
9693
9688
9683
9677
9673
9669
9665
9661
9656
9645
9641
9637
9633
9628
9624
9613
9609
9605
9601
9584
9578
9573
9564
9558
9555
9545
9538
9533
9528
9524
9518
9500
9488
9485
9481
9478
9468
9464
9458
9453
9450
9442
9438
9428
9424
9418
9414
9409
9404
9398
9385
9378
9375
9364
9358
9345
9338
9328
9326
9321
9318
9311
9308
9304
9300
9298
9290
9286
9281
9278
9276
9271
9158
9144
9143
9140
9139
9136
9122
9121
9118
9098
9097
9078
9076
9075
9029
9013
9010
8970
8942
8941
8930
8905
8859
8857
8852
8845
8816
8810
8802
8774
8773
8769
8758
8734
8727
8723
8720
8709
6594
6589
6582
6578
6573
6569
6561
6558
6554
6552
6550
6548
6542
6534
6533
6529
6526
6516
6512
6510
6506
6505
6498
6494
6492
6484
6477
6474
6473
6466
6458
6456
6450
6445
6441
6427
6419
6416
6414
6413
6410
6409
6406
6405
6402
6401
6399
6397
6395
6393
6390
6389
6386
6384
6382
6381
6378
6377
6374
6373
6370
6369
6367
6365
6362
6361
6358
6357
6355
6352
6350
6349
6346
6345
6342
6341
6338
6337
6335
6332
6331
6329
6327
6325
6323
6320
6318
6317
6314
6313
6310
6309
6306
6305
6303
6301
6299
6297
6295
6292
6291
6288
6286
6285
6282
6281
6278
6277
6274
6273
6271
6269
6266
6265
6262
6261
6259
6256
6254
6253
6250
6249
6246
6245
6242
6241
6238
6237
6234
6233
6231
6229
6227
6224
6222
6221
6218
6217
6214
6213
6210
6209
6207
6205
6203
6201
6199
6196
6195
6192
6190
6189
6186
6185
6182
6181
6178
6177
6175
6173
6171
6168
6167
6164
6163
6160
6158
6157
6154
6153
6150
6149
6146
6145
6142
6141
6138
6137
6135
6133
6131
6129
6126
6125
6122
6121
6118
6117
6114
6113
6110
6108
6106
6104
6102
6100
6098
6096
6094
6093
6090
6089
6086
6085
6082
6081
6078
6076
6074
6072
6070
6068
6066
6064
6062
6061
6058
6057
6054
6053
6050
6049
6046
6045
6042
6041
6039
6037
6035
6032
6030
6029
6026
6025
6022
6021
6018
6017
6015
6013
6011
6009
6007
6004
6003
6000
5998
5997
5994
5993
5990
5989
5986
5985
5983
5981
5979
5976
5975
5972
5971
5968
5966
5965
5962
5961
5958
5957
5954
5953
5950
5949
5946
5945
5943
5941
5939
5936
5934
5933
5930
5929
5926
5925
5922
5921
5918
5917
5915
5913
5911
5909
5906
5904
5902
5901
5898
5897
5894
5893
5890
5889
5887
5885
5883
5880
5879
5876
5875
5873
5870
5869
5866
5865
5862
5861
5858
5857
5854
5852
5850
5848
5846
5844
5842
5840
5838
5837
5834
5833
5830
5829
5826
5825
5822
5820
5818
5816
5814
5812
5810
5808
5806
5805
5802
5801
5798
5797
5794
5793
5790
5788
5786
5784
5782
5780
5778
5776
5774
5773
5770
5769
5766
5765
5762
5761
5758
5756
5754
5752
5750
5748
5746
5744
5742
5741
5738
5737
5734
5733
5730
5729
5726
5724
5722
5720
5718
5716
5714
5712
5710
5709
5706
5705
5702
5701
5698
5697
5694
5692
5690
5688
5686
5684
5682
5680
5678
5677
5674
5673
5670
5669
5666
5665
5662
5660
5658
5656
5654
5652
5650
5648
5646
5645
5642
5641
5638
5637
5634
5633
5630
5628
5626
5624
5622
5620
5618
5616
5614
5613
5610
5609
5606
5605
5602
5601
5599
5597
5595
5593
5590
5589
5586
5584
5582
5581
5578
5577
5574
5573
5570
5569
5567
5564
5563
5560
5559
5557
5555
5552
5550
5549
5546
5545
5542
5541
5538
5537
5535
5532
5531
5529
5527
5525
5523
5520
5518
5517
5514
5513
5510
5509
5506
5505
5503
5501
5499
5497
5494
5493
5490
5488
5486
5485
5482
5481
5478
5477
5474
5473
5471
5469
5466
5465
5462
5461
5459
5456
5454
5453
5450
5449
5446
5445
5442
5441
5439
5436
5435
5433
5431
5429
5427
5424
5422
5421
5418
5417
5414
5413
5410
5409
5407
5405
5403
5401
5399
5396
5395
5392
5390
5389
5386
5385
5382
5381
5378
5377
5375
5373
5370
5369
5366
5365
5363
5360
5358
5357
5354
5353
5350
5349
5346
5345
5342
5341
5338
5337
5335
5333
5331
5328
5326
5325
5322
5321
5318
5317
5314
5313
5311
5309
5307
5305
5303
5300
5299
5296
5294
5293
5290
5289
5286
5285
5282
5281
5279
5277
5275
5272
5271
5268
5267
5264
5262
5261
5258
5257
5254
5253
5250
5249
5246
5245
5242
5241
5239
5237
5235
5232
5230
5229
5226
5225
5222
5221
5218
5217
5214
5213
5211
5209
5207
5205
5202
5200
5198
5197
5194
5193
5190
5189
5186
5185
5183
5181
5179
5176
5175
5172
5171
5168
5166
5165
5162
5161
5158
5157
5154
5153
5151
5148
5147
5144
5143
5141
5139
5136
5134
5133
5130
5129
5126
5125
5122
5121
5118
5117
5115
5113
5111
5109
5106
5104
5102
5101
5098
5097
5094
5093
5090
5089
5087
5085
5083
5081
5078
5077
5074
5072
5070
5069
5066
5065
5062
5061
5058
5057
5055
5052
5051
5048
5047
5045
5043
5040
5038
5037
5034
5033
5030
5029
5026
5025
5023
5020
5019
5017
5015
5013
5011
5008
5006
5005
5002
5001
4998
4997
4994
4993
4991
4989
4987
4985
4982
4981
4978
4976
4974
4973
4970
4969
4966
4965
4962
4961
4958
4956
4955
4952
4951
4948
4946
4945
4942
4941
4938
4937
4934
4933
4930
4929
4926
4925
4922
4920
4918
4916
4914
4913
4910
4909
4906
4905
17755
4902
4901
4898
17750
4897
4894
4892
4890
17741
4888
17739
4886
4885
4882
17734
4881
4878
17730
4877
4874
17726
4873
17723
4870
4869
4866
17718
4865
17715
4862
17713
4860
4859
17709
4856
4855
4852
17703
4850
4849
4846
17698
4845
17695
4842
4841
17691
4838
4837
4834
17686
4833
4831
17681
4828
4827
4824
4822
17673
4820
4818
17670
4817
4814
17666
4813
17663
4810
4809
4806
17658
4805
4802
17654
4801
4798
17649
4796
4794
4792
4790
17642
4789
4786
17638
4785
17635
4782
4781
17631
4778
4777
4774
17626
4773
17623
4770
4769
4766
4764
4762
17614
4761
4758
17610
4757
17607
4754
4753
4750
17602
4749
4746
17598
4745
4742
17594
4741
4738
17590
4737
17588
4735
17585
4732
4731
4728
4726
4724
4722
17574
4721
4718
17570
4717
4714
17566
4713
17563
4710
4709
4706
17558
4705
4703
4700
4698
4696
4694
4692
17544
4691
17542
4689
4686
17538
4685
4682
17534
4681
4678
17530
4677
4674
17526
4673
4670
4668
17519
4666
4665
17515
4662
4661
17511
4658
4657
17507
4654
4653
17503
4650
4649
17499
4646
4645
17495
4642
4641
17491
4638
4637
4634
17486
4633
4630
17481
4628
4626
17478
4625
4622
17474
4621
4618
17470
4617
4614
17466
4613
4610
17462
4609
17460
4607
4604
4602
4600
17451
4598
4596
17448
4595
17446
4593
17443
4590
4589
17439
4586
4585
17435
4582
4581
4578
17430
4577
17427
4574
4572
17423
4570
4568
17420
4567
4564
17416
4563
17414
4561
4558
17410
4557
17407
4554
4553
4550
17402
4549
17399
4546
4545
4542
17394
4541
17391
4538
4537
4534
4532
17383
4530
4529
4526
17378
4525
4522
17374
4521
4518
17370
4517
4514
17366
4513
4510
17362
4509
4506
17357
4504
4502
4500
4498
17350
4497
4494
17346
4493
4490
17342
4489
4486
17338
4485
17335
4482
4481
4478
4476
4474
4472
17324
4471
4468
17320
4467
17318
4465
17315
4462
4461
4458
17310
4457
17307
4454
4453
4450
17302
4449
17299
4446
4444
17296
4443
17293
4440
4439
17289
4436
4434
17286
4433
4430
17282
4429
4426
17278
4425
4422
17274
4421
4418
17270
4417
4414
17266
4413
4410
4408
4406
17257
4404
4402
17254
4401
4398
17250
4397
4394
17246
4393
17243
4390
4389
17239
4386
4385
17235
4382
4380
17231
4378
4376
17227
4374
4373
17223
4370
4369
4366
17218
4365
4362
17214
4361
17211
4358
4357
17207
4354
4353
17204
4351
4349
17200
4347
4345
17196
4343
4341
17192
4339
4337
4334
17186
4333
4330
17182
4329
17179
4326
4325
17175
4322
4321
17172
4319
4317
17168
4315
4313
17164
4311
4309
17160
4307
4305
4302
17154
4301
4298
17150
4297
17147
4294
4293
17143
4290
4289
17140
4287
4285
17136
4283
4281
17132
4279
4277
17128
4275
4273
4270
17122
4269
4266
17118
4265
17115
4262
4261
17111
4258
4257
17108
4255
4253
17104
4251
4249
17100
4247
4245
17096
4243
4241
4238
17090
4237
4234
17086
4233
17083
4230
4229
17079
4226
4225
17076
4223
4221
17072
4219
4217
17068
4215
4213
17064
4211
4209
4206
17058
4205
4202
17054
4201
17051
4198
4197
17047
4194
4193
17044
4191
4189
17040
4187
4185
17036
4183
4181
17032
4179
4177
4174
17026
4173
4170
17022
4169
17019
4166
4165
17015
4162
4161
17012
4159
4157
17008
4155
4153
17004
4151
4149
17000
4147
4145
16995
4142
4141
16991
4138
4137
16987
4134
4133
16983
4130
4129
16980
4127
4125
16976
4123
4121
4119
4117
4115
4113
16963
4110
4109
16959
4106
4105
16955
4102
4101
16951
4098
4097
16948
4095
4093
16944
4091
4089
4087
4085
4083
4081
16931
4078
4077
16927
4074
4073
16923
4070
4069
16919
4066
4065
16916
4063
4061
16912
4059
4057
4055
4053
4051
4049
16899
4046
4045
16895
4042
4041
16891
4038
4037
16887
4034
4033
16884
4031
4029
16880
4027
4025
4023
4021
4019
4017
16867
4014
4013
16863
4010
4009
16859
4006
4005
16855
4002
4001
16852
3999
3997
16848
3995
3993
3991
3989
3987
3985
16835
3982
3981
16831
3978
3977
16827
3974
3973
16823
3970
3969
16820
3967
3965
16816
3963
3961
3959
3957
3955
3953
16803
3950
3949
16799
3946
3945
16795
3942
3941
16791
3938
3937
16787
3934
3932
16783
3930
3929
16779
3926
3925
16775
3922
3921
16771
3918
3917
16767
3914
3913
16763
3910
3909
16759
3906
3905
16756
3903
3900
16752
3899
16749
3896
16747
3894
16745
3892
16743
3890
3889
16739
3886
3885
16735
3882
3881
16731
3878
3877
16727
3874
3873
16724
3871
3868
16719
3866
16717
3864
16715
3862
16713
3860
3859
3857
16707
3854
3853
16703
3850
3849
16699
3846
3845
16695
3842
3841
16691
3838
3836
16687
3834
3833
16683
3830
3829
16679
3826
3825
16675
3822
3821
16671
3818
3817
16667
3814
3813
16663
3810
3809
16659
3806
3805
16655
3802
3801
16651
3798
16649
3796
16647
3794
3793
16643
3790
3789
16639
3786
3785
16635
3782
3781
16631
3778
3777
16628
3775
3772
16623
3770
10189
16621
3768
16619
3766
10185
16617
3764
3763
10182
3761
16611
3758
10178
3757
16227
3374
16219
3366
9778
3357
9776
16208
3355
9774
3353
3351
9766
3345
16187
3334
16183
3330
9750
3329
3315
9734
3313
9730
3309
16151
3298
16148
3295
3287
9698
3277
16127
3274
9694
3273
9690
3269
16119
3266
3261
9680
16112
3259
3255
9674
3253
16099
3246
9666
3245
16091
3238
9652
16084
3231
9650
3229
9648
16080
3227
9646
3225
3223
9638
3217
9630
3209
16055
3202
9622
3201
9620
16052
3199
9618
3197
9616
16048
3195
9614
3193
3191
9610
3189
3187
9606
3185
16035
3182
9602
3181
16031
3178
9598
3177
9596
3175
9594
3173
16025
3172
9592
3171
9590
3169
3168
9588
16020
3167
9587
16019
3166
3165
3164
16015
3162
9582
3161
9581
16013
3160
3159
16011
3158
9577
16009
3156
3155
9574
3153
16004
3151
9570
3149
9569
3148
16000
3147
15999
3146
9566
3145
15995
3142
9562
3141
9560
3139
15991
3138
3136
9556
15988
3135
3133
3132
9552
15984
3131
9550
3129
9549
15981
3128
15979
3126
9546
3125
15975
3122
9542
3121
9541
3120
15972
3119
15971
3118
9537
3116
15968
3115
9534
3113
3111
9530
3109
15961
3108
15959
3106
9526
3105
9523
15955
3102
3101
3100
9520
15952
3099
15951
3098
9517
15949
3096
3095
9514
3093
9513
15945
3092
3091
9510
3089
9509
3088
15939
3086
9506
3085
9505
3084
15935
3082
9502
3081
15933
3080
9499
15931
3078
15929
3076
9496
3075
9494
3073
3072
9492
15924
3071
9490
3069
3068
15919
3066
9486
3065
15915
3062
9482
3061
3059
9477
3056
15908
3055
9474
3053
9473
3052
15904
3051
9470
3049
15901
3048
15899
3046
9466
3045
15895
3042
9462
3041
3040
9460
15892
3039
15891
3038
3036
9456
15888
3035
9454
3033
3031
9449
15881
3028
15879
3026
9446
3025
9445
3024
15875
3022
9441
3020
15872
3019
15869
3016
9436
3015
9434
3013
15865
3012
9432
3011
9430
3009
3008
15859
3006
9426
3005
15855
3002
9422
3001
9421
15853
3000
2999
15851
2998
9417
15849
2996
2995
9413
2992
15844
2991
9410
2989
15839
2986
9406
2985
15837
2984
15835
2982
9402
2981
15833
2980
9400
2979
15831
2978
2976
9396
15828
2975
9394
2973
2972
9392
15824
2971
9390
2969
9389
15821
2968
15819
2966
9386
2965
15815
2962
9382
2961
9381
2960
15812
2959
15811
2958
9377
2956
15808
2955
2953
9372
2951
9370
2949
9369
15801
2948
15799
2946
9366
2945
2944
15795
2942
9362
2941
2940
9360
15792
2939
15791
2938
9357
15789
2936
2935
9354
2933
9353
15785
2932
2931
9350
2929
9349
2928
15779
2926
9346
2925
15775
2922
9342
2921
15773
2920
9340
2919
15771
2918
15769
2916
9336
2915
9334
2913
2912
9332
15764
2911
9330
2909
2908
15759
2906
9325
15757
2904
15755
2902
9322
2901
2899
9317
2896
15748
2895
9314
2893
9313
2892
15744
2891
2889
15741
2888
9307
15739
2886
2885
15735
2882
9302
2881
2880
15731
2878
2876
9296
15728
2875
9294
2873
9293
15725
2872
2871
9289
15721
2868
2867
9285
2864
15715
2862
9282
2861
15711
2858
15709
2856
9275
15707
2854
2853
9272
2851
2849
2848
9268
15700
2847
9267
15699
2846
2845
2844
9264
15696
2843
15695
2842
9262
2841
9261
15693
2840
2839
15691
2838
9258
2837
9257
15689
2836
2835
15687
2834
9254
2833
9253
2832
15684
2831
15683
2830
9250
2829
9249
2828
15680
2827
15679
2826
9246
2825
9245
15677
2824
2823
15675
2822
9242
2821
9241
15673
2820
2819
15671
2818
9238
2817
2816
9236
15668
2815
9234
2813
2812
9232
15664
2811
15663
2810
9230
2809
9229
15661
2808
2807
15659
2806
9226
2805
9225
15657
2804
2803
15655
2802
9222
2801
9221
2800
15652
2799
15651
2798
9218
2797
9217
2796
15648
2795
15647
2794
9214
2793
15645
2792
9212
2791
9211
15643
2790
2789
15641
2788
9208
2787
15639
2786
9206
2785
9205
2784
15636
2783
15635
2782
9202
2781
9201
2780
15632
2779
15631
2778
9198
2777
9197
15629
2776
2775
15627
2774
9194
2773
9193
15625
2772
2771
15623
2770
9190
2769
9189
2768
15620
2767
15619
2766
9186
2765
9185
2764
15616
2763
15615
2762
9182
2761
15613
2760
9180
2759
15611
2758
9178
2757
15609
2756
9176
2755
15607
2754
9174
2753
2752
9172
15604
2751
9171
15603
2750
2749
2748
9168
15600
2747
15599
2746
9166
2745
9165
15597
2744
2743
15595
2742
9162
2741
9161
15593
2740
2739
15591
2738
9157
2736
15588
2735
15587
2734
9154
2733
9153
2732
15584
2731
15583
2730
9150
2729
15581
2728
9148
2727
15579
2726
9146
2725
2717
2716
15567
2714
9134
2713
9133
15565
2712
2711
15563
2710
9130
2709
9129
15561
2708
2707
15559
2706
9126
2705
9125
2704
15556
2703
15555
2702
9116
2695
15547
2694
9114
2693
9113
15545
2692
2691
15543
2690
9110
2689
9109
2688
15540
2687
15539
2686
9106
2685
2684
9104
15536
2683
15535
2682
9102
2681
9101
15533
2680
9094
2673
9093
2672
15524
2671
15523
2670
9090
2669
9089
2668
15520
2667
15519
2666
9086
2665
15517
2664
9084
2663
15515
2662
9082
2661
9081
15513
2660
2659
9072
15504
2651
15503
2650
9070
2649
9069
15501
2648
2647
9066
2645
9065
15497
2644
2643
15495
2642
9062
2641
9061
2640
15492
2639
15491
2638
9058
2637
9057
2636
15488
2635
15487
2634
9054
2633
15485
2632
9052
2631
15483
2630
9050
2629
15481
2628
9048
2627
15479
2626
9046
2625
2624
9044
15476
2623
15475
2622
9042
2621
2620
9040
15472
2619
15471
2618
9038
2617
9037
15469
2616
2615
15467
2614
9034
2613
9033
15465
2612
2611
15463
2610
9030
2609
15460
2607
15459
2606
9026
2605
9025
2604
9022
2601
15453
2600
9020
2599
9018
2597
9016
2595
15447
2594
9014
2593
15443
2590
2588
9008
15440
2587
15439
2586
9006
2585
9005
15437
2584
2583
15435
2582
9002
2581
9001
15433
2580
2579
15431
2578
8998
2577
8997
2576
15428
2575
15427
2574
8994
2573
8993
2572
15424
2571
15423
2570
8990
2569
15421
2568
8988
2567
8986
2565
15417
2564
8984
2563
8983
15415
2562
8980
15412
2559
15411
2558
8978
2557
2556
8976
15408
2555
8974
2553
8973
15405
2552
2551
15403
2550
8969
15401
2548
15399
2546
8966
2545
8965
2544
15396
2543
15395
2542
8962
2541
8961
2540
15392
2539
15391
2538
8958
2537
15389
2536
8956
2535
15387
2534
8954
2533
15385
2532
8952
2531
8951
15383
2530
2529
2528
8948
15380
2527
8946
2525
2524
8944
15376
2523
15375
2522
2519
15371
2518
8938
2517
8937
15369
2516
2515
8934
2513
8933
2512
15364
2511
15363
2510
8929
2508
15359
2506
8926
2505
15357
2504
8924
2503
15355
2502
8922
2501
8921
15353
2500
2499
15351
2498
8918
2497
2496
8916
15348
2495
8915
15347
2494
2493
2492
8912
15344
2491
15343
2490
8910
2489
8909
15341
2488
2487
15339
2486
8906
2485
15335
2482
8902
2481
8901
2480
8898
2477
8897
2476
15328
2475
8894
2473
8892
2471
15323
2470
8890
2469
8889
15321
2468
2467
8886
2465
8884
15316
2463
8883
15315
2462
2461
2460
8880
15312
2459
15311
2458
8878
2457
8877
15309
2456
2455
15307
2454
8874
2453
8873
15305
2452
2451
15303
2450
8870
2449
8869
2448
15300
2447
15299
2446
8866
2445
8865
2444
15295
2442
8862
2441
15293
2440
8860
2439
2435
8855
15287
2434
2433
2432
15283
2430
8850
2429
2428
8848
15280
2427
8846
2425
2423
15275
2422
8842
2421
8841
15273
2420
2419
15271
2418
8838
2417
8837
2416
15268
2415
15267
2414
8834
2413
8833
2412
15264
2411
8831
15263
2410
2409
15261
2408
8828
2407
15259
2406
8826
2405
15257
2404
8824
2403
8823
15255
2402
8820
15252
2399
15251
2398
8818
2397
15247
2394
8814
2393
8813
15245
2392
15243
2390
8809
15241
2388
2387
15239
2386
8806
2385
8805
2384
15235
2382
8801
2380
15232
2379
8799
15231
2378
2377
15229
2376
8796
2375
15227
2374
8794
2373
8793
15225
2372
2371
15223
2370
8790
2369
2368
8788
15220
2367
8787
15219
2366
2365
2364
8784
15216
2363
15215
2362
8782
2361
8781
15213
2360
15211
2358
8778
2357
8777
15209
2356
2355
15207
2354
15204
2351
15203
2350
8770
2349
15200
2347
15199
2346
8766
2345
8765
15197
2344
2343
15195
2342
8762
2341
8760
2339
15191
2338
2336
8756
15188
2335
15187
2334
8754
2333
2332
8752
15184
2331
15183
2330
8750
2329
8749
15181
2328
2327
15179
2326
8746
2325
8745
15177
2324
2323
15175
2322
8742
2321
8741
2320
15172
2319
15171
2318
8738
2317
8737
2316
15168
2315
15167
2314
15165
2312
8732
2311
15163
2310
8730
2309
8729
15161
2308
2307
2305
2304
8724
15156
2303
2301
2300
15151
2298
8718
2297
8717
15149
2296
2295
15147
2294
8714
2293
8713
15145
2292
15143
2290
8710
2289
15140
2287
15139
2286
8706
2285
8705
2284
15136
2283
8703
15135
2282
2281
15133
2280
8700
2279
15131
2278
8698
2277
15129
2276
8696
2275
15127
2274
8694
2273
2272
8692
15124
2271
15123
2270
8690
2269
2268
8688
15120
2267
15119
2266
8686
2265
8685
15117
2264
2263
15115
2262
8682
2261
8681
15113
2260
2259
15111
2258
8678
2257
8677
2256
15108
2255
15107
2254
8674
2253
8673
2252
15104
2251
15103
2250
8670
2249
15101
2248
8668
2247
15099
2246
8666
2245
15097
2244
8664
2243
15095
2242
8662
2241
8661
2240
15092
2239
15091
2238
8658
2237
2236
8656
15088
2235
15087
2234
8654
2233
8653
15085
2232
2231
15083
2230
8650
2229
8649
15081
2228
2227
15079
2226
8646
2225
8645
2224
15076
2223
15075
2222
8642
2221
8641
2220
15072
2219
8639
15071
2218
2217
15069
2216
8636
2215
15067
2214
8634
2213
15065
2212
8632
2211
15063
2210
8630
2209
2208
8628
15060
2207
15059
2206
8626
2205
2204
8624
15056
2203
15055
2202
8622
2201
8621
15053
2200
2199
15051
2198
8618
2197
8617
15049
2196
2195
15047
2194
8614
2193
8613
2192
15044
2191
15043
2190
8610
2189
8609
2188
15040
2187
15039
2186
8606
2185
15037
2184
8604
2183
8603
15035
2182
2181
8601
15033
2180
2179
15031
2178
8598
2177
2176
8596
15028
2175
15027
2174
8594
2173
2172
8592
15024
2171
15023
2170
8590
2169
8589
15021
2168
2167
15019
2166
8586
2165
8585
15017
2164
2163
15015
2162
8582
2161
8581
2160
15012
2159
15011
2158
8578
2157
8577
2156
15008
2155
15007
2154
8574
2153
15005
2152
8572
2151
15003
2150
8570
2149
15001
2148
8568
2147
14999
2146
8566
2145
2144
8564
14996
2143
14995
2142
8562
2141
2140
8560
14992
2139
14991
2138
8558
2137
8557
14989
2136
2135
14987
2134
8554
2133
8553
14985
2132
2131
14983
2130
8550
2129
8549
2128
14980
2127
14979
2126
8546
2125
8545
2124
14976
2123
14975
2122
8542
2121
14973
2120
8540
2119
14971
2118
8538
2117
14969
2116
8536
2115
14967
2114
8534
2113
2112
8532
14964
2111
14963
2110
8530
2109
2108
8528
14960
2107
14959
2106
8526
2105
8525
14957
2104
2103
14955
2102
8522
2101
8521
14953
2100
2099
14951
2098
8518
2097
8517
2096
14948
2095
14947
2094
8514
2093
8513
2092
14944
2091
14943
2090
8510
2089
14941
2088
8508
2087
14939
2086
8506
2085
14937
2084
8504
2083
14935
2082
8502
2081
2080
8500
14932
2079
14931
2078
8498
2077
2076
8496
14928
2075
14927
2074
8494
2073
8493
14925
2072
2071
14923
2070
8490
2069
8489
14921
2068
2067
14919
2066
8486
2065
8485
2064
14916
2063
14915
2062
8482
2061
8481
2060
14912
2059
14911
2058
8478
2057
14909
2056
8476
2055
14907
2054
8474
2053
14905
2052
8472
2051
14903
2050
8470
2049
2048
8468
14900
2047
14899
2046
8466
2045
2044
8464
14896
2043
14895
2042
8462
2041
8461
14893
2040
2039
14891
2038
8458
2037
8457
14889
2036
2035
14887
2034
8454
2033
8453
2032
14884
2031
14883
2030
8450
2029
8449
2028
14880
2027
14879
2026
8446
2025
14877
2024
8444
2023
14875
2022
8442
2021
14873
2020
8440
2019
14871
2018
8438
2017
2016
8436
14868
2015
14867
2014
8434
2013
2012
8432
14864
2011
14863
2010
8430
2009
8429
14861
2008
2007
14859
2006
8426
2005
8425
14857
2004
2003
14855
2002
8422
2001
8421
2000
14852
1999
14851
1998
8418
1997
8417
1996
14848
1995
14847
1994
8414
1993
14845
1992
8412
1991
14843
1990
8410
1989
14841
1988
8408
1987
14839
1986
8406
1985
1984
8404
14836
1983
14835
1982
8402
1981
1980
8400
14832
1979
14831
1978
8398
1977
8397
14829
1976
1975
14827
1974
8394
1973
8393
14825
1972
1971
14823
1970
8390
1969
8389
1968
14820
1967
14819
1966
8386
1965
8385
1964
14816
1963
14815
1962
8382
1961
14813
1960
8380
1959
14811
1958
8378
1957
14809
1956
8376
1955
14807
1954
8374
1953
1952
8372
14804
1951
14803
1950
8370
1949
1948
8368
14800
1947
14799
1946
8366
1945
8365
14797
1944
1943
14795
1942
8362
1941
8361
14793
1940
1939
14791
1938
8358
1937
8357
1936
14788
1935
14787
1934
8354
1933
8353
1932
14784
1931
14783
1930
8350
1929
14781
1928
8348
1927
14779
1926
8346
1925
14777
1924
8344
1923
14775
1922
8342
1921
1920
8340
14772
1919
14771
1918
8338
1917
1916
8336
14768
1915
14767
1914
8334
1913
8333
14765
1912
1911
14763
1910
8330
1909
8329
14761
1908
1907
14759
1906
8326
1905
8325
1904
14756
1903
14755
1902
8322
1901
8321
1900
14752
1899
14751
1898
8318
1897
14749
1896
8316
1895
14747
1894
8314
1893
14745
1892
8312
1891
14743
1890
8310
1889
1888
8308
14740
1887
14739
1886
8306
1885
1884
8304
14736
1883
14735
1882
8302
1881
8301
14733
1880
1879
14731
1878
8298
1877
8297
14729
1876
1875
14727
1874
8294
1873
8293
1872
14724
1871
14723
1870
8290
1869
8289
1868
14720
1867
14719
1866
8286
1865
14717
1864
8284
1863
14715
1862
8282
1861
14713
1860
8280
1859
14711
1858
8278
1857
1856
8276
14708
1855
14707
1854
8274
1853
1852
8272
14704
1851
14703
1850
8270
1849
8269
14701
1848
1847
14699
1846
8266
1845
8265
14697
1844
1843
14695
1842
8262
1841
8261
1840
14692
1839
14691
1838
8258
1837
8257
1836
14688
1835
14687
1834
8254
1833
14685
1832
8252
1831
14683
1830
8250
1829
14681
1828
8248
1827
14679
1826
8246
1825
1824
8244
14676
1823
14675
1822
8242
1821
1820
8240
14672
1819
14671
1818
8238
1817
8237
14669
1816
1815
14667
1814
8234
1813
8233
14665
1812
1811
14663
1810
8230
1809
8229
1808
14660
1807
14659
1806
8226
1805
8225
1804
14656
1803
14655
1802
8222
1801
14653
1800
8220
1799
14651
1798
8218
1797
14649
1796
8216
1795
14647
1794
8214
1793
1792
8212
14644
1791
14643
1790
8210
1789
1788
8208
14640
1787
14639
1786
8206
1785
8205
14637
1784
1783
14635
1782
8202
1781
8201
14633
1780
1779
14631
1778
8198
1777
8197
1776
14628
1775
14627
1774
8194
1773
8193
1772
14624
1771
14623
1770
8190
1769
8189
14621
1768
1767
8187
14619
1766
1765
8185
14617
1764
1763
8183
14615
1762
1761
8181
1760
14612
1759
14611
1758
8178
1757
8177
1756
14608
1755
14607
1754
8174
1753
8173
14605
1752
1751
14603
1750
8170
1749
8169
14601
1748
1747
14599
1746
8166
1745
8165
1744
14596
1743
14595
1742
8162
1741
8161
1740
14592
1739
14591
1738
8158
1737
14589
1736
8156
1735
14587
1734
8154
1733
14585
1732
8152
1731
14583
1730
8150
1729
1728
8148
14580
1727
14579
1726
8146
1725
1724
8144
14576
1723
14575
1722
8142
1721
8141
14573
1720
1719
14571
1718
8138
1717
8137
14569
1716
1715
14567
1714
8134
1713
8133
1712
14564
1711
14563
1710
8130
1709
8129
1708
14560
1707
14559
1706
8126
1705
14557
1704
8124
1703
14555
1702
8122
1701
14553
1700
8120
1699
14551
1698
8118
1697
1696
8116
14548
1695
14547
1694
8114
1693
1692
8112
14544
1691
14543
1690
8110
1689
8109
14541
1688
1687
14539
1686
8106
1685
8105
14537
1684
1683
14535
1682
8102
1681
8101
1680
14532
1679
14531
1678
8098
1677
8097
1676
14528
1675
14527
1674
8094
1673
14525
1672
8092
1671
14523
1670
8090
1669
14521
1668
8088
1667
14519
1666
8086
1665
1664
8084
14516
1663
8082
1661
1660
1655
8074
1653
14503
1650
8070
1649
14500
1647
8065
1644
14495
1642
14493
1640
8060
1639
14487
1634
1632
14479
1626
8046
1625
1623
8042
1621
1619
8038
1617
14464
1611
8024
1603
1596
8016
14448
1595
14447
1594
8014
1593
8013
14445
1592
1591
14443
1590
8010
1589
8009
14441
1588
1587
14439
1586
8006
1585
8005
1584
14436
1583
14435
1582
8002
1581
8001
1580
14432
1579
14431
1578
7998
1577
14429
1576
7996
1575
14427
1574
7994
1573
14425
1572
7992
1571
14423
1570
7990
1569
1568
7988
14420
1567
14419
1566
7986
1565
1564
7984
14416
1563
14415
1562
7982
1561
7981
14413
1560
1559
14411
1558
7978
1557
7977
14409
1556
1555
14407
1554
7974
1553
7973
1552
14404
1551
14403
1550
7970
1549
7969
1548
14400
1547
7967
14399
1546
1545
7965
14397
1544
1543
7963
14395
1542
1541
7961
14393
1540
1539
14391
1538
7958
1537
7957
1536
14388
1535
14387
1534
7954
1533
1532
7952
14384
1531
14383
1530
7950
1529
7949
14381
1528
1527
14379
1526
7946
1525
7945
14377
1524
1523
14375
1522
7942
1521
7941
1520
14372
1519
14371
1518
7938
1517
7937
1516
14368
1515
7935
14367
1514
1513
14365
1512
7932
1511
7931
14363
1510
1509
14361
1508
7928
1507
7927
14359
1506
1505
7925
1504
14356
1503
7923
14355
1502
1501
1500
7920
14352
1499
14351
1498
7918
1497
7917
14349
1496
1495
14347
1494
7914
1493
7913
14345
1492
1491
14343
1490
7910
1489
7909
1488
14340
1487
14339
1486
7906
1485
7905
1484
14336
1483
7903
14335
1482
1481
14333
1480
7900
1479
7899
14331
1478
1477
7897
14329
1476
1475
7895
14327
1474
1473
7893
1472
14324
1471
7891
14323
1470
1469
1468
7888
14320
1467
14319
1466
7886
1465
7885
14317
1464
1463
14315
1462
7882
1461
7881
14313
1460
1459
14311
1458
7878
1457
7877
1456
14308
1455
14307
1454
7874
1453
7873
1452
14304
1451
7871
14303
1450
1449
7869
14301
1448
1447
7867
14299
1446
1445
7865
14297
1444
1443
14295
1442
7862
1441
7861
1440
14292
1439
14291
1438
7858
1437
1436
7856
14288
1435
14287
1434
7854
1433
7853
14285
1432
1431
14283
1430
7850
1429
7849
14281
1428
1427
14279
1426
7846
1425
7845
1424
14276
1423
14275
1422
7842
1421
7841
1420
14272
1419
7839
14271
1418
1417
7837
14269
1416
1415
14267
1414
7834
1413
7833
14265
1412
1411
14263
1410
7830
1409
7829
1408
14260
1407
7827
14259
1406
1405
1404
7824
14256
1403
14255
1402
7822
1401
7821
14253
1400
1399
14251
1398
7818
1397
7817
14249
1396
1395
14247
1394
7814
1393
7813
1392
14244
1391
14243
1390
7810
1389
7809
1388
14240
1387
7807
14239
1386
1385
14237
1384
7804
1383
7803
14235
1382
1381
7801
14233
1380
1379
7799
14231
1378
1377
7797
1376
14228
1375
7795
14227
1374
1373
1372
7792
14224
1371
14223
1370
7790
1369
7789
14221
1368
1367
14219
1366
7786
1365
7785
14217
1364
1363
14215
1362
7782
1361
7781
1360
14212
1359
14211
1358
7778
1357
7777
1356
14208
1355
7775
14207
1354
1353
7773
14205
1352
1351
7771
14203
1350
1349
7769
14201
1348
1347
7767
14199
1346
1345
1344
7764
14196
1343
7763
14195
1342
1341
1340
7760
14192
1339
14191
1338
7758
1337
7757
14189
1336
1335
14187
1334
7754
1333
7753
14185
1332
1331
14183
1330
7750
1329
7749
1328
14180
1327
14179
1326
7746
1325
7745
1324
14176
1323
7743
14175
1322
1321
7741
14173
1320
1319
14171
1318
7738
1317
7737
14169
1316
1315
14167
1314
7734
1313
7733
1312
14164
1311
7731
14163
1310
1309
1308
7728
14160
1307
14159
1306
7726
1305
7725
14157
1304
1303
14155
1302
7722
1301
7721
14153
1300
1299
14151
1298
7718
1297
7717
1296
14148
1295
14147
1294
7714
1293
7713
1292
14144
1291
14143
1290
7710
1289
7709
14141
1288
1287
14139
1286
7706
1285
7705
14137
1284
1283
7703
14135
1282
1281
7701
1280
14132
1279
7699
14131
1278
1277
1276
7696
14128
1275
14127
1274
7694
1273
7693
14125
1272
1271
14123
1270
7690
1269
7689
14121
1268
1267
14119
1266
7686
1265
7685
1264
14116
1263
14115
1262
7682
1261
7681
1260
14112
1259
7679
14111
1258
1257
7677
14109
1256
1255
7675
14107
1254
1253
7673
14105
1252
1251
7671
14103
1250
1249
1248
7668
14100
1247
7667
14099
1246
1245
1244
7664
14096
1243
14095
1242
7662
1241
7661
14093
1240
1239
14091
1238
7658
1237
7657
14089
1236
1235
14087
1234
7654
1233
7653
1232
14084
1231
14083
1230
7650
1229
7649
1228
14080
1227
7647
14079
1226
1225
7645
14077
1224
1223
7643
14075
1222
1221
14073
1220
7640
1219
7639
14071
1218
1217
1216
7636
14068
1215
7635
14067
1214
1213
1212
7632
14064
1211
14063
1210
7630
1209
7629
14061
1208
1207
14059
1206
7626
1205
7625
14057
1204
1203
14055
1202
7622
1201
7621
1200
14052
1199
14051
1198
7618
1197
7617
1196
14048
1195
14047
1194
7614
1193
7613
14045
1192
1191
14043
1190
7610
1189
7609
14041
1188
1187
7607
14039
1186
1185
7605
1184
14036
1183
7603
14035
1182
1181
7601
1180
14032
1179
14031
1178
7598
1177
7597
14029
1176
1175
14027
1174
7594
1173
7593
14025
1172
1171
14023
1170
7590
1169
7589
1168
14020
1167
14019
1166
7586
1165
7585
1164
14016
1163
14015
1162
7582
1161
14013
1160
7580
1159
14011
1158
7578
1157
14009
1156
7576
1155
14007
1154
7574
1153
1152
7572
14004
1151
14003
1150
7570
1149
1148
7568
14000
1147
13999
1146
7566
1145
7565
13997
1144
1143
13995
1142
7562
1141
7561
13993
1140
1139
13991
1138
7558
1137
7557
1136
13988
1135
13987
1134
7554
1133
7553
1132
13984
1131
13983
1130
7550
1129
13981
1128
7548
1127
13979
1126
7546
1125
13977
1124
7544
1123
13975
1122
7542
1121
1120
7540
13972
1119
13971
1118
7538
1117
1116
7536
13968
1115
13967
1114
7534
1113
7533
13965
1112
1111
13963
1110
7530
1109
7529
13961
1108
1107
13959
1106
7526
1105
7525
1104
13956
1103
13955
1102
7522
1101
7521
1100
13952
1099
13951
1098
7518
1097
7517
13949
1096
1095
13947
1094
7514
1093
7513
13945
1092
1091
7511
13943
1090
1089
7509
1088
13940
1087
7507
13939
1086
1085
1084
7504
13936
1083
13935
1082
7502
1081
7501
13933
1080
1079
13931
1078
7498
1077
7497
13929
1076
1075
13927
1074
7494
1073
7493
1072
13924
1071
13923
1070
7490
1069
7489
1068
13920
1067
7487
13919
1066
1065
7485
13917
1064
1063
7483
13915
1062
1061
7481
13913
1060
1059
7479
13911
1058
1057
1056
7476
13908
1055
7475
13907
1054
1053
1052
7472
13904
1051
13903
1050
7470
1049
7469
13901
1048
1047
13899
1046
7466
1045
7465
13897
1044
1043
13895
1042
7462
1041
7461
1040
13892
1039
13891
1038
7458
1037
7457
1036
13888
1035
13887
1034
7454
1033
13885
1032
7452
1031
13883
1030
7450
1029
13881
1028
7448
1027
13879
1026
7446
1025
1024
7444
13876
1023
13875
1022
7442
1021
1020
7440
13872
1019
13871
1018
7438
1017
7437
13869
1016
1015
13867
1014
7434
1013
7433
13865
1012
1011
13863
1010
7430
1009
7429
1008
13860
1007
13859
1006
7426
1005
7425
1004
13856
1003
13855
1002
7422
1001
13853
1000
7420
999
13851
998
7418
997
13849
996
7416
995
13847
994
7414
993
992
7412
13844
991
13843
990
7410
989
988
7408
13840
987
13839
986
7406
985
7405
13837
984
983
13835
982
7402
981
7401
13833
980
979
13831
978
7398
977
7397
976
13828
975
13827
974
7394
973
7393
972
13824
971
13823
970
7390
969
13821
968
7388
967
13819
966
7386
965
13817
964
7384
963
13815
962
7382
961
960
7380
13812
959
13811
958
7378
957
956
7376
13808
955
13807
954
7374
953
7373
13805
952
951
13803
950
7370
949
7369
13801
948
947
13799
946
7366
945
7365
944
13796
943
13795
942
7362
941
7361
940
13792
939
13791
938
7358
937
13789
936
7356
935
13787
934
7354
933
13785
932
7352
931
13783
930
7350
929
928
7348
13780
927
13779
926
7346
925
924
7344
13776
923
13775
922
7342
921
7341
13773
920
919
13771
918
7338
917
7337
13769
916
915
13767
914
7334
913
7333
912
13764
911
13763
910
7330
909
7329
908
13760
907
13759
906
7326
905
13757
904
7324
903
13755
902
7322
901
13753
900
7320
899
13751
898
7318
897
896
7316
13748
895
13747
894
7314
893
892
7312
13744
891
13743
890
7310
889
7309
13741
888
887
13739
886
7306
885
7305
13737
884
883
13735
882
7302
881
7301
880
13732
879
13731
878
7298
877
7297
876
13728
875
13727
874
7294
873
13725
872
7292
871
13723
870
7290
869
13721
868
7288
867
13719
866
7286
865
864
7284
13716
863
7282
861
860
855
7274
853
13703
850
7270
849
13700
847
7265
844
13695
842
13693
840
7260
839
13687
834
832
13679
826
7246
825
823
7242
821
819
7238
817
13664
811
7224
803
7217
796
13648
795
13647
794
7214
793
7213
13645
792
791
13643
790
7210
789
7209
13641
788
787
13639
786
7206
785
7205
784
13636
783
13635
782
7202
781
7201
780
13632
779
13631
778
7198
777
13629
776
7196
775
13627
774
7194
773
13625
772
7192
771
13623
770
7190
769
768
7188
13620
767
13619
766
7186
765
764
7184
13616
763
13615
762
7182
761
7181
13613
760
759
13611
758
7178
757
7177
13609
756
755
13607
754
7174
753
7173
752
13604
751
13603
750
7170
749
7169
748
13600
747
13599
746
7166
745
13597
744
7164
743
13595
742
7162
741
13593
740
7160
739
13591
738
7158
737
736
7156
13588
735
13587
734
7154
733
732
7152
13584
731
13583
730
7150
729
7149
13581
728
727
13579
726
7146
725
7145
13577
724
723
13575
722
7142
721
7141
720
13572
719
13571
718
7138
717
7137
716
13568
715
13567
714
7134
713
13565
712
7132
711
13563
710
7130
709
13561
708
7128
707
13559
706
7126
705
704
7124
13556
703
13555
702
7122
701
700
7120
13552
699
13551
698
7118
697
7117
13549
696
695
13547
694
7114
693
7113
13545
692
691
13543
690
7110
689
7109
688
13540
687
13539
686
7106
685
7105
684
13536
683
13535
682
7102
681
13533
680
7100
679
13531
678
7098
677
13529
676
7096
675
13527
674
7094
673
672
7092
13524
671
13523
670
7090
669
668
7088
13520
667
13519
666
7086
665
7085
13517
664
663
13515
662
7082
661
7081
13513
660
659
13511
658
7078
657
7077
656
13508
655
13507
654
7074
653
7073
652
13504
651
7071
13503
650
649
7069
13501
648
647
7067
13499
646
645
7065
13497
644
643
13495
642
7062
641
7061
640
13492
639
13491
638
7058
637
636
7056
13488
635
13487
634
7054
633
7053
13485
632
631
13483
630
7050
629
7049
13481
628
627
13479
626
7046
625
7045
624
13476
623
13475
622
7042
621
7041
620
13472
619
7039
13471
618
617
13469
616
7036
615
7035
13467
614
613
13465
612
7032
611
7031
13463
610
609
7029
608
13460
607
7027
13459
606
605
604
7024
13456
603
13455
602
7022
601
7021
13453
600
599
13451
598
7018
597
7017
13449
596
595
13447
594
7014
593
7013
592
13444
591
13443
590
7010
589
7009
588
13440
587
7007
13439
586
585
13437
584
7004
583
7003
13435
582
581
7001
13433
580
579
6999
13431
578
577
6997
576
13428
575
6995
13427
574
573
572
6992
13424
571
13423
570
6990
569
6989
13421
568
567
13419
566
6986
565
6985
13417
564
563
13415
562
6982
561
6981
560
13412
559
13411
558
6978
557
6977
556
13408
555
6975
13407
554
553
6973
13405
552
10175
16607
3754
551
3753
6971
13403
550
549
6969
13401
548
10171
16603
3750
547
3749
13399
546
6966
545
6965
544
10167
16599
3746
13396
543
3745
13395
542
6962
541
6961
540
10163
16595
3742
13392
539
13391
538
10161
3740
6958
537
6957
13389
536
16591
3738
535
13387
534
10157
16589
3736
6954
533
3735
6953
13385
532
531
13383
530
10153
16585
3732
6950
529
3731
6949
528
13380
527
10150
3729
13379
526
6946
525
6945
524
16579
3726
13376
523
10146
3725
13375
522
6942
521
13373
520
10143
16575
3722
6940
519
3721
13371
518
6938
517
13369
516
10139
16571
3718
6936
515
3717
13367
514
6934
513
512
10135
16567
3714
6932
13364
511
3713
13363
510
6930
509
508
10131
16563
3710
6928
13360
507
3709
13359
506
6926
505
6925
13357
504
16559
3706
503
10126
3705
13355
502
6922
501
6921
13353
500
16555
3702
499
13351
498
10121
16553
3700
6918
497
6917
496
16551
3698
13348
495
10118
3697
13347
494
6914
493
6913
492
16547
3694
13344
491
10114
3693
13343
490
6910
489
13341
488
10111
16543
3690
6908
487
3689
13339
486
6906
485
13337
484
10107
16539
3686
6904
483
3685
13335
482
6902
481
480
10103
16535
3682
6900
13332
479
3681
13331
478
6898
477
476
10099
16531
3678
6896
13328
475
3677
13327
474
6894
473
6893
13325
472
16527
3674
471
13323
470
10093
16525
3672
6890
469
6889
13321
468
16523
3670
467
13319
466
10089
16521
3668
6886
465
6885
464
16519
3666
13316
463
6882
461
6881
460
10079
16511
3658
6876
455
6874
453
3653
13303
450
6870
449
10071
16503
3650
6868
13300
447
444
13295
442
6861
13293
440
16495
3642
439
13287
434
3635
6853
432
10050
3629
13279
426
6846
425
10047
16479
3626
6844
423
6842
421
10043
16475
3622
6840
419
6838
417
10035
16467
3614
6832
13264
411
403
6817
396
16451
3598
13248
395
10018
3597
6815
13247
394
393
13245
392
16447
3594
6812
391
10014
3593
6811
13243
390
389
6809
13241
388
16443
3590
387
10010
3589
6807
13239
386
385
6805
384
10007
16439
3586
13236
383
3585
6803
13235
382
381
380
16435
3582
6800
13232
379
10002
3581
13231
378
6798
377
6797
13229
376
16431
3578
375
13227
374
9997
16429
3576
6794
373
6793
13225
372
16427
3574
371
13223
370
9993
16425
3572
6790
369
6789
368
16423
3570
13220
367
9990
3569
13219
366
6786
365
6785
364
16419
3566
13216
363
9986
3565
6783
13215
362
361
6781
13213
360
16415
3562
359
9982
3561
6779
13211
358
357
6777
13209
356
16411
3558
355
9978
3557
13207
354
6774
353
6773
352
9975
16407
3554
13204
351
3553
13203
350
6770
349
6769
348
16403
3550
13200
347
13199
346
9969
3548
6766
345
6765
13197
344
16399
3546
343
13195
342
9965
16397
3544
6762
341
6761
13193
340
16395
3542
339
9962
3541
13191
338
6758
337
6757
336
16391
3538
13188
335
9958
3537
13187
334
6754
333
6753
332
16387
3534
13184
331
9954
3533
13183
330
6750
329
13181
328
16383
3530
6748
327
9950
3529
13179
326
6746
325
13177
324
16379
3526
6744
323
9946
3525
13175
322
6742
321
320
16375
3522
6740
13172
319
9942
3521
13171
318
6738
317
316
16371
3518
6736
13168
315
13167
314
3516
6734
313
9936
16368
3515
6733
13165
312
311
13163
310
9933
16365
3512
6730
309
3511
6729
13161
308
307
13159
306
9929
16361
3508
6726
305
6725
304
16359
3506
13156
303
9926
3505
13155
302
6722
301
6721
300
16355
3502
13152
299
9922
3501
13151
298
6718
297
13149
296
16351
3498
6716
295
9918
3497
13147
294
6714
293
13145
292
16347
3494
6712
291
9914
3493
13143
290
6710
289
288
9911
16343
3490
6708
13140
287
3489
13139
286
6706
285
9908
16340
3487
284
6704
13136
283
13135
282
9905
3484
6702
281
16336
3483
6701
13133
280
279
13131
278
9901
16333
3480
6698
277
6697
13129
276
16331
3478
275
13127
274
9897
16329
3476
6694
273
6693
272
16327
3474
13124
271
9894
3473
13123
270
6690
269
6689
268
16323
3470
13120
267
9890
3469
6687
13119
266
265
6685
13117
264
16319
3466
263
261
6681
13113
260
9879
16311
3458
13108
255
6674
253
13103
250
3452
6670
249
16303
3450
247
6665
13097
244
9866
3445
13095
242
6661
240
16295
3442
13092
239
9858
3437
6655
13087
234
13085
232
9850
3429
6647
13079
226
225
9847
16279
3426
13076
223
221
16275
3422
6640
13072
219
3420
6638
217
16267
3414
211
16259
3406
13056
203
6617
13049
196
16251
3398
195
9818
3397
6615
13047
194
193
6613
192
16247
3394
13044
191
9814
3393
6611
13043
190
189
16244
3391
188
6608
13040
187
9810
3389
13039
186
6606
185
16240
3387
6605
13037
184
183
9806
3385
13035
182
6602
181
3383
6601
13033
180
179
9802
3381
13031
178
6598
177
3379
6597
176
9798
3377
13027
174
6593
172
9794
3373
6591
13023
170
9791
16223
3370
167
3369
6587
13019
166
165
6585
13017
164
9786
3365
13015
162
6581
160
16215
3362
13012
159
9782
3361
13011
158
16212
3359
6577
156
6574
153
6570
149
3347
6565
144
16195
3342
12992
139
9758
3337
12987
134
12985
132
6546
125
6544
12976
123
6538
117
12964
111
16159
3306
6524
103
96
9718
3297
12947
94
6514
93
9714
3293
12943
90
9712
16144
3291
6509
12941
88
9710
3289
12939
86
83
9706
3285
12935
82
6502
81
3283
6501
80
12932
79
9702
3281
12931
78
6497
76
16131
3278
12928
75
12925
72
6490
69
16123
3270
6488
67
3461
13111
258
10082
3661
13311
458
13711
858
14511
1658
6482
61
12996
143
16299
3446
243
10067
16499
3646
6864
13296
443
13696
843
14496
1643
9670
3249
12899
46
6562
141
6662
241
10065
3644
6862
441
7262
841
8062
1641
6465
44
9762
3341
12991
138
9862
3441
13091
238
13291
438
13691
838
14491
1638
6462
41
6658
237
10061
16493
3640
6858
437
7258
837
8058
1637
40
6657
236
3639
6857
13289
436
13689
836
14489
1636
16095
3242
6460
12892
39
16191
3338
6556
135
16291
3438
13088
235
435
7256
835
8056
1635
9662
3241
12891
38
233
10057
16489
3636
6854
433
7254
833
8054
1633
36
9855
16287
3434
6652
231
13284
431
7252
13684
831
8052
14484
1631
9658
3237
12887
34
9754
3333
12983
130
3433
6651
13083
230
10054
3633
13283
430
13683
830
14483
1630
6454
33
229
6850
429
7250
829
8050
1629
32
128
13081
228
6849
428
828
1628
16087
3234
6452
12884
31
9742
3321
12971
118
13071
218
3621
13271
418
13671
818
14471
1618
6442
21
3319
6537
12969
116
6637
13069
216
416
7237
816
8037
1616
12872
19
9886
3465
6683
13115
262
10086
3665
13315
462
13715
862
14515
1662
6486
65
115
16271
3418
215
10039
16471
3618
6836
13268
415
13668
815
14468
1615
9642
3221
12871
18
9738
3317
12967
114
9838
3417
13067
214
3617
13267
414
13667
814
14467
1614
6438
17
6634
213
6834
413
7234
813
8034
1613
3219
6437
16
9883
16315
3462
259
16515
3662
13312
459
7280
13712
859
8080
14512
1659
9686
3265
12915
62
6633
13065
212
412
7233
812
8033
1612
12868
15
6678
257
6878
457
7278
857
8078
1657
9684
16116
3263
60
9834
3413
13063
210
13263
410
7231
13663
810
14463
1610
6434
13
6677
256
13309
456
7277
13709
856
8077
14509
1656
6480
12912
59
6530
109
6630
209
10033
3612
6830
409
809
8030
1609
6433
12
3457
13107
254
3657
13307
454
13707
854
14507
1654
6478
57
16163
3310
12960
107
16263
3410
13060
207
407
7228
807
8028
1607
9634
3213
6431
12863
10
9830
3409
13059
206
13259
406
7227
13659
806
14459
1606
9
252
13305
452
7273
13705
852
8073
14505
1652
55
6626
205
10029
16461
3608
6826
405
805
8026
1605
8
16283
3430
6648
227
16483
3630
13280
427
7248
13680
827
8048
14480
1627
9654
3233
12883
30
151
16307
3454
6672
13104
251
10075
16507
3654
6872
451
851
1651
9678
3257
12907
54
12957
104
6625
204
3607
6825
13257
404
13657
804
14457
1604
16063
3210
6428
12860
7
9726
3305
12955
102
9826
3405
6623
13055
202
13255
402
7223
13655
802
14455
1602
5
9748
16180
3327
124
6645
224
13277
424
7245
13677
824
8045
14477
1624
6448
12880
27
6669
13101
248
448
7269
848
8069
1648
51
6522
101
201
10025
16457
3604
6822
401
801
8022
1601
6425
4
13053
200
6821
400
7221
800
1600
16059
3206
12856
3
9746
3325
12975
122
3425
6643
13075
222
3625
13275
422
13675
822
14475
1622
6446
25
9770
3349
12999
146
13099
246
3649
13299
446
13699
846
14499
1646
6470
49
16155
3302
6520
99
9823
16255
3402
6620
199
16455
3602
13252
399
13652
799
8020
14452
1599
9626
3205
6423
12855
2
6566
145
9869
16301
3448
6666
245
6866
445
7266
845
8066
1645
3251
6469
48
9722
3301
12951
98
3401
6619
13051
198
10022
3601
13251
398
7219
13651
798
14451
1598
1
6629
208
16464
3611
6829
13261
408
13661
808
14461
1608
16067
3214
12864
11
9744
16176
3323
6541
12973
120
220
13273
420
7241
13673
820
8041
14473
1620
12876
23
6518
97
197
6818
397
797
8018
1597
6421
0
