18457
18456
18455
18454
18452
18451
18450
18449
18448
18447
18444
18443
18442
18441
18440
18439
18438
18437
18436
18435
18433
18432
18431
18430
18427
18426
18425
18423
18422
18421
18420
18419
18417
18416
18415
18414
18413
18410
18407
18406
18405
18404
18403
18402
18400
18399
18398
18397
18394
18393
18392
18391
18389
18388
18387
18386
18385
18384
18382
18381
18378
18377
18375
18374
18373
18372
18369
18368
18367
18365
18363
18362
18360
18359
18358
18357
18356
18355
18354
18353
18352
18351
18350
18349
18348
18347
18346
18345
18341
18340
18337
18334
18333
18330
18325
18323
18319
18318
18312
18311
18310
18309
18308
18307
18306
18305
18304
18303
18299
18298
18297
18296
18295
18294
18293
18292
18289
18288
18286
18285
18284
18283
18281
18279
18277
18275
18273
18271
18269
18267
18265
18263
18262
18257
18256
18254
18252
18250
18247
18245
18241
18239
18237
18234
18233
18232
18228
18227
18226
18225
18224
18223
18222
18221
18220
18219
18218
18216
18207
18206
18205
18201
18197
18196
18194
18193
18192
18191
18190
18188
18187
18186
18182
18181
18180
18177
18176
18174
18173
18172
18171
18170
18168
18167
18166
18161
18160
18159
18158
18157
18156
18155
18154
18153
18152
18149
18147
18146
18134
18133
18130
18128
18127
18126
18123
18120
18116
18112
18102
18101
18100
18099
18098
18092
18091
18089
18085
18084
18083
18082
18076
18075
18073
18071
18070
18069
18068
18067
18066
18065
18054
18053
18048
18047
18046
18043
18042
18041
18040
18039
18038
18037
18036
18034
18033
18032
18031
18030
18029
18028
18026
18022
18021
18019
18017
18015
18014
18013
18012
18009
18008
18007
18006
18004
18003
18002
18000
17998
17989
17986
17983
17982
17981
17980
17975
17974
17973
17972
17971
17966
17961
17957
17953
17952
17948
17947
17941
17937
17934
17930
17929
17928
17927
17926
17922
17921
17920
17919
17917
17914
17913
17907
17906
17904
17903
17900
17895
17894
17893
17887
17884
17881
17875
17873
17867
17866
17863
17862
17861
17860
17858
17856
17853
17851
17850
17848
17845
17844
17842
17840
17839
17829
17828
17827
17826
17815
17793
17792
17790
17789
17788
17787
17786
17785
17783
17766
17764
17760
17757
17755
17753
17750
17749
17748
17746
17737
17736
17735
17715
17710
17704
17702
17701
17700
17693
17690
17682
17681
17679
17677
17674
17673
17670
17669
17667
17665
17663
17661
17660
17658
17657
17656
17655
17647
17639
17638
17637
17636
17635
17633
17632
17629
17626
17625
17624
17623
17621
17618
17615
17614
17613
17611
17610
17609
17608
17607
17606
17605
17604
17603
17602
17600
17599
17596
17595
17594
17593
17591
17590
17589
17588
17587
17586
17585
17584
17583
17582
17581
17580
17579
17578
17577
17576
17575
17573
17572
17570
17569
17568
17567
17566
17563
17561
17556
17555
17554
17553
17552
17551
17550
17549
17548
17547
17546
17544
17542
17541
17540
17539
17533
17532
17531
17530
17529
17528
17527
17525
17524
17522
17521
17520
17519
17518
17516
17515
17514
17513
17512
17511
17510
17508
17507
17506
17505
17504
17503
17502
17501
17500
17499
17497
17496
17495
17494
17493
17492
17491
17490
17489
17488
17487
17486
17485
17484
17483
17482
17481
17480
17479
17478
17477
17476
17475
17474
17472
17469
17467
17466
17464
17463
17462
17461
17457
17456
17454
17453
17452
17451
17450
17449
17448
17446
17445
17444
17443
17442
17441
17439
17438
17433
17428
17427
17426
17424
17423
17422
17421
17420
17419
17418
17414
17413
17412
17411
17410
17409
17408
17407
17406
17405
17404
17403
17401
17400
17399
17398
17397
17396
17395
17394
17393
17392
17391
17390
17389
17388
17387
17386
17385
17384
17383
17382
17381
17380
17379
17378
17377
17376
17375
17360
17350
17340
17335
17334
17333
17332
17330
17323
17319
17318
17317
17292
17287
17281
17276
17255
17249
17248
17239
17233
17232
17230
17229
17207
17202
17198
17196
17175
17163
17155
17153
17148
17145
17143
17141
17140
17136
17133
17131
17130
17125
17123
17120
17085
17059
17058
17039
17038
17036
17035
17029
17028
17014
16996
16984
16971
16970
16969
16968
16967
16966
16965
16963
16962
16956
16954
16953
16946
16905
16878
16871
16869
16861
16857
16844
16842
16811
16809
16798
16795
16785
16776
16775
16774
16769
16766
16764
16763
16761
16755
16754
16752
16751
16746
16742
16725
16713
16668
16639
16627
16626
16622
16616
16610
16600
16579
16570
16555
16554
16553
16544
16542
16537
16533
16531
16529
16528
16527
16524
16523
16522
16512
16509
16506
16503
16502
16499
16498
16495
16494
16492
16486
16481
16476
16465
16463
16457
16451
16439
16422
16392
16383
16380
16372
16371
16359
16352
16348
16345
16341
16339
16337
16333
16329
16327
16325
16323
16321
16319
16315
16313
16311
16308
16305
16302
16296
16293
16290
16286
16284
16282
16280
16278
16276
16274
16266
16256
16254
16250
16245
16232
16228
16225
16222
16219
16216
16214
16212
16211
16207
16203
16199
16195
16193
16189
16185
16182
16175
16171
16167
16164
16159
16157
16155
16153
16151
16149
16147
16145
16143
16140
16139
16136
16134
16129
16128
16124
16122
16119
16118
16116
16114
16112
16108
16106
16104
16102
16098
16096
16092
16090
16086
16084
16082
16078
16076
16075
16071
16069
16068
16064
16062
16060
16059
16055
16049
16045
16041
16037
16035
16032
16031
16029
16013
16011
16009
16003
16001
15999
15997
15995
15991
15989
15987
15985
15983
15981
15979
15977
15975
15973
15971
15969
15967
15965
15963
15957
15955
15953
15949
15947
15943
15941
15939
15937
15935
15933
15931
15929
15927
15925
15920
15919
15916
15915
15911
15909
15907
15905
15900
15897
15895
15894
15893
15888
15886
15882
15878
15874
15872
15868
15866
15864
15862
15860
15858
15854
15853
15849
15845
15843
15841
15839
15837
15833
15832
15829
15827
15823
15821
15818
15817
15815
15814
15811
15810
15804
15802
15779
15777
15775
15773
15771
15765
15763
15759
15757
15755
15753
15751
15748
15747
15740
15739
15735
15733
15731
15727
15723
15719
15717
15713
15711
15709
15707
15703
15701
15699
15697
15695
15693
15690
15689
15687
15677
15675
15673
15669
15663
15659
15655
15646
15642
15639
15638
15625
15619
15616
15613
15607
15606
15595
15588
15586
15581
15579
15574
15568
15553
15547
15541
15536
15533
15530
15525
15520
15510
15503
15501
15493
15488
15486
15480
15473
15467
15464
15463
15461
15459
15455
15438
15435
15426
15424
15422
15420
15416
15398
15396
15393
15388
15364
15360
15356
15352
15342
15340
15338
15336
15334
15332
15330
15328
15326
15322
15306
15299
15293
15195
15157
15153
15116
15115
15113
15111
15089
15058
15054
15052
15046
15039
15034
15020
15018
15016
15015
15011
15007
15004
14997
14994
14990
14987
14985
14977
14964
14960
14956
14954
14952
14948
14942
14940
14932
14929
14923
14921
14918
14916
14910
14908
14904
14903
14902
14901
14892
14890
14879
14876
14868
14867
14864
14862
14857
14853
14851
14847
14843
14825
14824
14823
14817
14815
14806
14800
14798
14793
14791
14788
14787
14776
14773
14772
14767
14764
14758
14754
14751
14749
14745
14741
14738
14736
14729
14726
14715
14713
14711
14709
14707
14703
14702
14700
14697
14694
14690
14688
14681
14680
14676
14675
14671
14670
14669
14668
14667
14666
14662
14660
14658
14654
14647
14646
14645
14642
14631
14628
14623
14617
14614
14609
14606
14604
14602
14600
14593
14592
14587
14585
14583
14582
14581
14579
14578
14577
14574
14572
14571
14568
14566
14562
14556
14554
14552
14550
14542
14535
14516
14513
14509
14505
14503
14501
14484
14479
14477
14472
14470
14468
14461
14456
14451
14436
14353
14350
14345
14343
14337
14335
14331
14329
14326
14323
14321
14319
14314
14312
14310
14306
14303
14301
14299
14297
14293
14291
14283
14281
14277
14275
14273
14268
14264
14260
14258
14256
14254
14247
14243
14239
14234
14230
14222
14218
14205
14203
14194
14193
14176
14175
14172
14165
14159
14155
14154
14153
14152
14151
14146
14145
14138
14136
14134
14132
14130
14128
14126
14122
14121
14120
14118
14117
14115
14113
14111
14110
14109
14103
14096
14095
14092
14090
14085
14082
14078
14076
14074
14072
14064
14053
14049
14045
14041
14039
14035
14027
14025
14015
14014
14013
14002
14000
13992
13990
13988
13986
13982
13980
13974
13953
13951
13948
13940
13939
13933
13930
13929
13926
13925
13921
13914
13912
13909
13908
13906
13905
13903
13901
13897
13890
13888
13886
13882
13880
13876
13874
13866
13864
13860
13858
13854
13852
13850
13848
13847
13845
13843
13841
13839
13835
13829
13823
13821
13819
13817
13815
13813
13811
13809
13807
13805
13803
13801
13799
13787
13781
13779
13777
13775
13767
13766
13764
13762
13761
13759
13758
13756
13732
13724
13723
13721
13713
13711
13709
13707
13701
13699
13697
13695
13693
13691
13688
13686
13676
13670
13668
13664
13660
13635
13634
13629
13628
13626
13607
13600
13598
13596
13594
13592
13590
13588
13586
13584
13582
13581
13579
13577
13576
13574
13572
13570
13566
13562
13560
13556
13554
13550
13546
13540
13538
13536
13532
13530
13528
13522
13520
13518
13514
13504
13492
13487
13481
13476
13470
13464
13460
13457
13451
13448
13445
13441
13439
13437
13435
13433
13431
13430
13428
13424
13420
13419
13418
13412
13410
13409
13403
13396
13392
13382
13380
13378
13377
13376
13374
13372
13371
13368
13363
13362
13361
13360
13356
13355
13354
13353
13349
13347
13345
13343
13342
13338
13335
13334
13332
13331
13329
13328
13326
13323
13319
13314
13312
13311
13309
13308
13307
13306
13305
13303
13299
13297
13296
13295
13293
13291
13290
13289
13287
13285
13283
13281
13279
13277
13275
13272
13267
13266
13264
13253
13248
13238
13236
13234
13232
13229
13226
13224
13222
13216
13214
13212
13210
13206
13203
13200
13191
13188
13182
13180
13172
13169
13166
13164
13163
13161
13160
13158
13152
13148
13146
13144
13142
13138
13137
13135
13133
13132
13130
13128
13127
13125
13122
13120
13116
13114
13112
13108
13099
13098
13097
13095
13094
13093
13092
13091
13090
13089
13088
13086
13085
13084
13083
13082
13081
13080
13079
13078
13077
13076
13075
13074
13073
13072
13071
13070
13069
13068
13067
13066
13065
13064
13063
13062
13056
13054
13044
13036
13035
12958
12940
12937
12921
12904
12903
12898
12897
12892
12891
12886
12885
12880
12879
12873
12844
12796
12795
12794
12793
12788
12787
12783
12781
12780
12778
12775
12773
12764
12763
12762
12761
12760
12759
12758
12757
12720
12718
12717
12716
12715
12714
12713
12712
12711
12710
12708
12707
12703
12702
12701
12700
12690
12689
12686
12683
12651
12650
12649
12648
12647
12646
12644
12642
12641
12640
12639
12638
12637
12636
12635
12633
12632
12630
12629
12628
12627
12626
12624
12623
12621
12620
12619
12618
12617
12616
12615
12614
12613
12612
12610
12607
12605
12601
12600
12599
12597
12595
12594
12592
12591
12590
12587
12586
12585
12583
12582
12581
12580
12579
12578
12577
12575
12573
12572
12571
12569
12568
12567
12566
12565
12563
12562
12561
12560
12559
12556
12555
12552
12551
12550
12548
12545
12544
12542
12541
12540
12536
12535
12534
12533
12532
12528
12522
12521
12520
12519
12516
12514
12513
12510
12509
12508
12507
12506
12505
12502
12501
12500
12499
12498
12497
12496
12488
12468
12467
12466
12465
12464
12463
12460
12459
12458
12457
12456
12455
12454
12453
12452
12451
12450
12449
12448
12444
12443
12442
12441
12440
12439
12438
12431
12430
12428
12427
12426
12421
12418
12417
12416
12414
12413
12412
12411
12410
12395
12394
12387
12383
12382
12375
12372
12371
12363
12362
12361
12360
12358
12357
12355
12354
12353
12352
12351
12350
12349
12348
12347
12346
12345
12344
12343
12342
12341
12340
12339
12338
12337
12336
12335
12334
12333
12332
12331
12330
12329
12328
12327
12326
12325
12324
12323
12322
12320
12319
12318
12317
12316
12315
12314
12313
12312
12311
12310
12309
12308
12307
12306
12305
12304
12301
12299
12298
12297
12296
12295
12294
12293
12292
12291
12290
12289
12288
12286
12285
12284
12283
12282
12281
12280
12279
12278
12276
12275
12274
12273
12199
12198
12197
12196
12195
12194
12193
12192
12191
12190
12189
12187
12186
12185
12183
12182
12181
12180
12175
12174
12173
12172
12171
12169
12168
12167
12166
12165
12164
12163
12162
12161
12160
12159
12158
12157
12156
12155
12153
12152
12151
12150
12149
12148
12147
12146
12145
12144
12143
12142
12138
12137
12135
12134
12133
12132
12131
12130
12129
12128
12127
12126
12125
12124
12123
12122
12121
12120
12119
12118
12117
12115
12114
12113
12112
12111
12110
12108
12107
12106
12104
12099
12098
12097
12095
12094
12093
12092
12091
12089
12088
12084
12082
12081
12078
12077
12076
12073
12072
12071
12070
12069
12068
12066
12065
12064
12062
12060
12059
12057
12056
12055
12054
12049
12048
12047
12046
12045
12042
12041
12038
12037
12036
12035
12034
12032
12030
12029
12028
12017
12015
12014
12013
12012
12011
12010
12008
12006
12004
12000
11999
11995
11993
11992
11990
11987
11985
11983
11982
11981
11980
11979
11978
11977
11976
11975
11974
11973
11972
11971
11970
11969
11965
11964
11963
11962
11961
11960
11959
11958
11957
11956
11955
11954
11951
11950
11948
11946
11945
11944
11941
11939
11938
11937
11936
11935
11934
11933
11932
11931
11928
11927
11926
11924
11923
11922
11920
11919
11917
11916
11915
11913
11912
11910
11907
11905
11904
11903
11902
11900
11898
11897
11896
11895
11894
11893
11892
11891
11889
11888
11887
11886
11884
11883
11881
11879
11877
11876
11874
11873
11872
11871
11870
11869
11868
11867
11865
11864
11863
11862
11860
11859
11858
11857
11855
11854
11853
11852
11851
11849
11848
11847
11846
11845
11844
11843
11842
11841
11840
11839
11838
11837
11836
11835
11833
11832
11830
11829
11828
11827
11826
11825
11824
11821
11819
11818
11817
11816
11815
11812
11810
11809
11807
11806
11805
11804
11802
11801
11800
11798
11797
11796
11794
11791
11790
11789
11788
11787
11786
11785
11784
11783
11782
11781
11780
11779
11778
11777
11775
11774
11773
11772
11771
11770
11769
11768
11763
11762
11760
11759
11758
11755
11753
11752
11750
11748
11747
11745
11744
11743
11741
11740
11739
11738
11737
11736
11735
11734
11733
11731
11730
11728
11726
11725
11724
11723
11721
11720
11718
11717
11715
11714
11713
11712
11711
11710
11709
11708
11707
11706
11705
11704
11703
11702
11701
11700
11699
11698
11697
11696
11695
11694
11693
11692
11691
11690
11689
11688
11686
11685
11684
11683
11682
11681
11678
11674
11671
11669
11668
11667
11666
11665
11663
11660
11659
11658
11657
11656
11655
11654
11653
11652
11651
11650
11649
11648
11647
11646
11643
11642
11641
11640
11639
11638
11637
11636
11635
11634
11632
11631
11629
11627
11625
11623
11622
11621
11620
11619
11618
11617
11616
11615
11614
11612
11611
11610
11609
11607
11606
11605
11603
11602
11600
11599
11598
11597
11596
11594
11592
11591
11589
11588
11587
11586
11585
11583
11582
11578
11577
11575
11574
11573
11571
11569
11568
11567
11566
11565
11564
11563
11559
11556
11555
11553
11552
11551
11550
11548
11547
11546
11544
11542
11541
11540
11538
11537
11536
11535
11534
11533
11532
11531
11530
11529
11528
11527
11526
11525
11524
11521
11520
11519
11518
11517
11515
11514
11513
11512
11511
11509
11508
11507
11506
11505
11504
11503
11501
11500
11499
11498
11497
11495
11494
11493
11491
11490
11487
11486
11484
11480
11479
11477
11476
11475
11473
11472
11470
11469
11467
11466
11463
11462
11460
11459
11457
11456
11455
11454
11451
11449
11447
11445
11444
11443
11442
11441
11439
11437
11436
11435
11434
11433
11431
11430
11429
11428
11426
11425
11424
11423
11421
11420
11419
11418
11417
11416
11415
11414
11413
11412
11411
11410
11409
11408
11407
11406
11405
11404
11403
11402
11401
11400
11399
11398
11397
11396
11395
11394
11393
11392
11391
11390
11389
11388
11387
11386
11385
11384
11383
11382
11381
11380
11379
11378
11377
11376
11375
11374
11373
11372
11371
11370
11369
11368
11367
11366
11365
11363
11362
11361
11360
11359
11358
11357
11356
11355
11353
11351
11349
11348
11347
11346
11345
11344
11343
11341
11340
11339
11338
11337
11336
11335
11334
11333
11332
11331
11330
11329
11328
11327
11326
11325
11324
11323
11322
11321
11320
11319
11318
11317
11316
11315
11314
11312
11311
11309
11308
11307
11306
11305
11304
11303
11302
11301
11300
11299
11298
11296
11294
11293
11292
11290
11289
11288
11287
11285
11282
11281
11280
11279
11278
11276
11275
11273
11272
11265
11259
11258
11257
11255
11252
11249
11247
11244
11243
11239
11238
11235
11226
11223
11222
11221
11216
11215
11202
11201
11199
11198
11196
11195
11194
11193
11192
11191
11190
11189
11187
11186
11184
11183
11181
11180
11177
11176
11175
11174
11173
11163
11162
11161
11160
11159
11156
11155
11154
11152
11151
11110
11109
11108
11106
11105
11104
11103
11102
11101
11100
11099
11098
11097
11096
11095
11094
11093
11092
11091
11090
11089
11088
11087
11086
11085
11084
11083
11081
11080
11079
11077
11076
11032
11031
11030
11027
11026
11025
11024
11023
11021
11019
11016
11014
11013
11009
11008
11007
11006
11005
11004
11001
11000
10999
10998
10996
10994
10991
10990
10989
10987
10986
10983
10980
10979
10978
10977
10976
10974
10973
10972
10971
10970
10969
10968
10965
10963
10962
10961
10960
10959
10958
10957
10955
10954
10951
10950
10949
10947
10946
10945
10944
10943
10942
10941
10940
10939
10937
10936
10934
10933
10931
10930
10927
10925
10924
10923
10922
10920
10919
10915
10913
10912
10911
10910
10909
10906
10905
10904
10903
10902
10901
10900
10899
10898
10897
10894
10893
10892
10891
10890
10889
10888
10887
10886
10885
10884
10882
10880
10879
10877
10876
10875
10874
10873
10871
10869
10867
10866
10865
10863
10862
10859
10858
10857
10856
10855
10852
10851
10850
10849
10846
10844
10843
10841
10840
10839
10838
10837
10836
10835
10834
10833
10832
10829
10826
10824
10821
10819
10817
10813
10812
10811
10810
10809
10808
10807
10805
10803
10800
10799
10798
10795
10794
10793
10792
10790
10789
10788
10787
10786
10785
10784
10783
10782
10781
10780
10779
10778
10776
10775
10773
10771
10768
10766
10764
10763
10762
10761
10760
10758
10756
10755
10754
10753
10751
10750
10748
10747
10746
10743
10742
10741
10740
10738
10737
10736
10735
10734
10733
10729
10728
10727
10725
10723
10722
10721
10720
10719
10718
10717
10714
10712
10711
10710
10709
10706
10704
10703
10702
10701
10700
10699
10698
10697
10696
10695
10694
10693
10692
10691
10690
10689
10686
10685
10684
10683
10682
10681
10680
10679
10678
10677
10676
10675
10673
10672
10671
10670
10669
10668
10667
10666
10665
10664
10663
10662
10661
10660
10659
10658
10656
10655
10654
10653
10652
10651
10650
10649
10648
10647
10646
10644
10643
10642
10641
10640
10639
10638
10637
10636
10633
10632
10631
10630
10629
10628
10627
10626
10625
10624
10623
10622
10621
10620
10619
10618
10617
10616
10615
10614
10613
10612
10611
10610
10608
10607
10606
10604
10603
10602
10601
10600
10596
10593
10592
10590
10589
10586
10585
10584
10583
10582
10581
10580
10579
10578
10576
10575
10574
10573
10572
10571
10570
10569
10568
10567
10566
10565
10564
10563
10562
10561
10560
10559
10558
10557
10556
10555
10554
10553
10552
10551
10550
10545
10544
10543
10542
10541
10540
10477
10476
10475
10474
10473
10472
10471
10470
10469
10468
10467
10466
10465
10464
10463
10462
10461
10460
10459
10458
10457
10456
10455
10454
10453
10452
10451
10450
10449
10448
10447
10446
10445
10444
10443
10442
10440
10439
10438
10437
10435
10434
10433
10432
10430
10429
10428
10427
10426
10425
10424
10423
10422
10421
10420
10419
10418
10417
10416
10415
10414
10413
10412
10411
10410
10409
10408
10407
10406
10405
10404
10403
10402
10401
10392
10391
10390
10388
10385
10384
10383
10382
10381
10380
10379
10378
10377
10376
10375
10374
10373
10371
10369
10368
10367
10366
10365
10364
10355
10353
10352
10348
10345
10340
10339
10338
10337
10336
10334
10333
10332
10321
10320
10319
10317
10316
10315
10314
10307
10305
10299
10298
10285
10284
10283
10280
10276
10269
10267
10266
10265
10264
10258
10257
10255
10254
10251
10249
10248
10247
10246
10245
10243
10241
10240
10239
10238
10237
10236
10235
10233
10232
10229
10228
10227
10226
10225
10224
10219
10218
10217
10216
10215
10214
10213
10212
10211
10210
10209
10208
10207
10206
10205
10204
10203
10202
10201
10200
10199
10198
10197
10195
10194
10193
10192
10191
10190
10189
10188
10187
10186
10185
10184
10183
10182
10181
10180
10179
10178
10177
10176
10175
10174
10173
10172
10171
10170
10169
10168
10167
10166
10165
10164
10163
10162
10161
10160
10159
10158
10157
10156
10155
10154
10153
10152
10151
10150
10149
10148
10147
10146
10145
10144
10143
10142
10141
10140
10139
10138
10137
10136
10135
10134
10133
10132
10131
10130
10129
10128
10127
10126
10125
10124
10123
10122
10121
10120
10119
10118
10117
10116
10115
10114
10113
10112
10111
10110
10108
10107
10106
10105
10104
10103
10102
10101
10100
10099
10098
10095
10094
10093
10092
10091
10090
10089
10088
10087
10086
10084
10083
10082
10079
10078
10077
10075
10073
10072
10071
10069
10068
10067
10066
10065
10064
10063
10062
10061
10058
10056
10055
10054
10053
10052
10051
10049
10048
10047
10046
10044
10043
10042
10041
10040
10039
10038
10037
10036
10035
10033
10032
10031
10030
10029
10027
10026
10025
10024
10023
10022
10021
10020
10018
10017
10016
10015
10014
10013
10012
10011
10010
10009
10007
10006
10003
10002
10001
10000
9999
9998
9997
9996
9995
9994
9993
9992
9991
9990
9989
9988
9987
9986
9985
9984
9983
9982
9981
9980
9979
9978
9977
9976
9975
9974
9973
9972
9971
9970
9968
9967
9966
9965
9963
9962
9961
9960
9959
9958
9957
9954
9953
9952
9951
9950
9949
9948
9947
9946
9945
9944
9943
9941
9940
9939
9938
9937
9936
9935
9934
9933
9932
9931
9930
9929
9928
9926
9925
9924
9923
9922
9921
9920
9919
9918
9916
9915
9914
9913
9912
9911
9910
9909
9908
9907
9906
9905
9904
9903
9902
9901
9900
9899
9898
9897
9896
9895
9894
9893
9892
9891
9890
9889
9888
9887
9886
9885
9884
9883
9882
9881
9880
9879
9878
9877
9876
9875
9874
9873
9872
9870
9869
9868
9867
9866
9865
9864
9863
9862
9861
9860
9859
9858
9857
9856
9855
9854
9853
9852
9851
9850
9849
9848
9847
9846
9845
9844
9843
9842
9841
9840
9839
9838
9837
9836
9835
9834
9833
9832
9831
9830
9829
9828
9827
9826
9825
9824
9823
9822
9821
9820
9818
9817
9816
9815
9814
9813
9812
9811
9810
9809
9808
9807
9806
9805
9804
9803
9802
9801
9800
9799
9798
9797
9796
9795
9794
9793
9792
9791
9790
9789
9788
9787
9786
9785
9784
9783
9782
9781
9780
9779
9778
9777
9776
9775
9774
9773
9772
9771
9770
9769
9768
9767
9766
9765
9764
9763
9762
9761
9760
9759
9758
9757
9756
9755
9754
9753
9752
9751
9750
9749
9748
9747
9746
9745
9744
9743
9742
9741
9740
9739
9738
9737
9736
9735
9734
9733
9732
9731
9730
9729
9728
9727
9726
9725
9724
9723
9722
9721
9720
9719
9718
9717
9716
9715
9714
9713
9712
9711
9710
9709
9708
9707
9706
9705
9704
9703
9702
9701
9700
9699
9698
9697
9696
9695
9694
9693
9692
9691
9690
9689
9688
9687
9686
9685
9684
9683
9682
9681
9680
9679
9678
9677
9676
9675
9673
9672
9671
9670
9669
9668
9667
9666
9665
9664
9663
9662
9661
9660
9659
9658
9657
9656
9655
9654
9653
9652
9651
9650
9649
9648
9647
9645
9644
9643
9642
9641
9640
9639
9638
9635
9634
9632
9631
9630
9629
9628
9627
9626
9625
9624
9623
9622
9621
9620
9618
9617
9616
9615
9614
9613
9612
9611
9610
9609
9608
9607
9606
9605
9604
9603
9602
9601
9600
9599
9598
9597
9596
9595
9594
9593
9592
9591
9590
9589
9588
9587
9586
9585
9584
9583
9582
9581
9580
9578
9577
9576
9575
9574
9573
9572
9571
9570
9569
9567
9564
9563
9562
9561
9558
9557
9556
9555
9554
9552
9551
9550
9549
9548
9547
9545
9544
9543
9542
9541
9540
9539
9537
9536
9534
9532
9530
9529
9528
9527
9526
9525
9524
9523
9522
9521
9520
9519
9518
9517
9516
9515
9514
9513
9512
9510
9509
9508
9506
9504
9503
9502
9501
9500
9499
9498
9497
9496
9495
9494
9493
9492
9491
9490
9489
9487
9486
9485
9484
9483
9482
9481
9480
9479
9478
9477
9476
9475
9474
9473
9472
9471
9470
9469
9468
9467
9466
9465
9464
9463
9462
9461
9460
9459
9458
9457
9456
9455
9454
9453
9452
9451
9450
9449
9448
9447
9446
9442
9433
9432
9427
9401
9397
9393
9388
9387
9386
9385
9371
9351
9345
9344
9320
9318
9317
9316
9314
9313
9310
9309
9308
9307
9306
9305
9303
9301
9300
9299
9298
9297
9296
9295
9294
9293
9292
9291
9290
9289
9288
9287
9286
9284
9283
9282
9281
9280
9279
9278
9277
9276
9275
9269
9255
9239
9219
9215
9163
9111
9103
9087
9075
9071
9047
9031
9027
9023
8999
8991
8986
8985
8984
8983
8982
8981
8980
8979
8977
8976
8975
8974
8973
8972
8970
8969
8968
8965
8964
8963
8962
8961
8960
8959
8954
8952
8951
8950
8949
8948
8947
8946
8945
8944
8943
8941
8940
8939
8938
8937
8936
8935
8934
8933
8932
8931
8930
8929
8927
8926
8925
8923
8921
8920
8919
8918
8916
8915
8914
8911
8910
8909
8908
8907
8905
8901
8897
8896
8894
8892
8891
8890
8889
8888
8887
8886
8885
8884
8883
8882
8881
8880
8879
8878
8877
8876
8875
8874
8873
8872
8871
8870
8869
8868
8866
8865
8864
8862
8861
8860
8858
8857
8856
8852
8850
8847
8846
8844
8843
8841
8840
8838
8836
8835
8834
8833
8832
8831
8830
8829
8828
8826
8825
8824
8823
8822
8821
8820
8819
8818
8817
8815
8814
8813
8812
8811
8810
8808
8807
8806
8805
8804
8800
8798
8796
8794
8792
8791
8790
8789
8787
8784
8782
8781
8779
8778
8777
8776
8775
8774
8773
8772
8771
8770
8769
8768
8767
8760
8759
8757
8756
8755
8754
8751
8750
8749
8748
8747
8746
8745
8744
8743
8742
8741
8740
8739
8738
8737
8736
8735
8734
8733
8731
8730
8729
8728
8727
8726
8725
8724
8723
8722
8721
8720
8719
8716
8713
8708
8706
8705
8704
8703
8702
8701
8700
8697
8694
8693
8692
8691
8690
8686
8683
8682
8681
8680
8678
8677
8676
8675
8674
8673
8672
8671
8668
8667
8666
8665
8664
8663
8662
8661
8660
8659
8658
8657
8656
8655
8654
8652
8651
8648
8647
8646
8645
8644
8643
8642
8641
8640
8639
8638
8637
8636
8635
8634
8633
8632
8631
8630
8629
8628
8627
8625
8624
8623
8622
8621
8620
8618
8617
8615
8613
8612
8611
8610
8608
8607
8605
8604
8602
8600
8598
8597
8595
8593
8592
8590
8589
8588
8587
8586
8584
8583
8581
8580
8579
8577
8576
8574
8573
8571
8570
8569
8567
8566
8564
8563
8561
8560
8558
8557
8556
8555
8554
8552
8551
8550
8549
8548
8547
8545
8544
8543
8542
8538
8536
8535
8534
8533
8532
8530
8526
8523
8522
8521
8517
8514
8513
8512
8511
8510
8509
8508
8507
8506
8505
8504
8503
8502
8501
8500
8499
8498
8497
8495
8494
8493
8492
8491
8489
8487
8485
8483
8482
8480
8478
8476
8472
8471
8470
8469
8465
8464
8463
8462
8461
8460
8459
8458
8454
8452
8450
8449
8447
8445
8443
8441
8439
8437
8436
8434
8432
8431
8430
8427
8426
8423
8421
8420
8418
8415
8413
8411
8410
8408
8407
8406
8404
8403
8401
8399
8398
8397
8394
8393
8392
8391
8390
8389
8388
8387
8386
8385
8384
8383
8382
8380
8379
8377
8376
8375
8374
8373
8372
8371
8370
8369
8368
8367
8366
8364
8363
8362
8360
8359
8358
8357
8356
8355
8354
8352
8351
8350
8349
8348
8346
8345
8343
8342
8341
8339
8337
8336
8332
8328
8326
8325
8324
8323
8322
8320
8317
8316
8315
8314
8313
8312
8311
8310
8309
8307
8305
8304
8303
8302
8301
8298
8297
8296
8295
8294
8293
8292
8291
8290
8289
8288
8259
8258
8257
8256
8255
8254
8253
8252
8251
8250
8249
8248
8247
8246
8245
8244
8243
8242
8241
8240
8239
8238
8237
8236
8235
8234
8233
8232
8231
8223
8219
8218
8217
8216
8215
8213
8212
8211
8210
8207
8206
8205
8201
8200
8199
8195
8193
8192
8190
8189
8188
8187
8186
8185
8184
8183
8182
8177
8176
8175
8174
8173
8172
8170
8169
8167
8166
8165
8164
8163
8162
8158
8157
8156
8154
8153
8152
8151
8148
8147
8146
8141
8140
8139
8138
8137
8136
8135
8134
8133
8132
8131
8130
8129
8128
8127
8125
8123
8122
8118
8115
8114
8107
8105
8104
8103
8102
8101
8100
8099
8098
8096
8095
8094
8092
8091
8089
8088
8087
8086
8085
8084
8083
8082
8081
8079
8078
8076
8074
8072
8071
8070
8069
8068
8067
8066
8065
8064
8063
8058
8056
8054
8053
8052
8051
8046
8045
8044
8043
8042
8041
8040
8039
8038
8037
8036
8035
8034
8033
8032
8031
8030
8029
8028
8027
8026
8025
8024
8023
8022
8021
8020
8019
8018
8017
8016
8015
8014
8013
8012
8011
8009
8008
8006
8005
8003
8001
8000
7999
7998
7997
7996
7994
7993
7992
7991
7990
7988
7987
7986
7984
7983
7982
7981
7980
7979
7978
7977
7976
7975
7974
7973
7972
7971
7970
7969
7968
7964
7963
7960
7959
7958
7957
7956
7955
7954
7953
7952
7951
7949
7948
7946
7944
7943
7930
7927
7919
7918
7916
7915
7914
7912
7911
7910
7909
7904
7903
7902
7900
7898
7897
7896
7894
7892
7891
7890
7889
7888
7887
7886
7885
7884
7883
7882
7881
7880
7879
7878
7877
7876
7875
7874
7873
7872
7871
7870
7869
7868
7867
7866
7865
7864
7863
7862
7861
7860
7859
7858
7856
7853
7852
7849
7845
7842
7840
7839
7838
7837
7836
7835
7834
7833
7832
7831
7830
7828
7826
7824
7821
7820
7818
7816
7815
7814
7812
7809
7806
7804
7803
7802
7801
7800
7799
7798
7797
7796
7795
7794
7792
7791
7790
7789
7788
7786
7785
7784
7779
7777
7774
7773
7772
7771
7770
7769
7767
7766
7761
7760
7759
7757
7753
7752
7751
7750
7749
7747
7746
7745
7744
7743
7742
7741
7740
7739
7738
7737
7736
7735
7734
7733
7730
7729
7726
7725
7724
7723
7722
7720
7719
7718
7717
7716
7715
7714
7713
7712
7711
7710
7709
7708
7707
7706
7702
7700
7698
7697
7695
7694
7693
7691
7690
7685
7680
7679
7678
7677
7676
7675
7674
7673
7672
7671
7670
7669
7668
7667
7666
7665
7664
7663
7662
7661
7659
7658
7657
7655
7654
7652
7650
7649
7648
7647
7644
7643
7642
7639
7638
7635
7633
7632
7631
7630
7629
7626
7625
7623
7621
7620
7618
7616
7615
7614
7613
7612
7611
7610
7609
7608
7607
7606
7605
7604
7603
7602
7601
7600
7599
7598
7597
7596
7595
7594
7593
7592
7591
7590
7589
7588
7587
7586
7585
7584
7583
7582
7581
7580
7576
7574
7570
7568
7564
7562
7558
7556
7552
7550
7546
7544
7540
7538
7534
7532
7528
7526
7522
7520
7516
7514
7510
7508
7507
7506
7505
7503
7500
7499
7498
7497
7496
7495
7494
7493
7492
7490
7489
7487
7485
7484
7483
7482
7481
7480
7479
7476
7475
7474
7470
7467
7466
7464
7463
7462
7459
7458
7457
7456
7454
7453
7452
7450
7446
7445
7444
7442
7438
7436
7434
7430
7426
7422
7420
7418
7416
7415
7413
7411
7405
7401
7399
7397
7395
7393
7391
7387
7385
7383
7381
7379
7375
7373
7369
7367
7365
7363
7361
7353
7343
7337
7336
7335
7334
7332
7331
7330
7328
7327
7326
7324
7304
7301
7300
7298
7292
7291
7282
7281
7279
7277
7275
7273
7269
7267
7265
7259
7250
7248
7244
7242
7240
7236
7232
7230
7228
7203
7202
7197
7196
7175
7174
7172
7170
7166
7158
7152
7142
7130
7128
7124
7122
7120
7118
7114
7112
7110
7104
7100
7096
7094
7090
7086
7082
7072
7071
7063
7050
7043
7038
7022
7019
7016
7013
7007
7004
7003
7001
6999
6996
6994
6988
6987
6980
6978
6977
6970
6963
6960
6959
6956
6955
6954
6950
6949
6948
6946
6945
6942
6939
6929
6928
6926
6924
6923
6922
6921
6915
6913
6911
6906
6902
6896
6894
6893
6891
6889
6887
6885
6882
6880
6877
6876
6875
6874
6872
6867
6863
6861
6859
6857
6853
6849
6847
6845
6843
6840
6839
6836
6809
6806
6804
6800
6794
6780
6774
6771
6768
6765
6759
6756
6750
6744
6743
6737
6734
6731
6728
6721
6714
6712
6706
6705
6703
6701
6700
6695
6693
6691
6690
6688
6684
6682
6680
6669
6668
6659
6658
6657
6655
6654
6653
6652
6651
6650
6649
6648
6647
6646
6645
6644
6643
6642
6641
6640
6639
6638
6637
6636
6635
6634
6633
6632
6631
6630
6624
6622
6604
6603
6516
6514
6512
6509
6508
6503
6500
6498
6496
6494
6493
6492
6490
6488
6487
6486
6483
6482
6481
6475
6474
6470
6468
6465
6464
6463
6462
6459
6458
6456
6453
6451
6447
6441
6438
6437
6434
6407
6406
6392
6391
6389
6388
6385
6384
6383
6382
6378
6374
6373
6372
6371
6370
6366
6365
6362
6360
6358
6355
6354
6351
6346
6343
6342
6341
6340
6338
6337
6336
6320
6306
6305
6303
6300
6299
6293
6292
6291
6290
6286
6284
6282
6281
6280
6279
6278
6275
6265
6255
6254
6253
6250
6249
6248
6247
6246
6245
6244
6243
6242
6241
6240
6234
6231
6230
6227
6223
6221
6220
6219
6217
6216
6215
6214
6212
6211
6208
6207
6202
6201
6199
6198
6197
6195
6194
6193
6191
6189
6188
6187
6185
6184
6183
6182
6180
6179
6178
6177
6176
6174
6173
6172
6171
6170
6169
6167
6166
6165
6164
6161
6159
6157
6156
6155
6154
6153
6152
6151
6149
6148
6147
6146
6144
6143
6142
6141
6140
6139
6138
6137
6136
6135
6134
6132
6131
6129
6128
6127
6125
6124
6122
6121
6120
6119
6118
6114
6113
6112
6111
6107
6104
6101
6100
6099
6098
6096
6095
6094
6093
6092
6089
6088
6087
6086
6085
6084
6083
6081
6080
6079
6078
6077
6076
6075
6074
6073
6071
6070
6069
6068
6067
6066
6064
6063
6062
6061
6060
6059
6057
6056
6055
6054
6053
6051
6050
6049
6047
6046
6044
6043
6042
6040
6038
6037
6035
6033
6030
6029
6027
6025
6023
6022
6021
6019
6018
6017
6015
6014
6013
6012
6011
6010
6009
6008
6006
6003
6002
6000
5998
5997
5996
5995
5993
5992
5991
5989
5974
5973
5972
5970
5969
5968
5966
5965
5962
5959
5955
5954
5953
5952
5950
5949
5943
5942
5941
5940
5939
5938
5937
5932
5931
5929
5927
5926
5925
5924
5923
5922
5920
5918
5917
5916
5910
5909
5908
5907
5906
5905
5904
5903
5902
5901
5900
5899
5898
5895
5894
5892
5890
5889
5888
5886
5885
5884
5883
5881
5880
5877
5876
5875
5873
5871
5870
5869
5868
5867
5865
5864
5863
5861
5860
5858
5857
5855
5854
5852
5851
5849
5848
5846
5845
5843
5842
5836
5834
5833
5832
5826
5825
5820
5816
5812
5807
5806
5804
5802
5801
5798
5796
5795
5794
5793
5792
5791
5790
5789
5788
5787
5785
5784
5783
5782
5781
5780
5779
5778
5776
5774
5773
5772
5770
5769
5768
5767
5766
5763
5761
5759
5754
5752
5751
5750
5748
5746
5744
5743
5742
5741
5740
5738
5737
5736
5735
5734
5732
5731
5730
5729
5727
5725
5723
5722
5721
5720
5717
5716
5715
5714
5713
5712
5710
5709
5708
5707
5706
5705
5704
5703
5702
5701
5699
5698
5697
5695
5692
5691
5690
5689
5687
5685
5683
5682
5681
5680
5679
5678
5677
5676
5671
5670
5669
5662
5661
5660
5659
5656
5655
5651
5650
5649
5648
5647
5646
5644
5643
5641
5640
5615
5613
5610
5609
5608
5606
5603
5601
18453
5600
5599
5597
5596
5595
5594
18446
5593
5592
5591
5590
5588
5586
5585
5583
5582
5579
5578
5574
5573
5571
5569
5567
5565
5561
5560
5559
5558
5557
5556
18408
5555
5539
18379
5526
5525
5524
5522
5521
5520
5519
5518
5517
5515
5513
5511
5510
5508
5507
5505
5495
5488
5486
18335
5482
5481
5476
18327
5474
5471
5470
18322
5469
18321
5468
5467
5465
18315
5462
18314
5461
5460
5458
5457
5456
5455
5454
5453
5451
5450
5449
18301
5448
5446
5442
5440
5438
5437
5434
5433
5427
18278
5425
5423
5422
18274
5421
18272
5419
5418
18268
5415
5414
5412
5410
5408
5407
18258
5405
5403
18253
5400
5399
18251
5398
5396
5394
18243
5390
5389
5388
5387
5386
5385
18235
5382
5381
5380
5375
5370
5367
5354
5349
5348
5347
5341
5340
5339
5338
5334
5332
5330
5329
5328
5326
18178
5325
5324
5323
5320
5319
5317
18169
5316
5307
5300
5299
5298
5297
5296
5294
5293
5291
5290
5289
5288
5287
5285
5284
5280
5278
5276
5275
18125
5272
5271
5270
5269
18121
5268
5267
5264
5263
5260
5258
5257
5253
5252
5248
5247
5246
5244
5242
5239
5238
5236
5235
5229
5224
5222
5221
5220
5219
5218
5217
5216
5215
5214
5213
5212
5210
5204
5203
5202
5201
5200
5197
18049
5196
5190
5188
5187
5186
5185
5184
5183
5179
5178
5176
5175
5173
5172
18024
5171
5167
5165
5164
5163
5161
5158
5156
5150
5144
17994
5141
5134
5133
17985
5132
17984
5131
5130
5129
5128
5127
5126
5124
5123
5122
5120
5119
5117
5109
5108
17958
5105
5104
5103
5102
5099
5098
5097
17949
5096
5094
5093
5092
5091
17942
5089
5087
5086
5085
5084
5082
5080
5079
5078
5074
5069
17918
5065
5064
5063
5062
5061
5060
5058
5057
17909
5056
5054
5052
5051
5047
5045
17897
5044
5043
5039
5038
17890
5037
5035
5034
5033
5029
5027
5026
17878
5025
5024
5023
5022
17874
5021
5020
5016
5014
5010
5009
5008
5003
5002
17854
5001
5000
4998
4997
4996
17846
4993
4992
4990
4989
17837
4984
4983
4982
4981
4978
17830
4977
4976
4975
4973
4972
4970
4969
4968
4967
4966
4965
17816
4963
4961
4959
4957
4955
4953
4951
4949
4947
4945
4940
4930
4928
4927
4926
4923
4922
17774
4921
4919
4918
4916
4914
4913
4912
4911
4910
4909
4908
4906
4905
4904
4902
4901
4900
4898
4890
4889
17741
4888
4886
4882
4880
4875
4864
17708
4855
4854
4852
4851
4850
4849
4848
4844
4841
4838
4828
4827
4826
4825
4823
4822
4819
4813
4810
4809
4803
4796
4794
4792
4790
17640
4787
17631
4778
4773
4772
4771
4770
4769
4768
4766
4765
17617
4764
4763
4762
4761
4760
4759
4754
4753
4752
4746
17598
4745
17597
4744
4741
4740
4726
4725
4724
4721
17571
4718
4715
4713
4711
4707
4706
4705
4704
4700
4698
4695
4694
17545
4692
4689
4688
4687
4685
4682
4679
4678
4677
4676
4675
17526
4673
4672
4671
17523
4670
4669
4668
4666
4664
4663
4662
4659
4658
4655
4654
4653
4650
4648
4647
4646
4644
4636
4635
4634
4633
4632
4630
4625
4624
4622
4621
17473
4620
17470
4617
4614
4610
4608
17458
4605
4604
4603
4601
4600
4597
4593
4591
4588
4586
4583
4582
4581
4580
4579
4578
4576
4575
4570
4569
4568
4566
4565
4564
17416
4563
17415
4562
4561
4554
4552
4550
4541
4540
4538
4537
4534
4533
4532
4531
4528
4524
17374
4521
17372
4519
17371
4518
17369
4516
17368
4515
17366
4513
17365
4512
17363
4510
17362
4509
17361
4508
17359
4506
17351
4498
17349
4496
4495
17347
4494
17346
4493
17344
4491
17343
4490
17342
4489
17341
4488
17338
4485
17331
4478
17329
4476
17327
4474
17326
4473
17325
4472
17324
4471
17321
4468
17320
4467
17316
4463
17314
4461
17313
4460
17308
4455
17307
4454
17306
4453
17305
4452
17304
4451
17303
4450
17301
4448
17299
4446
17298
4445
17296
4443
17295
4442
17294
4441
17293
4440
17291
4438
17290
4437
17289
4436
17286
4433
17282
4429
17278
4425
17275
4422
17273
4420
4414
4413
17265
4412
4411
17260
4407
17259
4406
17258
4405
17256
4403
4397
4393
4392
17244
4391
17243
4390
17242
4389
17241
4388
17240
4387
17238
4385
17237
4384
4383
17231
4378
17228
4375
17227
4374
17226
4373
17225
4372
4370
17222
4369
17221
4368
17220
4367
17219
4366
17218
4365
17217
4364
17216
4363
17215
4362
17213
4360
17212
4359
17211
4358
17209
4356
17208
4355
17206
4353
17204
4351
17203
4350
17201
4348
17200
4347
17197
4344
17195
4342
17194
4341
17193
4340
17192
4339
17190
4337
17189
4336
17188
4335
17187
4334
17186
4333
17185
4332
17184
4331
17183
4330
17182
4329
17181
4328
17180
4327
17179
4326
4325
17176
4323
17174
4321
17173
4320
17172
4319
17171
4318
17170
4317
17169
4316
17168
4315
17167
4314
17166
4313
17165
4312
17164
4311
17160
4307
17159
4306
17157
4304
17154
4301
17152
4299
17149
4296
17142
4289
17138
4285
17121
4268
4265
17117
4264
17116
4263
17114
4261
17113
4260
17112
4259
4258
4257
4256
17108
4255
4254
17106
4253
17105
4252
4251
17101
4248
17099
4246
17098
4245
17097
4244
17096
4243
4241
17091
4238
4237
4235
4233
17082
4229
17076
4223
17073
4220
4219
4218
4217
4216
17066
4213
4212
17064
4211
17063
4210
4207
4204
4202
4201
4199
4198
4197
4196
4195
17047
4194
17046
4193
17045
4192
4187
4180
4179
4178
17030
4177
4174
17025
4172
17022
4169
17021
4168
17020
4167
17019
4166
17018
4165
17017
4164
17016
4163
17015
4162
17012
4159
17011
4158
17010
4157
17009
4156
17008
4155
17007
4154
17006
4153
17005
4152
17004
4151
17003
4150
17002
4149
17001
4148
17000
4147
16999
4146
16997
4144
16995
4142
16994
4141
16993
4140
16992
4139
4138
16990
4137
16989
4136
16988
4135
16987
4134
16986
4133
16985
4132
16983
4130
16982
4129
16981
4128
16980
4127
16979
4126
16975
4122
16974
4121
16973
4120
16972
4119
16961
4108
16960
4107
16958
4105
16957
4104
16955
4102
16952
4099
16951
4098
16949
4096
16945
4092
4091
16943
4090
16942
4089
16941
4088
16940
4087
16939
4086
16938
4085
16937
4084
16936
4083
16935
4082
16934
4081
16933
4080
4079
16931
4078
4077
16929
4076
4075
4072
4071
4070
4068
16920
4067
16918
4065
4064
16916
4063
16915
4062
16913
4060
4059
16911
4058
4057
16909
4056
16907
4054
16906
4053
16902
4049
16898
4045
4043
4042
4041
16892
4039
4038
16889
4036
16888
4035
16887
4034
16886
4033
16885
4032
4031
16882
4029
16881
4028
16880
4027
16879
4026
4024
16876
4023
16875
4022
4021
16873
4020
16872
4019
16868
4015
16867
4014
16866
4013
16864
4011
16863
4010
16862
4009
4007
16855
4002
16854
4001
4000
16852
3999
3998
3993
3992
16843
3990
16839
3986
16838
3985
16836
3983
3981
16832
3979
16831
3978
16830
3977
16829
3976
16828
3975
16827
3974
16824
3971
16823
3970
3969
16820
3967
3966
3964
3963
16815
3962
16814
3961
3960
3959
16810
3957
3955
16807
3954
16806
3953
16805
3952
3951
16803
3950
16801
3948
3947
16799
3946
3944
16787
3934
16786
3933
16784
3931
16783
3930
16782
3929
16780
3927
16777
3924
16772
3919
16771
3918
16770
3917
16768
3915
16762
3909
3906
16753
3900
16749
3896
16748
3895
16747
3894
16743
3890
16741
3888
16740
3887
16739
3886
16738
3885
16737
3884
3883
16735
3882
16734
3881
16733
3880
3879
3878
16730
3877
3876
16728
3875
3874
3873
3871
3869
16720
3867
16718
3865
3864
3863
16715
3862
3861
16712
3859
16710
3857
16708
3855
16706
3853
16699
3846
16697
3844
16696
3843
3840
16692
3839
16691
3838
16690
3837
3836
3835
16687
3834
16683
3830
3826
16678
3825
16677
3824
3823
16675
3822
3819
16671
3818
16670
3817
16667
3814
3812
16664
3811
16663
3810
16662
3809
16661
3808
3804
16656
3803
3799
3798
3797
16649
3796
16648
3795
16647
3794
3793
16644
3791
3789
16637
3784
16636
3783
16635
3782
16631
3778
3777
3771
16623
3770
16621
3768
16620
3767
3756
16608
3755
3753
3752
16604
3751
16603
3750
16602
3749
16601
3748
16598
3745
16597
3744
3743
3742
3741
16591
3738
16590
3737
16589
3736
3735
16587
3734
16586
3733
16585
3732
16581
3728
16580
3727
16577
3724
16576
3723
16575
3722
16574
3721
16573
3720
16572
3719
16571
3718
16569
3716
16568
3715
16566
3713
16565
3712
16564
3711
16563
3710
3709
16561
3708
16560
3707
16559
3706
16558
3705
16557
3704
16556
3703
16541
3688
16540
3687
16536
3683
16525
3672
16520
3667
16519
3666
16516
3663
16514
3661
16510
3657
16507
3654
16497
3644
16490
3637
16488
3635
16487
3634
16485
3632
16484
3631
16479
3626
16478
3625
16475
3622
16474
3621
16473
3620
16472
3619
16470
3617
16468
3615
16464
3611
16462
3609
16460
3607
16459
3606
16458
3605
16456
3603
16454
3601
16453
3600
16452
3599
16450
3597
16449
3596
16448
3595
16447
3594
16446
3593
16445
3592
3591
16443
3590
16442
3589
16441
3588
16440
3587
16438
3585
16437
3584
3582
16433
3580
3579
3578
16430
3577
16429
3576
16428
3575
16427
3574
16426
3573
16425
3572
16421
3568
16419
3566
16418
3565
16417
3564
16416
3563
16415
3562
16414
3561
16413
3560
16412
3559
16411
3558
16409
3556
16408
3555
16407
3554
16406
3553
16405
3552
16403
3550
16402
3549
16401
3548
3547
16399
3546
16398
3545
3544
16394
3541
3540
16391
3538
16390
3537
16389
3536
16388
3535
16386
3533
16385
3532
16381
3528
16376
3523
16368
3515
16364
3511
16362
3509
16357
3504
16355
3502
16354
3501
16353
3500
16350
3497
16349
3496
16344
3491
16309
3456
3453
16303
3450
16300
3447
16297
3444
16294
3441
16291
3438
16272
3419
16271
3418
16265
3412
16264
3411
3408
16260
3407
16257
3404
16255
3402
16253
3400
16252
3399
16251
3398
16249
3396
16248
3395
16247
3394
3393
16244
3391
16243
3390
16241
3388
16239
3386
16236
3383
16235
3382
16234
3381
16233
3380
16229
3376
16226
3373
16223
3370
16220
3367
16215
3362
16210
3357
16209
3356
16204
3351
16201
3348
16200
3347
16191
3338
3337
16186
3333
16183
3330
16180
3327
16177
3324
16176
3323
16173
3320
16169
3316
16168
3315
16165
3312
16161
3308
16141
3288
16137
3284
16130
3277
3272
16120
3267
16081
3228
16079
3226
16074
3221
16072
3219
16067
3214
16056
3203
3198
16050
3197
16043
3190
16038
3185
16036
3183
16033
3180
16024
3171
16022
3169
16016
3163
16015
3162
16014
3161
16005
3152
15959
3106
15958
3105
15945
3092
15944
3091
15921
3068
15917
3064
3045
15891
3038
15890
3037
15889
3036
15884
3031
15883
3030
15880
3027
15879
3026
15875
3022
15871
3018
15856
3003
15851
2998
15850
2997
15847
2994
15831
2978
15830
2977
15825
2972
15813
2960
2959
15806
2953
15805
2952
15800
2947
15796
2943
15795
2942
2937
15783
2930
2929
15749
2896
15741
2888
15737
2884
15729
2876
15684
2831
15668
2815
15666
2813
15656
2803
15652
2799
15651
2798
15648
2795
15647
2794
15640
2787
15636
2783
15632
2779
15628
2775
15626
2773
15620
2767
15614
2761
15608
2755
15604
2751
2749
15598
2745
15596
2743
15594
2741
15584
2731
2725
15566
2713
15564
2711
15562
2709
2707
15548
2695
15544
2691
2690
15542
2689
15538
2685
15532
2679
15526
2673
15522
2669
15512
2659
2654
15506
2653
15498
2645
2637
15482
2629
2619
15470
2617
15456
2603
15452
2599
15446
2593
15442
2589
2583
15432
2579
15431
2578
15430
2577
15414
2561
15412
2559
15411
2558
2556
15405
2552
15402
2549
15400
2547
2541
2529
15381
2528
15374
2521
2520
2517
15366
2513
2451
15300
2447
15298
2445
15295
2442
15294
2441
2436
2430
15282
2429
15275
2422
15263
2410
2406
15245
2392
15243
2390
2351
15203
2350
2348
2346
15196
2343
2339
2336
2332
15180
2327
2323
15173
2320
15172
2319
15169
2316
2315
2308
15160
2307
2302
2295
2292
2291
2282
15130
2277
2274
2273
2272
15122
2269
2268
2267
15114
2261
15109
2256
15107
2254
2253
2249
2246
2237
15086
2233
15083
2230
2227
2225
2224
2223
2221
2219
2217
2215
2213
15064
2211
2208
15059
2206
15056
2203
15055
2202
15050
2197
15049
2196
15047
2194
15043
2190
2182
15030
2177
15029
2176
15027
2174
15022
2169
15021
2168
15019
2166
15012
2159
15009
2156
15008
2155
15006
2153
15005
2152
15001
2148
15000
2147
14999
2146
14996
2143
14995
2142
14991
2138
14989
2136
14988
2135
14984
2131
14983
2130
14982
2129
14979
2126
2125
14975
2122
14974
2121
2119
14971
2118
14967
2114
14965
2112
2110
14961
2108
14958
2105
14953
2100
14950
2097
14949
2096
14946
2093
14945
2092
14943
2090
14939
2086
14935
2082
14930
2077
14926
2073
14919
2066
2064
14915
2062
14913
2060
14911
2058
14906
2053
14905
2052
14895
2042
2041
14893
2040
14889
2036
14888
2035
14884
2031
14883
2030
14882
2029
14881
2028
14878
2025
14877
2024
14873
2020
14872
2019
2018
14869
2016
14865
2012
2010
14858
2005
14854
2001
14845
1992
14844
1991
14841
1988
14838
1985
14837
1984
14802
1949
14801
1948
14796
1943
14795
1942
14794
1941
14792
1939
14789
1936
14784
1931
14783
1930
1929
14781
1928
14775
1922
14774
1921
14769
1916
14768
1915
14765
1912
14761
1908
14760
1907
14759
1906
14756
1903
14755
1902
1899
14747
1894
14746
1893
14743
1890
14742
1889
14739
1886
14735
1882
14734
1881
14733
1880
14730
1877
14728
1875
14727
1874
14724
1871
14704
1851
14699
1846
14693
1840
14692
1839
14691
1838
14682
1829
14679
1826
14678
1825
1824
14674
1821
14665
1812
14663
1810
14659
1806
1802
14651
1798
14650
1797
1796
14648
1795
1791
14643
1790
1786
14636
1783
14635
1782
1781
14630
1777
14629
1776
14625
1772
14622
1769
14621
1768
14620
1767
14619
1766
14616
1763
14615
1762
14612
1759
14611
1758
14607
1754
1745
14597
1744
14596
1743
14595
1742
14590
1737
1736
14588
1735
14586
1733
14580
1727
1716
14565
1712
1685
1684
1683
1681
1670
1667
14517
1664
1661
1659
1658
14510
1657
14499
1646
14498
1645
14497
1644
14496
1643
14495
1642
14492
1639
14491
1638
14490
1637
14488
1635
14486
1633
14480
1627
14478
1625
14476
1623
14475
1622
14474
1621
14473
1620
14469
1616
14466
1613
14465
1612
14460
1607
14459
1606
14426
1573
1570
14419
1566
14418
1565
14417
1564
14415
1562
14414
1561
14413
1560
14411
1558
14409
1556
1555
1530
14364
1511
14360
1507
14359
1506
14358
1505
1503
14355
1502
14354
1501
14348
1495
14347
1494
1487
14339
1486
14327
1474
14325
1472
1471
1467
14286
1433
14285
1432
14284
1431
14271
1418
14269
1416
14248
1395
14246
1393
14240
1387
14235
1382
14231
1378
1375
14225
1372
14219
1366
14215
1362
1361
1357
14197
14208
1355
14198
1345
1343
1339
1337
14189
1336
1335
14178
1325
14173
1320
1315
14150
1297
14149
1296
14148
1295
14105
1252
14104
1251
14060
1207
14047
1205
14055
1202
14023
1170
14021
1168
1156
14009
14020
1167
14018
1165
14006
14017
1164
13997
1144
13985
1132
1105
13958
1116
1114
1110
13941
13952
1099
13946
1093
13945
1092
13942
1089
13918
1065
13915
1062
1057
13907
1054
13899
1046
13898
1045
7340
13772
919
888
13741
7320
899
13731
878
7297
13729
876
7295
874
7290
13722
869
7226
805
7225
13657
804
7218
13650
797
7217
13649
796
7216
13648
795
7214
13646
793
7213
13645
792
13644
791
7211
13643
790
7210
13642
789
7209
13641
788
7207
13639
786
7204
13636
783
7195
13627
774
7192
13624
771
13613
760
7177
13609
756
7176
744
13597
13608
755
7101
13533
680
7083
13515
662
649
7068
13500
647
7067
646
7066
645
644
7051
13483
630
7039
13471
618
7037
13469
616
599
13452
610
7029
597
13450
608
13458
605
7023
602
7017
13449
596
7014
13446
593
7006
13438
585
7000
568
13421
13432
579
563
13416
13427
574
6991
13423
570
6990
13422
569
13417
564
6976
13408
555
6975
13407
554
6969
13401
548
6958
537
6953
532
6951
530
13375
522
6941
13373
520
13369
516
506
6925
504
13350
497
13339
486
13284
431
6838
13270
417
410
13262
409
6829
13261
408
13260
407
6827
13259
406
13258
405
13256
403
13254
401
6814
13246
393
391
6798
13230
377
6796
13228
375
6795
13227
374
6760
13192
339
6757
336
6751
13183
330
6741
13173
320
6735
13167
314
6715
13147
294
6709
13141
288
6702
13134
281
6618
13050
197
6617
13049
196
6529
12961
108
12960
107
6524
12945
12956
103
6429
12861
8
7108
676
13529
5544
15183
8762
2341
15087
2234
5417
18270
5428
18266
5413
11834
15487
2634
9055
15491
2649
2574
8995
1653
15213
2360
2349
15202
1604
2496
8917
18214
11793
18210
5357
5346
18199
9035
6722
13154
301
6692
13124
271
260
13113
6704
13136
283
268
6689
15658
2805
15688
2835
2809
15662
9241
14080
14091
1238
14061
1208
14050
17279
4426
10847
15002
2149
18175
5322
18164
2345
15828
2975
7318
13750
897
15425
2572
8993
2557
2546
15399
2400
2370
15212
15441
2588
9009
3868
15403
2550
15392
6610
13042
189
6580
13012
159
148
13001
6661
3428
3417
16270
5497
7127
13559
706
16020
3167
6961
540
6931
499
13352
6997
576
6967
13388
16632
3779
600
4869
6433
12
12854
16023
3170
1986
14839
14850
1997
16701
3848
7141
13573
720
1538
16367
3514
3503
16356
13153
5944
9147
5409
5439
5335
11756
9065
15822
2969
7748
14180
1327
4530
16238
3385
3374
16227
16268
3415
180
13033
16277
3424
15552
2699
15537
2684
9105
17943
5090
5075
11496
14421
1568
7989
4756
11207
4786
15725
9304
5050
11471
15521
2668
9089
16436
3583
10004
345
13198
6807
386
404
389
6810
2458
15270
14968
2115
6873
441
13294
16538
3685
15852
2999
6267
12688
15932
3079
14362
1509
17565
4712
2576
8997
15444
2591
7433
13865
1012
7403
971
13824
16181
3328
3317
16170
6576
144
12997
13008
155
5101
14766
1913
8334
364
6785
15060
2207
9353
9059
17023
4170
7388
13820
967
939
13792
15478
2625
5828
5819
14762
1909
8330
6766
6315
12736
15980
3127
16702
3849
7097
6237
12658
17440
1425
640
15599
2746
9167
5490
18343
2456
13616
763
7184
7199
13631
778
366
6787
4594
15808
2955
9376
6313
12734
15978
3125
13606
7185
13617
764
4577
15836
2983
9389
2419
2389
2378
15231
12001
5607
2393
15246
15257
2404
7237
13669
816
14944
2091
3282
6443
12875
22
11
12864
7312
13733
13744
891
4094
9119
15551
2698
9029
15450
1904
15563
2710
9131
13954
1101
9051
15483
2630
14653
1800
5978
12399
14062
1220
14427
1574
9263
2857
14131
1278
2421
8842
14955
2102
16549
3696
13346
493
15605
2752
9173
10770
17199
4346
10767
17214
4361
16156
3303
16126
3273
3262
16115
6521
12942
12953
100
12912
13971
1118
7539
16825
3972
7190
13622
769
16792
3939
10360
13589
736
7157
15437
2584
9005
7441
13873
1020
14640
1787
8208
5005
15744
2891
9312
2936
9073
9101
13892
7578
13999
14029
1187
6898
13330
477
17716
4874
11295
1686
14855
2002
5100
15654
2801
9207
6004
6786
13233
380
6753
321
13174
13215
362
15678
2825
9231
6028
15633
2780
9201
5983
12404
4807
11228
15807
2954
1348
4551
4661
11082
4628
15950
3097
6285
12706
3801
10222
7028
15186
2333
6273
12694
15938
3085
14368
1515
7921
14288
6270
12691
14365
1512
16515
3662
3651
16504
16545
3692
1641
14483
8077
1671
6420
12841
16085
3232
7961
14393
1540
1529
14382
4876
17718
11297
4891
8109
1688
15305
2452
8903
15324
15335
2482
7285
13717
864
16890
4037
6560
12992
139
6530
98
12951
12058
15276
2434
8855
12043
6236
12657
15901
3048
2287
4991
4980
17833
11427
1655
4843
11264
2522
15375
2533
14966
2113
5301
11722
14936
2083
14925
6871
13292
15225
2372
8793
2361
15214
2391
15244
15255
2402
7262
13694
841
4808
11229
15315
2462
12044
15249
2396
15238
16019
3166
3155
16008
13814
961
7382
2525
2514
15367
6685
13117
264
6670
16320
3467
9097
15529
2676
4589
11010
4574
10995
15457
2604
9025
13893
1040
14962
2109
16466
3613
3602
16455
16496
3643
2116
9369
2948
6109
12530
15774
2921
8178
14610
1757
16477
3624
10045
14836
324
15956
3103
6264
12685
15797
2944
12075
15319
2466
15084
2231
15791
2938
2927
15780
14687
1834
15439
2586
9007
2601
17089
4236
4225
17078
10657
17074
4221
6717
13149
296
6708
13140
287
16343
3490
6854
13286
433
16489
3636
6869
13301
448
15896
3043
6204
12625
15869
3016
7518
13950
1097
17067
17144
4291
4234
2646
9067
15514
2661
1071
13924
13935
1082
13875
1022
7443
1679
6446
25
6416
12837
6052
15702
2849
7682
14114
1261
17302
4449
10870
1977
1966
14819
8428
14860
2007
14870
2017
5205
11626
12988
135
6526
12947
4544
13367
514
6935
14931
2078
2067
14920
941
16922
4069
7317
13749
896
14750
1897
8285
8300
14721
14732
1879
5067
11488
15527
2674
9095
9361
15793
2940
13129
276
6697
16347
3494
13911
1058
1028
7449
13870
13938
1085
13923
1070
7491
7512
13944
1091
17147
4294
15855
3002
9423
6229
8626
5393
641
3829
10250
15861
3008
9429
15846
2993
15835
15489
2636
9057
15504
2651
14737
1884
5012
254
6675
15534
2681
9069
6972
13404
551
6957
14664
1811
15528
2675
15513
2660
9081
15495
2642
9063
17077
4224
10645
13889
1036
8299
14731
1878
17925
5072
14722
1869
4660
4284
10705
1096
5914
2696
9117
5036
1863
5066
14778
1925
5068
11489
6805
13237
384
6775
13207
354
343
13196
3471
16324
6730
13162
309
3512
14804
1951
5142
13978
13989
1136
7557
6803
13235
382
349
6770
5961
17205
4352
13966
1113
10707
17139
4286
17128
13957
1104
1074
1063
13916
15590
2737
15575
2722
9143
13223
370
4557
15110
2257
16674
3821
10242
3806
14575
1722
14564
14605
1752
16259
3406
6567
12999
146
6597
165
13018
13029
176
14656
1803
4920
17773
2288
2353
14385
1532
10759
17191
4338
17161
4308
4297
17150
2439
15266
8845
2362
15215
8057
14489
1636
4824
11245
2364
7200
13632
779
3982
15227
2374
2344
7132
700
13553
7201
13633
780
3968
10389
16794
3941
10362
15746
2893
5840
15475
2622
9043
1038
13891
1049
6616
13048
195
6586
154
13007
7171
750
3938
10359
7156
2738
9159
5956
15624
2771
15609
2756
9177
6200
15820
2967
2956
15809
11732
2123
15003
2150
16369
3516
5030
17883
14706
1853
14695
8274
3510
13145
292
6713
2662
9083
4226
17068
5071
11492
5053
11474
1865
16217
3364
6552
131
120
12973
6582
150
13003
13014
161
15788
2935
13058
205
6626
13055
202
6593
172
16044
3191
16224
3371
6589
157
13010
13021
168
6598
166
13019
13030
177
4171
6440
19
6410
12831
2774
9195
5977
12398
2796
15649
15660
2807
2792
9213
16535
3682
14941
2088
5261
5250
18103
15738
2885
9261
15708
2855
9243
17013
4160
7378
13810
957
2486
15339
6535
114
6565
6601
4986
16231
3378
6566
12998
145
134
12987
6596
164
13017
13028
175
6683
13115
262
3454
16307
3465
6527
12948
12959
106
16162
3309
6497
12918
16959
4106
7309
2443
15285
7288
867
4040
15918
3065
2933
13972
1119
4281
17134
7566
16174
3321
6539
118
6548
127
6518
97
86
12939
8347
14779
1926
16310
3457
16299
16340
3487
7501
17151
4298
2665
2564
15417
15458
2605
2590
9011
5808
5283
8516
5273
5262
18115
2145
1326
17352
4499
17367
4514
10935
4529
15235
2382
15224
6387
12808
16052
3199
10363
15165
2312
2301
15154
648
13501
16745
3892
6283
12704
15948
3095
14378
1525
4728
16789
3936
10357
748
5489
18342
14443
1590
4812
11233
4860
6424
12845
3236
9257
15704
2851
6024
12445
17224
4371
10822
4401
14051
1198
2623
5817
15966
3113
6301
12722
14369
1516
12677
6218
15826
2973
9394
7180
759
15209
2356
15345
2492
5653
12074
7316
895
15996
3143
6331
12752
7967
1535
14388
1546
4749
3850
7143
13575
722
3925
14805
1952
11561
8340
5107
674
13527
5509
11930
18336
15174
2321
4800
4789
17642
4830
4815
11236
15379
2526
929
6559
12991
138
16194
3341
14887
2075
16582
3729
6947
13379
526
14803
1950
17901
5048
16900
4047
2384
15226
6376
12797
14471
1618
15191
13671
818
11284
1675
6460
12881
15325
2472
8893
7293
13725
872
7263
13684
5666
12087
8899
15331
2478
6547
126
12949
96
6517
12938
9115
7533
1112
5921
7536
13968
1115
7521
2739
9145
7545
13977
1124
7530
2706
9127
9247
15694
2841
14106
1253
17309
4456
14799
1946
17100
4247
9199
5981
12402
2811
9217
15676
2823
15661
2808
9229
15643
2790
9211
11283
4895
8113
14545
1692
6546
125
16172
3319
6537
116
14184
1331
17357
4504
14229
1376
15421
2568
8989
5786
16295
3442
9161
7560
17210
4357
13995
1142
7563
16513
3660
10081
16546
3693
6920
6938
13370
517
5308
15816
2963
2981
3697
16517
3664
10085
16532
3679
14129
1276
1228
14070
14147
1294
16138
3285
6473
12894
12900
6479
7315
13736
13747
894
16950
4097
14449
1596
6672
251
13252
399
6811
390
16361
3508
16289
3436
6627
13059
206
16262
3409
16298
3445
16237
3384
6677
13109
256
16312
3459
16292
3439
6600
13032
179
6674
253
6614
13046
193
6584
13016
163
152
13005
5967
12388
15617
2764
9185
17271
4418
16382
3529
6747
326
17119
4266
5866
12287
16366
3513
6716
17963
5110
16332
3479
5076
6673
6808
387
6799
13231
378
16434
3581
16744
11953
8075
15038
2185
8606
14993
2140
15048
2195
8616
2228
13485
632
16658
3805
17095
4242
17084
13922
1069
16694
3841
3856
10277
7089
13521
668
7440
7425
13857
1004
993
13846
2616
9037
15611
2758
9179
15600
9209
15641
2788
12397
6878
13310
457
16483
3630
18035
5182
5747
15397
2544
2476
15329
15407
2580
9001
15451
2598
9019
15466
2613
5046
5031
11452
14696
1843
6919
13351
498
15419
2566
8987
15408
9017
2596
2418
8839
2407
15260
15301
2448
5673
15312
15323
2470
6533
12954
112
8097
15924
3071
3060
15913
15954
3101
5663
15302
15313
2460
15256
15250
2397
2386
15239
15280
2427
13746
893
16919
4066
16908
15343
2490
5675
5642
12063
15307
2454
15986
3133
1572
12033
3246
16099
6550
12982
129
12941
6484
12905
14570
1717
4941
1738
16206
3353
15415
2562
17269
4416
4836
4821
11242
6430
12862
9
12821
14429
1576
18023
5170
14820
1967
16848
6532
111
6466
12887
16131
3278
4584
15819
2966
5019
17872
14710
1857
7364
943
8116
14563
1710
16187
3334
6522
12943
16202
3349
6501
12922
16166
3313
6531
12952
110
128
16184
3331
6302
15952
3099
14298
1445
1434
14287
14328
1475
7247
13679
826
5584
12005
15219
2366
15208
14549
1696
8117
12985
132
16188
3335
6523
12955
102
12944
6568
13000
147
8715
5512
15162
2309
7151
730
7069
13490
7099
13531
678
13567
714
684
13526
15976
3123
6311
12732
12684
15928
3075
4699
14308
2311
8732
7183
13615
762
10344
13955
1102
9165
15597
2744
8395
14827
1974
5177
6525
6540
12972
119
6558
12990
137
14785
1932
8353
14818
1965
14093
1240
13618
765
5479
18332
15159
2317
15912
3059
3089
6277
12698
14381
1528
4690
17543
7182
761
16802
3949
10370
15200
2358
11967
6543
12975
122
16178
3325
6510
6495
12916
6544
12976
123
7341
920
16976
4123
16901
4048
7296
875
6545
124
6515
12936
15288
15318
15798
2934
2923
15776
9370
5265
2047
8468
14885
2032
14874
13327
474
16530
3677
14088
1235
7656
6026
12447
6904
13325
13336
483
3686
14157
1304
6952
13384
531
6868
13300
447
6881
460
13298
445
6866
2247
15100
694
7115
16750
3897
10318
16765
3912
17592
4739
14389
1536
14374
1521
7942
15112
2259
15101
8710
2289
5111
16358
3505
6886
13318
465
16521
3668
14849
1996
15413
2560
2626
5083
14763
1910
5113
14808
1955
8361
2437
15279
13682
4555
1900
8321
13956
1103
7524
8306
6992
3866
13591
738
10347
12768
6347
6332
12753
12735
6329
12745
7313
13745
892
16948
4095
7193
13625
772
6327
12748
15962
3109
15951
15992
3139
4061
4050
16903
15372
2530
12974
121
6542
6557
12989
136
16192
3339
6965
13397
544
6944
13365
6974
13395
13406
553
7294
13726
873
16899
4046
140
12993
151
12927
6536
12957
115
14407
1554
15993
16004
3151
4748
7966
14398
1545
5077
14712
1859
8280
6707
13139
286
4979
14638
1785
8191
17841
4988
6609
13041
188
6579
13011
158
13026
173
6594
4782
4767
11188
14432
1579
6379
6364
12785
14441
1588
14437
1584
1373
14181
1328
17354
4501
6858
16508
3655
396
6802
16395
3542
16384
6763
331
13184
13195
342
6748
14810
1957
5160
6855
6870
13302
449
16505
3652
1987
14840
6888
13320
467
13245
392
5523
8711
2279
15132
5493
15149
2296
8717
5484
5473
18326
7153
13585
732
16773
3920
10341
1437
14290
4681
15964
3111
15934
3081
15923
6272
12693
6287
1514
14352
1499
7920
5879
12300
17102
4249
7509
14431
1578
17358
4505
13983
1130
7551
1553
15970
3117
9538
15902
7554
14344
1491
14333
12733
6312
16700
3847
10268
3832
2283
5411
2238
14227
1374
14216
14257
1404
15857
3004
9425
17364
4511
14161
1308
1575
16025
3172
6375
4736
11157
14401
1548
6333
12754
15998
3145
14442
1589
24
6445
16095
3242
7076
16711
3858
10279
7091
13512
13523
670
625
13478
13489
636
13474
621
7042
15104
2251
5424
13472
619
7040
3807
7046
16666
3813
10234
4684
1481
17471
4618
4607
17460
7851
12654
3842
10263
7045
624
13466
7075
654
4776
14435
1582
4755
12925
6534
113
6570
13002
149
7542
4324
10745
5948
12369
15589
2736
9157
17373
4520
9311
15758
2905
6123
6108
12529
6090
12511
14011
14022
1169
7575
9205
2784
6569
4939
5432
14363
1510
4743
6334
12755
11158
14402
1549
6606
13038
185
15365
2512
16998
4145
7333
13754
14098
1245
6417
12838
6450
8047
4829
11250
6232
12653
6380
12801
6353
12774
4723
14403
1550
1595
4798
6413
12834
6377
12798
14107
1254
10848
17280
4427
7660
14077
1224
14066
14119
1266
7687
17337
4484
14108
1255
4417
17270
17311
4458
6350
12771
16000
3147
9568
7947
14379
1526
4729
14445
1592
4795
17103
4250
4239
17092
5913
14282
1429
4925
14584
1731
5436
2275
8696
5672
5055
16267
5088
15799
2946
4609
7827
14259
1406
6206
6934
13366
513
4896
5604
14142
1289
17345
4492
15784
2931
6850
13282
429
5333
15013
2160
14992
2139
14981
5116
358
6779
13280
427
13278
425
14875
2022
13683
830
14276
1423
1412
14265
4626
4615
17468
1662
14515
1462
14315
14392
1539
4742
14262
4623
4612
17465
4680
14330
1477
2188
15041
15618
2765
9171
6607
13039
186
6577
156
16242
3389
15023
7035
13467
614
7005
13426
3802
10223
16640
3787
16629
2502
15344
14295
17509
4656
4645
17498
14336
1483
1519
14357
1504
7925
4738
14238
1385
6381
12802
16046
3193
16073
3220
6408
12829
6222
12643
15887
3034
9440
1464
12807
6041
12462
2853
15691
2838
9259
5755
12176
15390
2537
5576
11997
5757
12178
17646
11225
6419
12840
1628
8049
8230
15177
2324
2313
15166
2354
12876
23
6414
12835
4785
11206
17627
6390
12811
1632
4820
11241
6422
12843
16087
3234
12846
14454
1601
14487
1634
8055
1649
10342
12659
6239
12660
15904
3051
7084
13516
663
13475
16704
3851
10272
8365
1944
6210
12631
6266
12687
14361
1508
14242
1389
11028
14272
1419
6213
12634
15863
3010
9431
1330
17356
4503
14185
1332
6418
12839
16083
3230
14182
1329
17355
4502
17370
4517
10938
5251
18104
5295
11716
12656
12790
16034
3181
5279
2106
4837
5112
12179
15423
2570
5756
12177
2538
15380
5581
12002
5566
6356
12777
12817
16061
3208
6426
12858
5
14455
1602
6271
12692
15936
3083
14366
1513
7047
626
2791
15674
2821
9227
7036
615
13879
1026
13868
7339
13760
6761
13193
340
16396
3543
6981
13402
13413
560
5496
5485
18338
5562
15182
2329
15171
4639
4573
14253
1400
11254
4833
7342
921
16977
4124
4665
17688
7206
13638
785
2377
15230
5327
16583
3730
6442
10
12863
12874
21
16077
3224
6412
12833
16080
3227
6415
12836
16065
3212
9633
6428
12849
12860
7
3210
6403
12824
1629
4847
11268
14422
1569
4757
11178
6133
2889
15742
15612
2759
14424
1571
6629
13061
208
6599
13031
178
167
13020
15567
2714
9135
15582
2729
2693
2663
15505
15531
2678
9099
5896
16927
4074
2218
2245
18331
5478
15517
2664
9085
15766
2913
6110
12531
2892
2881
15734
2907
9328
17132
4279
15103
2250
2239
15092
18211
5358
8585
15017
2164
6628
13060
207
13045
192
6613
16263
3410
7011
13443
590
13473
620
2915
15768
15511
2658
9079
2647
15500
13947
1094
7515
7044
612
13465
13053
200
6591
13023
170
16283
3430
6432
12853
6402
12823
1651
1640
14493
6541
6409
12830
6439
18
13047
194
6585
153
13006
13973
1120
17146
4293
4282
17135
6595
174
13057
204
643
16669
3816
3831
10252
1379
14463
1610
1599
14452
4611
4596
11017
1408
6175
12596
15840
2987
14160
1307
4469
17322
16548
3695
6883
13304
4929
11350
14594
1741
2222
8161
1755
4943
11364
7394
973
14220
1367
6158
6879
6909
13341
488
7435
13867
1014
5281
7762
14209
1356
4559
15824
15865
3012
2285
15108
2255
2244
15097
3852
10273
664
7085
6431
12852
12822
3213
4801
8004
14909
2056
14912
2059
6405
12826
16070
3217
6435
12867
14
5553
18395
8786
2380
7404
983
7402
981
13920
1067
7473
17093
4240
17284
4431
14852
1999
5209
14859
2006
4637
7368
13800
947
13789
7398
13830
977
5106
1079
16534
3681
16493
16093
3240
16342
3489
16331
14811
1958
5004
11440
14177
1324
4527
14186
1333
9249
15681
2828
6016
12437
14318
1465
14307
14384
1531
14395
1542
6619
13051
198
7548
2702
9123
2717
6573
141
12994
16208
3355
16197
6574
142
12995
11742
5321
5306
11727
8524
12678
15922
3069
15630
2777
15615
2762
9183
5696
3387
6605
13037
184
6575
143
12996
5011
14661
1808
3996
1364
4567
14410
1557
14380
1527
14446
1593
4005
16847
7253
13685
832
1517
17562
4720
13459
606
7027
16653
3800
10221
4073
900
6205
1414
12743
16142
3289
14518
1665
4853
11274
4868
16097
3244
862
7283
5686
7008
13440
587
6993
6326
12747
6344
12765
6359
15988
3135
12744
7034
4802
2
6393
12814
16058
3205
14430
1577
1600
4788
11209
15984
3131
1543
5208
14822
1969
1968
16818
3965
10386
16833
3980
7198
13630
777
1043
1321
6671
250
6656
265
16788
3935
10356
4697
1458
4631
4696
14305
14346
1493
2718
9139
5936
6317
12738
15982
3129
14438
1585
1563
14434
1581
6681
13087
6666
16316
3463
6665
6678
16328
3475
1586
6660
14450
1597
1591
11200
6778
6793
13225
372
6590
169
6620
13052
199
6979
13411
558
6964
3731
7024
603
3765
16618
14809
1956
14812
1959
1961
14880
2027
14274
1421
17162
4309
10730
7527
2712
9133
5930
2716
15569
15580
2727
14376
1523
14400
1547
9265
15682
2829
15671
15712
2859
14387
1534
1518
7939
14386
1533
1537
14394
1541
14412
1559
14405
1552
7681
898
3828
3903
7121
9395
6192
15842
2989
1392
4595
13462
609
7030
16680
3827
7015
13447
594
13436
7081
13513
660
3833
15105
2293
8699
7271
839
13692
14813
1960
8381
1975
7640
1193
14046
14087
1234
6551
12983
130
16150
3297
6485
12906
6554
12986
133
2464
2632
9053
5850
6602
181
7161
740
16796
3943
13578
725
7146
13571
718
6472
12893
6502
81
6454
6469
15384
15395
2542
5745
13551
698
6457
3254
7260
7345
7360
8906
5688
12109
15353
2500
9153
15585
2732
15881
3028
15870
6261
7173
13605
752
16793
3940
10361
7348
13780
927
15610
2757
7264
13696
843
6611
13043
190
16205
6864
5402
11823
15037
2184
15026
17300
4447
10868
14112
1259
1218
14071
14089
1236
17277
4424
10845
14116
1263
6455
5934
15558
9137
14158
1305
14139
1286
17312
4459
13768
682
7103
6764
13718
865
7256
824
13677
15321
2468
15310
2498
14241
1388
1358
1347
14200
5266
11672
14547
1694
4897
6476
6461
12882
7012
13444
591
7048
13480
627
17336
4483
14133
1280
7686
11925
7357
7372
13804
951
7377
7392
5336
14986
2133
13934
1081
5255
11676
15453
2600
9021
15468
2615
5818
7439
1018
5800
9003
14166
1313
15509
2656
9077
5874
15524
2671
5957
12378
9175
6727
13159
306
12379
6103
12524
1318
7241
13673
820
12869
16113
3260
7258
837
7356
935
7163
13595
742
16213
3360
6578
18208
15031
2178
8599
8149
3368
6587
6588
16269
3416
16258
6581
13013
160
6538
117
16132
16218
3365
6583
13015
162
3854
10275
7087
666
4974
5368
16196
3343
6561
6562
16198
3345
6563
4903
4892
17745
16160
1989
14842
6890
13322
469
5416
3792
16634
5032
17455
6592
171
16230
3377
6856
13288
435
10059
16491
3638
16501
3648
5245
6045
6884
13316
463
15291
2438
14914
2061
14899
2046
8467
14102
1249
6259
12680
14309
1456
4629
5181
14861
2008
14191
1338
13994
1141
13987
1134
7227
13659
806
7148
13580
727
5459
10343
7155
734
16781
3928
1107
13919
13996
1143
15561
2708
9129
15576
2723
13979
1126
13991
1138
13812
959
7374
953
13808
955
5017
11438
17859
7412
13833
13844
991
7406
985
7400
979
7905
7386
13818
965
15406
2553
5982
12403
4640
7002
13434
581
7215
13647
794
2548
14603
1750
4867
17720
14561
1708
4881
17723
16158
3305
13739
886
2408
5611
16480
3627
16469
1349
2299
5502
5472
7123
13555
702
6968
547
13389
16633
3780
11765
5356
18198
15036
2183
14373
1520
1479
14332
16006
3153
13150
297
2925
4522
6758
13190
337
6740
6755
13187
334
5059
14924
2071
5259
11680
14951
2098
6862
16482
3629
16471
3746
16599
8614
5420
7266
13698
845
2376
15218
7221
13653
800
4003
16826
3973
7167
13599
746
7137
716
13558
7274
13706
853
15262
2450
13394
541
8761
4616
14296
1443
2387
5575
11996
7229
13661
808
5577
11998
15946
3093
14322
1469
4657
11078
9445
15877
3024
14280
1427
7302
13734
881
7178
13610
757
15337
2484
7308
13740
887
7303
13735
882
3937
10358
7140
708
13561
13620
767
12602
15873
3020
3739
2175
8596
5397
8591
11767
14626
1773
8194
14641
1788
10967
13405
552
16578
3725
16567
7018
15014
2161
8582
16002
3149
6310
12731
7223
802
8425
5406
18259
15082
2229
8650
7098
7113
692
7306
13738
885
14377
1524
6309
12730
15974
3121
7305
13737
884
14375
1522
6307
12728
15972
3119
14097
1244
5589
7219
13651
798
14740
1887
8308
5081
11502
1111
17122
4269
17081
2398
13654
801
16027
3174
6335
12756
6308
12729
8609
7010
13442
589
16615
3762
15051
2198
8619
7257
836
13678
7287
13719
866
2069
14856
2003
14886
2033
6404
12825
7131
13563
710
16757
3904
2241
2270
13565
712
2243
15085
6349
12770
9579
6361
12782
16026
3173
14440
1587
16010
3157
6345
12766
7187
13619
766
6318
12739
13666
7311
890
14143
1290
14099
1246
17272
4419
17261
14144
1291
14576
1723
4599
14249
1396
15361
2508
14957
2104
8525
5337
14866
2013
5174
11595
2687
9093
13961
1108
4691
7428
6933
304
16360
3507
397
6330
12751
6348
12769
16040
3187
5049
1855
15357
2504
15434
2581
7423
13855
1002
5598
12019
16111
3258
16673
3820
5429
11850
2305
6145
16127
3274
12405
14068
14079
1226
6116
12537
7191
13623
770
2367
15990
3137
6325
12746
14420
1567
16017
3164
7149
17126
4273
12527
6105
12526
2917
14559
1706
14207
11795
5563
5554
8763
11966
16837
3984
5830
15465
2612
9033
14771
1918
6742
16377
3524
9273
15720
2867
1270
17156
4303
6694
273
258
6679
16288
9942
16374
3521
6739
13171
318
3567
6815
13247
394
14044
1191
17234
4381
10802
14016
1163
14005
6773
13205
352
13208
355
16351
3498
7477
5859
14141
1288
14770
1917
8338
6789
13221
368
16424
3571
7355
7370
13802
949
945
7351
7384
13816
963
14613
1760
14618
1765
2038
6168
12589
15794
2941
14263
1410
1383
4571
10992
4560
10981
7410
13842
989
7408
13840
987
16101
3248
4845
14065
1212
14024
14101
1248
15683
2830
9251
15698
2845
9233
4409
10830
1122
10731
15539
2686
9107
13970
1117
4305
10726
5887
13904
1051
6754
13186
333
13213
360
15692
2839
9245
14086
1233
4421
10842
2682
13340
487
16543
3690
15519
2666
13742
889
16133
3280
15496
2643
2628
9049
1064
14714
1861
15844
2991
15714
2861
9267
14135
1282
9285
15732
2879
17339
4486
14338
1485
7906
12697
15968
3115
1203
15587
2734
9155
12409
9221
15653
2800
5121
14846
1993
5277
14927
2074
15033
2180
2518
15190
2337
5572
10060
2298
5115
7129
681
14125
1272
15722
2869
14698
1845
15908
3055
8283
6719
13151
298
14748
1895
16526
3673
14657
1804
7781
14213
1360
14195
1342
7346
925
14137
1284
9302
14937
2084
5302
6932
13364
511
16552
3699
15010
2157
17310
4457
10878
16760
3907
7125
13557
704
14720
1867
8228
4995
11461
14705
1852
2281
14786
1933
6752
16387
3534
14790
1937
15040
2187
14896
2043
2819
15657
2804
9225
12401
14075
1222
5151
17993
16500
3647
17285
4432
15670
2817
9223
17252
4399
10820
15497
15508
2655
9061
2847
15685
2832
9253
9271
15718
2865
14083
1230
1189
14042
2863
13943
1090
4899
14624
1771
14627
1774
10801
15044
2191
13255
402
14100
1247
15667
2814
9235
6032
17297
4444
14094
1241
17288
4435
14897
2044
4230
5223
11644
2877
5241
11662
14933
2080
14701
1848
4641
1447
14255
1402
4590
11011
14652
1799
14980
2127
15906
3053
14744
1891
16338
3485
6304
12725
1690
7352
931
16978
4125
13543
690
5987
12408
8073
2494
16144
3291
13549
696
15940
3087
16028
3175
16148
3295
8119
14551
1698
16146
3293
16275
3422
15859
3006
3740
2209
16379
3526
1460
15910
3057
4651
14059
1206
10815
5994
12415
2833
2897
9315
15762
2909
5821
1030
15462
2609
9015
15477
2624
9045
15492
2639
6733
13165
312
9091
9109
15556
2703
4856
11277
1668
4859
6072
12493
15764
2911
14140
1287
17328
4475
10896
15752
2899
17283
4430
9181
4686
11107
15550
2697
9125
15557
2704
12888
11291
17996
5143
15635
2782
9203
12406
16105
3252
4816
11237
3525
5975
12396
9193
14019
1166
7572
15601
2748
9169
13928
1075
15761
15772
2919
7950
14397
1544
15994
3141
11111
5935
12356
14036
1183
1980
14684
14725
1872
6663
6687
13119
266
3469
7390
13822
969
15369
5760
2506
7280
13712
859
6411
12832
16103
3250
4832
4799
11220
15333
2480
2607
9013
16723
3870
15926
3073
3761
5435
11856
933
2264
15914
3061
2172
6984
16619
3766
16301
3448
13621
768
16012
3159
6001
5986
12407
15696
2843
16057
3204
14433
1580
4783
15385
7421
1000
17056
4203
16109
3256
13168
315
13415
562
1398
15848
2995
12303
14807
1954
13201
348
16404
3551
16865
4012
7276
13708
855
2303
14573
1720
6478
12899
1702
8108
15930
3077
13539
686
14302
1449
15899
3046
13877
1024
4887
7284
13716
863
822
13675
12105
4842
11263
16287
3434
5028
13851
998
7419
16314
3461
7278
13710
857
11218
16551
3698
13414
561
16617
3764
6738
13170
317
16373
3520
7231
13663
810
16054
3201
6007
1216
6749
13181
328
16375
3522
13981
1128
15545
2692
9113
6767
13199
346
5256
11677
7358
937
15387
2534
6449
12870
14689
1836
1551
7224
13656
803
16053
3200
6427
6
16047
3194
7179
6082
12503
7208
13640
787
5498
15960
3107
9121
15583
2730
9151
7569
14034
1181
14816
1963
5945
2325
13931
1078
6699
278
16334
3481
15471
2618
9039
16336
3483
9041
688
14599
1746
14204
1351
14601
1748
6260
12681
4415
17257
7338
13770
917
15803
2950
14206
1353
6844
13276
423
7235
13667
814
14934
2081
7272
851
6436
12868
15
6421
4791
11212
2871
14127
1274
6892
13324
471
16518
3665
14567
1714
16152
3299
15327
2474
15286
2510
16154
3301
6489
12910
6519
5964
12385
2770
9191
12026
7268
13700
847
16091
3238
1150
14030
1177
9187
1310
6916
13348
495
2901
7233
13665
812
1179
9149
3557
14028
1175
5979
12400
15629
2776
9197
14026
1173
3614
14223
1370
14199
1346
4549
16612
3759
14221
1368
15341
2488
14848
1995
16511
3658
9237
13491
638
7095
13885
1032
1441
15885
3032
15088
2235
15838
2985
15573
2720
9141
4732
7093
672
16698
3845
15726
2873
6912
13344
491
16547
3694
1303
14826
1973
17988
2368
18248
5154
1704
14067
1214
16048
3195
15621
2768
9189
14048
1195
17251
4398
14063
1210
5475
18317
7255
834
6368
12789
12816
5304
14907
2054
2331
2394
15903
3050
15892
4999
16304
3451
14304
1451
7857
2266
13993
1140
14835
1982
14038
1185
6298
12719
6316
12737
13900
1047
2641
7417
13849
996
7396
13828
975
5733
12154
7768
14233
1380
3264
5249
7073
652
7270
13702
849
5645
7414
2524
14500
1647
14553
1700
15045
2192
5893
15876
3023
9444
14947
2094
7249
828
2425
2335
7329
7165
923
15756
2903
2216
1359
7765
7427
13859
1006
16273
3420
6608
13040
187
16279
3426
14685
1832
14084
1231
14292
1439
12277
7079
13511
658
7429
13861
1008
16285
3432
1041
14270
1417
15867
3014
14683
1830
7431
13863
1010
15042
2189
10956
7220
799
13637
784
3987
16330
3477
15057
2204
7437
13869
1016
7243
16030
3177
6117
12538
4553
6102
12523
7077
656
13143
290
16346
3493
5240
16123
3270
1489
6667
16326
3473
16121
3268
6328
12749
