30814
30810
30809
30807
30788
30786
30781
30770
30761
30751
30726
30709
30700
30694
30689
30687
30657
30656
30638
30626
30625
30621
30613
30609
30600
30574
30571
30565
30561
30547
30535
30533
30516
30511
30493
30491
30467
30452
30425
30423
30413
30406
30392
30390
30378
30375
30372
30371
30367
30360
30357
30338
30334
30283
30281
30280
30278
30263
30243
30235
30233
30231
30228
30223
30220
30214
30213
30209
30170
30155
30145
30141
30132
30125
30120
30101
30097
30096
30093
30092
30086
30085
30083
30080
30069
30068
30064
30063
30057
30050
30049
30047
30045
30043
30042
30040
30032
30028
30020
30015
30013
30012
29995
29973
29959
29945
29938
29935
29934
29914
29898
29893
29891
29890
29886
29884
29881
29878
29875
29871
29869
29868
29867
29859
29850
29844
29841
29840
29834
29833
29829
29826
29815
29770
29762
29757
29752
29737
29714
29713
29670
29582
29573
29572
29550
29545
29544
29542
29540
29518
29485
29459
29454
29437
29434
29403
29398
29391
29389
29388
29382
29377
29368
29365
29360
29325
29319
29313
29311
29306
29295
29286
29277
29261
29235
29228
29226
29225
29221
29204
29203
29198
29197
29179
29114
29110
29096
29095
29076
29053
29048
29042
29040
29004
29002
28988
28960
28930
28920
28910
28902
28885
28883
28836
28828
28802
28798
28794
28791
28783
28760
28699
28692
28659
28648
28636
28609
28602
28593
28544
28488
28474
28461
28451
28441
28439
28428
28416
28393
28387
28379
28375
28325
28193
28184
28177
28163
28153
28152
28151
28148
28146
28145
28144
28143
28114
28065
28061
28045
28031
28023
28013
27987
27986
27954
27936
27927
27926
27925
27897
27869
27868
27857
27855
27854
27836
27830
27827
27826
27825
27814
27813
27812
27811
2091
27808
27801
2073
27790
27780
2053
27770
2052
27769
2017
27734
27727
27725
1991
27708
27684
1919
27636
1916
27633
27632
1912
27629
27626
1898
27615
27612
1879
27596
27578
1797
27514
1780
27497
1755
27472
27448
27418
1690
27407
27406
1682
27399
27395
1661
27378
1639
27356
1625
27342
1623
27340
1611
27328
1606
27323
1528
27245
1461
27178
27152
27144
1425
27142
1424
27141
1422
27139
27120
1358
27075
27071
1341
27058
27045
27033
27032
27024
27023
27022
26955
26953
26949
26944
26936
1218
26935
1209
26926
1208
26925
1205
26922
1201
26918
26913
26912
1192
26909
26908
1180
26897
26878
1158
26875
1148
26865
26863
1139
26856
26855
26847
26844
26841
26839
26838
1114
26831
26829
1105
26822
1097
26814
1089
26806
26737
26733
26728
1003
26720
979
26696
26693
973
26690
26684
965
26682
26678
952
26669
26654
26641
26639
903
26620
873
26590
872
26589
868
26585
867
26584
26583
864
26581
863
26580
858
26575
855
26572
854
26571
845
26562
26556
828
26545
826
26543
26520
802
26519
800
26517
794
26511
792
26509
769
26486
26485
764
26481
760
26477
697
26414
26409
683
26400
671
26388
638
26355
26337
26328
603
26320
26312
588
26305
26302
26293
568
26285
552
26269
536
26253
26211
26209
26203
26202
26182
436
26153
414
26131
26119
399
26116
26110
26109
391
26108
26106
26098
379
26096
378
26095
26083
26080
361
26078
360
26077
26075
283
26000
280
25997
262
25979
261
25978
25959
25950
231
25948
206
25923
175
25892
173
25890
167
25884
158
25875
131
25848
25799
13
25730
3
25720
25701
25698
25697
25695
25659
25649
25647
25640
25631
25628
25621
25620
25616
25615
25614
25611
25608
25603
25596
25595
25571
25568
25558
25556
25552
25542
25529
25526
25522
25520
25519
25518
25513
25510
25509
25507
25506
25504
25502
25501
25500
25496
25492
25490
25480
25479
25478
25477
25476
25460
25454
25452
25451
25450
25449
25446
25445
25444
25411
25405
25404
25403
25392
25386
25382
25380
25360
25357
25343
25321
25316
25304
25302
25291
25290
25287
25276
25275
25266
25264
25261
25256
25255
25247
25238
25235
25231
25229
25227
25213
25212
25211
25208
25196
25194
25193
25187
25176
25165
25157
25155
25154
25148
25145
25144
25119
25114
25113
25109
25105
25103
25101
25098
25097
25095
25092
25091
25090
25089
25084
25070
25067
25066
25064
25062
25036
25034
25031
25030
25026
25022
25021
25018
25010
24991
24988
24977
24953
24950
24947
24945
24937
24906
24902
24899
24888
24887
24885
24884
24883
24882
24881
24877
24876
24861
24860
24855
24854
24852
24847
24846
24845
24837
24834
24830
24829
24828
24821
24817
24813
24798
24796
24776
24769
24754
24736
24729
24724
24701
24693
24682
24654
24652
24649
24643
24628
24621
24618
24613
24607
24590
24548
24544
24514
24512
24499
24477
24465
24448
24447
24439
24438
24426
24425
24416
24414
24403
24386
24377
24375
24372
24362
24353
24341
24332
24280
24256
24240
24237
24226
24224
24222
24218
24207
24201
24198
24172
24164
24157
24100
24094
24058
24055
24054
24020
23977
23933
23932
23918
23857
23760
23748
23747
23721
23719
23717
23704
23693
23687
23678
23673
23664
23653
23646
23645
23644
23638
23629
23628
23626
23625
23624
23623
23622
23621
23620
23619
23607
23602
23595
23591
23583
23582
23562
23561
23557
23553
23546
23545
23542
23539
23535
23530
23528
23523
23517
23516
23510
23508
23507
23501
23499
23497
23489
23488
23481
23480
23479
23476
23475
23474
23472
23471
23470
23467
23465
23464
23463
23462
23457
23455
23451
23450
23449
23448
23447
23446
23445
23438
23432
23425
23420
23419
23415
23414
23412
23403
23400
23398
23393
23390
23389
23388
23383
23380
23378
23372
23367
23361
23359
23358
23356
23352
23350
23345
23322
23320
23319
23317
23314
23299
23288
23287
23286
23282
23279
23276
23273
23272
23259
23258
23257
23256
23252
23251
23250
23249
23234
23233
23232
23231
23196
23187
23184
23181
23179
23178
23170
23147
23146
23144
23142
23140
23138
23105
23102
23095
23094
23090
23089
23084
23083
23081
23078
23077
23075
23072
23054
23050
23042
23040
23033
23029
23026
23024
23023
23020
23016
23010
22999
22997
22978
22977
22973
22971
22968
22938
22930
22925
22924
22920
22916
22908
22900
22875
22869
22851
22835
22797
22787
22785
22784
22778
22775
22768
22764
22756
22755
22754
22751
22739
22737
22730
22729
22721
22710
22708
22705
22703
22701
22696
22688
22676
22670
22668
22662
22661
22642
22638
22637
22635
22634
22633
22632
22624
22611
22608
22607
22603
22601
22594
22588
22587
22586
22582
22581
22580
22579
22575
22574
22568
22565
22555
22544
22543
22538
22531
22528
22526
22521
22518
22517
22516
22514
22513
22492
22484
22472
22470
22469
22456
22452
22447
22446
22440
22431
22430
22425
22423
22419
22417
22415
22413
22411
22409
22405
22404
22400
22397
22387
22386
22383
22382
22377
22376
22367
22365
22362
22358
22339
22335
22333
22332
22330
22328
22326
22324
22321
22318
22317
22315
22314
22312
22311
22303
22295
22283
22278
22270
22264
22260
22254
22248
22247
22244
22242
22229
22223
22219
22218
22217
22215
22198
22192
22191
22182
22180
22171
22168
22163
22161
22159
22151
22150
22147
22145
22142
22135
22129
22125
22121
22115
22114
22111
22110
22109
22105
22102
22099
22090
22081
22077
22075
22062
22058
22057
22056
22055
22054
22053
22043
22034
22031
22029
22022
22021
22019
22018
22017
22016
22015
22013
22011
22007
22006
21999
21993
21988
21987
21985
21984
21983
21966
21962
21958
21957
21956
21954
21953
21952
21950
21949
21948
21947
21946
21945
21943
21940
21937
21936
21932
21930
21918
21915
21909
21907
21904
21891
21889
21886
21884
21883
21874
21868
21866
21864
21856
21854
21847
21834
21831
21822
21818
21816
21809
21799
21786
21780
21779
21771
21769
21764
21733
21728
21727
21711
21710
21697
21694
21693
21688
21686
21679
21676
21674
21670
21669
21663
21662
21660
21659
21657
21641
21635
21632
21627
21607
21586
21546
21527
21517
21516
21505
21502
21489
21487
21486
21479
21460
21452
21451
21437
21429
21414
21409
21408
21405
21400
21395
21392
21381
21358
21348
21346
21344
21339
21336
21330
21329
21328
21327
21323
21321
21319
21313
21304
21301
21299
21294
21292
21291
21290
21289
21271
21269
21262
21261
21256
21244
21241
21222
21220
21215
21214
21209
21205
21193
21191
21190
21189
21174
21149
21144
21133
21129
21128
21125
21118
21116
21112
21111
21109
21104
21103
21101
21100
21083
21080
21074
21065
21056
21050
21047
21042
21041
21039
21037
21035
21026
21022
21021
21009
20991
20976
20972
20964
20959
20957
20954
20953
20946
20945
20942
20938
20937
20936
20928
20919
20915
20913
20901
20893
20880
20869
20866
20865
20864
20857
20854
20851
20850
20848
20841
20840
20836
20827
20815
20814
20812
20810
20786
20779
20777
20776
20766
20761
20760
20752
20741
20739
20730
20725
20724
20716
20714
20713
20710
20709
20708
20702
20695
20693
20687
20676
20665
20657
20625
20623
20618
20575
20559
20557
20512
20510
20472
20461
20458
20444
20440
20437
20426
20425
20424
20422
20415
20413
20409
20399
20386
20361
20355
20354
20345
20338
20335
20332
20329
20327
20326
20324
20317
20308
20306
20301
20288
20281
20273
20269
20208
20195
20191
20189
20187
20185
20104
20101
20092
20073
20069
20054
20053
20044
20042
20038
20035
20033
20022
20021
19958
19927
19917
19911
19908
19879
19870
19862
19861
19856
19849
19841
19839
19838
19836
19806
19779
19753
19729
19727
19722
19684
19674
19667
19656
19622
19621
19608
19587
19548
19546
19541
19534
19527
19524
19522
19518
19513
19512
19488
19482
19481
19479
19448
19447
19445
19436
19435
19434
19433
19422
19419
19414
19401
19391
19373
19365
19357
19351
19346
19326
19321
19315
19314
19296
19291
19286
19283
19282
19279
19277
19276
19274
19271
19270
19269
19262
19249
19244
19241
19222
19220
19200
19195
19194
19190
19101
19094
19088
19073
19070
19068
19065
19062
19061
19056
19046
19033
19028
19024
19020
19019
19016
19010
18999
18996
18986
18980
18973
18970
18964
18961
18959
18956
18953
18935
18927
18925
18924
18917
18915
18891
18843
18839
18828
18822
18806
18805
18802
18798
18785
18778
18761
18760
18757
18704
18699
18687
18686
18676
18670
18663
18662
18661
18655
18654
18650
18640
18636
18633
18624
18618
18616
18615
18608
18600
18597
18595
18594
18591
18584
18575
18574
18560
18557
18555
18552
18551
18545
18536
18517
18505
18500
18497
18470
18427
18421
18415
18378
18373
18367
18360
18355
18351
18350
18347
18344
18336
18334
18324
18323
18307
18282
18278
18276
18275
18270
18261
18259
18258
18255
18253
18249
18244
18243
18241
18224
18223
18220
18219
18213
18210
18201
18199
18197
18185
18178
18176
18175
18148
18147
18145
18144
18130
18119
18107
18094
18076
18070
18069
18067
18058
18055
18054
18052
18044
18034
18028
17993
17992
17991
17989
17987
17986
17979
17978
17971
17961
17927
17925
17897
17882
17828
17793
17785
17784
17774
17763
17762
17759
17757
17745
17738
17732
17705
17704
17693
17688
17666
17641
17637
17627
17608
17579
17519
17518
17514
17507
17503
17500
17496
17493
17484
17474
17472
17468
17441
17424
17368
17359
17355
17350
17348
17347
17345
17344
17337
17331
17326
17315
17295
17280
17276
17262
17251
17249
17244
17238
17236
17234
17233
17232
17230
17222
17219
17213
17208
17207
17178
17163
17162
17160
17108
17081
17058
16998
16918
16905
16708
16682
16678
16664
16621
16562
16547
16546
16541
16532
16526
16524
16521
16509
16487
16459
16457
16452
16447
16440
16427
16422
16384
16377
16373
16370
16358
16351
16337
16315
16305
16263
16258
16212
16176
16161
16121
16114
16111
16051
16046
16028
16021
15999
15964
15961
15944
15931
15927
15875
15869
15834
15833
15827
15825
15819
15799
15788
15785
15773
15736
15729
15727
15701
15700
15680
15671
15670
15669
15658
15597
15576
15564
15552
15529
15515
15511
15491
15490
15473
15438
15374
15313
15250
15090
15033
15030
15007
14994
14993
14980
14965
14958
27804
14951
14949
14947
14945
2078
27795
14942
2077
27794
14941
27793
14940
27792
14939
14929
14895
14887
27735
14882
27731
14878
2009
27726
14873
14869
1997
27714
14861
1992
27709
14856
14840
14838
14821
1914
27631
14778
1911
27628
14775
1910
27627
14774
14712
14708
1820
27537
14684
14681
1793
27510
14657
14656
1758
27475
14622
27456
14603
14587
14532
14500
14496
27324
14471
14466
1597
27314
14461
14457
1592
27309
14456
14442
14438
14435
14431
14426
14422
14416
14405
14401
14395
14365
14341
14324
14310
14308
14305
14298
14294
27134
14281
14270
14261
14260
14255
14251
1343
27060
14207
14203
14200
14198
14195
14185
27036
14183
14181
14174
27021
14168
14165
14164
14158
14157
14137
14132
14125
14120
14119
14108
1217
26934
14081
26933
14080
1214
26931
14078
1186
26903
14050
1168
26885
14032
14008
26858
14005
26836
13983
13980
1115
26832
13979
26827
13974
1109
26826
13973
26823
13970
1101
26818
13965
1099
26816
13963
26813
13960
13945
13941
13937
13935
13933
13928
13915
13905
13889
1000
26717
13864
13823
13822
13821
13819
13817
13797
13761
13753
885
26602
13749
13743
825
26542
13689
13668
26496
13643
740
26457
13604
720
26437
13584
704
26421
13568
13558
26382
13529
13517
13516
13515
13507
13492
26339
13486
13460
13455
13448
580
26297
13444
571
26288
13435
13414
13411
13391
13384
13380
13370
13368
13366
13362
13351
13347
13345
13341
466
26183
13330
464
26181
13328
26178
13325
26167
13314
26164
13311
26161
13308
26144
13291
13288
13284
26134
13281
13269
13246
370
26087
13234
13208
13200
13188
13170
13169
284
26001
13148
13141
13086
193
25910
13057
13054
25903
13050
13007
13004
13002
12997
12962
12961
25796
12943
72
25789
12936
17
25734
12881
12869
12853
12852
25704
12851
12847
12846
25694
12841
12839
12838
12836
12833
12832
12831
12830
12829
12828
12827
12826
12824
25676
12823
25672
12819
25671
12818
12812
12808
25660
12807
25656
12803
12802
25651
12798
12797
25648
12795
25645
12792
12791
25643
12790
25639
12786
25638
12785
12784
25636
12783
25635
12782
25634
12781
25633
12780
25632
12779
25622
12769
25617
12764
25612
12759
12757
25609
12756
12752
12749
12748
12747
12746
12732
12727
12717
12714
25566
12713
25559
12706
25557
12704
12702
12697
12696
12695
12692
12688
12683
12682
25534
12681
12679
25531
12678
25530
12677
25528
12675
25524
12671
12668
25508
12655
12636
25485
12632
25483
12630
12628
12620
25467
12614
12612
25464
12611
25463
12610
12589
12572
12568
12563
12561
12560
12556
12553
12545
25381
12528
12525
25376
12523
25375
12522
25341
12488
12486
25337
12484
12483
12481
25333
12480
12479
25330
12477
25329
12476
12475
25327
12474
25326
12473
12472
25323
12470
25322
12469
25319
12466
12465
12464
25315
12462
25313
12460
25312
12459
25311
12458
12456
25308
12455
12453
12452
25301
12448
25300
12447
12446
12445
12440
12435
12430
12429
25274
12421
12419
25268
12415
25267
12414
25265
12412
12377
12372
25220
12367
25219
12366
25218
12365
25216
12363
25215
12362
12357
12356
12354
12352
12349
12347
25199
12346
25195
12342
12339
25190
12337
12336
25186
12333
25184
12331
25180
12327
25172
12319
25171
12318
12315
25166
12313
25163
12310
12309
25153
12300
12294
25141
12288
25139
12286
25138
12285
25137
12284
12282
25134
12281
25133
12280
25130
12277
12276
25128
12275
12274
25126
12273
25125
12272
25124
12271
12270
25122
12269
12268
12267
25118
12265
25117
12264
12259
12254
12253
25102
12249
25096
12243
12233
12232
12229
25075
12222
12220
25072
12219
25071
12218
12201
25051
12198
12197
12194
12192
12191
12187
12180
12176
12175
25024
12171
12170
12167
25013
12160
25009
12156
12155
25007
12154
25006
12153
12147
12145
12125
12123
12119
12114
24962
12109
12108
12105
24951
12098
12090
12089
12087
12085
12075
24927
12074
12069
24920
12067
12066
24914
12061
12057
12052
12051
12050
24898
12045
12044
24896
12043
24893
12040
24892
12039
24891
12038
12037
24889
12036
11979
24825
11972
11956
11955
24807
11954
11953
24803
11950
11941
11938
24788
11935
11933
24783
11930
11929
24780
11927
24779
11926
24778
11925
24777
11924
11920
24772
11919
11918
11915
11914
11912
11911
24760
11907
24759
11906
24756
11903
11898
24749
11896
11895
11894
11892
24742
11889
11887
11886
11884
11874
11870
11864
24716
11863
11856
24708
11855
24705
11852
11850
24697
11844
11843
24695
11842
11839
11838
11836
24687
11834
24685
11832
11827
11823
11822
11821
11820
11819
11818
11817
11816
11815
11814
24664
11811
11810
11806
11803
11802
24653
11800
24651
11798
24647
11794
24642
11789
24641
11788
11785
11781
11780
11778
24629
11776
11774
11773
11772
11771
24623
11770
11766
11764
24616
11763
24614
11761
11758
24610
11757
24608
11755
24605
11752
24604
11751
24599
11746
11744
11743
11742
11741
24593
11740
11739
11738
24589
11736
11735
11733
24580
11727
11725
11721
11720
11719
11717
11716
11715
11714
11713
11712
11710
11709
11707
11706
11705
11704
11702
11701
11700
11692
11671
11663
11660
11657
11655
24506
11653
11652
24504
11651
11649
11644
11642
24488
11635
24485
11632
11631
24474
11621
11617
11614
11613
11610
11609
11608
24460
11607
24459
11606
24452
11599
24444
11591
11590
11589
11588
24440
11587
11584
24431
11578
24429
11576
24428
11575
11574
11570
11569
24418
11565
11562
11556
11553
11551
11549
11548
24400
11547
11543
11538
24383
11530
11528
11527
24378
11525
24376
11523
24373
11520
11517
11516
24367
11514
24366
11513
24363
11510
11508
11507
11502
11501
24351
11498
11497
24349
11496
11495
24344
11491
11489
11486
11484
11483
11477
24329
11476
11475
24327
11474
11473
11472
11471
11469
24321
11468
11466
11465
24315
11462
11461
11459
11458
24309
11456
11455
24306
11453
11452
24304
11451
24303
11450
24302
11449
11443
11441
11439
11438
11436
11435
11425
11423
11421
11411
11407
11405
11404
11398
11381
11362
24214
11361
11360
11357
11344
11341
11340
11335
24187
11334
24184
11331
11328
11325
24175
11322
11318
11317
11309
11307
11305
11303
24155
11302
11300
11299
24150
11297
11293
11290
11285
11281
11278
11275
24127
11274
11273
11272
11271
11269
11268
24120
11267
11266
11262
24109
11256
11249
11237
11227
24079
11226
11225
11224
11223
11221
11218
11217
11216
11214
11213
11212
11211
11200
11198
11195
11194
11192
11190
11189
11187
11186
11185
11184
11183
11182
11180
24032
11179
11178
24030
11177
11176
11174
11170
11166
11161
11159
11158
11154
11153
11152
11151
11150
11146
11143
11142
11141
11140
11139
11138
11131
11128
11123
11104
11101
11096
11086
11077
11067
11066
11046
11045
11038
11037
11022
11021
11009
11007
10999
10992
10983
10956
10954
10939
10937
10932
10926
10925
10924
10923
10915
23762
10909
23739
10886
23737
10884
10879
10876
10875
10871
10869
10861
10857
10844
10842
10841
10838
10826
23676
10823
23675
10822
23674
10821
23672
10819
23670
10817
10815
10804
10803
10802
10799
10795
23647
10794
23642
10789
23640
10787
10784
23635
10782
23633
10780
23630
10777
10752
10743
10733
10727
10723
23569
10716
10712
10701
23551
10698
23550
10697
23547
10694
10688
10687
23538
10685
10673
23524
10671
23522
10669
23520
10667
23519
10666
10660
10653
10650
10645
10608
23454
10601
10600
23452
10599
23443
10590
23410
10557
23401
10548
10538
23387
10534
10533
10532
23366
10513
10511
10509
10507
23353
10500
23351
10498
10496
23336
10483
23334
10481
23333
10480
10474
23324
10471
23321
10468
23316
10463
10460
10449
10445
23269
10416
10412
23254
10401
23244
10391
10388
10387
23235
10382
10366
10365
10357
23205
10352
10349
10345
10339
10338
10329
10327
10310
10309
23161
10308
10304
10296
10295
10292
23143
10290
23139
10286
10284
10274
23121
10268
23119
10266
10261
10260
10259
23101
10248
10247
10246
10240
23092
10239
23088
10235
23086
10233
23080
10227
10226
23076
10223
23074
10221
23073
10220
10216
10215
10206
10205
23057
10204
10202
10199
10193
10191
10185
23037
10184
23036
10183
10179
10172
10160
10159
10151
10150
10147
10145
10136
10134
22986
10133
10132
10130
22982
10129
22981
10128
10122
22970
10117
22969
10116
10109
10103
10091
10089
10088
10074
10068
22918
10065
10057
22909
10056
10052
10051
22901
10048
10043
22894
10041
10037
10029
10024
10021
10006
10002
22854
10001
9995
9992
9991
9979
9967
22818
9965
9964
9963
9959
9958
9957
22808
9955
9948
9946
22793
9940
22792
9939
9936
9935
9933
22776
9923
22774
9921
22770
9917
22769
9916
9914
22763
9910
9909
9908
22759
9906
9905
9900
22749
9896
9895
22746
9893
9892
9891
9889
22735
9882
22734
9881
9880
22731
9878
22727
9874
22726
9873
22725
9872
22724
9871
22702
9849
22700
9847
22697
9844
22695
9842
22694
9841
9839
22686
9833
22666
9813
9811
22663
9810
9804
22655
9802
22652
9799
9798
9791
22628
9775
9774
9772
22618
9765
22617
9764
22615
9762
9760
22612
9759
9752
22598
9745
9744
22595
9742
9739
22591
9738
9737
9736
22583
9730
22560
9707
9701
9700
9698
9694
9693
9692
9689
9688
22536
9683
9681
22530
9677
22527
9674
22522
9669
9662
9655
9654
9653
9648
22500
9647
9643
22490
9637
9633
9630
9629
22476
9623
22474
9621
22471
9618
22464
9611
22458
9605
22455
9602
22453
9600
22451
9598
22448
9595
9590
22442
9589
9585
22436
9583
9581
22432
9579
22426
9573
9571
9568
22418
9565
22414
9561
22407
9554
22403
9550
9545
22395
9542
9541
22392
9539
9536
22384
9531
22380
9527
9520
22371
9518
22370
9517
9516
22363
9510
22357
9504
9501
9499
22351
9498
9494
22325
9472
22319
9466
22316
9463
22310
9457
9456
22302
9449
22301
9448
22300
9447
22299
9446
9443
9441
9439
9435
9428
9427
9426
9423
22273
9420
9418
9414
22261
9408
22231
9378
22225
9372
9368
9367
22213
9360
9358
9357
22208
9355
22206
9353
22205
9352
22204
9351
9349
22201
9348
9343
22194
9341
9336
22188
9335
22186
9333
9332
22183
9330
9326
22178
9325
22176
9323
9322
22174
9321
22173
9320
9319
9316
9313
9307
9296
22148
9295
9285
22118
9265
22113
9260
22112
9259
22095
9242
22093
9240
22092
9239
22091
9238
9231
9229
22080
9227
9223
22071
9218
9217
9213
9197
22040
9187
22037
9184
22036
9183
9182
9179
9177
22014
9161
22010
9157
9150
22001
9148
21996
9143
9141
9137
21986
9133
9129
21981
9128
21980
9127
9124
9122
9120
9107
9082
21929
9076
9074
9069
9064
9063
21912
9059
21910
9057
21908
9055
21905
9052
9048
9039
21877
9024
21873
9020
21872
9019
21871
9018
21869
9016
9010
9008
9006
21857
9004
9002
21851
8998
8997
8996
21848
8995
21839
8986
8984
8983
8961
8954
8942
8938
8930
8921
21772
8919
8917
8908
8894
8886
8884
8883
8881
8870
8866
8864
8860
8855
8854
8853
21692
8839
21685
8832
8831
21683
8830
21682
8829
8828
8824
8815
21667
8814
21666
8813
21664
8811
21656
8803
21655
8802
8800
21651
8798
8797
8796
8795
8794
21636
8783
8777
21628
8775
21624
8771
8768
21611
8758
21606
8753
8752
8751
21602
8749
8748
8746
8744
8742
21593
8740
8731
21580
8727
8725
8724
21576
8723
21574
8721
21568
8715
8711
8710
8708
8707
8706
8704
21553
8700
8699
8697
21543
8690
8689
21540
8687
21535
8682
8678
8676
8669
8668
8666
8659
8656
8654
8650
8647
8645
21492
8639
21488
8635
8631
21481
8628
8627
21478
8625
8624
8620
21457
8604
8603
21446
8593
8592
8586
8585
21425
8572
21421
8568
21418
8565
8559
21410
8557
8553
21404
8551
8550
21402
8549
21401
8548
8546
21398
8545
21396
8543
8538
21390
8537
8536
8534
21386
8533
21384
8531
8530
21380
8527
8526
21368
8515
8514
21366
8513
8510
21356
8503
8502
21354
8501
21353
8500
8499
8498
8497
8496
8492
21343
8490
8488
21338
8485
21337
8484
21335
8482
21326
8473
8456
8455
21298
8445
21293
8440
21285
8432
21280
8427
8421
8420
21268
8415
21267
8414
8412
21257
8404
21251
8398
8392
21243
8390
8389
21238
8385
8383
8376
8373
21219
8366
8355
21198
8345
21196
8343
21195
8342
8325
21173
8320
21172
8319
8317
8315
8314
8313
8307
8306
8305
8304
8303
21147
8294
8290
21135
8282
8268
8262
21113
8260
21102
8249
21093
8240
21091
8238
8237
8236
8233
8232
21072
8219
8218
8205
8204
21036
8183
8181
8180
21032
8179
8174
21020
8167
8164
21014
8161
21013
8160
21012
8159
21011
8158
21008
8155
21007
8154
21006
8153
8152
8151
8150
8148
8147
20998
8145
8144
20996
8143
8141
8140
8134
20975
8122
20973
8120
20969
8116
8110
20956
8103
8097
8095
8087
20935
8082
8081
8074
8065
8053
20890
8037
8030
8028
8025
20877
8024
8021
8020
20872
8019
20871
8018
20862
8009
8008
8003
20849
7996
20847
7994
7991
7990
7981
7980
7978
20830
7977
20826
7973
7969
7968
20817
7964
7954
7953
7947
7946
7945
7943
20795
7942
20794
7941
7938
7932
7930
7928
7920
7918
7915
7910
7906
7905
20757
7904
20753
7900
7887
7880
7878
7875
7867
7866
7865
20697
7844
7843
7838
7829
7827
20675
7822
7821
7802
7799
7798
7792
7784
7773
20622
7769
7768
7767
7766
7763
7758
7756
7752
7750
20602
7749
20601
7748
7743
7742
7741
7739
7738
7737
7735
7734
7732
7726
7724
7718
7714
7713
7710
7701
7700
7699
7693
7690
7688
7687
7686
7685
7684
7683
20535
7682
7680
7677
20528
7675
20525
7672
7660
7658
20509
7656
7654
7653
20500
7647
7641
20492
7639
7633
7630
7613
7611
7609
7602
7594
7593
7581
7579
20421
7568
20414
7561
7552
7542
7540
20391
7538
7528
7527
20378
7525
7511
20351
7498
20350
7497
20349
7496
20339
7486
20333
7480
7478
7472
20322
7469
7467
7466
7462
7454
7451
7444
7434
7429
7427
7417
7412
7409
7408
7404
7399
7398
7395
7390
7388
7378
7371
20221
7368
20218
7365
20215
7362
20213
7360
20207
7354
7353
20203
7350
20202
7349
7337
20186
7333
7331
7327
7319
7316
7315
7312
7306
7303
7302
7288
7287
7284
7279
7276
7273
7271
7268
7263
7261
7260
7258
7253
7252
7242
7241
7234
7230
7227
7226
7225
20075
7222
7215
20065
7212
7211
7203
7202
7198
7197
7195
20043
7190
7188
7187
7183
7179
7177
7176
7175
7174
7173
7170
7167
7162
7160
7158
7157
20008
7155
7147
7145
7144
7142
7140
7119
7114
7113
19907
7054
7053
7052
7051
7050
7048
7047
7045
19897
7044
7042
7038
7036
7034
7033
7030
7029
7028
19880
7027
19878
7025
7024
7022
7021
7020
19869
7016
19868
7015
7014
19863
7010
7005
7000
6998
19850
6997
6995
19846
6993
19845
6992
19844
6991
19843
6990
6989
19837
6984
6980
6978
6971
19823
6970
6968
6967
6966
6965
6962
6961
6950
6946
19795
6942
6939
6938
6934
6932
19783
6930
6908
6904
6902
19752
6899
19746
6893
6887
19737
6884
6883
6880
6879
6875
19724
6871
6870
6864
6863
6858
6855
19707
6854
6853
6852
19703
6850
19702
6849
19700
6847
6846
19697
6844
19696
6843
19694
6841
6838
19689
6836
6835
6830
19682
6829
6828
6826
6817
19664
6811
19662
6809
6806
6805
6794
19642
6789
19638
6785
6780
6778
6777
6773
19625
6772
19624
6771
6770
6767
6764
6762
6761
6754
19597
6744
6743
6742
6738
19589
6736
6733
6732
6729
6728
6726
19578
6725
6724
6723
6722
6721
6720
6718
6717
6715
6713
6710
6707
6700
6694
19542
6689
6687
6685
6684
19535
6682
6680
19517
6664
19515
6662
6654
6652
19504
6651
6648
19492
6639
6634
6631
6630
6624
19474
6621
19468
6615
6611
6607
19451
6598
6597
6587
19438
6585
6576
19417
6564
19416
6563
6557
19403
6550
19396
6543
19395
6542
19393
6540
6537
6535
19383
6530
19381
6528
6521
6519
19369
6516
6514
6513
6510
6508
19360
6507
6506
6505
19347
6494
6492
6486
6480
19331
6478
6472
19324
6471
6470
6460
19309
6456
19306
6453
19302
6449
19298
6445
19297
6444
19295
6442
19292
6439
19284
6431
19278
6425
6422
6420
19268
6415
19267
6414
19266
6413
19265
6412
19263
6410
6408
6407
6404
6403
19254
6401
19246
6393
19245
6392
6390
6387
6383
6381
19232
6379
6375
19227
6374
6373
6372
6349
19196
6343
6338
6334
6329
19175
6322
6321
19173
6320
19172
6319
6318
19169
6316
6314
6312
19162
6309
6307
6304
6303
6300
6299
6297
6296
6295
6292
6290
6282
6279
6278
6274
6273
6272
6271
6270
6269
6268
6267
6266
6259
6258
6247
6242
6239
6236
19086
6233
19082
6229
6228
6224
6222
6202
6188
6187
6174
6172
6168
6159
6156
6152
6148
19000
6147
6142
6141
18992
6139
6137
18985
6132
18981
6128
6125
6123
6121
6118
18968
6115
18967
6114
6113
18965
6112
6107
6099
18950
6097
6095
18947
6094
6092
18944
6091
6090
6089
18939
6086
18937
6084
6080
6076
18928
6075
18922
6069
6067
6066
18911
6058
6057
6056
6055
18900
6047
18898
6045
18897
6044
6040
6039
18889
6036
6034
6033
6028
18880
6027
6026
6025
6024
18874
6021
6018
6017
18869
6016
6014
6013
18865
6012
6010
6007
18858
6005
6002
6000
5999
5996
5994
18844
5991
5981
18831
5978
5974
5967
5948
5924
18776
5923
5917
5915
5882
5873
5870
5867
5866
5865
5862
18711
5858
5857
5856
5855
5849
5847
5844
5840
5839
5836
5831
5829
5800
18651
5798
5796
18644
5791
18638
5785
18637
5784
18635
5782
18634
5781
5777
18622
5769
18619
5766
18611
5758
18609
5756
5750
5748
18598
5745
5740
18590
5737
18589
5736
5734
5732
5730
18582
5729
18580
5727
5726
5719
5718
18567
5714
5713
18564
5711
18554
5701
5700
18549
5696
5695
18547
5694
18546
5693
5690
18542
5689
18540
5687
18539
5686
5685
5684
5680
5672
5671
5667
18519
5666
5665
5663
5661
18510
5657
18508
5655
5653
5651
18503
5650
5649
5648
18499
5646
5640
18492
5639
18490
5637
18489
5636
5635
5631
18483
5630
18481
5628
5623
5620
5619
18468
5615
5613
5612
5611
5610
18460
5607
5605
5598
18450
5597
5594
5593
18445
5592
18442
5589
5588
18440
5587
5579
5578
5577
18429
5576
5575
18425
5572
5571
5570
5567
5565
5563
5560
18412
5559
18410
5557
5556
5555
5554
5552
5549
18401
5548
5546
18397
5544
5543
5541
18385
5532
5513
5510
18356
5503
5496
5489
5487
5477
5467
5462
5459
5452
5451
18300
5447
5444
5440
5439
18291
5438
18288
5435
18287
5434
18286
5433
18285
5432
5427
5426
5387
18238
5385
18236
5383
18235
5382
5379
18230
5377
5376
5374
5369
5359
18209
5356
5354
5352
18203
5350
5349
18198
5345
5343
5342
5341
5340
5337
5336
5335
5334
5331
5330
18181
5328
18180
5327
5326
5320
18172
5319
5318
5317
5316
5312
5311
5308
18159
5306
5305
5300
5297
18134
5281
5280
18131
5278
18129
5276
5275
5274
5272
5268
5265
5263
5262
5261
5248
5247
18099
5246
5245
18097
5244
18096
5243
18095
5242
5240
5239
5237
5232
5230
5229
5228
5227
5222
18074
5221
18065
5212
18060
5207
5204
18053
5200
18051
5198
18049
5196
5194
5189
5186
5185
18036
5183
5179
5178
18026
5173
5172
5169
5164
18015
5162
5161
18002
5149
5146
5143
5142
17985
5132
5131
5130
5129
5128
17980
5127
5124
5114
5113
5111
5110
5106
5104
5101
5100
30815
5098
30813
5096
5095
5089
5088
5086
5085
30800
5083
5080
5077
5073
5068
30782
5065
30776
5059
5058
5056
30771
5054
17901
5048
17899
30763
5046
30760
5043
5042
30758
5041
5039
5036
5033
5031
30744
5027
5025
5023
30737
5020
5014
17866
5013
5003
5002
5001
5000
4999
4998
17850
30714
4997
30712
4995
30711
4994
4993
4990
4989
4987
17827
30691
4974
4973
30686
4969
4968
30684
4967
30683
4966
4965
4963
30679
4962
17802
4949
17794
30658
4941
4936
30651
4934
4930
30635
4929
4927
17777
4924
4920
4919
30630
4913
4899
30601
4895
4894
4878
30595
30606
4889
4887
4880
30594
4877
4876
4873
17720
30584
4867
17719
4866
4864
4858
4849
30563
4846
17698
30562
4845
17685
30549
4832
17682
4829
4823
30534
4817
4815
17667
4814
17665
4812
17664
4811
17662
4809
4795
30512
30523
4806
17657
4804
4803
4802
4800
4796
30509
4792
4791
17643
4790
4786
4775
17625
4772
30486
4769
4767
17618
4765
4764
17616
4763
17615
30479
4762
4757
17609
4756
4751
4746
4744
4738
4737
4733
17585
4732
17583
4730
4729
17574
30438
4721
30437
4720
4707
30424
30435
4718
4717
4714
30430
4713
4712
4694
30411
30422
4705
30419
4702
30417
4700
30415
4698
4683
30400
30410
4693
30409
4692
17544
30408
4691
4688
30403
4686
17536
4682
17534
4681
4680
4668
30385
17532
4679
17530
4677
4672
4669
30368
17515
30379
4662
30377
4660
4657
17502
30366
4649
4646
30362
4645
17497
4633
30350
30361
4644
30348
4642
30358
4641
17492
30356
4639
17489
4636
17485
4632
30332
30343
4626
30342
4625
17476
4623
30333
4616
17460
4607
30316
4599
4587
30304
30315
4598
4579
30296
4590
30295
30306
4589
17440
30303
4586
4584
30297
4580
4567
17412
30276
4559
4545
17397
30261
4544
30257
4540
30255
4538
4536
30239
4533
17382
4529
30245
4528
17380
4527
4525
30227
4521
17373
30237
4520
17372
4508
30225
30236
4519
17370
30234
4517
4498
30215
4509
17358
4505
30216
4499
17346
4493
17343
4490
17342
30206
4489
17340
4487
17335
4482
17327
4474
4472
17324
4471
4468
17319
4466
4448
30165
4459
4454
4437
30154
30162
4445
17284
4420
30137
30148
4431
17270
30134
4417
30130
4413
4412
17247
30100
4394
30107
4390
17226
30090
4373
4370
30082
4365
17217
30081
4364
4362
17209
4356
17203
4339
30056
30067
4350
30060
4343
17188
4335
30048
4331
30041
4324
17171
4318
17169
4316
4314
17157
4304
4301
17152
30016
4299
30014
4297
17140
30004
4287
4286
17136
4283
29991
4274
17125
4272
4271
17122
4269
4257
29974
4268
29984
4267
4266
4265
17117
4264
4252
29969
4263
4261
4260
17112
4259
29970
4253
4250
4249
4248
29963
4246
4245
29956
4239
4234
4226
4214
29931
29942
4225
29940
4223
4213
4211
17060
4207
29920
4203
4202
29901
4195
4193
4189
17040
29904
4187
29892
29903
4186
4185
29897
4180
17032
29896
4179
29888
4171
29874
4157
29862
17009
29873
4156
29872
4155
17000
4147
29863
4146
16996
29849
4143
29856
4139
16991
4138
4126
29843
4137
29852
4135
16987
4134
29847
4130
16982
29846
4129
16978
29842
4125
29838
4121
29835
4118
4095
16945
4092
16941
4088
16938
4085
16936
4083
16932
4079
4077
4076
4074
29790
4073
4072
16923
4070
4061
4058
4048
16896
4043
29755
4038
4030
4029
4011
29728
16875
29739
4022
4021
4016
16867
4003
29720
29731
4014
16866
4002
29719
29730
4013
16865
4012
4010
16862
4009
4008
16859
4006
29717
4000
3998
3995
3993
3991
16840
3987
29702
3985
3982
16834
3981
3977
29691
3974
3973
29678
29689
3972
3970
3969
29685
3968
3967
3965
29677
3960
3959
3947
29664
3958
3955
29663
3946
29662
3945
3944
29660
3943
3942
3928
29645
3939
29655
3938
3936
3933
3932
29648
3931
3929
3926
3924
3921
3920
3907
29624
3918
3917
3913
3912
3910
3909
3908
3906
3894
29611
3905
29620
3903
3898
3886
29603
3897
3881
29598
3892
3890
3889
3885
3882
3879
3866
29583
3877
3875
3874
3858
29575
3869
3868
3864
29568
3862
29578
3861
29577
3860
3859
16703
29567
3850
16702
3849
3848
3847
3845
3844
16691
29555
3838
16687
3834
3820
29536
3819
16671
3818
3806
29523
29534
3817
3813
16662
3809
16661
3808
16659
29522
3805
3804
3802
16651
3798
16645
29509
3792
29506
3789
16641
3777
29494
29505
3788
29504
3787
29500
3783
16623
29487
3770
3769
3765
16617
3764
29480
3763
16615
3762
3761
16613
3760
16611
29464
3758
3745
29462
16609
3756
16606
3753
16605
3752
29468
3751
3738
29455
29466
3749
3748
16599
29463
3746
29461
3744
16596
29460
3743
29453
3736
3724
3722
16571
29435
3718
3715
16567
3714
3713
16563
3710
3708
16560
29424
3707
3706
3705
3704
29416
3699
29413
3696
3692
16542
29406
3689
29384
3667
16519
3655
29372
3666
3659
16511
29375
3658
16508
3633
16445
29309
3592
16420
3556
29273
29284
3567
16415
3551
29268
29279
3562
16410
3557
29257
16395
3542
16388
29252
3535
3525
16374
29238
3521
16368
3515
16367
3514
16363
3510
16354
29218
3501
29216
3499
29201
29212
3495
3492
29208
3491
16335
3471
29188
3482
29193
3476
3473
3467
16319
3466
29180
3463
29172
3455
3439
29156
16303
3450
3447
3446
3440
3438
16287
29151
3434
29148
3431
3430
16281
3428
16279
29143
3426
16277
3424
16274
29138
3421
3417
16260
3407
16256
3403
29117
3400
16252
3399
3392
16243
3390
3388
3385
16234
3381
3374
3371
29087
3370
16222
3369
16221
3368
29084
3367
16218
29082
3365
16215
29079
3362
16211
3358
3356
29066
3349
3347
16197
29061
3344
16193
3340
3326
29043
16190
29054
3337
3324
29041
16188
29052
3335
3321
29038
29049
3332
29046
3329
16165
3312
16163
3310
3294
29011
29022
3305
16156
3303
3302
3301
3299
16151
3298
16150
3297
16148
3295
16147
3292
16144
3280
28997
3291
29007
3290
16141
29005
3288
3284
29000
3283
16135
3282
28998
3281
16133
16126
3273
16120
3267
3260
16110
3257
16107
3254
3239
28956
3250
16101
3248
16100
3247
16092
16091
3238
16090
3237
16086
28950
3233
16085
28949
3232
3229
16080
3227
16075
28939
3222
16072
3208
28925
28936
3219
16071
28935
3218
16065
28929
3212
16062
28926
3209
16061
16054
3201
16053
3200
16044
28908
3191
3190
28904
3187
28896
3179
3178
16030
28894
3177
3163
28880
3174
16024
28888
3171
3153
28870
3164
3159
3156
3140
28857
28868
3151
28867
3150
3133
28850
15997
3144
15995
3142
15993
15988
28852
3135
3132
15983
28847
3130
15979
3126
15977
3124
15975
3122
3110
28827
3121
15973
3120
3118
3115
15965
3112
3096
28813
28824
3107
15955
28819
3102
15952
28816
3099
15951
3098
15949
3093
15939
3086
3069
3054
28771
3065
3053
15902
28755
3049
15900
3047
15897
28761
3044
15892
28756
3039
3026
28743
15890
3037
15886
28750
3033
3027
15878
3025
15871
28735
3018
15870
3017
3013
28726
3009
3007
28723
3006
15858
3005
15857
3004
15854
28718
3001
15852
2999
28704
2998
15845
2992
15844
2991
2990
15841
2988
15838
2985
15832
2979
15831
28695
2978
15830
2977
2969
15821
28685
2968
15818
2965
15814
2961
15808
2955
15806
28670
2953
2951
15801
2948
2943
15783
28647
2930
2916
28633
15780
2927
28643
2926
2911
28628
15775
28639
2922
15754
28618
2901
15751
2898
15748
28612
2895
2894
15741
2877
28594
28605
2888
2887
15732
2879
15723
2859
28576
28587
2870
15716
28580
2863
15712
15708
28572
2855
15705
2852
28568
2851
15703
2850
15697
2844
15694
28558
2841
2829
28546
2840
28556
2839
2837
15688
2824
28541
2835
15685
2832
15683
2830
15681
2828
15678
2825
15677
28540
2823
15675
2822
15668
2815
15651
28515
2798
15649
2796
15647
2794
15646
28510
2793
2792
15643
2790
2789
15640
2787
2783
2782
2780
15631
2778
15626
28490
2773
15620
2767
15619
28483
2766
2759
15611
28475
2758
15608
28472
2755
28460
2754
28469
2752
28468
2751
15601
2737
28454
2748
28459
2742
2741
2740
28456
2739
28444
2738
2736
2733
15573
2720
15572
28436
2719
2718
15567
28431
2714
15565
2701
28418
28429
2712
15563
28427
2710
15562
2709
15560
28424
2707
15556
2703
15551
28415
2698
15547
2694
28410
2693
15544
28408
2691
15540
28404
2687
15538
28402
2685
28401
2684
15536
2672
28389
28400
2683
15528
28392
2675
15527
28391
2674
28390
2673
15521
28385
2668
15520
2667
15519
28383
2666
15518
2665
15517
2653
28370
28381
2664
15514
2661
15504
28368
2651
15502
28366
2649
15494
2641
2639
15489
2636
2635
2634
28349
2632
2630
15479
2626
2624
15471
2618
15467
28331
2614
15465
2612
15464
2611
2606
2603
2602
15452
2599
28312
2595
15446
2593
15444
2580
28297
28308
2591
15442
28306
2589
15441
28305
2588
2587
2584
15432
2579
2573
2572
2570
2565
2562
2561
15413
2560
2559
28274
2557
2553
2550
2548
2546
2543
15393
2540
2539
2534
2531
2530
2529
2526
2519
2516
2514
15362
28226
2509
15359
2506
2501
28215
2498
2496
2489
2486
15337
2484
2483
2478
28194
2477
2464
28181
2475
28188
2471
2466
15318
2465
15311
28175
2458
2455
15304
28157
28168
2451
2450
15302
2449
28165
2448
2445
28161
2444
2441
28150
2433
2419
28136
2430
2420
2416
2404
28121
2415
2413
2412
28126
2409
28125
2408
15260
2407
28123
2406
2402
15253
28117
2400
2385
28102
2396
2393
15245
2381
28098
2392
28107
2390
2388
15236
28100
2383
28099
2382
28097
2380
2368
28085
28096
2379
28095
2378
2377
15226
28090
2373
2372
15223
28087
2370
28086
2369
2367
15217
2353
28070
28081
2364
15216
2363
28078
2361
15212
28076
2359
15200
28064
2347
2346
2341
28055
2338
2334
2332
28046
2329
28041
2324
2323
2321
15172
28036
2319
15171
28024
2318
15169
2316
28032
2315
2310
2308
2304
28020
2303
28009
2292
2280
27997
28008
2291
15143
28007
2290
28006
2289
28003
2286
15136
28000
2283
2278
27994
2277
15129
27993
2276
2275
15126
2273
2272
2268
27983
2266
2261
2246
27963
2257
2254
2253
2250
27966
2249
27965
2248
15094
2230
27947
27958
2241
27957
2240
15089
2225
27942
2236
2235
2231
15079
2226
15077
2224
27939
2222
15071
2218
2217
2215
27931
2214
2213
2211
2195
27912
27923
2206
27917
2200
2189
15041
27894
2188
2186
15038
2185
2183
15027
2174
15025
2172
15019
2166
27881
2164
2163
2161
2149
27866
27877
2160
2158
2144
27861
2155
2134
27851
2145
14989
2136
2132
14983
2130
2129
14976
27840
2123
14971
27835
2118
14969
27833
2116
2114
27828
2111
2107
2071
27788
27799
2082
2081
2080
14931
2060
27777
2068
2054
27759
14906
2041
27758
14905
14903
27767
2050
27763
2046
2045
2032
27749
2043
27744
2038
14883
2030
2011
27728
27739
2022
2013
27718
2012
1998
27715
1996
27713
2007
27704
14851
14843
1990
1969
27686
14833
1980
1965
27682
1976
27688
1971
1954
27671
1949
1937
27654
14801
1948
1934
27651
14798
1945
1928
27645
14792
1939
27644
1938
14790
27640
14787
1908
27625
14766
27630
1913
1900
27617
14764
14756
1903
1902
27618
1901
27604
14751
1897
27600
1894
1892
1888
1882
1881
1869
27586
14733
1880
1853
27570
1864
1862
1851
14703
1850
14702
1849
27554
1848
14699
1846
14697
1844
14695
1842
14694
1841
1840
27545
1839
1838
1824
27541
14688
1835
1819
27536
1830
14679
1826
14676
1823
1817
1813
14664
1811
14662
1809
1802
1798
14650
1783
27500
27511
1794
14640
1787
14639
1786
27490
1784
27489
1770
27487
1781
1776
1775
1767
27477
1760
1754
14605
1752
1751
1747
1746
1744
1741
1728
1726
14577
27441
1724
27429
1723
1710
27427
1721
14559
1706
14550
1697
1683
27400
27411
1694
27396
14543
1685
27367
14492
27352
1635
1630
1626
27338
1621
1620
14464
1594
27311
1605
14455
1602
27316
1599
1583
27300
1593
1587
14437
1584
27286
1580
1576
1564
27281
14428
1575
27280
14427
1574
14423
1570
14420
1567
14419
1566
14418
1565
14417
14414
1550
27267
1561
1559
14409
1556
14403
1547
1545
14396
1543
1532
14384
1520
27237
1531
14376
1523
1519
14371
27235
1518
1506
27223
1517
1514
1510
27215
1509
14358
1505
27209
1503
27219
1502
1489
27206
27217
1500
27173
1467
14315
27179
1462
27170
1453
14303
1450
1449
1447
14297
1444
1442
27145
14292
1439
1434
1421
27138
1432
1420
27137
14284
1431
1430
1429
27130
14274
14264
1411
14263
1410
14253
1400
14252
1399
14248
1395
1383
27100
1394
14246
1393
14243
1390
1377
27094
14241
1388
14238
1385
14236
1372
27089
14231
1378
14230
14228
1375
1360
27077
14224
27088
1371
1356
27073
1367
27080
1363
1349
27066
14210
1346
27063
1357
14209
27070
1353
1340
27057
14204
27068
1351
1335
27052
1344
27031
14178
1325
27028
27039
1322
14156
1303
14151
1298
14133
26997
1280
1265
14115
1262
1261
26958
14105
26969
1252
1250
14101
1248
26957
1240
26932
14079
1226
26924
14067
26920
14066
26919
26930
1213
26914
1182
26899
26910
1193
1175
26892
1173
26890
1184
1171
26888
26893
1176
1174
26876
14023
1170
26872
14019
26883
1166
14011
1142
26859
1153
14001
1145
26850
1144
13995
13993
26857
1140
26842
13989
1136
26837
13984
1131
26835
13982
1129
26834
13981
26845
1128
13966
1102
26819
26830
1113
1090
26807
13954
26801
13948
1095
13944
26808
1091
1079
26796
26792
1086
13930
1077
13929
1076
13921
1068
1065
13916
1063
13912
26776
1059
13908
26772
1055
26739
1033
26738
1021
1015
1010
26695
989
983
982
26686
26697
980
947
26664
958
957
26661
955
26668
951
950
13794
941
925
26640
923
917
13769
916
912
911
895
26612
906
901
888
26605
899
898
26601
26611
894
887
881
880
862
26579
26573
26566
860
847
26564
13707
841
26558
852
26568
851
26563
846
831
26548
842
26547
26546
840
26539
833
832
820
26537
816
26533
827
26531
26540
823
810
26527
821
26522
13659
806
799
798
26502
796
793
777
26494
13641
788
783
778
766
26483
26479
773
26476
13623
26487
770
13622
756
26473
767
755
26472
13619
753
26470
752
26469
763
757
26461
26459
748
736
26453
747
746
745
26456
739
727
26444
13591
738
13590
737
13589
735
26432
726
713
26430
13577
724
13576
26440
723
711
26428
13575
722
706
13550
26403
679
26396
690
13542
689
687
26401
684
681
13533
669
26386
680
13532
666
26383
26394
677
674
660
26377
13524
26375
13514
650
26367
661
641
26358
13505
652
634
26351
26362
645
13476
623
26323
617
26322
605
592
26309
560
26277
564
26265
559
554
13406
553
535
26252
546
13393
540
539
524
26241
26235
13382
529
516
13359
495
26212
506
502
470
26187
481
26197
480
26179
473
26175
13322
469
467
13319
26172
13316
26180
463
449
26166
13313
26177
460
26165
13312
26176
459
443
26160
13307
454
26157
451
26154
437
26142
422
26139
13286
433
26130
13277
424
26132
415
26101
395
382
365
26082
376
375
362
26079
26090
373
352
13204
351
13202
349
13198
345
340
337
13189
336
13187
334
333
13185
332
13183
330
323
13174
321
13165
312
26017
13164
311
310
308
305
26020
303
13155
302
301
13149
296
13145
281
25998
292
13131
267
25984
25995
278
266
25983
277
264
25981
13128
275
25974
268
255
25972
25970
13117
250
25967
251
25955
25966
249
236
25953
247
25949
243
229
25946
240
25947
230
218
25935
25942
225
210
25927
221
25933
216
214
208
196
13048
195
13047
25911
194
25896
190
13042
25895
189
25891
13038
185
13034
25887
181
25894
177
25893
176
172
160
25877
171
166
163
162
25866
156
155
13005
152
148
134
25851
12998
145
140
133
129
12980
127
119
12967
25831
114
112
100
25817
12964
111
12963
110
107
25823
106
94
25811
12958
25822
105
12951
87
25804
98
25803
97
96
95
80
25797
91
12942
89
12941
88
25790
84
77
12927
25791
74
64
25775
58
12910
57
45
25762
56
25771
54
52
12904
51
39
25756
50
46
34
25751
12896
43
12892
25745
27
25744
38
12890
25754
37
12889
36
25741
35
33
12885
32
25748
31
18
25735
12882
25746
29
12879
15
25732
26
12874
21
4
25721
12866
10
12861
8
25712
12859
6
12858
5
12857
12856
12855
2
16396
29249
3543
16385
30769
5052
17916
11540
24382
2167
8577
21430
21867
15457
28321
2604
418
26135
429
6839
19692
3572
29256
9993
2518
2507
15360
12634
25487
15874
3021
9431
22284
13977
3573
2528
21802
8949
16123
3270
16112
299
16295
29159
3442
29137
3420
3409
29126
1691
14544
1680
27397
116
12947
25800
19394
20234
26655
16025
3161
28878
28889
3172
16014
691
7112
3872
15484
2631
21894
27306
1600
20863
24933
15365
28229
2512
29047
3330
29025
16172
6572
29045
29056
3339
16181
25436
25447
12594
19015
20145
7292
4089
30230
30241
4524
30219
17366
1299
27016
14163
11280
24133
4900
24174
11321
15534
28398
2681
21955
9102
28413
2696
25158
12305
16262
16240
3376
29093
5601
29271
3554
25871
165
6575
19428
19255
12834
12860
7
25702
12849
27969
2252
21515
18316
25136
12283
15482
28346
2629
21903
9050
25035
12193
25076
12223
1646
8067
19207
25613
19203
6350
385
26102
396
3538
29255
16402
22823
29247
3530
3497
29214
14687
1834
8255
17864
16946
4093
16924
4071
4060
29777
28991
3274
16127
16168
29032
3315
20941
8088
24103
25662
29021
3304
25788
71
49
25766
12913
16094
28947
28958
3241
16049
28913
3196
3226
3215
16068
20736
14425
1572
30483
4766
18576
12144
24997
1382
24013
30456
4739
17592
10912
17220
3148
3137
15990
24476
11623
7503
16073
3220
5838
15458
2605
21879
9026
16643
3790
23008
11444
19506
6653
19443
6590
25191
16179
13006
153
14648
1795
16967
29831
4114
16956
1098
26815
27639
14786
27650
1933
15652
2799
2777
6382
848
5658
2425
2414
15267
21699
8846
5643
14122
1269
11908
24761
18457
5604
24867
28088
2371
28077
2360
15213
20925
12837
14825
27689
1972
1961
14814
24464
11611
3614
16456
25175
28430
2713
15566
5916
18769
7531
20384
2502
15333
28186
14533
1658
27375
1669
14522
29031
3314
12922
69
19332
2568
27624
14771
9496
11129
17165
13209
26073
356
19619
8297
21150
25005
18599
8990
21832
2569
30292
4575
17417
17406
30259
25402
7551
13927
13968
1963
14816
30373
4656
17509
30494
4777
3165
22439
9586
3609
10019
22872
29404
3687
16529
15992
28856
3139
14296
1443
20706
4609
2297
8718
18327
22445
19251
27683
1966
27672
14973
27837
2120
13363
510
19773
16959
30312
4595
17448
30271
4554
17407
30260
12381
25234
15666
2813
919
26636
930
4046
16877
29741
4024
23309
1825
27542
1836
21110
8257
23460
29929
4212
17054
16995
29848
5928
18781
17972
18228
13387
534
523
13376
6944
19797
519
19782
11779
22537
12954
101
19375
6522
6905
19758
484
26201
123
12976
14641
1788
24209
147
25864
6579
19421
16199
29063
3346
16173
6591
3343
9753
22606
3456
9866
22719
3460
16313
5152
5070
17923
5081
17934
11558
13115
19525
26638
13785
26649
932
19364
6511
6500
19353
16119
3266
15300
28164
2447
2387
28082
2365
2354
28071
16876
29740
4023
812
7233
782
20045
13888
1035
15500
28364
2647
9068
15530
2677
2644
28361
17477
17521
11089
6298
29489
3772
23035
6994
19847
15506
2642
15495
30490
4773
9699
19281
3236
28942
3225
16078
30705
4988
959
26665
13812
24173
27417
14564
20961
7298
13745
892
21644
13582
26435
29828
29839
4122
26645
928
934
16960
4107
4096
16949
945
26610
26621
904
13757
22360
19166
8516
21369
25374
17466
4613
17351
7731
7681
20534
27247
1530
20804
7951
4724
11145
27242
1536
17520
30451
4734
24008
11155
1501
20764
14326
16023
28887
3170
9580
22433
6377
19230
12801
25654
28074
2357
8767
21620
28059
2342
2320
2309
28026
24823
13336
26189
19768
508
26192
490
26207
501
468
26185
19764
30272
4555
17438
30302
4585
17241
1194
26911
26900
14047
17253
30106
4400
17231
30084
2833
22096
5290
18982
6129
15734
2881
22144
11708
6073
18926
14099
4419
30136
30147
4430
17261
30114
17272
2452
8873
16836
3983
23246
29745
4028
7751
20604
115
6525
19378
16201
3348
22596
15449
2596
21870
9017
5806
5107
19399
5017
1764
16115
28979
3262
22525
12912
59
6469
19322
3277
16160
29024
3307
16138
4958
28155
2438
21701
25388
12546
28669
2952
22226
9373
13403
16647
29511
3794
18983
12562
15791
28655
2938
20323
7470
1064
2135
2124
14977
14966
27819
14936
2083
27789
7452
998
26715
20264
26707
1001
12234
7457
2600
11144
30395
4678
30497
4780
7897
20750
19212
6359
14439
27303
1586
8765
10362
23204
3911
10321
23174
30412
4695
4684
17537
22847
16437
3584
13279
426
4374
17227
5177
18030
24660
14336
1483
7893
20746
30433
4716
11137
15966
3113
9567
6161
19014
28751
3034
22297
19144
6291
3058
27984
2267
21541
8688
11891
2300
3032
15885
22306
15881
3028
22291
18491
5638
75
19338
5329
18182
2179
8600
9415
4069
29786
16933
4080
10490
23343
23354
10501
907
7328
2549
8970
18620
5767
19618
6765
29219
3502
3469
29186
28075
2358
15873
3020
15903
3050
24719
18298
5147
18000
27637
1931
21194
26980
1263
26947
17289
30153
4436
4425
17278
1211
26928
1222
14075
26881
1164
20427
30088
4371
30077
17224
15792
2939
6101
18954
28590
2873
2862
15715
2856
28573
2867
19777
6924
19766
1189
1156
26873
18037
5184
6781
1924
3899
5547
7031
19884
655
26372
3854
10275
28001
2284
8705
15152
28016
2299
8709
21562
18056
5203
1959
14812
17085
4232
4210
29916
23495
14077
1224
26889
14036
7604
20457
20352
26840
13987
1134
749
13572
719
2326
8736
21589
24359
15714
2861
14057
26921
1204
7614
20467
18448
5595
18529
5676
15335
2482
10847
30121
17268
17294
4441
10862
2730
15561
2708
28414
28581
2864
9175
22028
28482
2765
15596
2732
28449
15603
2750
15581
2728
2717
28434
17677
4824
28054
2337
8747
21600
18438
5585
21695
8842
2376
15207
2343
28060
10374
7171
12590
25443
24702
11849
18433
5591
24839
4027
10448
29748
4042
5553
18406
18435
24841
2366
8776
21629
12041
5609
18462
15285
28149
2432
23220
7277
5603
18456
13390
537
22972
10119
8507
22880
3617
16474
577
26294
6949
13381
528
1736
18013
5171
14806
1953
21216
13299
26152
446
16461
394
26111
13258
22867
7432
20285
15499
2646
9067
16958
4105
10526
16947
4094
23357
23368
10515
16951
19930
7193
17328
30192
4475
10885
23738
30159
13378
525
17286
4433
10843
23696
30124
4418
10839
17245
7456
20309
1046
26767
1050
13903
26719
26730
1013
5170
18023
28884
3167
27122
11934
19739
26126
409
398
26115
4084
23347
16952
29816
4099
21687
28156
2439
15281
15947
3083
28800
28833
3116
9582
6365
19218
15996
3143
19259
6406
18439
63
6484
28938
3221
3199
28905
19854
7001
26286
13433
19813
11783
10137
26107
13265
14957
27810
2104
14946
14984
27848
2131
8558
3740
10161
29442
3725
13405
16626
29490
3773
10138
22991
2033
27750
2044
597
18113
5271
20614
7761
2761
15539
2686
4329
17182
12406
18812
4344
17197
7588
26843
13990
1137
7547
20400
15545
28409
2692
2659
28376
5941
18794
11084
19069
15802
2949
22212
17409
4556
30275
4558
10979
23821
17426
4573
11068
17455
30308
4602
17444
7835
20677
1397
14250
19118
6265
3051
28768
28779
3062
2256
8677
1950
14803
5144
17997
27658
1952
27647
14794
14835
1982
397
6818
14707
27571
1854
1843
27560
5057
27642
14789
1936
8357
260
2853
22116
18823
20420
28526
2820
22094
9241
9230
22083
17658
4805
61
25778
5668
18521
15917
3064
22338
9485
15872
3019
9429
22282
1324
27041
14166
27030
1313
1302
27019
14233
1380
20654
7801
482
26199
13346
493
3741
10162
21240
8387
11680
14842
27695
1259
30116
30127
17274
17273
10830
23683
18062
5209
18021
16429
3576
22839
16433
3561
16392
3528
29245
16856
3992
29709
707
26424
7150
20003
13596
743
13585
3976
24781
11928
18370
5558
3937
10358
23200
3904
29621
27996
2279
21575
28029
2312
21590
17568
4715
11125
23978
28934
3217
19115
28787
3070
3048
28765
3059
15912
14338
27191
1485
20748
3155
15460
2607
5799
18652
2242
2171
27888
15035
2182
573
25377
12524
2915
7715
30229
4512
23775
4452
27026
1309
15018
2165
8575
21428
2229
19748
1958
1947
14800
11597
27711
1994
14836
19609
346
13373
520
6941
13231
367
26084
19663
29443
3726
18884
16268
3404
29121
29132
3415
22689
9836
19208
6355
21617
8764
1464
20727
15905
28769
3052
28758
3041
15894
25503
12691
20762
7909
12700
15914
3061
29527
3810
3870
19894
15888
3024
28741
28752
3035
15877
15829
2976
23468
26764
1047
12711
23643
26898
14034
29195
3478
22741
29229
3523
1956
8377
29206
16353
17333
4480
4469
17322
4447
30164
10901
22732
17174
383
26100
13247
19657
26085
6800
357
26074
13221
22698
16321
29185
3468
16310
13127
25991
274
263
13116
29194
3477
16347
29200
3494
9904
22757
22690
27569
27580
1863
14705
22716
22723
205
227
13099
13088
25941
6670
19523
9897
22750
13167
314
6735
9918
22771
9929
6801
26086
26097
380
22494
9641
16088
28952
3235
3169
16022
28897
3180
19216
16102
3249
9670
16117
3264
16057
3204
19252
16060
28924
3207
22481
9628
8867
28178
2461
28118
2401
7270
27791
2085
21303
12361
25214
25217
15679
2826
9247
22130
9277
2834
28588
2871
22134
23650
17225
30089
4372
12368
25221
12383
25236
2774
28491
28502
2785
15627
27320
14467
27331
1614
15826
2973
6176
14123
26987
1270
7691
14097
17259
30112
1977
1951
27668
1962
1940
27646
2547
15400
15411
2558
24979
12042
24895
16187
3334
22593
9740
27421
14590
27454
1737
11346
26501
784
7194
20047
26468
4810
68
6489
2271
8692
11809
24662
27922
2205
8615
21468
18295
18306
5453
13367
514
26220
16652
3799
13064
25928
211
3474
25988
271
23504
4241
12902
19312
1555
1544
27261
13090
25954
237
16278
3425
9846
16248
29112
3395
9805
22658
5616
18469
2454
18487
25932
13101
248
13179
326
23395
17030
29894
4177
15454
2601
9022
25037
5819
29858
4141
23404
9136
21989
2726
1019
26736
1030
20293
21570
8717
28028
2311
15364
28228
2511
21785
8932
19990
26433
13580
19855
26298
5455
18308
17073
4220
10630
23483
18987
6134
15757
2904
7745
9375
28671
2954
2924
2913
2902
28619
15766
6116
18969
17404
4551
9324
2903
4467
4456
17309
14144
1291
28901
3184
16037
1664
696
26413
13560
19992
7139
18387
19709
6856
19698
2059
2541
21890
9037
2513
8934
2491
28197
18588
16431
3630
16472
16468
3615
22878
18105
24526
18509
5656
15306
28170
2453
5600
18453
24874
29743
4026
23300
10447
2251
21525
8672
5428
18281
29557
3840
16693
21619
8766
2345
21608
22683
29182
3465
19480
19919
22298
9445
2176
21450
8597
5353
18206
5364
27982
2265
21539
8686
8675
21528
28012
2295
21569
8716
25453
15855
3002
13551
698
7059
13469
8735
5476
18329
11897
24750
18136
17297
30161
4444
11913
12158
25011
18646
5793
15443
2590
18623
2567
15420
21826
2552
15405
23417
12159
25012
5749
1899
1866
27583
26072
16463
14956
2103
8524
11686
24539
27743
2037
8447
21300
18138
5285
20951
8098
27372
1666
14519
5258
5016
5005
30722
11463
24316
16360
29224
3507
29202
29213
3496
16349
25989
14975
2133
14986
26725
1008
986
26692
22000
16029
3176
22450
9597
5008
4986
30692
14700
1847
11460
24313
17903
30767
5050
6737
22752
1729
8139
20992
1073
26757
2802
26133
26155
13302
26174
13321
18016
5174
24609
2173
21447
8594
24650
11797
24639
2239
21513
8660
21483
8630
21472
11833
24690
25440
2950
15781
28645
2928
2917
28634
30727
5010
17863
21107
8254
24269
1792
21055
7948
3251
12774
25627
6364
27239
1522
30485
4768
19668
6848
19701
6859
3626
26170
453
220
25937
11454
24307
5022
30728
2423
28140
15310
2457
15288
28141
18573
5720
15329
18532
29837
4120
16962
23469
1048
17004
4140
29857
3888
23151
700
29590
3873
670
26354
18437
5584
18426
20034
7181
23228
10375
15389
2536
12104
24957
939
10805
23658
10846
795
844
26561
15352
28216
2499
8920
3223
6385
19238
2187
27904
2198
21461
15040
2264
8685
5441
18294
11888
13410
557
24743
5469
18322
18333
5480
24728
2262
3923
10288
23141
3867
29584
29595
3878
28010
2293
21567
8714
8703
21556
3101
22375
9522
12684
25537
4638
30344
4627
17480
15987
3134
9540
28039
2333
8743
21596
5581
3930
23193
22861
22902
10049
10038
22891
26094
13301
28048
2331
21594
2298
28015
13331
26195
478
456
445
26162
29417
3711
16553
7882
20735
17543
4690
17115
4262
10683
23525
20337
17100
29964
4247
25495
12642
3003
15600
28464
2747
18807
12375
25228
9198
5995
20491
26923
14070
17329
4476
17314
4461
10882
17269
30122
4416
29911
4194
17743
4916
24190
11337
17739
4886
24149
1960
21223
18020
18108
16142
3289
14152
14130
26994
1277
26983
14141
27035
1329
20529
29736
4019
3896
10306
23159
26989
27000
14147
10944
14154
7689
20542
14121
11306
20860
15702
28566
2849
28555
2838
15691
6032
18885
18896
6043
15663
2810
22073
14796
8375
27593
11492
24345
17913
5049
30766
16424
29288
3571
4054
10475
3063
14134
10931
27093
1387
15837
2984
22258
9405
20624
1361
17387
4534
17376
10955
17415
30279
4562
13327
474
16530
29394
3677
13438
19859
285
252
6673
27439
138
19412
6559
6022
15672
2819
30318
30329
4612
17454
30288
4582
30277
4560
30266
14232
1379
1368
14221
15689
2836
22131
15721
28585
2868
15710
6030
18883
2808
15639
2786
2775
28492
2843
22106
15621
28485
2768
15610
6001
29312
3595
16448
16382
22814
9961
16371
15475
28339
2622
1374
14201
7780
202
191
13044
29070
3353
16206
3342
29059
21287
14877
27741
2024
19209
16002
3149
9559
22412
3138
15991
19205
9596
3160
15998
3145
22408
25652
12799
6378
12788
25641
6358
19211
25646
12793
19214
19199
3154
19215
22459
9606
27321
14468
1615
8036
18621
5764
5753
18606
12174
25027
12204
25057
18647
5794
27329
14476
1601
27318
14465
20897
8044
27351
14498
8077
8540
27803
8529
21382
14987
8544
21397
24600
1412
14265
6280
25498
17384
30248
4531
27079
14226
27090
1373
14215
7794
26996
1290
14143
23716
9883
15166
2313
15151
8719
1111
26828
13975
15932
3079
22353
9500
3057
3046
28763
28992
3275
9696
12940
1391
1273
14104
7694
14068
30146
30157
4440
14150
1297
27064
14196
7764
20576
23827
10985
17395
1484
27190
4709
7972
27246
1529
53
12895
6474
12876
25740
23
12854
1
25707
7965
20818
14386
1533
27065
1448
20711
14279
27132
20809
7956
14237
1384
17459
14176
27029
7755
20608
17430
14415
1562
14393
14394
1541
7984
14360
27213
1507
8026
20879
28004
2287
14411
1558
7979
26927
1210
26916
7698
27344
1627
20905
11732
14926
8494
21347
21332
11723
11682
24535
30428
4711
11132
20782
7929
17508
27172
14319
27575
21132
279
25996
290
19564
6711
29165
3448
22711
9869
1873
21136
14696
21106
11683
24387
11534
8331
15247
2394
2349
8759
21612
11962
24815
13397
26250
19840
6987
26205
16607
29471
3754
551
23641
10788
4334
30051
12680
15879
22289
12096
12685
3076
17005
29880
4163
7370
20223
960
17020
26711
1005
11240
4834
7949
20802
11148
8850
15237
28101
2384
28079
2362
2351
28068
5602
24865
24346
11493
11857
18289
5436
11865
11853
25014
12161
12091
24944
18523
3887
7049
19902
17111
4258
26802
13949
10731
6306
19159
25606
12753
15937
28790
28801
3084
1857
14710
27585
1868
673
3846
23109
16688
3785
16638
3774
29491
16660
3807
26071
354
324
313
13166
6760
30313
4596
5055
30772
17919
30783
5066
223
25940
25951
234
19508
6655
29139
3422
16264
6625
6614
19467
219
3377
22640
16323
19567
6714
6703
19556
293
3451
22714
21181
8328
1874
27591
2398
24879
636
26353
13500
10312
3891
688
7154
2858
28564
15711
15722
28586
2869
6102
2899
20517
10867
23720
8966
2515
21778
5038
17891
11485
8241
21094
21105
8252
16458
3616
26089
19646
22864
29307
3590
16443
3553
29270
16439
29303
3586
10007
22849
16409
9966
22819
16917
29781
4064
18569
24975
2494
4055
4033
16968
29832
4115
16889
29753
4036
24229
8487
5284
22009
9156
6281
15901
22322
9469
6225
19078
7523
1905
14736
27589
21224
8371
27733
10411
3979
16832
16843
29707
3990
23253
3975
10385
23238
20076
7223
26508
26493
787
7208
16858
4005
16841
29705
3988
19442
1875
14713
27577
1860
8281
14698
1845
29792
4075
16928
4097
807
20070
7228
774
26491
4100
13750
26603
897
13661
808
7218
20071
838
7259
23315
10462
7274
853
23274
18459
5606
24869
28135
2418
30017
4300
10710
23563
4285
7522
20375
17132
30022
4305
23568
27330
14477
1624
20887
8045
27369
1663
20926
25849
132
19406
6553
3350
12878
25
19288
55
19329
6476
22532
9679
117
19380
1609
27233
1524
27230
14399
1546
14459
14441
1588
6457
19310
13201
15256
28120
2403
4086
4056
16898
10477
12055
2386
200
6610
19463
18972
25393
24681
25395
18989
20875
8022
7697
20550
14768
26343
626
26321
604
26310
3784
10194
23047
30037
4320
17151
26295
15138
27991
8728
5484
18337
16943
4090
18660
12228
25081
15468
2615
21878
18675
21919
9066
15498
28362
2645
30421
4704
20734
14313
19164
15942
28806
3089
28784
3067
28773
17190
30054
4337
17179
4068
16669
29533
3816
26304
13451
598
7019
10485
23338
891
26608
902
20176
7323
12754
25607
19197
6344
25618
12765
10807
23627
10774
26871
1165
1094
26811
26800
13947
1072
26789
30202
4485
23744
10891
23667
4449
10855
1396
20670
7817
20593
14172
4537
30254
30265
4548
30232
17390
17349
16055
19303
40
28945
3228
9649
28923
3206
28912
19104
12728
3104
22378
9525
6277
25540
14344
1491
20754
17556
4703
20703
14271
27124
1463
20737
7884
14314
23442
10589
4153
4183
4172
17025
4049
23312
23433
10580
16904
4051
10472
7213
20066
28072
2355
3935
23209
10356
19980
29667
3950
23224
10371
26419
702
3956
10377
29668
3951
10372
29665
3948
10369
29058
3341
13036
183
19446
6604
16254
3401
13040
22649
29103
3386
14635
1782
8192
21045
18007
5154
5180
18033
1986
14839
6612
19409
6608
25874
157
19420
16213
3360
22623
286
245
25962
256
29161
3444
22718
9865
3429
16271
2335
8745
21598
21609
8756
2350
1631
20894
16050
3197
27757
14904
2051
21325
8472
11675
6539
17795
30659
4942
11363
78
6499
29028
3311
16153
16149
3296
22559
6565
159
16195
16184
22616
9763
76
6497
14673
12875
22
6432
19285
16108
3255
22529
9676
16063
3210
6784
19641
29272
29283
3566
16397
29250
14868
2015
1993
27710
14857
5233
11654
2031
28022
2305
21579
8726
741
3884
10305
5626
15959
3106
3095
15948
3125
28842
28853
3136
6288
3055
6310
3092
22366
9513
15934
818
4066
23329
23340
10487
4081
10517
7314
11406
30702
4985
24203
30661
4955
4933
4922
30639
17797
17868
5015
6250
28057
2340
8772
21625
21614
8761
18154
2057
3445
1716
27433
1727
24208
22473
9620
16026
28931
3214
2055
21318
5303
8457
21310
21296
18078
18089
5236
20077
7235
18544
14731
27595
1878
5040
17893
27572
8231
21084
1806
21069
14709
1856
5673
18526
24936
18515
5703
24966
3927
23190
754
26917
14053
17267
4414
17256
21043
21054
8201
5028
27516
1810
11825
18246
6618
25881
103
6524
6676
4439
10849
23702
30108
10845
4113
17183
23604
17194
30058
4341
23559
7544
2657
15469
15450
2597
9007
21860
15428
2575
28281
128
19402
6549
28710
2993
15835
15824
2971
2960
28677
2997
28714
28725
3008
239
25956
25945
13092
6656
25930
13077
17089
29953
4236
8885
5682
12047
24900
24911
12058
14131
9985
10750
4359
20330
29899
4182
20182
882
26588
4926
12531
22181
9328
15760
2907
15719
4783
11204
28957
3240
9650
22503
16056
28909
16084
28948
3231
16129
3276
16099
3246
22520
9667
9656
22509
28933
3216
22479
26915
14062
4393
17235
2889
2878
15731
12487
25340
15728
28592
2875
2886
15739
25348
6596
19449
3419
22693
9840
9825
16246
15512
29101
3384
3373
16226
29071
3354
13052
199
6620
16229
29074
3357
22620
9778
29089
3372
29078
3361
16214
139
15909
15935
28799
3082
22356
9503
15798
28651
2945
2923
28640
15787
29055
3338
16180
15524
28388
2671
2660
15513
29068
3351
9761
22614
3398
16266
3413
22687
9834
3383
9793
22646
16312
22650
9797
16267
3414
241
16208
29072
3355
15532
28396
2679
13911
1058
16517
21933
9080
15501
25151
12298
5877
16492
15559
28423
2706
21969
15548
18751
9437
15899
15863
3010
28712
2995
22235
15542
28406
2689
15531
16477
26138
13285
26149
432
26127
13274
22883
16628
3775
29513
3796
23070
10217
15893
3040
15882
29123
3406
3391
9801
22654
16471
3618
16460
16441
3588
16430
406
16496
10075
29371
3654
22913
10060
16455
29308
16482
3629
15555
21976
15570
12311
25164
15553
2700
21974
9121
9110
21963
15568
2715
9125
21978
28421
2704
15557
2781
2770
15623
15474
2621
15463
9042
16416
3563
29258
16405
16432
10033
10010
15786
2933
9354
28635
2918
2909
15762
29734
4017
23280
4062
20107
25353
15755
9312
22165
2880
28597
2891
15744
15770
28623
2906
15759
19003
6150
9511
16913
16931
4078
4067
16920
905
4063
23337
10484
23326
29735
4018
4082
2760
15613
29483
3766
3755
16608
16620
3767
23030
3782
10192
23045
10203
3345
9766
15953
3100
22374
9521
9495
22348
16338
15632
2779
15628
2764
15617
2947
15789
15778
2925
28631
2914
15767
24859
18494
5641
4190
17043
1017
26734
1028
4204
17057
23478
15050
2197
8562
21415
28805
3088
15930
3389
16231
15554
15543
16581
22951
16523
16527
13365
512
16528
16565
16569
16610
3757
3729
16665
3812
16654
609
15417
8968
18592
2577
17517
30381
4664
20784
1521
5860
18713
5869
18722
18749
4825
5814
18667
15505
2652
9058
18747
9138
5675
18528
15321
2468
21731
18513
2504
21767
2493
15346
24955
5681
18534
2485
2474
15327
2523
12132
24974
15097
2244
15086
2259
8680
6482
19335
16644
29508
3791
23065
10212
29514
3797
23071
10218
936
20210
7357
27404
26151
434
13287
26140
27702
21259
11703
18135
5282
17805
4952
4937
24211
11358
20967
14561
16845
1812
14643
27496
21131
8278
27533
1827
14658
1805
15656
2803
16860
4007
1681
20955
8102
1696
1629
27346
1640
14493
20914
27335
20929
2223
2201
15054
2190
27907
2238
21501
2193
18268
27949
2232
2199
27916
14979
27843
2126
11795
18216
21548
8695
21537
27975
2258
11749
24602
8602
2181
14952
27805
15081
2228
4897
30599
4882
11292
24145
20983
8130
4357
17210
23915
17505
4652
20990
8137
27422
4859
4837
30543
3962
10383
20037
20031
4015
23278
29721
4004
16857
7207
20060
13768
26643
926
16406
9974
11413
17834
11428
14627
1774
8195
17804
22626
9773
3352
24202
20433
7580
30053
4336
17189
13296
19264
25696
12843
28951
3234
28753
3036
26724
24385
1964
8273
30799
5115
11480
17890
5026
30743
3131
9492
9451
22304
16064
28928
3211
9632
11552
11541
24394
5150
18003
11582
17958
30811
5094
6160
6149
19002
6145
18998
6186
15836
2983
3443
9864
11447
24300
8300
21142
20108
6963
20235
7382
29756
4039
4238
23512
10659
3980
2989
9410
15816
25466
12613
15797
2944
15812
28676
2959
22222
14424
22907
430
26147
13294
26158
441
13283
6851
19704
4128
16970
10549
15503
28367
2650
9071
9060
21913
25116
25203
12351
25204
18797
25185
5918
25181
25159
12306
25177
12324
6023
5982
18835
25142
12289
12278
25131
15533
28397
2680
12307
25160
23609
25188
5845
12255
25108
5864
18717
25149
12296
11162
17594
4741
14421
1568
6232
5987
18840
10986
17396
4532
30249
23828
17463
4610
12241
25068
19648
26091
26076
19644
6791
27087
14234
3964
3934
23197
3919
13453
600
16634
29498
3781
3803
29569
3852
16705
3863
19790
3730
22993
11805
2784
2986
22249
1044
7394
20247
962
13815
981
24907
11899
24752
18331
28018
2301
3545
10809
18186
5333
27377
1671
14513
8107
1686
20949
17746
3901
10322
3916
18310
5468
10370
3949
10488
834
20097
5148
17990
5355
18208
18237
5395
15015
2162
8583
15004
24734
11881
18313
5460
18272
8622
21475
2227
8637
21490
11893
24746
11904
13292
439
16435
3582
16413
29266
15644
2791
22065
9212
5979
12400
5968
18821
24842
5624
30688
4971
17824
11392
24245
30729
5012
26904
1187
17206
30059
10796
17176
30029
17187
23608
24021
4747
17600
25562
22355
9502
15994
3141
3068
9489
15925
16695
3842
23116
10263
18257
26324
13471
26335
618
16629
29493
3776
10186
23039
329
19592
9938
22780
16359
22795
22790
16380
3527
17432
11000
4568
17421
30311
4594
23812
17330
4477
4455
24738
11885
2204
8629
21482
11900
21279
14858
14918
22120
25338
12457
25310
8655
21508
2245
21504
8651
26331
13364
511
26206
500
13353
23001
13474
26327
26349
643
3839
13493
19914
7046
19899
30258
4541
10951
23804
17650
4808
24986
8049
20891
1628
4861
24135
11282
14511
8068
20921
8079
19053
19064
6211
13925
13914
29992
4275
14258
17461
23882
21788
15356
2503
28209
5788
15776
12491
25344
22141
15746
28610
2893
2882
15735
15753
28617
2900
19052
6199
15813
6122
18975
6124
18977
15815
28679
2962
2896
9317
15738
15763
28627
2910
25387
15737
2921
9342
9331
22184
2035
8430
21283
17950
11402
1778
8199
4996
18581
5728
2495
17879
14624
20971
3272
4956
23817
2929
28069
2352
2330
21626
8773
21615
761
3464
9885
9907
22760
4836
11257
22667
9814
3382
16235
9803
22656
3423
22647
9794
9783
22636
16219
29083
3366
9776
22629
6599
22610
9757
3306
9716
22569
18642
26729
1012
7418
29887
4170
22465
25668
12348
25201
17216
20475
7622
26896
26907
1190
14043
7240
3914
25361
6087
18940
15733
22154
9301
22143
6289
19142
22390
15980
3127
1735
4923
11333
24186
15436
2583
21846
12110
24963
2473
2462
15315
21914
9061
24918
28154
2437
7936
20789
23439
13919
1066
7487
7491
20344
1081
4032
23295
859
20133
7280
4047
594
26300
7037
26852
26874
14021
30055
20939
8086
15451
2598
12166
25019
5786
25060
12207
2538
21801
15380
8405
11567
24420
20965
27371
18819
25257
15629
2776
22039
2908
18902
18786
15823
2970
28717
3000
20985
8132
14556
27420
1703
14545
20977
8124
8115
20968
8126
11288
24141
8135
1714
1684
14526
15864
3011
15516
28380
2663
555
19829
6976
21206
8353
11526
11515
24368
5120
5079
17932
27358
13938
26809
13956
26805
20362
17155
30019
4302
20358
7505
30462
4745
4219
23482
22203
23813
30252
4535
15809
2956
22234
2996
22259
16166
3313
22576
13932
20342
2721
21939
22584
13907
1054
8962
21815
9853
16255
3402
22665
23429
20246
7393
21798
8945
24960
20205
4160
17002
24980
12127
24969
24984
18563
21407
8554
5351
26299
13446
3822
10243
13487
567
26284
13431
6999
19852
26359
642
601
26318
612
590
26307
13454
19776
672
26356
3876
16718
709
24571
24612
11759
11745
5298
18151
24412
11559
11505
30738
11464
24317
1801
1768
27485
11504
24357
25279
12467
8245
1785
8206
19233
6380
15970
28834
3117
16045
12975
122
16095
3253
20
9
12862
19
19293
6440
19272
12825
25678
25629
19219
6366
15956
28820
3103
30
12883
41
12938
85
19348
12953
12840
16233
29097
3380
9790
22643
17775
4911
30628
24340
17501
4648
11054
13317
19738
6885
16412
29276
3559
16390
29243
10044
22897
22858
10031
13275
3625
6140
18993
17473
4620
12471
6050
15707
28571
2854
6048
17458
4605
20717
4687
17632
4779
30436
4719
30414
4697
6204
16709
5778
4552
17383
20672
14262
1409
24142
26799
1093
20367
7514
13920
17123
7541
315
17709
4856
11251
24104
19770
13360
507
14028
7596
30044
4327
20387
4198
16944
4091
10512
24838
5564
18417
24831
3087
17526
6386
25630
12777
19198
22427
9574
16006
15976
3123
19224
6371
14322
1469
11931
24784
15001
2148
14990
11791
24644
18234
5381
21441
2036
24498
11645
2006
27701
1995
14848
26497
10070
4842
11263
22493
28962
3245
22519
9666
12955
102
6437
19290
12
7825
4670
11091
27143
1437
14268
27121
20700
17453
23885
6903
26188
18071
2056
21331
8478
2058
8481
14902
13142
21458
8517
21359
5561
18414
21673
8820
15252
28116
2399
21934
9081
8770
21623
21634
8781
13157
304
13135
12618
25471
12629
6182
19035
27185
1468
17464
4611
23960
7975
1554
20787
4742
27243
1537
7999
1515
13876
26740
1023
1026
1043
13885
7359
26704
13826
1045
20357
13992
26849
1143
26804
693
2191
21454
15439
2586
19398
120
25886
13033
180
9719
22572
1104
2157
8567
21420
21431
8578
13549
7117
27998
2281
21544
21095
12454
25307
6029
18882
12450
25303
18923
6070
18941
6088
25351
18930
27001
6096
25359
13194
341
24923
12070
12059
24912
4284
17126
26817
13964
12290
25093
12317
21777
8924
13310
1151
17191
10781
943
21800
12635
25488
5293
18146
21364
27796
14943
504
13357
3703
22966
5372
14970
27823
14981
18449
28106
2389
21652
15341
2488
10778
23599
17193
18404
15021
27885
2168
8589
18004
18045
5192
24410
22813
17696
11231
24084
28941
3224
16066
9634
22487
22468
9615
16036
15470
2617
21880
12221
25074
18772
5919
2705
15558
9126
21979
15569
28433
2716
15599
2746
22020
9167
5964
12370
26567
861
7282
4034
10455
10444
23297
1004
20278
7425
7414
20267
13923
1070
7375
17014
26683
977
2508
2497
15350
11270
24123
168
15316
24925
15375
2522
18262
2202
21465
19721
15725
2872
18842
20549
7696
1275
14051
15244
2391
8801
21654
21665
8812
3922
23185
12901
48
17803
24235
11382
62
16096
16118
3265
12920
67
19221
12789
25642
3205
16047
6454
19307
6465
16105
3252
16039
28903
3186
19242
6389
1761
8171
21024
11422
7372
20225
12163
25016
725
7146
29570
3853
659
19922
624
26341
635
7056
16646
29510
3793
10214
19864
7011
29495
3778
24509
8449
24475
11622
5190
18043
11596
24449
17512
4659
14328
6230
19083
28729
3023
22286
15277
29688
3971
16854
29718
4001
23267
2395
21658
15296
2443
2410
28127
12112
3857
10278
21523
8681
8166
27350
14497
1644
27339
14486
20888
1638
14491
5835
18688
15466
2613
16364
22800
328
306
26012
29215
343
6753
19606
26004
26015
298
6708
19561
7283
17034
23242
4701
4025
23303
3779
23053
10200
5122
17975
7012
19865
23091
19888
2255
8665
21518
28056
2339
8760
18369
14404
27257
30460
8090
2831
17756
24177
30393
4676
3883
5112
992
7402
20255
26702
13849
320
309
26026
24471
18050
4953
4964
17817
26592
10523
4102
18475
3925
23188
1338
17334
4481
26962
28562
2845
22108
23705
25990
6705
27521
1815
21078
2554
8964
21817
628
16624
3771
16639
29503
3786
23049
1024
17080
4227
13809
20138
13841
13273
420
16476
3623
11630
24483
5220
18140
2125
5449
21464
5378
18231
21434
318
15541
2688
2643
21906
18703
1037
20300
19469
6657
29210
7810
17419
17353
30217
4500
2957
4422
23685
30289
4572
4557
10978
17300
16421
3568
29263
3546
9978
22831
16418
14256
27109
30267
4443
30103
16689
3836
15023
2159
27876
2170
8591
13396
543
29418
3701
10111
22964
15598
2745
9155
22008
10522
23375
4450
20465
23659
25929
25918
13065
19456
9821
22674
3441
9862
2520
4446
20580
7727
17332
4479
10889
23742
530
6940
19793
11731
24584
3691
16667
3814
9875
17613
4760
11181
1504
20767
4782
11203
27266
1560
14402
14443
1590
4778
11199
17605
4752
30476
4759
17612
4740
11206
801
24833
11980
5976
4313
18345
2336
28042
2325
15178
5569
11957
25963
5116
17969
21260
8407
19550
16381
325
269
25986
13133
6690
19543
13118
25982
265
13107
29680
3963
10373
23226
6812
12725
25578
3157
5773
25032
12179
14239
1386
20664
19058
3031
12670
6105
18958
13140
276
25993
14675
1822
21070
3902
24620
21417
2169
21432
2184
2375
23283
10678
2282
11910
24763
16000
11
15817
28681
2964
22230
21322
8469
9535
22388
15967
25626
12773
24331
11478
29153
3436
13056
203
6643
19496
13075
5123
12918
65
19328
12935
1748
24250
11397
14714
11470
24323
1632
26541
835
26333
29560
3843
23106
5669
3940
24871
549
27663
14810
1957
21231
8378
17385
19079
18559
2544
20565
10929
1320
4463
5842
20999
8146
11308
24161
8128
4865
17549
1185
20448
19355
12966
113
6523
19376
13805
121
19384
14761
8318
21171
21182
8329
3433
17945
14723
1870
4991
30697
6727
19539
13041
188
143
1177
13276
19598
16423
29287
3570
29254
6819
19672
27635
14782
5511
1253
26937
26948
14095
7648
20501
4486
2628
9049
4488
2846
28518
2801
9211
22064
6008
18861
22926
10073
21252
13195
27601
21180
24398
3646
23571
14837
26532
7247
12071
28134
2417
8827
21680
4059
20099
29010
3293
7637
19128
25516
23103
6302
19155
21532
10276
23129
15898
3045
22308
15883
3030
22293
25511
17471
4618
3611
17898
5045
14671
1818
8239
7415
12129
24982
14746
1893
1871
25975
24948
30224
4507
2865
22128
25277
22074
20480
28489
2772
12409
25262
16411
29264
3640
22802
21237
8384
24399
11579
24432
18011
12432
29187
21225
8372
25269
7702
20478
14959
2147
22033
25260
7629
20482
3735
10156
8509
21362
18200
5347
24606
11753
13427
574
18916
6063
2860
25281
15609
2756
28440
20470
25252
15758
2905
15674
28538
2821
6054
28523
2806
9216
22069
66
6487
25787
81
18318
5506
11861
2192
2207
8617
21470
7124
30784
5067
17920
11499
29129
3412
20581
2115
8525
21378
13073
13062
7483
29961
4244
23518
10665
5874
24797
25273
22079
29438
3721
10142
13413
22132
9279
25335
12482
12441
25294
23774
10921
18850
23597
913
2609
16551
619
19677
26120
6779
19632
1889
5099
17952
3516
6068
5226
21375
3815
16668
23115
10262
653
13385
532
541
2797
22060
2842
23680
10827
2812
13338
8569
21422
5324
18177
565
1979
8400
14853
2000
8395
21248
26193
487
23135
26338
10368
15958
3105
6308
15913
28777
3060
9470
22323
23305
10452
12887
6455
16132
3279
16627
10195
13439
586
20974
8121
995
2302
8712
21565
20558
18167
19102
23087
7921
20774
16015
3162
6935
14074
1221
20484
23654
20460
7610
20463
7369
7559
386
6972
19825
29476
3759
18264
28011
2294
24640
5392
8078
20931
4104
29497
3780
28399
2682
21971
9118
10273
19043
16249
29113
3396
22659
23382
7367
17399
27892
2175
27859
19113
17904
11457
24310
11490
24343
17922
17833
21077
6716
24283
21140
17937
11777
24630
15047
2194
4570
23833
11051
17483
30347
4630
3014
9424
22277
5540
27002
1296
1762
21025
6577
19430
8463
3449
30113
30140
14110
7678
20531
2890
9300
22153
17134
10702
23555
21967
28846
3129
16042
28906
3189
765
7186
675
3893
23156
5526
21992
15850
15828
9422
22275
25469
5881
2633
21896
29612
3895
13504
7039
19892
24364
14781
8349
3585
1904
8346
17928
9044
25100
12247
25059
15398
18041
26105
7134
25206
15602
28466
2749
22012
29034
3317
4289
10699
23552
15962
28826
3109
22372
17581
23969
28073
2356
19666
6813
5538
21995
11276
2479
24930
20473
6668
19521
26866
14013
1160
17130
8396
7196
20049
20067
789
2422
21696
8843
5599
18452
6246
19099
11542
24395
8380
19780
19857
7004
8518
21371
6933
19786
7670
20523
7711
14076
26929
14914
1800
21063
20660
13771
918
7339
13756
4136
23514
2753
1653
20912
8059
4781
17623
1499
14451
1598
4771
20154
14767
8335
7385
20238
15497
17017
18596
2566
8987
2581
12149
25002
14610
28309
2592
2532
28005
2288
21551
5518
17589
30453
4736
4725
17578
11260
16940
4087
3128
22391
3158
11209
24941
17392
4539
23802
11106
17481
4628
17470
23858
24089
1479
7889
20742
14863
331
8142
20995
16466
3613
10023
22876
8480
21333
27806
27817
2100
8521
20876
18392
21965
15667
2814
15769
7759
20612
10936
23789
4044
15550
20314
15933
6283
19136
18550
24971
17291
30144
18290
5437
8333
30105
22209
8643
21496
18398
17467
4614
27072
1366
20629
22341
1481
20744
19147
21678
8825
259
6977
19830
8520
21373
12064
24917
4057
809
14718
1865
8286
4229
23492
19405
8149
21002
5583
5542
18395
13343
9487
15447
2594
870
3966
10376
23229
3999
28122
2405
27698
21266
8413
615
8069
20922
13014
161
21796
6748
452
6873
18375
19710
22101
12619
25472
4954
17807
27483
1777
8198
15507
2654
9075
14434
1581
17596
2221
13436
26330
15167
2490
21753
20147
